# x_coordinates, y_coordinates, TEP, TED, times, high, low
-3.229179257444951645e+01,1.790634272972610574e+01,1.217547607421875000e+03,7.623136788606643677e-02,1.771400000000000197e-01,1.408010125160217285e-01,8.304627984762191772e-02
-3.228918044561083889e+01,1.790875778111598038e+01,1.076841796875000000e+03,8.534968644380569458e-02,1.771500000000000019e-01,2.164085954427719116e-01,1.220326274633407593e-01
-3.228703956940910302e+01,1.790038164978651736e+01,1.144250366210937500e+03,9.008825570344924927e-02,1.771600000000000119e-01,3.258908390998840332e-01,1.880271434783935547e-01
-3.229251403293961431e+01,1.789885009585997011e+01,1.673764770507812500e+03,2.126819044351577759e-01,1.771700000000000219e-01,2.724848687648773193e-01,1.765067130327224731e-01
-3.229527470775531839e+01,1.788343992281696870e+01,1.493268676757812500e+03,3.170424997806549072e-01,1.771800000000000042e-01,3.059780299663543701e-01,1.922996193170547485e-01
-3.230117080713775835e+01,1.788435082064003012e+01,1.752906127929687500e+03,3.532308638095855713e-01,1.771900000000000142e-01,3.249753117561340332e-01,2.128990739583969116e-01
-3.229499490234717030e+01,1.789411129644316389e+01,1.543714599609375000e+03,3.388601839542388916e-01,1.772000000000000242e-01,3.692259490489959717e-01,2.341851592063903809e-01
-3.230221304651406911e+01,1.789543785739102333e+01,9.532277832031250000e+02,4.005426466464996338e-01,1.772100000000000064e-01,3.590788245201110840e-01,1.925285011529922485e-01
-3.229171412649814954e+01,1.791025594745969229e+01,4.058453369140625000e+03,4.605502188205718994e-01,1.772200000000000164e-01,2.646265625953674316e-01,1.985557526350021362e-01
-3.229815035595774475e+01,1.791342682372427930e+01,1.422527221679687500e+03,3.556663095951080322e-01,1.772300000000000264e-01,3.403104543685913086e-01,2.109154164791107178e-01
-3.229001888473059978e+01,1.792901365253343116e+01,1.287296875000000000e+03,3.965217173099517822e-01,1.772400000000000087e-01,2.697382867336273193e-01,1.620870977640151978e-01
-3.230372821611626932e+01,1.794408783611220670e+01,2.632363769531250000e+03,3.780919611454010010e-01,1.772500000000000187e-01,3.354276120662689209e-01,2.379998713731765747e-01
-3.229025020037902749e+01,1.794876444531803728e+01,1.415505859375000000e+03,2.667802870273590088e-01,1.772600000000000009e-01,2.854548990726470947e-01,1.766593009233474731e-01
-3.229962456213475974e+01,1.796859622863253136e+01,1.781979736328125000e+03,4.153174459934234619e-01,1.772700000000000109e-01,3.155910968780517578e-01,2.075584679841995239e-01
-3.229174725360221032e+01,1.798243719944567331e+01,1.009101745605468750e+03,2.794713079929351807e-01,1.772800000000000209e-01,2.947627902030944824e-01,1.619345098733901978e-01
-3.229805020249916225e+01,1.800508515509364926e+01,2.677866943359375000e+03,3.497010767459869385e-01,1.772900000000000031e-01,2.392968684434890747e-01,1.702505946159362793e-01
-3.229223853038938330e+01,1.802269545277844287e+01,1.367737670898437500e+03,2.344864755868911743e-01,1.773000000000000131e-01,2.500543594360351562e-01,1.531606763601303101e-01
-3.229750996204456470e+01,1.804487428363865931e+01,1.563059082031250000e+03,1.665824800729751587e-01,1.773100000000000231e-01,2.423486411571502686e-01,1.542287915945053101e-01
-3.228776564668140026e+01,1.806539376469845237e+01,8.066524047851562500e+02,2.130621820688247681e-01,1.773200000000000054e-01,2.964412569999694824e-01,1.467519700527191162e-01
-3.229261901466438189e+01,1.808366870351598976e+01,2.661995361328125000e+03,2.335304170846939087e-01,1.773300000000000154e-01,2.688227295875549316e-01,1.910789161920547485e-01
-3.228625115552046765e+01,1.810575871431816353e+01,1.644409545898437500e+03,2.626735270023345947e-01,1.773400000000000254e-01,3.029262721538543701e-01,1.953513920307159424e-01
-3.228214027815134557e+01,1.812917983330766347e+01,2.182112792968750000e+03,3.038031160831451416e-01,1.773500000000000076e-01,2.948390841484069824e-01,2.024467587471008301e-01
-3.227972810491151279e+01,1.814082514493061282e+01,2.889380126953125000e+03,3.587276041507720947e-01,1.773600000000000176e-01,4.854983687400817871e-01,3.493894636631011963e-01
-3.228380556203132556e+01,1.816246631667000955e+01,1.705112304687500000e+03,4.246408045291900635e-01,1.773700000000000276e-01,4.434602558612823486e-01,2.885829508304595947e-01
-3.227729086440817952e+01,1.818110842054365506e+01,1.899942138671875000e+03,7.574147582054138184e-01,1.773800000000000099e-01,3.933349251747131348e-01,2.624903321266174316e-01
-3.227638667428485064e+01,1.820110614803430593e+01,2.888777587890625000e+03,6.564802527427673340e-01,1.773900000000000199e-01,4.323975741863250732e-01,3.111660480499267578e-01
-3.227941239233361870e+01,1.821496327945256155e+01,1.167552636718750000e+04,5.472523570060729980e-01,1.774000000000000021e-01,3.964630067348480225e-01,3.181851208209991455e-01
-3.227300969545281362e+01,1.822833428367770736e+01,5.465487304687500000e+03,5.987841486930847168e-01,1.774100000000000121e-01,4.810733199119567871e-01,3.706755340099334717e-01
-3.227314009235426084e+01,1.825048296106358947e+01,4.379516601562500000e+03,6.875056624412536621e-01,1.774200000000000221e-01,5.781958699226379395e-01,4.371278285980224609e-01
-3.226614692805963358e+01,1.826876663069075590e+01,8.041643554687500000e+03,9.803003668785095215e-01,1.774300000000000044e-01,5.393621325492858887e-01,4.259125888347625732e-01
-3.227304288580244673e+01,1.828094077506545290e+01,2.569698486328125000e+03,9.690267443656921387e-01,1.774400000000000144e-01,6.416726708412170410e-01,4.535310864448547363e-01
-3.226288207542100395e+01,1.829175686708967419e+01,3.233463867187500000e+03,9.545058608055114746e-01,1.774500000000000244e-01,6.164955496788024902e-01,4.505556225776672363e-01
-3.226549701132485382e+01,1.831003472468721327e+01,5.560433593750000000e+03,1.327011108398437500e+00,1.774600000000000066e-01,5.356236696243286133e-01,4.132477343082427979e-01
-3.226473003814307106e+01,1.833149217678888832e+01,2.289620361328125000e+03,1.116712808609008789e+00,1.774700000000000166e-01,4.667299985885620117e-01,3.233731091022491455e-01
-3.227423288094637854e+01,1.834270346691162956e+01,1.287394238281250000e+04,9.644002318382263184e-01,1.774800000000000266e-01,4.234711527824401855e-01,3.409970998764038086e-01
-3.225503556080636258e+01,1.835977078698672216e+01,7.843714355468750000e+03,7.509798407554626465e-01,1.774900000000000089e-01,3.587736487388610840e-01,2.829371690750122070e-01
-3.227019934728724593e+01,1.837609987177809501e+01,4.027767578125000000e+03,6.116062998771667480e-01,1.775000000000000189e-01,6.115364432334899902e-01,4.584902226924896240e-01
-3.225458344337690875e+01,1.839571441795112605e+01,2.966891357421875000e+03,8.143860697746276855e-01,1.775100000000000011e-01,4.416292011737823486e-01,3.190243542194366455e-01
-3.226466880010892879e+01,1.841555978804922589e+01,1.578016235351562500e+03,1.071214199066162109e+00,1.775200000000000111e-01,4.255310893058776855e-01,2.714930474758148193e-01
-3.226238187771079424e+01,1.842624300319060282e+01,1.049747558593750000e+03,6.769556403160095215e-01,1.775300000000000211e-01,3.499235212802886963e-01,1.953513920307159424e-01
-3.226929278340938367e+01,1.845113802268223679e+01,2.299779296875000000e+03,5.943841338157653809e-01,1.775400000000000034e-01,3.466428518295288086e-01,2.403649985790252686e-01
-3.226519719086352467e+01,1.846508749045615616e+01,1.084740429687500000e+04,3.526670038700103760e-01,1.775500000000000134e-01,5.636999607086181641e-01,4.511659741401672363e-01
-3.226908776043300975e+01,1.847928450720694826e+01,3.199460937500000000e+03,9.161204695701599121e-01,1.775600000000000234e-01,4.382722377777099609e-01,3.198635876178741455e-01
-3.226016660355101351e+01,1.849965358092797985e+01,2.335306396484375000e+03,1.119085073471069336e+00,1.775700000000000056e-01,3.668608367443084717e-01,2.550897896289825439e-01
-3.227238610999665980e+01,1.852211594752574086e+01,1.836878295898437500e+03,6.870133280754089355e-01,1.775800000000000156e-01,3.653349578380584717e-01,2.419671714305877686e-01
-3.227133836471855943e+01,1.854345939140274879e+01,1.064105346679687500e+03,5.867499709129333496e-01,1.775900000000000256e-01,3.227627575397491455e-01,1.811606585979461670e-01
-3.227228740143155505e+01,1.855945467409443239e+01,1.378627563476562500e+03,3.736323416233062744e-01,1.776000000000000079e-01,4.067627191543579102e-01,2.497491836547851562e-01
-3.228227610842656503e+01,1.857968451897978923e+01,1.749297241210937500e+03,4.426247179508209229e-01,1.776100000000000179e-01,3.825774490833282471e-01,2.505121231079101562e-01
-3.227858345931350925e+01,1.859924905569589981e+01,1.391921630859375000e+03,5.507642626762390137e-01,1.776200000000000279e-01,3.075802028179168701e-01,1.894004344940185547e-01
-3.227759617966370342e+01,1.861926205020585812e+01,2.021862792968750000e+03,4.983204901218414307e-01,1.776300000000000101e-01,3.110897541046142578e-01,2.103813588619232178e-01
-3.227837947302218424e+01,1.862810064358967566e+01,1.503578613281250000e+03,3.115111887454986572e-01,1.776400000000000201e-01,3.084194362163543701e-01,1.942069828510284424e-01
-3.228822418960709228e+01,1.865237696350539665e+01,1.278608520507812500e+03,3.974801599979400635e-01,1.776500000000000024e-01,2.534112930297851562e-01,1.519399732351303101e-01
-3.228136896283086799e+01,1.866645704837729625e+01,1.362861572265625000e+03,2.887159883975982666e-01,1.776600000000000124e-01,2.474603503942489624e-01,1.514059156179428101e-01
-3.229207017890337283e+01,1.867817465160055690e+01,1.058433471679687500e+03,2.375179678201675415e-01,1.776700000000000224e-01,2.929317057132720947e-01,1.640707552433013916e-01
-3.228916554504220926e+01,1.870077971119246030e+01,1.292134033203125000e+03,2.082854658365249634e-01,1.776800000000000046e-01,2.516565322875976562e-01,1.514059156179428101e-01
-3.229217851114913174e+01,1.871922545277270089e+01,1.086408081054687500e+03,2.270656973123550415e-01,1.776900000000000146e-01,2.425012290477752686e-01,1.372151821851730347e-01
-3.228989882797407063e+01,1.873449851140928857e+01,2.887427978515625000e+03,1.782971769571304321e-01,1.777000000000000246e-01,2.511224746704101562e-01,1.807028949260711670e-01
-3.229542585824312084e+01,1.875138957471908441e+01,1.339296020507812500e+03,1.922971159219741821e-01,1.777100000000000068e-01,3.108608722686767578e-01,1.891715526580810547e-01
-3.228742287117142951e+01,1.877043429815874376e+01,1.849673095703125000e+03,2.757698595523834229e-01,1.777200000000000168e-01,2.808009386062622070e-01,1.862723827362060547e-01
-3.228784104122959775e+01,1.878987567117926716e+01,1.172683837890625000e+03,3.375536501407623291e-01,1.777300000000000268e-01,2.975856661796569824e-01,1.732260584831237793e-01
-3.228584133554049629e+01,1.880914402106547101e+01,1.247879760742187500e+03,3.464132845401763916e-01,1.777400000000000091e-01,3.234494030475616455e-01,1.923759132623672485e-01
-3.229320115138190772e+01,1.882205873364247850e+01,2.336965087890625000e+03,3.586489260196685791e-01,1.777500000000000191e-01,2.640162110328674316e-01,1.836020797491073608e-01
-3.228532327771220878e+01,1.883727743572768532e+01,1.252800659179687500e+03,3.103739321231842041e-01,1.777600000000000013e-01,2.844630479812622070e-01,1.694113463163375854e-01
-3.229405020243589064e+01,1.885890290681813042e+01,1.115502807617187500e+03,2.700656950473785400e-01,1.777700000000000113e-01,3.169644176959991455e-01,1.811606585979461670e-01
-3.228749966913477465e+01,1.887618227585497266e+01,1.482246459960937500e+03,2.934676706790924072e-01,1.777800000000000213e-01,2.707301080226898193e-01,1.697928160429000854e-01
-3.228259160424412499e+01,1.888958530947549974e+01,1.348705322265625000e+03,2.936560213565826416e-01,1.777900000000000036e-01,2.952968478202819824e-01,1.800925433635711670e-01
-3.227577435178356779e+01,1.890717853436616736e+01,1.395613403320312500e+03,2.214127928018569946e-01,1.778000000000000136e-01,3.030025660991668701e-01,1.867301464080810547e-01
-3.228412904425367458e+01,1.892933980872425792e+01,2.265271240234375000e+03,3.195232450962066650e-01,1.778100000000000236e-01,2.863704264163970947e-01,1.980216950178146362e-01
-3.227469956439938414e+01,1.893864719111919825e+01,1.803705932617187500e+03,3.125602304935455322e-01,1.778200000000000058e-01,2.803431749343872070e-01,1.848990768194198608e-01
-3.227894896439252648e+01,1.896354801250828359e+01,3.787959716796875000e+03,3.594857752323150635e-01,1.778300000000000158e-01,3.919616341590881348e-01,2.919398844242095947e-01
-3.228091192865632308e+01,1.897662823736036941e+01,1.337897338867187500e+03,3.099185526371002197e-01,1.778400000000000258e-01,4.737490713596343994e-01,2.882014811038970947e-01
-3.227016284846731509e+01,1.900341793597370454e+01,1.518010253906250000e+03,5.478555560111999512e-01,1.778500000000000081e-01,3.654875457286834717e-01,2.307519167661666870e-01
-3.227301520666959789e+01,1.902284400717985591e+01,2.724171386718750000e+03,5.067140460014343262e-01,1.778600000000000181e-01,5.035800933837890625e-01,3.592314124107360840e-01
-3.226961187976192491e+01,1.903284241998914439e+01,4.411187988281250000e+03,5.938012003898620605e-01,1.778700000000000281e-01,3.747954368591308594e-01,2.835475206375122070e-01
-3.227149906200484963e+01,1.905778579229070857e+01,1.145182617187500000e+03,8.619505763053894043e-01,1.778800000000000103e-01,2.969753146171569824e-01,1.713950037956237793e-01
-3.226400847142759432e+01,1.907875756515849730e+01,3.768440429687500000e+03,5.090386271476745605e-01,1.778900000000000203e-01,3.587736487388610840e-01,2.670679688453674316e-01
-3.226078182871967925e+01,1.909923286401349429e+01,1.057940917968750000e+03,3.806609213352203369e-01,1.779000000000000026e-01,3.665556609630584717e-01,2.052696496248245239e-01
-3.226365605571123041e+01,1.911709276580180017e+01,2.777829589843750000e+03,4.548305571079254150e-01,1.779100000000000126e-01,4.212586283683776855e-01,3.014003932476043701e-01
-3.226612055817480496e+01,1.913507280656041587e+01,1.908807495117187500e+03,5.341822504997253418e-01,1.779200000000000226e-01,4.387300014495849609e-01,2.930843234062194824e-01
-3.225581588793767907e+01,1.915185205502236343e+01,6.119456542968750000e+03,6.628627181053161621e-01,1.779300000000000048e-01,4.208771586418151855e-01,3.269589543342590332e-01
-3.226051245160671499e+01,1.917398484557821448e+01,1.932187011718750000e+03,6.919080615043640137e-01,1.779400000000000148e-01,4.498689770698547363e-01,3.013240993022918701e-01
-3.225860054601050564e+01,1.918793894310601544e+01,2.740084228515625000e+03,6.907529234886169434e-01,1.779500000000000248e-01,3.710570037364959717e-01,2.649317383766174316e-01
-3.225899770908439024e+01,1.920255607874325676e+01,6.976513183593750000e+03,6.208664774894714355e-01,1.779600000000000071e-01,4.336183071136474609e-01,3.397000730037689209e-01
-3.225654083499113511e+01,1.922649672838849355e+01,1.541728881835937500e+03,6.150109171867370605e-01,1.779700000000000171e-01,3.698363006114959717e-01,2.344903349876403809e-01
-3.226772302225664646e+01,1.924247709102553117e+01,1.861507324218750000e+03,7.043916583061218262e-01,1.779800000000000271e-01,3.841033279895782471e-01,2.551660835742950439e-01
-3.225234496364903691e+01,1.926459665437307223e+01,2.806408935546875000e+03,4.877108633518218994e-01,1.779900000000000093e-01,5.332585573196411133e-01,3.821196854114532471e-01
-3.226399533368630301e+01,1.928262181715140500e+01,2.331498291015625000e+03,6.858105063438415527e-01,1.780000000000000193e-01,4.079071283340454102e-01,2.835475206375122070e-01
-3.225669167961612516e+01,1.930390014814296151e+01,2.179609130859375000e+03,8.537191748619079590e-01,1.780100000000000016e-01,4.010406434535980225e-01,2.753077447414398193e-01
-3.225973288099669389e+01,1.932249321149649646e+01,1.523913452148437500e+03,6.498295664787292480e-01,1.780200000000000116e-01,2.991878390312194824e-01,1.890952587127685547e-01
-3.225776048530595119e+01,1.933561990631250893e+01,1.558416015625000000e+03,4.890495836734771729e-01,1.780300000000000216e-01,2.895747721195220947e-01,1.841361373662948608e-01
-3.226633272050327861e+01,1.936030132597449338e+01,1.918389892578125000e+03,2.777725756168365479e-01,1.780400000000000038e-01,3.217709362506866455e-01,2.151878923177719116e-01
-3.226003950803391973e+01,1.938240098317658777e+01,5.228514648437500000e+03,3.744381964206695557e-01,1.780500000000000138e-01,3.499998152256011963e-01,2.687464356422424316e-01
-3.226611423115697619e+01,1.939245101641872537e+01,1.796932495117187500e+03,4.391366541385650635e-01,1.780600000000000238e-01,3.617491126060485840e-01,2.383813410997390747e-01
-3.227145462822734601e+01,1.940720501735617987e+01,2.535288330078125000e+03,5.088776946067810059e-01,1.780700000000000061e-01,4.117981493473052979e-01,2.904140055179595947e-01
-3.226375934716323002e+01,1.942522833780806479e+01,2.262775878906250000e+03,5.523676276206970215e-01,1.780800000000000161e-01,3.848662674427032471e-01,2.660761475563049316e-01
-3.226772525382487089e+01,1.944676971235072571e+01,1.322349975585937500e+03,5.565578341484069824e-01,1.780900000000000261e-01,3.172695934772491455e-01,1.922996193170547485e-01
-3.226922935250802738e+01,1.946493651859375262e+01,1.565636108398437500e+03,4.961675703525543213e-01,1.781000000000000083e-01,2.692041993141174316e-01,1.713950037956237793e-01
-3.227234693055977743e+01,1.947918623889401957e+01,1.738017944335937500e+03,3.437680304050445557e-01,1.781100000000000183e-01,3.109371662139892578e-01,2.032859921455383301e-01
-3.226886778996150440e+01,1.950687237037129762e+01,2.303705810546875000e+03,2.835148870944976807e-01,1.781200000000000283e-01,3.033077418804168701e-01,2.103813588619232178e-01
-3.227660803226863351e+01,1.952008344201960810e+01,2.232440185546875000e+03,3.479248583316802979e-01,1.781300000000000106e-01,3.873839974403381348e-01,2.671442627906799316e-01
-3.227080356731730149e+01,1.954728005085297937e+01,1.778763061523437500e+03,4.094809591770172119e-01,1.781400000000000206e-01,3.445066213607788086e-01,2.264794409275054932e-01
-3.227512169939441833e+01,1.955802514142819604e+01,1.820455322265625000e+03,5.264682173728942871e-01,1.781500000000000028e-01,4.208008646965026855e-01,2.781306505203247070e-01
-3.226929632072907594e+01,1.958250726967591859e+01,2.384892333984375000e+03,5.294424891471862793e-01,1.781600000000000128e-01,3.184902966022491455e-01,2.222832590341567993e-01
-3.227893572579500159e+01,1.959887082341517939e+01,2.519324707031250000e+03,5.811554789543151855e-01,1.781700000000000228e-01,3.707518279552459717e-01,2.611933052539825439e-01
-3.226794156880532682e+01,1.961735103517848700e+01,2.055260498046875000e+03,4.102462828159332275e-01,1.781800000000000050e-01,3.434385061264038086e-01,2.330407500267028809e-01
-3.227583298306573312e+01,1.963473495219712461e+01,3.360514648437500000e+03,5.411726832389831543e-01,1.781900000000000150e-01,2.528009414672851562e-01,1.856620311737060547e-01
-3.227013035229236948e+01,1.965343232043843358e+01,1.656048583984375000e+03,3.953320086002349854e-01,1.782000000000000250e-01,3.334439694881439209e-01,2.154167741537094116e-01
-3.227947366942299112e+01,1.966699392606513896e+01,2.165677734375000000e+03,3.528768122196197510e-01,1.782100000000000073e-01,3.465665578842163086e-01,2.376184016466140747e-01
-3.226767228891387163e+01,1.968705313143860991e+01,2.254707519531250000e+03,3.632396757602691650e-01,1.782200000000000173e-01,3.889861702919006348e-01,2.687464356422424316e-01
-3.227166381024608199e+01,1.970947771945037275e+01,1.851714843750000000e+03,4.606646597385406494e-01,1.782300000000000273e-01,3.442014455795288086e-01,2.283867895603179932e-01
-3.226918619148232636e+01,1.972816575177505882e+01,1.379920043945312500e+03,4.595643579959869385e-01,1.782400000000000095e-01,3.349698483943939209e-01,2.057274132966995239e-01
-3.226897854854920666e+01,1.974173763069578058e+01,2.404991699218750000e+03,4.740268290042877197e-01,1.782500000000000195e-01,2.949916720390319824e-01,2.061851769685745239e-01
-3.226512274683324932e+01,1.975770675960379918e+01,1.251835205078125000e+03,3.141230642795562744e-01,1.782600000000000018e-01,3.313077092170715332e-01,1.972587406635284424e-01
-3.226470898465041159e+01,1.979043302194196485e+01,1.828785522460937500e+03,3.932065069675445557e-01,1.782700000000000118e-01,3.420652151107788086e-01,2.263268530368804932e-01
-3.226343790865029604e+01,1.979953753503975733e+01,-7.356363281250000000e+04,3.279275000095367432e-01,1.782800000000000218e-01,5.028934478759765625e-01,4.207245707511901855e-01
-3.225393929893127876e+01,1.981659961606314369e+01,1.268721313476562500e+03,6.973153948783874512e-01,1.782900000000000040e-01,2.974330782890319824e-01,1.778800189495086670e-01
-3.225632459135927377e+01,1.983505626610828898e+01,2.663111572265625000e+03,7.955819964408874512e-01,1.783000000000000140e-01,3.802123367786407471e-01,2.702723443508148193e-01
-3.225340221414912634e+01,1.985570012592566513e+01,1.893596923828125000e+03,4.904681742191314697e-01,1.783100000000000240e-01,3.412259817123413086e-01,2.275475561618804932e-01
-3.225760333656078416e+01,1.987710280237989835e+01,1.612047973632812500e+03,6.359714865684509277e-01,1.783200000000000063e-01,3.169644176959991455e-01,2.033622860908508301e-01
-3.225453933252924088e+01,1.989867070190827647e+01,1.506637329101562500e+03,4.779345095157623291e-01,1.783300000000000163e-01,3.093349933624267578e-01,1.948936283588409424e-01
-3.226109692147534247e+01,1.990938029963305667e+01,3.972417480468750000e+03,4.076999723911285400e-01,1.783400000000000263e-01,2.613458931446075439e-01,1.956565678119659424e-01
-3.224446084894564990e+01,1.992471607190858407e+01,1.330516723632812500e+03,3.425628244876861572e-01,1.783500000000000085e-01,3.120052814483642578e-01,1.894767433404922485e-01
-3.225178458790294656e+01,1.994969851046693066e+01,2.183171875000000000e+03,3.534883558750152588e-01,1.783600000000000185e-01,3.421415090560913086e-01,2.349480986595153809e-01
-3.224375213863692835e+01,1.996873804079869785e+01,2.175479492187500000e+03,4.126054346561431885e-01,1.783700000000000008e-01,3.255856633186340332e-01,2.234276682138442993e-01
-3.225214998581530068e+01,1.998745468424129612e+01,1.107402221679687500e+03,4.623610079288482666e-01,1.783800000000000108e-01,3.578581213951110840e-01,2.039726376533508301e-01
-3.224752099847702169e+01,2.000508260905245095e+01,2.901097412109375000e+03,3.749114573001861572e-01,1.783900000000000208e-01,3.578581213951110840e-01,2.576837837696075439e-01
-3.225142569115132574e+01,2.002741979427943519e+01,2.184480468750000000e+03,4.130119383335113525e-01,1.784000000000000030e-01,3.926482796669006348e-01,2.696619927883148193e-01
-3.224625968895098538e+01,2.004029346712210113e+01,2.270907470703125000e+03,5.410570502281188965e-01,1.784100000000000130e-01,2.685938477516174316e-01,1.858146190643310547e-01
-3.224770206333666778e+01,2.005786795952559842e+01,1.320526611328125000e+03,4.799360334873199463e-01,1.784200000000000230e-01,3.029262721538543701e-01,1.835257858037948608e-01
-3.224831323873324607e+01,2.007664096877306292e+01,1.674391113281250000e+03,3.454369604587554932e-01,1.784300000000000053e-01,3.327573239803314209e-01,2.155693620443344116e-01
-3.225080114530720721e+01,2.009122618839673535e+01,1.275960327148437500e+03,3.772658407688140869e-01,1.784400000000000153e-01,3.313840031623840332e-01,1.985557526350021362e-01
-3.224849247878048430e+01,2.011497738048443296e+01,2.164965820312500000e+03,4.100281298160552979e-01,1.784500000000000253e-01,2.586756050586700439e-01,1.773459464311599731e-01
-3.224811588031676024e+01,2.012888918275103833e+01,1.262044067382812500e+03,3.676277697086334229e-01,1.784600000000000075e-01,3.722014427185058594e-01,2.222069650888442993e-01
-3.225093018579508453e+01,2.015267393117943939e+01,1.477252563476562500e+03,2.817100584506988525e-01,1.784700000000000175e-01,3.497709333896636963e-01,2.191551923751831055e-01
-3.224957589480233366e+01,2.017383830457436744e+01,1.323926269531250000e+03,4.121440947055816650e-01,1.784800000000000275e-01,3.226864635944366455e-01,1.956565678119659424e-01
-3.225292564238868209e+01,2.018150126463847371e+01,1.024681396484375000e+03,3.716808855533599854e-01,1.784900000000000098e-01,2.912532389163970947e-01,1.610189825296401978e-01
-3.224985613870057932e+01,2.021304116641178439e+01,2.666635253906250000e+03,3.569490015506744385e-01,1.785000000000000198e-01,3.244412541389465332e-01,2.306756228208541870e-01
-3.224872014392884267e+01,2.022969582931157717e+01,1.817048706054687500e+03,3.075033724308013916e-01,1.785100000000000020e-01,2.650843262672424316e-01,1.751334220170974731e-01
-3.225486832421908900e+01,2.024500470816711939e+01,2.400635742187500000e+03,4.192298948764801025e-01,1.785200000000000120e-01,3.699888885021209717e-01,2.585230171680450439e-01
-3.225715094497943625e+01,2.026511561366136505e+01,2.573501953125000000e+03,3.629082739353179932e-01,1.785300000000000220e-01,3.543485701084136963e-01,2.505121231079101562e-01
-3.226225067472314834e+01,2.028041395188133933e+01,1.783184448242187500e+03,5.876380801200866699e-01,1.785400000000000043e-01,2.677546143531799316e-01,1.761252433061599731e-01
-3.226024782553945158e+01,2.029908098773137226e+01,1.438878784179687500e+03,4.288333952426910400e-01,1.785500000000000143e-01,2.800379991531372070e-01,1.741416007280349731e-01
-3.226098624885820243e+01,2.031805493513353156e+01,1.126197143554687500e+03,3.386873304843902588e-01,1.785600000000000243e-01,3.454984426498413086e-01,1.981742829084396362e-01
-3.226488897904192044e+01,2.033986151821532928e+01,1.364838256835937500e+03,2.757555544376373291e-01,1.785700000000000065e-01,4.258362948894500732e-01,2.606592476367950439e-01
-3.225851291369750840e+01,2.035591810672494972e+01,4.353424316406250000e+03,4.289394915103912354e-01,1.785800000000000165e-01,6.161903738975524902e-01,4.655855894088745117e-01
-3.226240528941943353e+01,2.037385255721747512e+01,2.132906250000000000e+04,5.791777968406677246e-01,1.785900000000000265e-01,6.209206581115722656e-01,5.064792633056640625e-01
-3.226377630486419434e+01,2.039159191898843559e+01,2.576605712890625000e+03,1.243159294128417969e+00,1.786000000000000087e-01,3.141415119171142578e-01,2.221306711435317993e-01
-3.226790126202742215e+01,2.040602923200409791e+01,1.740641967773437500e+03,1.010182619094848633e+00,1.786100000000000187e-01,3.248227238655090332e-01,2.124412953853607178e-01
-3.225850572570573860e+01,2.042864618590104797e+01,2.123686279296875000e+03,4.347449839115142822e-01,1.786200000000000010e-01,2.900325357913970947e-01,1.980979889631271362e-01
-3.226871448836659084e+01,2.045125596461452133e+01,1.334901733398437500e+03,4.552573263645172119e-01,1.786300000000000110e-01,3.123104572296142578e-01,1.898582130670547485e-01
-3.225904799904450471e+01,2.046454058810867949e+01,1.830703369140625000e+03,3.453475534915924072e-01,1.786400000000000210e-01,3.584684729576110840e-01,2.372369319200515747e-01
-3.226443319026298440e+01,2.047892702393561493e+01,1.430190795898437500e+03,4.032105505466461182e-01,1.786500000000000032e-01,3.176510632038116455e-01,1.971824467182159424e-01
-3.225784004934084948e+01,2.050079293357911325e+01,1.483508422851562500e+03,4.412728846073150635e-01,1.786600000000000132e-01,2.737055718898773193e-01,1.717001795768737793e-01
-3.226868729290597315e+01,2.052176657714143104e+01,1.404191894531250000e+03,3.884595930576324463e-01,1.786700000000000232e-01,2.640162110328674316e-01,1.630026400089263916e-01
-3.226024419649368724e+01,2.053827417171001812e+01,1.602618652343750000e+03,2.643984854221343994e-01,1.786800000000000055e-01,2.659998536109924316e-01,1.704031825065612793e-01
-3.226074477844980493e+01,2.054992135704918255e+01,1.159330200195312500e+03,2.824837267398834229e-01,1.786900000000000155e-01,2.820979356765747070e-01,1.635366976261138916e-01
-3.225828137062075029e+01,2.057655389346820130e+01,1.974143188476562500e+03,2.851277887821197510e-01,1.787000000000000255e-01,2.388391047716140747e-01,1.607138067483901978e-01
-3.225771934219230275e+01,2.059219277577270546e+01,9.301269531250000000e+02,2.873903810977935791e-01,1.787100000000000077e-01,2.708064019680023193e-01,1.436239033937454224e-01
-3.225529491200843069e+01,2.060735908651733794e+01,8.075366821289062500e+02,1.936501413583755493e-01,1.787200000000000177e-01,2.734766900539398193e-01,1.354604214429855347e-01
-3.225414514320522841e+01,2.062080011675491420e+01,6.760169067382812500e+02,2.221769243478775024e-01,1.787300000000000277e-01,2.839289903640747070e-01,1.271443516016006470e-01
-3.225558890304935034e+01,2.064314047850301037e+01,1.175347412109375000e+03,1.973074823617935181e-01,1.787400000000000100e-01,2.644739747047424316e-01,1.540762037038803101e-01
-3.224583523719254430e+01,2.066013501189594948e+01,1.709467041015625000e+03,2.217334657907485962e-01,1.787500000000000200e-01,2.976619601249694824e-01,1.938255131244659424e-01
-3.224892047879292534e+01,2.068081845073419345e+01,1.729125976562500000e+03,2.281445413827896118e-01,1.787600000000000022e-01,2.814112901687622070e-01,1.837546676397323608e-01
-3.225069527813673886e+01,2.069851833255452433e+01,1.714040161132812500e+03,3.027171194553375244e-01,1.787700000000000122e-01,3.043758571147918701e-01,1.983268707990646362e-01
-3.224673167277985186e+01,2.071215288985515812e+01,1.021831542968750000e+03,3.152233660221099854e-01,1.787800000000000222e-01,3.480924665927886963e-01,1.922233253717422485e-01
-3.224110929001007975e+01,2.073549178724895370e+01,1.171769165039062500e+03,3.463679850101470947e-01,1.787900000000000045e-01,3.954711854457855225e-01,2.301415652036666870e-01
-3.224161410392459004e+01,2.074925046329146028e+01,1.696364501953125000e+03,4.839331209659576416e-01,1.788000000000000145e-01,4.581087529659271240e-01,2.977382540702819824e-01
-3.224399805654346807e+01,2.076500709036828951e+01,2.947300537109375000e+03,5.302376151084899902e-01,1.788100000000000245e-01,4.452150166034698486e-01,3.213131725788116455e-01
-3.224348616904492104e+01,2.078590101732607565e+01,1.603969482421875000e+03,7.644981741905212402e-01,1.788200000000000067e-01,4.549043774604797363e-01,2.914821207523345947e-01
-3.223271180763723720e+01,2.080842380198127373e+01,1.817834594726562500e+03,7.636362910270690918e-01,1.788300000000000167e-01,4.009643495082855225e-01,2.649317383766174316e-01
-3.224259559575735778e+01,2.082515519839980911e+01,6.900350097656250000e+03,5.539054274559020996e-01,1.788400000000000267e-01,4.195801615715026855e-01,3.284848332405090332e-01
-3.223225427072233629e+01,2.084094858747090839e+01,1.766822387695312500e+03,7.992429137229919434e-01,1.788500000000000090e-01,2.997218966484069824e-01,1.967246830463409424e-01
-3.223560469039607312e+01,2.086031738955019676e+01,2.093510009765625000e+03,6.612653136253356934e-01,1.788600000000000190e-01,3.272641301155090332e-01,2.228936105966567993e-01
-3.224152121136810933e+01,2.088031900939022378e+01,2.412337402343750000e+03,4.295987188816070557e-01,1.788700000000000012e-01,3.212368786334991455e-01,2.246483862400054932e-01
-3.224567023168165747e+01,2.089431100285414544e+01,1.526728271484375000e+03,4.274922907352447510e-01,1.788800000000000112e-01,4.094330072402954102e-01,2.589044868946075439e-01
-3.223931179085721510e+01,2.091746068334546038e+01,1.720141113281250000e+03,4.422074854373931885e-01,1.788900000000000212e-01,4.178253710269927979e-01,2.724848687648773193e-01
-3.224471345847988601e+01,2.093050802123260468e+01,1.623722290039062500e+03,5.276126265525817871e-01,1.789000000000000035e-01,4.639070928096771240e-01,2.981960177421569824e-01
-3.223927721375497413e+01,2.094897182856137974e+01,2.724860107421875000e+03,6.166524291038513184e-01,1.789100000000000135e-01,3.138363361358642578e-01,2.238854318857192993e-01
-3.223972701618128411e+01,2.096582077919270048e+01,1.431994018554687500e+03,6.274098753929138184e-01,1.789200000000000235e-01,3.120052814483642578e-01,1.937492191791534424e-01
-3.224140126873864176e+01,2.098816240663789756e+01,8.568277343750000000e+03,3.487080633640289307e-01,1.789300000000000057e-01,3.487791121006011963e-01,2.762995660305023193e-01
-3.224432070186833954e+01,2.101545148404257546e+01,1.699279052734375000e+03,4.107350409030914307e-01,1.789400000000000157e-01,3.452695608139038086e-01,2.244957834482192993e-01
-3.223422376818800927e+01,2.102968135875970290e+01,1.661718750000000000e+03,4.992074072360992432e-01,1.789500000000000257e-01,3.857817947864532471e-01,2.494440078735351562e-01
-3.224055397438304738e+01,2.104396179808646750e+01,1.769305541992187500e+03,4.482966959476470947e-01,1.789600000000000080e-01,3.843322098255157471e-01,2.523431777954101562e-01
-3.224493833941195930e+01,2.106191806904023878e+01,1.615154785156250000e+03,4.797834455966949463e-01,1.789700000000000180e-01,3.611387610435485840e-01,2.318200320005416870e-01
-3.224555389881977163e+01,2.108645079292236346e+01,1.938834594726562500e+03,4.749757349491119385e-01,1.789800000000000280e-01,3.322995603084564209e-01,2.227410227060317993e-01
-3.224199428287358415e+01,2.110240006614510122e+01,4.115016113281250000e+03,4.517096579074859619e-01,1.789900000000000102e-01,2.952205538749694824e-01,2.218254953622817993e-01
-3.224424111193679465e+01,2.111730347857425727e+01,1.915139160156250000e+03,4.372865259647369385e-01,1.790000000000000202e-01,3.236019909381866455e-01,2.163323014974594116e-01
-3.224745727641853676e+01,2.113798563143124909e+01,2.258863525390625000e+03,3.917461931705474854e-01,1.790100000000000025e-01,4.070678949356079102e-01,2.813349962234497070e-01
-3.224200088745258341e+01,2.115818383473591524e+01,1.394887084960937500e+03,5.064064860343933105e-01,1.790200000000000125e-01,3.850188553333282471e-01,2.372369319200515747e-01
-3.224819605152480761e+01,2.116908585896386086e+01,2.196427734375000000e+03,5.445474982261657715e-01,1.790300000000000225e-01,3.815856277942657471e-01,2.623377442359924316e-01
-3.224831460892784918e+01,2.118319562315922866e+01,1.226933349609375000e+03,4.663580954074859619e-01,1.790400000000000047e-01,3.676237761974334717e-01,2.174004316329956055e-01
-3.224688054500263235e+01,2.120400185881661415e+01,1.994837524414062500e+03,4.938680231571197510e-01,1.790500000000000147e-01,3.908172249794006348e-01,2.635584473609924316e-01
-3.224464731923638539e+01,2.122576363783221254e+01,2.070498779296875000e+03,4.290587007999420166e-01,1.790600000000000247e-01,3.261960148811340332e-01,2.216729074716567993e-01
-3.225128491051960822e+01,2.124068935031166205e+01,1.330789794921875000e+03,5.375081896781921387e-01,1.790700000000000069e-01,2.749262750148773193e-01,1.669699400663375854e-01
-3.225174427609618988e+01,2.125395064070215412e+01,2.283806884765625000e+03,3.024131357669830322e-01,1.790800000000000169e-01,3.496183454990386963e-01,2.421197593212127686e-01
-3.225041148281863457e+01,2.127743936304430150e+01,1.452869384765625000e+03,3.708333075046539307e-01,1.790900000000000269e-01,2.476892322301864624e-01,1.544576883316040039e-01
-3.224727563500332650e+01,2.129835301872242326e+01,1.329256591796875000e+03,4.287630617618560791e-01,1.791000000000000092e-01,2.576837837696075439e-01,1.564413309097290039e-01
-3.225309458194156775e+01,2.132065993109524271e+01,1.352239013671875000e+03,2.479010969400405884e-01,1.791100000000000192e-01,2.753077447414398193e-01,1.680380553007125854e-01
-3.224782533698797948e+01,2.133229602377595668e+01,1.588979736328125000e+03,3.080970346927642822e-01,1.791200000000000014e-01,3.178036510944366455e-01,2.031334042549133301e-01
-3.224870367442344588e+01,2.135468639206786534e+01,1.336076049804687500e+03,2.973634302616119385e-01,1.791300000000000114e-01,3.435910940170288086e-01,2.089317589998245239e-01
-3.224921039278381585e+01,2.137162492792259627e+01,2.722255615234375000e+03,4.020422995090484619e-01,1.791400000000000214e-01,3.352750241756439209e-01,2.391442805528640747e-01
-3.224926946689702589e+01,2.138504015185231566e+01,5.177984863281250000e+03,3.449505865573883057e-01,1.791500000000000037e-01,3.743376731872558594e-01,2.872096598148345947e-01
-3.224610043385715130e+01,2.140459745351424203e+01,2.845260498046875000e+03,5.287248492240905762e-01,1.791600000000000137e-01,3.022396266460418701e-01,2.170189619064331055e-01
-3.224963558028763799e+01,2.142796029601823449e+01,1.598648193359375000e+03,4.621941149234771729e-01,1.791700000000000237e-01,3.310025334358215332e-01,2.119072377681732178e-01
-3.224729006168499268e+01,2.144608415544766800e+01,1.252665161132812500e+03,4.273385107517242432e-01,1.791800000000000059e-01,3.308499455451965332e-01,1.970298588275909424e-01
-3.224807544391543246e+01,2.145933756393140612e+01,1.230138671875000000e+03,3.862458765506744385e-01,1.791900000000000159e-01,3.895965218544006348e-01,2.305993288755416870e-01
-3.224725114856211405e+01,2.147622858508638899e+01,1.326203979492187500e+03,4.615634977817535400e-01,1.792000000000000259e-01,3.113186359405517578e-01,1.888663768768310547e-01
-3.224303407990437620e+01,2.149179487226691521e+01,2.068939453125000000e+03,3.824907839298248291e-01,1.792100000000000082e-01,3.944030404090881348e-01,2.679834961891174316e-01
-3.224296706805165513e+01,2.151122376014140158e+01,1.281578247070312500e+03,3.754371702671051025e-01,1.792200000000000182e-01,4.536073803901672363e-01,2.721796929836273193e-01
-3.224286079469631972e+01,2.153051692805674122e+01,2.039275512695312500e+03,5.716986060142517090e-01,1.792300000000000282e-01,4.461305439472198486e-01,3.022396266460418701e-01
-3.224934805295800544e+01,2.155067949471185429e+01,2.308140136718750000e+03,6.049782633781433105e-01,1.792400000000000104e-01,3.239834606647491455e-01,2.248009741306304932e-01
-3.223838684579857983e+01,2.157270474326076126e+01,2.359827880859375000e+03,6.867892146110534668e-01,1.792500000000000204e-01,3.042995631694793701e-01,2.119835317134857178e-01
-3.223745932730902553e+01,2.158801840812790118e+01,1.910140625000000000e+03,4.063672125339508057e-01,1.792600000000000027e-01,3.733458518981933594e-01,2.494440078735351562e-01
-3.223979511149006072e+01,2.159983206665091870e+01,1.279361328125000000e+03,5.295271277427673340e-01,1.792700000000000127e-01,3.491605818271636963e-01,2.093895375728607178e-01
-3.223939544105105171e+01,2.162900270841256400e+01,1.395344848632812500e+03,5.223209261894226074e-01,1.792800000000000227e-01,3.365720212459564209e-01,2.074058800935745239e-01
-3.224256986852005724e+01,2.164299476918355225e+01,1.593451660156250000e+03,3.425306379795074463e-01,1.792900000000000049e-01,3.986755311489105225e-01,2.550134956836700439e-01
-3.223940945646958056e+01,2.166080600967293535e+01,1.696246093750000000e+03,4.826063215732574463e-01,1.793000000000000149e-01,3.955474793910980225e-01,2.570734322071075439e-01
-3.223856965737734015e+01,2.167793435406392533e+01,2.661840332031250000e+03,4.996890127658843994e-01,1.793100000000000249e-01,3.432096242904663086e-01,2.439508140087127686e-01
-3.223333652252304660e+01,2.170184475521390866e+01,1.548098876953125000e+03,5.277377963066101074e-01,1.793200000000000072e-01,3.174984753131866455e-01,2.015312314033508301e-01
-3.224459052746962584e+01,2.172286270868661617e+01,3.430210449218750000e+03,4.413503706455230713e-01,1.793300000000000172e-01,4.330842196941375732e-01,3.188717663288116455e-01
-3.224184913413300535e+01,2.172990677497098133e+01,1.540648437500000000e+03,4.775244295597076416e-01,1.793400000000000272e-01,3.374112546443939209e-01,2.138908952474594116e-01
-3.223294477822823012e+01,2.175225233751691789e+01,1.549221923828125000e+03,5.938166975975036621e-01,1.793500000000000094e-01,3.579344153404235840e-01,2.272423803806304932e-01
-3.223573073499871100e+01,2.176828896098558985e+01,1.337601562500000000e+03,4.025382101535797119e-01,1.793600000000000194e-01,3.143703937530517578e-01,1.912315040826797485e-01
-3.223545161511525237e+01,2.178982329903522341e+01,1.544116699218750000e+03,3.651315271854400635e-01,1.793700000000000017e-01,3.469480276107788086e-01,2.200707197189331055e-01
-3.223398902576217040e+01,2.180625572529315548e+01,1.661322265625000000e+03,3.102606832981109619e-01,1.793800000000000117e-01,3.471006155014038086e-01,2.244194895029067993e-01
-3.223358978783612372e+01,2.182888588207178771e+01,1.276607543945312500e+03,4.382628500461578369e-01,1.793900000000000217e-01,2.511224746704101562e-01,1.504903882741928101e-01
-3.223398733974784136e+01,2.184097768479992752e+01,1.924657470703125000e+03,3.320330679416656494e-01,1.794000000000000039e-01,3.512968122959136963e-01,2.351006865501403809e-01
-3.222881624509102494e+01,2.186315966061541261e+01,1.642081176757812500e+03,3.930217325687408447e-01,1.794100000000000139e-01,3.909698128700256348e-01,2.520380020141601562e-01
-3.223160136497751438e+01,2.188094918780422660e+01,1.849351440429687500e+03,4.489451944828033447e-01,1.794200000000000239e-01,4.312531650066375732e-01,2.860652506351470947e-01
-3.223307792479897671e+01,2.189454890554898370e+01,1.475857421875000000e+03,5.351454615592956543e-01,1.794300000000000062e-01,4.462068378925323486e-01,2.795039415359497070e-01
-3.223377514273356326e+01,2.191932281593885534e+01,1.875681030273437500e+03,5.668074488639831543e-01,1.794400000000000162e-01,3.646483123302459717e-01,2.426538169384002686e-01
-3.223394130014175119e+01,2.193444288935868514e+01,1.844019897460937500e+03,5.808705687522888184e-01,1.794500000000000262e-01,3.342832028865814209e-01,2.215966135263442993e-01
-3.223784642430321412e+01,2.195236511020977233e+01,1.770237426757812500e+03,3.944307863712310791e-01,1.794600000000000084e-01,3.188717663288116455e-01,2.093895375728607178e-01
-3.223752879230486457e+01,2.197070376579294404e+01,1.617268920898437500e+03,3.412264883518218994e-01,1.794700000000000184e-01,2.441034018993377686e-01,1.567465066909790039e-01
-3.223138406835710867e+01,2.198774354973355472e+01,1.476725708007812500e+03,3.117543756961822510e-01,1.794800000000000284e-01,2.884303629398345947e-01,1.807028949260711670e-01
-3.223541056691122009e+01,2.200862941994234490e+01,1.517741333007812500e+03,2.892405092716217041e-01,1.794900000000000106e-01,2.586756050586700439e-01,1.633078157901763916e-01
-3.223649956186769572e+01,2.202803942033818529e+01,2.356666748046875000e+03,2.849358618259429932e-01,1.795000000000000207e-01,3.870788216590881348e-01,2.695856988430023193e-01
-3.223252475745923107e+01,2.204286140768154212e+01,2.392551269531250000e+03,3.038448393344879150e-01,1.795100000000000029e-01,3.338254392147064209e-01,2.331170439720153809e-01
-3.223277553346518687e+01,2.206033729630642526e+01,1.289354370117187500e+03,5.102939009666442871e-01,1.795200000000000129e-01,3.510679304599761963e-01,2.110680043697357178e-01
-3.224279578894437748e+01,2.207758318491371341e+01,9.851157226562500000e+02,4.881376326084136963e-01,1.795300000000000229e-01,2.918635904788970947e-01,1.587301641702651978e-01
-3.223591650346192239e+01,2.209622252504441775e+01,1.375599121093750000e+03,3.708082735538482666e-01,1.795400000000000051e-01,3.662504851818084717e-01,2.247246801853179932e-01
-3.223713121943779925e+01,2.210919443366915971e+01,2.743029296875000000e+04,2.536541521549224854e-01,1.795500000000000151e-01,3.989044129848480225e-01,3.268063664436340332e-01
-3.223868327691128854e+01,2.213187979665543637e+01,1.210130859375000000e+03,6.271237730979919434e-01,1.795600000000000251e-01,2.603540718555450439e-01,1.532369703054428101e-01
-3.223802106627612574e+01,2.215169529554213312e+01,1.318387329101562500e+03,6.046444773674011230e-01,1.795700000000000074e-01,2.730952203273773193e-01,1.653677523136138916e-01
-3.223848769767069200e+01,2.217201606610237263e+01,5.621585937500000000e+03,2.208501249551773071e-01,1.795800000000000174e-01,4.359834194183349609e-01,3.366483151912689209e-01
-3.223588450037492947e+01,2.218690931757718232e+01,1.355303222656250000e+03,4.254430830478668213e-01,1.795900000000000274e-01,3.252041935920715332e-01,1.986320465803146362e-01
-3.223991399663008650e+01,2.220836914983036792e+01,1.562131591796875000e+03,5.260068774223327637e-01,1.796000000000000096e-01,3.821959793567657471e-01,2.431878745555877686e-01
-3.223880890348139872e+01,2.222683767579717795e+01,1.689220825195312500e+03,4.186326563358306885e-01,1.796100000000000196e-01,3.438962697982788086e-01,2.232750803232192993e-01
-3.223976472670348414e+01,2.224039165216411362e+01,1.227057739257812500e+03,5.922264456748962402e-01,1.796200000000000019e-01,2.285393923521041870e-01,1.351552456617355347e-01
-3.223763538580175947e+01,2.225875274709680696e+01,2.366028076171875000e+03,4.051786959171295166e-01,1.796300000000000119e-01,2.565393745899200439e-01,1.787955462932586670e-01
-3.223538307502912659e+01,2.227881446726036074e+01,2.125726562500000000e+03,1.911133676767349243e-01,1.796400000000000219e-01,3.139889240264892578e-01,2.145012468099594116e-01
-3.223723570379097225e+01,2.229265481219169587e+01,2.457864501953125000e+03,3.063947260379791260e-01,1.796500000000000041e-01,3.318417668342590332e-01,2.328118681907653809e-01
-3.223661685478006689e+01,2.230836473799893938e+01,2.555645507812500000e+03,3.574723303318023682e-01,1.796600000000000141e-01,3.448117971420288086e-01,2.434930503368377686e-01
-3.224397541783590526e+01,2.232573049963265177e+01,1.536176269531250000e+03,4.406005442142486572e-01,1.796700000000000241e-01,3.835692703723907471e-01,2.429589927196502686e-01
-3.223874923174840035e+01,2.235378772548252257e+01,1.859321289062500000e+03,4.201048910617828369e-01,1.796800000000000064e-01,3.473294973373413086e-01,2.306756228208541870e-01
-3.224057504881594838e+01,2.236820073282355636e+01,1.770331909179687500e+03,4.727882444858551025e-01,1.796900000000000164e-01,4.386537075042724609e-01,2.880488932132720947e-01
-3.224192228407859062e+01,2.238127203366478213e+01,4.296555664062500000e+03,4.626804888248443604e-01,1.797000000000000264e-01,4.514711499214172363e-01,3.406919240951538086e-01
-3.223271152955113195e+01,2.240032617072883170e+01,2.434263183593750000e+03,6.682664752006530762e-01,1.797100000000000086e-01,3.748717308044433594e-01,2.625666260719299316e-01
-3.224426431234231671e+01,2.242528327239486785e+01,2.867444580078125000e+03,6.554753184318542480e-01,1.797200000000000186e-01,3.554930090904235840e-01,2.555475533008575439e-01
-3.223394556124308963e+01,2.244281543930171807e+01,1.518244384765625000e+03,5.410165190696716309e-01,1.797300000000000009e-01,3.744139671325683594e-01,2.363976985216140747e-01
-3.222915441524779823e+01,2.245792249121272732e+01,2.353595458984375000e+03,5.055398344993591309e-01,1.797400000000000109e-01,4.629915654659271240e-01,3.223812878131866455e-01
-3.223351355643843164e+01,2.247608054603609773e+01,5.099227539062500000e+03,5.067200064659118652e-01,1.797500000000000209e-01,4.220978617668151855e-01,3.234494030475616455e-01
-3.223869147158030302e+01,2.250051988220120336e+01,2.162361328125000000e+03,7.485658526420593262e-01,1.797600000000000031e-01,3.286374211311340332e-01,2.252587378025054932e-01
-3.223589908065731890e+01,2.251583020880309860e+01,1.293363891601562500e+03,5.623502135276794434e-01,1.797700000000000131e-01,2.762995660305023193e-01,1.662832945585250854e-01
-3.223002076493769152e+01,2.253237749204561169e+01,1.858162841796875000e+03,3.844827711582183838e-01,1.797800000000000231e-01,2.961360812187194824e-01,1.966483891010284424e-01
-3.223094028353874307e+01,2.255392647569746600e+01,1.056081298828125000e+03,3.200382292270660400e-01,1.797900000000000054e-01,2.825556993484497070e-01,1.581197977066040039e-01
-3.223294423908390627e+01,2.257672985283805644e+01,1.020929138183593750e+03,3.339654505252838135e-01,1.798000000000000154e-01,2.540979683399200439e-01,1.402669548988342285e-01
-3.223368811886208363e+01,2.258879444594270325e+01,1.513880859375000000e+03,2.437633424997329712e-01,1.798100000000000254e-01,2.782069444656372070e-01,1.755148917436599731e-01
-3.222776370827025261e+01,2.260734110762928495e+01,1.127103881835937500e+03,2.243048101663589478e-01,1.798200000000000076e-01,2.640162110328674316e-01,1.514822095632553101e-01
-3.223234939185623915e+01,2.263255892202690589e+01,1.436542724609375000e+03,3.196448385715484619e-01,1.798300000000000176e-01,3.751769065856933594e-01,2.331933379173278809e-01
-3.223394983670216618e+01,2.264360139408370998e+01,1.451628906250000000e+03,2.619666159152984619e-01,1.798400000000000276e-01,4.374330043792724609e-01,2.727137506008148193e-01
-3.223009495832961591e+01,2.266359856874364098e+01,1.035091430664062500e+03,5.136567950248718262e-01,1.798500000000000099e-01,2.757655084133148193e-01,1.530843824148178101e-01
-3.223039892366620762e+01,2.267682700261982731e+01,1.301769897460937500e+03,4.545265734195709229e-01,1.798600000000000199e-01,2.673731446266174316e-01,1.612478643655776978e-01
-3.222866427762365049e+01,2.270122790302760052e+01,1.024661621093750000e+03,3.084308207035064697e-01,1.798700000000000021e-01,2.688990235328674316e-01,1.486593186855316162e-01
-3.222863701160519412e+01,2.271243869820242267e+01,1.110929321289062500e+03,2.461773306131362915e-01,1.798800000000000121e-01,3.932586312294006348e-01,2.244194895029067993e-01
-3.223303275705320203e+01,2.273496614781209502e+01,1.382442016601562500e+03,3.652960360050201416e-01,1.798900000000000221e-01,3.176510632038116455e-01,1.951988041400909424e-01
-3.223162743655552731e+01,2.275863420628056133e+01,2.405002685546875000e+03,4.062551558017730713e-01,1.799000000000000044e-01,3.753294944763183594e-01,2.623377442359924316e-01
-3.223241307184756010e+01,2.277508146649596199e+01,1.440662109375000000e+03,4.028469622135162354e-01,1.799100000000000144e-01,4.285828769207000732e-01,2.666102051734924316e-01
-3.223299434398668240e+01,2.279824376641411732e+01,1.240088867187500000e+03,5.435103774070739746e-01,1.799200000000000244e-01,4.044739007949829102e-01,2.400598078966140747e-01
-3.223084420718490151e+01,2.280806596939484976e+01,1.659037109375000000e+03,6.230074763298034668e-01,1.799300000000000066e-01,2.894984781742095947e-01,1.871116161346435547e-01
-3.223301636423094862e+01,2.282285321049603866e+01,2.074851562500000000e+03,4.381591379642486572e-01,1.799400000000000166e-01,3.653349578380584717e-01,2.483758926391601562e-01
-3.222765461304814494e+01,2.285286145586000117e+01,1.060582885742187500e+03,3.078538477420806885e-01,1.799500000000000266e-01,4.092041254043579102e-01,2.293786257505416870e-01
-3.223099023202829727e+01,2.286710315529051130e+01,2.887072753906250000e+03,5.138844847679138184e-01,1.799600000000000088e-01,3.425229787826538086e-01,2.464685291051864624e-01
-3.222854091925665188e+01,2.288088850606692048e+01,2.018030761718750000e+03,4.920155107975006104e-01,1.799700000000000188e-01,3.117763996124267578e-01,2.107628285884857178e-01
-3.222869776748302684e+01,2.289942918702553598e+01,1.274221191406250000e+03,5.385095477104187012e-01,1.799800000000000011e-01,3.338254392147064209e-01,1.999290436506271362e-01
-3.223267455498899636e+01,2.291789042442427871e+01,2.019466186523437500e+03,4.241818487644195557e-01,1.799900000000000111e-01,3.785338401794433594e-01,2.559290230274200439e-01
-3.223367780318881870e+01,2.293233820899275344e+01,2.002253173828125000e+03,4.216951429843902588e-01,1.800000000000000211e-01,3.412259817123413086e-01,2.302941530942916870e-01
-3.222613782781047576e+01,2.295303705898987801e+01,3.794086181640625000e+03,4.481250345706939697e-01,1.800100000000000033e-01,3.191769421100616455e-01,2.377709895372390747e-01
-3.223026230689602301e+01,2.297309981825823755e+01,3.474613525390625000e+03,4.566842615604400635e-01,1.800200000000000133e-01,4.605501592159271240e-01,3.396237790584564209e-01
-3.222463303988678263e+01,2.299448779040374902e+01,3.697951416015625000e+03,6.075424551963806152e-01,1.800300000000000233e-01,3.491605818271636963e-01,2.593622505664825439e-01
-3.222325013083193568e+01,2.301581351481215876e+01,2.185444335937500000e+03,7.341653704643249512e-01,1.800400000000000056e-01,2.906428873538970947e-01,1.996238678693771362e-01
-3.222322278209693280e+01,2.302465010983041793e+01,1.841098388671875000e+03,4.735714495182037354e-01,1.800500000000000156e-01,3.207028210163116455e-01,2.125175893306732178e-01
-3.222964168564336518e+01,2.304613225260544240e+01,1.976184082031250000e+03,3.996378481388092041e-01,1.800600000000000256e-01,3.689207732677459717e-01,2.482995986938476562e-01
-3.222593105245075407e+01,2.306398927707195412e+01,2.628415283203125000e+03,3.984123766422271729e-01,1.800700000000000078e-01,3.748717308044433594e-01,2.659235596656799316e-01
-3.222667255364852679e+01,2.308167438313930120e+01,2.182297607421875000e+03,6.038898825645446777e-01,1.800800000000000178e-01,3.545011579990386963e-01,2.434167563915252686e-01
-3.223213120188337655e+01,2.309888838081102591e+01,1.415599365234375000e+03,5.348891615867614746e-01,1.800900000000000278e-01,4.372041225433349609e-01,2.705775201320648193e-01
-3.222784944431926135e+01,2.311758465517245753e+01,1.270997192382812500e+03,4.712623655796051025e-01,1.801000000000000101e-01,3.537382185459136963e-01,2.116783559322357178e-01
-3.222402154981271849e+01,2.313858368406568289e+01,2.232398925781250000e+03,5.299658179283142090e-01,1.801100000000000201e-01,3.109371662139892578e-01,2.144249528646469116e-01
-3.222879652766746972e+01,2.315233555235532847e+01,1.787044067382812500e+03,4.003066122531890869e-01,1.801200000000000023e-01,2.990352511405944824e-01,1.968009769916534424e-01
-3.222843922823587803e+01,2.317199393239088678e+01,1.513818481445312500e+03,3.827363550662994385e-01,1.801300000000000123e-01,3.548826277256011963e-01,2.238854318857192993e-01
-3.222212375464578571e+01,2.318559334618817402e+01,3.264475341796875000e+03,3.990668356418609619e-01,1.801400000000000223e-01,3.973022401332855225e-01,2.907191812992095947e-01
-3.222398212345016333e+01,2.321073274380458074e+01,1.971586914062500000e+03,4.936629831790924072e-01,1.801500000000000046e-01,3.345120847225189209e-01,2.250298559665679932e-01
-3.222550990818523786e+01,2.322901831636858105e+01,1.401393310546875000e+03,5.167562365531921387e-01,1.801600000000000146e-01,4.301087558269500732e-01,2.653895020484924316e-01
-3.223055306463500358e+01,2.324355555113344352e+01,1.449796875000000000e+03,5.641896128654479980e-01,1.801700000000000246e-01,3.017055690288543701e-01,1.880271434783935547e-01
-3.222670576502915907e+01,2.326107636013082569e+01,1.656787353515625000e+03,5.258733630180358887e-01,1.801800000000000068e-01,4.298798739910125732e-01,2.777491807937622070e-01
-3.223181651489194621e+01,2.328765420782982787e+01,1.897930175781250000e+03,3.668242990970611572e-01,1.801900000000000168e-01,4.133240282535552979e-01,2.757655084133148193e-01
-3.223246946777689459e+01,2.330185806875495658e+01,2.149543212890625000e+03,5.732447504997253418e-01,1.802000000000000268e-01,3.261197209358215332e-01,2.232750803232192993e-01
-3.223031395080754891e+01,2.332110561041534424e+01,2.469502197265625000e+03,5.855829119682312012e-01,1.802100000000000091e-01,3.050625026226043701e-01,2.141960710287094116e-01
-3.223239093586066417e+01,2.334133853572914674e+01,2.020825317382812500e+03,4.493016302585601807e-01,1.802200000000000191e-01,2.947627902030944824e-01,1.993186920881271362e-01
-3.223467882777201510e+01,2.335172542685576857e+01,1.512438720703125000e+03,4.035479128360748291e-01,1.802300000000000013e-01,3.313840031623840332e-01,2.090080678462982178e-01
-3.222610389331018865e+01,2.337279391826050556e+01,1.090194946289062500e+03,4.529589712619781494e-01,1.802400000000000113e-01,2.849971055984497070e-01,1.614767462015151978e-01
-3.223137352513151654e+01,2.339061138304693444e+01,1.631417968750000000e+03,3.092783987522125244e-01,1.802500000000000213e-01,3.606809973716735840e-01,2.321252077817916870e-01
-3.223183800703306190e+01,2.341242254598833128e+01,1.304826416015625000e+03,3.109568655490875244e-01,1.802600000000000036e-01,3.063594996929168701e-01,1.848990768194198608e-01
-3.223402463854707634e+01,2.342663514423196958e+01,3.422412597656250000e+03,4.086917936801910400e-01,1.802700000000000136e-01,2.911006510257720947e-01,2.142723649740219116e-01
-3.223387390736303360e+01,2.345158462143283984e+01,1.499674438476562500e+03,3.674489557743072510e-01,1.802800000000000236e-01,3.168881237506866455e-01,1.993949860334396362e-01
-3.223495990226982144e+01,2.346840744833503578e+01,1.554478637695312500e+03,4.308563768863677979e-01,1.802900000000000058e-01,3.042995631694793701e-01,1.933677494525909424e-01
-3.223435664618440910e+01,2.348745133540307251e+01,1.504088012695312500e+03,3.958827555179595947e-01,1.803000000000000158e-01,2.965175509452819824e-01,1.867301464080810547e-01
-3.223287259509142899e+01,2.350596130858708221e+01,1.253427368164062500e+03,3.469020426273345947e-01,1.803100000000000258e-01,3.084957301616668701e-01,1.837546676397323608e-01
-3.223116875347503196e+01,2.352143432038644022e+01,1.281358764648437500e+03,3.893572390079498291e-01,1.803200000000000081e-01,3.126156330108642578e-01,1.875693798065185547e-01
-3.223475666817189733e+01,2.353795670958248110e+01,1.645681884765625000e+03,2.835887968540191650e-01,1.803300000000000181e-01,4.092041254043579102e-01,2.639399170875549316e-01
-3.222760279191778210e+01,2.356047957298391893e+01,1.272943847656250000e+03,4.238397181034088135e-01,1.803400000000000281e-01,3.889861702919006348e-01,2.328881621360778809e-01
-3.223386748395125068e+01,2.357639665057440581e+01,2.357478759765625000e+03,5.398220419883728027e-01,1.803500000000000103e-01,4.027191400527954102e-01,2.804957628250122070e-01
-3.223832579019180145e+01,2.359411741096204906e+01,2.770531250000000000e+03,4.801565706729888916e-01,1.803600000000000203e-01,3.608335852622985840e-01,2.580652534961700439e-01
-3.223105375382962734e+01,2.360532585882508627e+01,3.328679443359375000e+03,6.340689063072204590e-01,1.803700000000000025e-01,3.599180579185485840e-01,2.640162110328674316e-01
-3.223311632216049105e+01,2.361920081843727814e+01,2.615767822265625000e+03,5.625087618827819824e-01,1.803800000000000125e-01,4.032531976699829102e-01,2.858363687992095947e-01
-3.223651671786853257e+01,2.363222856460775745e+01,2.339693359375000000e+03,5.902261137962341309e-01,1.803900000000000226e-01,1.711661219596862793e-01,1.190571561455726624e-01
-3.223057868151357752e+01,2.363267768898380794e+01,-4.117000000000000000e+03,5.217821002006530762e-01,1.804000000000000048e-01,3.376020118594169617e-02,3.108990192413330078e-02
-3.222798394769178998e+01,2.364898653888693758e+01,-5.247485351562500000e+03,2.374893575906753540e-01,1.804100000000000148e-01,3.620161488652229309e-02,3.261578455567359924e-02
-3.222742629537718528e+01,2.365099462827078725e+01,-4.739392395019531250e+02,1.167959049344062805e-01,1.804200000000000248e-01,2.170570939779281616e-02,4.367845132946968079e-02
