# x_coordinates, y_coordinates, TEP, TED, times, high, low
-4.121276983037946451e+01,1.786404807845239162e+01,3.226473388671875000e+03,2.058446593582630157e-02,5.454000000000000514e-02,5.942176580429077148e-01,4.341523647308349609e-01
-4.122625419246349310e+01,1.785738091299084473e+01,1.087687988281250000e+03,2.391785532236099243e-01,5.455000000000000127e-02,5.971168279647827148e-01,3.380216062068939209e-01
-4.122975852322431933e+01,1.785857529537030786e+01,1.337111694335937500e+03,6.786865592002868652e-01,5.456000000000000433e-02,5.951331853866577148e-01,3.619779944419860840e-01
-4.124209512562904933e+01,1.785397565549352095e+01,2.929511230468750000e+03,5.721885561943054199e-01,5.457000000000000739e-02,6.704356074333190918e-01,4.834384322166442871e-01
-4.124961974229969996e+01,1.785023654221046030e+01,4.510806640625000000e+03,5.517680048942565918e-01,5.458000000000000351e-02,7.803755998611450195e-01,5.916236639022827148e-01
-4.125818108026859221e+01,1.785381365725970682e+01,5.817784667968750000e+03,1.062581062316894531e+00,5.459000000000000657e-02,8.575090765953063965e-01,6.637979745864868164e-01
-4.125982870723576923e+01,1.785238000947797232e+01,1.804944335937500000e+03,1.300466775894165039e+00,5.460000000000000270e-02,6.615091562271118164e-01,4.363648891448974609e-01
-4.127218193730904261e+01,1.785682153348215095e+01,3.555389648437500000e+03,1.312148094177246094e+00,5.461000000000000576e-02,7.838851213455200195e-01,5.796454548835754395e-01
-4.127759375211537218e+01,1.785988038631275643e+01,-2.994484570312500000e+04,9.001988768577575684e-01,5.462000000000000188e-02,1.011547088623046875e+00,8.533129096031188965e-01
-4.127488764319483039e+01,1.786880481953135913e+01,3.102383789062500000e+03,1.439067840576171875e+00,5.463000000000000494e-02,7.887679338455200195e-01,5.733130574226379395e-01
-4.127857682701371544e+01,1.787656291885766180e+01,3.356468750000000000e+03,1.487375020980834961e+00,5.464000000000000107e-02,8.284409642219543457e-01,6.083320975303649902e-01
-4.128140593393046487e+01,1.787717495370111465e+01,4.299098632812500000e+03,1.182740449905395508e+00,5.465000000000000413e-02,8.353074193000793457e-01,6.303811073303222656e-01
-4.127987223915926762e+01,1.789590247647812760e+01,2.912858398437500000e+03,1.324184656143188477e+00,5.466000000000000719e-02,9.640921354293823242e-01,6.946208477020263672e-01
-4.127265243927305960e+01,1.790828944712570348e+01,1.696926879882812500e+03,1.555373191833496094e+00,5.467000000000000332e-02,7.537488937377929688e-01,4.899234473705291748e-01
-4.128122975375774217e+01,1.792294687921288698e+01,1.877175000000000000e+04,1.313997030258178711e+00,5.468000000000000638e-02,7.323102355003356934e-01,5.957435369491577148e-01
-4.127763359280128697e+01,1.793352274261508583e+01,3.225021240234375000e+03,1.123080968856811523e+00,5.469000000000000250e-02,6.960704922676086426e-01,5.085392594337463379e-01
-4.127906007967223445e+01,1.795142195114320316e+01,3.178664794921875000e+03,1.171985387802124023e+00,5.470000000000000556e-02,8.314164280891418457e-01,6.062721610069274902e-01
-4.127952104073224149e+01,1.796521606624749978e+01,2.079461181640625000e+03,1.057662487030029297e+00,5.471000000000000169e-02,6.774546504020690918e-01,4.607790410518646240e-01
-4.128077230183629354e+01,1.797599805255193672e+01,2.333757812500000000e+03,1.069083929061889648e+00,5.472000000000000475e-02,7.683210968971252441e-01,5.341740846633911133e-01
-4.127693969072850422e+01,1.799534104972977033e+01,2.272062011718750000e+03,8.525878787040710449e-01,5.473000000000000781e-02,7.239941358566284180e-01,5.009098052978515625e-01
-4.127880332873304781e+01,1.801002682061366755e+01,1.873687255859375000e+03,1.074573516845703125e+00,5.474000000000000393e-02,6.917979717254638672e-01,4.602449834346771240e-01
-4.127643280917331481e+01,1.803041053284871964e+01,2.751319335937500000e+03,1.037674665451049805e+00,5.475000000000000699e-02,7.173565626144409180e-01,5.125065445899963379e-01
-4.127544928788948653e+01,1.804224039911249022e+01,5.345705566406250000e+03,9.346205592155456543e-01,5.476000000000000312e-02,7.675581574440002441e-01,5.904029607772827148e-01
-4.127817068443771120e+01,1.805521703466655126e+01,2.829365478515625000e+03,1.006192684173583984e+00,5.477000000000000618e-02,7.249859571456909180e-01,5.201359391212463379e-01
-4.128636935252271911e+01,1.807090748549562065e+01,7.526759277343750000e+03,1.219236373901367188e+00,5.478000000000000230e-02,6.296181678771972656e-01,4.954166114330291748e-01
-4.128624418339556001e+01,1.808854922366288065e+01,2.942205078125000000e+03,9.844774603843688965e-01,5.479000000000000536e-02,7.090404629707336426e-01,5.115910172462463379e-01
-4.128058540027573997e+01,1.810193733494937618e+01,5.523980957031250000e+03,9.293395876884460449e-01,5.480000000000000149e-02,9.314382076263427734e-01,7.182720899581909180e-01
-4.127966437637925878e+01,1.811273114782343185e+01,6.169019531250000000e+03,1.167648553848266602e+00,5.481000000000000455e-02,7.638960480690002441e-01,5.937598943710327148e-01
-4.128728240152194218e+01,1.812716586334851243e+01,2.353351318359375000e+03,1.486674070358276367e+00,5.482000000000000761e-02,6.915690898895263672e-01,4.815310835838317871e-01
-4.127745673696701090e+01,1.814952840809974788e+01,3.545704101562500000e+03,1.056177139282226562e+00,5.483000000000000373e-02,7.524518966674804688e-01,5.562231540679931641e-01
-4.128361717247555163e+01,1.815806558264059234e+01,3.450942871093750000e+03,9.839219450950622559e-01,5.484000000000000680e-02,8.720049858093261719e-01,6.425119042396545410e-01
-4.128832378522725577e+01,1.816875627196590415e+01,2.352682373046875000e+03,1.109172821044921875e+00,5.485000000000000292e-02,8.316453099250793457e-01,5.790351033210754395e-01
-4.128085344195676498e+01,1.818727125176823378e+01,3.048713378906250000e+03,1.587879180908203125e+00,5.486000000000000598e-02,6.819560527801513672e-01,4.945010840892791748e-01
-4.128117646438614941e+01,1.819746247175682541e+01,3.045105468750000000e+03,1.156020879745483398e+00,5.487000000000000210e-02,7.962448000907897949e-01,5.772803425788879395e-01
-4.127866365951427952e+01,1.820584836972333420e+01,1.727414550781250000e+03,9.981686472892761230e-01,5.488000000000000517e-02,7.355145812034606934e-01,4.801577627658843994e-01
-4.128442960074379187e+01,1.822040658422341508e+01,2.161355078125000000e+04,1.222449064254760742e+00,5.489000000000000129e-02,8.334000706672668457e-01,6.799724102020263672e-01
-4.128079458842799454e+01,1.823454037055853760e+01,2.858154541015625000e+03,1.070258140563964844e+00,5.490000000000000435e-02,7.992965579032897949e-01,5.743048787117004395e-01
-4.128254267846072878e+01,1.824889588118574579e+01,2.964082031250000000e+03,1.237035512924194336e+00,5.491000000000000741e-02,7.889968156814575195e-01,5.698797702789306641e-01
-4.128104714833466460e+01,1.826335225063290935e+01,3.583952392578125000e+03,1.364408254623413086e+00,5.492000000000000354e-02,7.771712541580200195e-01,5.752204060554504395e-01
-4.128083298020361980e+01,1.828012183053692752e+01,1.931559814453125000e+03,1.254546165466308594e+00,5.493000000000000660e-02,8.023483157157897949e-01,5.373784303665161133e-01
-4.128127269823676926e+01,1.829488539322885998e+01,2.621366699218750000e+03,1.144152402877807617e+00,5.494000000000000272e-02,8.627733588218688965e-01,6.117653250694274902e-01
-4.128545807303489568e+01,1.830470300343744583e+01,2.689104492187500000e+03,1.377187490463256836e+00,5.495000000000000578e-02,7.346753478050231934e-01,5.230351090431213379e-01
-4.128281565448890689e+01,1.831980536795049019e+01,1.788291748046875000e+03,1.276027679443359375e+00,5.496000000000000191e-02,8.121140003204345703e-01,5.345555543899536133e-01
-4.128107196229264275e+01,1.832832236513504043e+01,1.761797363281250000e+03,1.059356451034545898e+00,5.497000000000000497e-02,7.627516388893127441e-01,5.002994537353515625e-01
-4.128183448719623527e+01,1.834595001572811412e+01,3.537178466796875000e+03,1.016391038894653320e+00,5.498000000000000109e-02,8.126480579376220703e-01,6.005500555038452148e-01
-4.128127964279491380e+01,1.836672145315845839e+01,2.665289306640625000e+03,1.033180475234985352e+00,5.499000000000000415e-02,7.844191789627075195e-01,5.576727390289306641e-01
-4.127697156769161779e+01,1.837678015535628262e+01,4.175752929687500000e+03,1.399088621139526367e+00,5.500000000000000722e-02,7.814437150955200195e-01,5.880378484725952148e-01
-4.127877047292376034e+01,1.839541860175015486e+01,1.053428320312500000e+04,1.161238670349121094e+00,5.501000000000000334e-02,9.255635142326354980e-01,7.399396300315856934e-01
-4.127992969614088992e+01,1.841210608971772444e+01,2.047789184570312500e+03,1.393488168716430664e+00,5.502000000000000640e-02,8.189804553985595703e-01,5.553076267242431641e-01
-4.128034777844973036e+01,1.842901135874873475e+01,1.400562133789062500e+03,1.803149700164794922e+00,5.503000000000000252e-02,7.016399502754211426e-01,4.328553378582000732e-01
-4.128211032231261868e+01,1.843610248728854373e+01,1.432776367187500000e+03,1.263982772827148438e+00,5.504000000000000559e-02,7.115582227706909180e-01,4.419343769550323486e-01
-4.128795605391124468e+01,1.844958302433903796e+01,2.113380859375000000e+03,1.043905735015869141e+00,5.505000000000000171e-02,7.152966260910034180e-01,4.880923628807067871e-01
-4.128004418487474680e+01,1.847136414077276001e+01,2.042655883789062500e+03,1.022339582443237305e+00,5.506000000000000477e-02,6.419778466224670410e-01,4.350678920745849609e-01
-4.127385600977345348e+01,1.847882308110115446e+01,2.757839111328125000e+03,7.905966639518737793e-01,5.507000000000000783e-02,7.728224396705627441e-01,5.523321032524108887e-01
-4.128779076082461330e+01,1.849602636029951341e+01,2.806437988281250000e+03,1.141908884048461914e+00,5.508000000000000396e-02,6.805064678192138672e-01,4.876345992088317871e-01
-4.128513543647307671e+01,1.850820647473412350e+01,1.529626757812500000e+04,1.121136665344238281e+00,5.509000000000000702e-02,8.838306069374084473e-01,7.153729200363159180e-01
-4.128611995645189836e+01,1.852838368982635942e+01,-3.704564843750000000e+04,1.081594944000244141e+00,5.510000000000000314e-02,8.961902260780334473e-01,7.539777755737304688e-01
-4.128850421809273286e+01,1.854250902224226394e+01,2.072974218750000000e+05,1.540700912475585938e+00,5.511000000000000620e-02,9.299886226654052734e-01,7.720595002174377441e-01
-4.128459504355706855e+01,1.854727052493572970e+01,9.905974609375000000e+03,1.782963991165161133e+00,5.512000000000000233e-02,7.822829484939575195e-01,6.238198280334472656e-01
-4.128260436777210884e+01,1.856386628329810762e+01,5.837575195312500000e+03,1.486804008483886719e+00,5.513000000000000539e-02,8.626207709312438965e-01,6.679179072380065918e-01
-4.128821768130885772e+01,1.858120554598840357e+01,5.326672851562500000e+03,1.396641254425048828e+00,5.514000000000000151e-02,8.817706108093261719e-01,6.780650019645690918e-01
-4.128923873897525709e+01,1.859635752298019185e+01,2.544306640625000000e+03,1.476212263107299805e+00,5.515000000000000457e-02,8.478196859359741211e-01,5.982612371444702148e-01
-4.128720814309031084e+01,1.860429835872086812e+01,1.869550537109375000e+03,1.374252557754516602e+00,5.516000000000000764e-02,7.075145840644836426e-01,4.704684019088745117e-01
-4.128867128569783773e+01,1.862321420545281825e+01,1.907923950195312500e+03,1.218121767044067383e+00,5.517000000000000376e-02,6.778361201286315918e-01,4.527681469917297363e-01
-4.128768336670859895e+01,1.863815685526508048e+01,1.888604125976562500e+03,9.857303500175476074e-01,5.518000000000000682e-02,8.127243518829345703e-01,5.416509509086608887e-01
-4.128691089680226867e+01,1.864525655671747373e+01,2.322385253906250000e+03,1.026166200637817383e+00,5.519000000000000294e-02,8.814654350280761719e-01,6.122993826866149902e-01
-4.128772911066679541e+01,1.866121308173125115e+01,2.854278564453125000e+03,1.272203445434570312e+00,5.520000000000000601e-02,7.685499787330627441e-01,5.521032214164733887e-01
-4.129016847495547893e+01,1.867632055690721771e+01,2.404500488281250000e+03,1.198775291442871094e+00,5.521000000000000213e-02,8.147079944610595703e-01,5.694220066070556641e-01
-4.128679617794999501e+01,1.868888287021859540e+01,2.987374755859375000e+03,1.045877456665039062e+00,5.522000000000000519e-02,8.130295276641845703e-01,5.878852605819702148e-01
-4.128530251959421804e+01,1.869975593175365347e+01,2.494682373046875000e+03,1.228428602218627930e+00,5.523000000000000131e-02,7.319287657737731934e-01,5.147953629493713379e-01
-4.128628120297938153e+01,1.872180507914880465e+01,3.807641357421875000e+03,1.118475914001464844e+00,5.524000000000000438e-02,6.956890225410461426e-01,5.184574723243713379e-01
-4.128589353216725044e+01,1.873866184439366478e+01,-2.631866015625000000e+04,1.047354459762573242e+00,5.525000000000000744e-02,7.249859571456909180e-01,6.127571463584899902e-01
-4.128178843999592829e+01,1.875045280078654031e+01,5.270345703125000000e+03,9.363788962364196777e-01,5.526000000000000356e-02,9.013782739639282227e-01,6.925609111785888672e-01
-4.129074243440864223e+01,1.876542971164268891e+01,2.660458496093750000e+03,1.230308532714843750e+00,5.527000000000000662e-02,8.440049886703491211e-01,5.998634099960327148e-01
-4.128331975652326236e+01,1.877345998917373038e+01,2.987244140625000000e+03,1.433084726333618164e+00,5.528000000000000275e-02,8.022720217704772949e-01,5.801032185554504395e-01
-4.128023790801193371e+01,1.879787855739829894e+01,2.475010498046875000e+03,1.222100973129272461e+00,5.529000000000000581e-02,7.127026319503784180e-01,5.006046295166015625e-01
-4.128298770339592494e+01,1.881294369285447843e+01,2.597666015625000000e+03,1.048289060592651367e+00,5.530000000000000193e-02,7.429151535034179688e-01,5.260106325149536133e-01
-4.128834018822031027e+01,1.882891556532743138e+01,2.678302001953125000e+03,1.000413417816162109e+00,5.531000000000000499e-02,7.885390520095825195e-01,5.610296726226806641e-01
-4.128339596765370345e+01,1.884193334307947509e+01,4.621165039062500000e+03,1.227894544601440430e+00,5.532000000000000112e-02,7.671003937721252441e-01,5.828498005867004395e-01
-4.128451906628398405e+01,1.885752592073701095e+01,3.710723388671875000e+03,1.280971288681030273e+00,5.533000000000000418e-02,7.400922179222106934e-01,5.499669909477233887e-01
-4.128239812439680634e+01,1.887800072988017774e+01,1.673960327148437500e+03,1.167062044143676758e+00,5.534000000000000724e-02,6.728007197380065918e-01,4.358308315277099609e-01
-4.128374777602410717e+01,1.888085294732104558e+01,1.567382934570312500e+03,1.014406204223632812e+00,5.535000000000000336e-02,7.368115782737731934e-01,4.692476987838745117e-01
-4.128113951141347115e+01,1.889995393953401859e+01,2.423745849609375000e+03,8.541566729545593262e-01,5.536000000000000643e-02,6.884410381317138672e-01,4.818362593650817871e-01
-4.127608668733596176e+01,1.892426366046729669e+01,1.594713256835937500e+03,9.355801939964294434e-01,5.537000000000000255e-02,7.724409699440002441e-01,4.941959083080291748e-01
-4.127802008457694427e+01,1.894030128896197240e+01,2.272004638671875000e+03,8.138949275016784668e-01,5.538000000000000561e-02,6.655527949333190918e-01,4.604738652706146240e-01
-4.128068468475170505e+01,1.894202050394873993e+01,1.937979492187500000e+03,1.129142761230468750e+00,5.539000000000000173e-02,6.586862802505493164e-01,4.414766132831573486e-01
-4.128506377545128458e+01,1.895989534331897985e+01,4.409525878906250000e+03,9.379953742027282715e-01,5.540000000000000480e-02,7.717543244361877441e-01,5.838416218757629395e-01
-4.128412699127038366e+01,1.898062744142460190e+01,2.142704101562500000e+03,9.089595675468444824e-01,5.541000000000000786e-02,7.267407774925231934e-01,4.972476959228515625e-01
-4.128299647292779895e+01,1.899073538470721800e+01,2.034398071289062500e+03,1.072763919830322266e+00,5.542000000000000398e-02,7.372693419456481934e-01,4.992313385009765625e-01
-4.127714426947928672e+01,1.900648308319197710e+01,2.240328857421875000e+03,9.792703986167907715e-01,5.543000000000000704e-02,6.363320946693420410e-01,4.391114711761474609e-01
-4.128200117923782386e+01,1.902183777029431155e+01,3.625817382812500000e+03,9.709090590476989746e-01,5.544000000000000317e-02,8.066971302032470703e-01,5.978797674179077148e-01
-4.128564873995733109e+01,1.903978348018876687e+01,2.909138671875000000e+03,8.775038123130798340e-01,5.545000000000000623e-02,7.590132355690002441e-01,5.467626452445983887e-01
-4.127964085093970681e+01,1.905696048708674084e+01,2.273748046875000000e+03,1.119349718093872070e+00,5.546000000000000235e-02,6.670023798942565918e-01,4.615419805049896240e-01
-4.128298434540202777e+01,1.906867975920954450e+01,2.536241210937500000e+03,9.179193377494812012e-01,5.547000000000000541e-02,7.755690813064575195e-01,5.469915270805358887e-01
-4.128914306587987681e+01,1.908411918923814099e+01,6.114501953125000000e+03,9.032625555992126465e-01,5.548000000000000154e-02,7.694655060768127441e-01,5.977271795272827148e-01
-4.128392269604525922e+01,1.909920671467797959e+01,2.663850341796875000e+03,1.006971120834350586e+00,5.549000000000000460e-02,7.130078077316284180e-01,5.068607330322265625e-01
-4.128495054784668383e+01,1.911298857582977817e+01,1.828752197265625000e+03,1.179761409759521484e+00,5.550000000000000766e-02,7.673292756080627441e-01,5.076999664306640625e-01
-4.128199324983907559e+01,1.911730822277605313e+01,2.357498535156250000e+03,9.521502852439880371e-01,5.551000000000000378e-02,8.569750189781188965e-01,5.968879461288452148e-01
-4.128357015010784892e+01,1.913439174304190971e+01,1.715851318359375000e+03,1.308619499206542969e+00,5.552000000000000685e-02,6.863811016082763672e-01,4.473512470722198486e-01
-4.127793395735846360e+01,1.915498027712924767e+01,2.243098632812500000e+03,1.157899618148803711e+00,5.553000000000000297e-02,7.583265900611877441e-01,5.234165787696838379e-01
-4.128730347165064529e+01,1.916924988074752889e+01,3.331840087890625000e+03,9.152418971061706543e-01,5.554000000000000603e-02,7.813674211502075195e-01,5.732367634773254395e-01
-4.128541741214989713e+01,1.918456674369100412e+01,6.072102050781250000e+03,1.015337228775024414e+00,5.555000000000000215e-02,7.333783507347106934e-01,5.694220066070556641e-01
-4.127978896562529343e+01,1.919632849908944294e+01,3.236718505859375000e+03,1.091098308563232422e+00,5.556000000000000522e-02,7.085826992988586426e-01,5.179234147071838379e-01
-4.128124366927828248e+01,1.921700644200298669e+01,7.274180175781250000e+03,1.091829061508178711e+00,5.557000000000000134e-02,6.955364346504211426e-01,5.462285876274108887e-01
-4.128482387189262681e+01,1.922814898038835452e+01,2.016157470703125000e+03,1.079873561859130859e+00,5.558000000000000440e-02,6.586099863052368164e-01,4.451387226581573486e-01
-4.128072641674695120e+01,1.923837749392432883e+01,2.033610961914062500e+03,9.396190047264099121e-01,5.559000000000000746e-02,7.362012267112731934e-01,4.984683990478515625e-01
-4.128328183403342422e+01,1.925533414562790568e+01,1.938219848632812500e+03,8.930034041404724121e-01,5.560000000000000359e-02,6.483102440834045410e-01,4.345338344573974609e-01
-4.129191961709866376e+01,1.927403781729503507e+01,3.602139404296875000e+03,8.068138957023620605e-01,5.561000000000000665e-02,7.970077395439147949e-01,5.902503728866577148e-01
-4.128450258155826447e+01,1.928942393132631494e+01,2.738599121093750000e+03,8.548600077629089355e-01,5.562000000000000277e-02,7.104900479316711426e-01,5.072422027587890625e-01
-4.128420286982166942e+01,1.930369320896006258e+01,2.512762207031250000e+03,1.063721895217895508e+00,5.563000000000000583e-02,8.183701038360595703e-01,5.762885212898254395e-01
-4.128331529905926089e+01,1.932020364973359960e+01,8.075806152343750000e+03,9.341818690299987793e-01,5.564000000000000196e-02,7.917434573173522949e-01,6.253457069396972656e-01
-4.128803717552822405e+01,1.933597143168307042e+01,3.260428710937500000e+03,1.287872314453125000e+00,5.565000000000000502e-02,8.710131645202636719e-01,6.372476220130920410e-01
-4.128006034796542423e+01,1.934485067078880149e+01,3.360171386718750000e+03,1.333993196487426758e+00,5.566000000000000114e-02,8.546099066734313965e-01,6.276345252990722656e-01
-4.128397285437713293e+01,1.936190067684281502e+01,2.885991210937500000e+03,1.577893018722534180e+00,5.567000000000000420e-02,8.710131645202636719e-01,6.267189979553222656e-01
-4.129173457517872947e+01,1.937672066722542041e+01,2.129137207031250000e+03,1.431364536285400391e+00,5.568000000000000727e-02,7.927352786064147949e-01,5.417272448539733887e-01
-4.128316380490031889e+01,1.938594637531278053e+01,3.541494384765625000e+03,1.319764375686645508e+00,5.569000000000000339e-02,8.311112523078918457e-01,6.142830252647399902e-01
-4.128692847538266619e+01,1.940295447697975817e+01,1.116989550781250000e+04,1.072873592376708984e+00,5.570000000000000645e-02,7.946426272392272949e-01,6.367135643959045410e-01
-4.128949820266601733e+01,1.941839130036196437e+01,2.081173339843750000e+03,1.267657995223999023e+00,5.571000000000000257e-02,6.662394404411315918e-01,4.532259106636047363e-01
-4.128768365526301665e+01,1.943728217146501791e+01,1.929431762695312500e+03,1.264889955520629883e+00,5.572000000000000564e-02,7.333783507347106934e-01,4.910678565502166748e-01
-4.128647101240876793e+01,1.944905071292797061e+01,2.777633300781250000e+03,9.264177680015563965e-01,5.573000000000000176e-02,7.465009689331054688e-01,5.340977907180786133e-01
-4.128786217605309616e+01,1.946388686536063872e+01,4.926364257812500000e+03,1.080415964126586914e+00,5.574000000000000482e-02,6.872203350067138672e-01,5.250951051712036133e-01
-4.128598685533475532e+01,1.948265975387845828e+01,1.674330688476562500e+03,1.134572744369506836e+00,5.575000000000000788e-02,6.470895409584045410e-01,4.191986918449401855e-01
-4.128408690761652622e+01,1.949810059792631733e+01,1.930469116210937500e+03,8.659536242485046387e-01,5.576000000000000401e-02,7.735091447830200195e-01,5.179997086524963379e-01
-4.127799724146540683e+01,1.950859410764557822e+01,1.620392822265625000e+03,7.594735026359558105e-01,5.577000000000000707e-02,7.062938809394836426e-01,4.537599682807922363e-01
-4.128992755057601016e+01,1.952948716848139910e+01,2.909416503906250000e+03,9.441179633140563965e-01,5.578000000000000319e-02,7.058361172676086426e-01,5.084629654884338379e-01
-4.128194527766936517e+01,1.953722016557171415e+01,4.837613769531250000e+03,8.369321227073669434e-01,5.579000000000000625e-02,7.757979631423950195e-01,5.918525457382202148e-01
-4.128455879530195460e+01,1.956100154498722077e+01,4.782041015625000000e+03,1.131004810333251953e+00,5.580000000000000238e-02,7.069042325019836426e-01,5.387517213821411133e-01
-4.127932116821265396e+01,1.957071630798353823e+01,2.001123046875000000e+03,1.066436290740966797e+00,5.581000000000000544e-02,7.468061447143554688e-01,5.039615631103515625e-01
-4.127654059716320489e+01,1.957756354224675377e+01,3.391338867187500000e+03,1.073425531387329102e+00,5.582000000000000156e-02,8.244736790657043457e-01,6.061958670616149902e-01
-4.128461762549444103e+01,1.959589853582448171e+01,6.053610351562500000e+03,9.432787299156188965e-01,5.583000000000000462e-02,9.354054927825927734e-01,7.261303663253784180e-01
-4.128324574720603835e+01,1.960989939616730027e+01,2.555006347656250000e+03,1.492106437683105469e+00,5.584000000000000768e-02,7.780867815017700195e-01,5.494329333305358887e-01
-4.128658411311929655e+01,1.962986210382040397e+01,5.658189941406250000e+03,1.411344528198242188e+00,5.585000000000000381e-02,6.785227656364440918e-01,5.241795778274536133e-01
-4.128324543421547332e+01,1.964017319390277194e+01,3.876913574218750000e+03,1.041104316711425781e+00,5.586000000000000687e-02,7.620649933815002441e-01,5.690405368804931641e-01
-4.128593244224634162e+01,1.965501555966345038e+01,3.844697753906250000e+03,1.008213281631469727e+00,5.587000000000000299e-02,7.717543244361877441e-01,5.757544636726379395e-01
-4.129032996749384665e+01,1.967028034860266672e+01,3.725311523437500000e+03,1.182133674621582031e+00,5.588000000000000606e-02,7.306317687034606934e-01,5.431768298149108887e-01
-4.128372944607974659e+01,1.968730434244184480e+01,2.571420166015625000e+03,1.227133989334106445e+00,5.589000000000000218e-02,8.365281820297241211e-01,5.913184881210327148e-01
-4.128717707444926077e+01,1.969965540356654543e+01,2.276989501953125000e+03,1.124656915664672852e+00,5.590000000000000524e-02,8.708605766296386719e-01,6.027626395225524902e-01
-4.128937798489828026e+01,1.971898809524173402e+01,3.041825683593750000e+03,1.204953908920288086e+00,5.591000000000000136e-02,7.806807756423950195e-01,5.659124851226806641e-01
-4.128806040249469334e+01,1.973346729624661577e+01,4.732764648437500000e+03,1.286661148071289062e+00,5.592000000000000443e-02,7.831984758377075195e-01,5.963538885116577148e-01
-4.128872029853662440e+01,1.975138152224709032e+01,7.565458984375000000e+03,1.259201288223266602e+00,5.593000000000000749e-02,9.782065749168395996e-01,7.699232697486877441e-01
-4.129156590918923087e+01,1.976111351565860375e+01,1.420216064453125000e+03,1.648022651672363281e+00,5.594000000000000361e-02,7.364301085472106934e-01,4.562013745307922363e-01
-4.128786410418233288e+01,1.978000191831269916e+01,-8.750683593750000000e+03,1.678932428359985352e+00,5.595000000000000667e-02,9.302175045013427734e-01,8.117325305938720703e-01
-4.127738765239562468e+01,1.979581426243951370e+01,4.210059082031250000e+03,1.132415056228637695e+00,5.596000000000000280e-02,1.018871426582336426e+00,7.673292756080627441e-01
-4.128745962155831251e+01,1.981107678008121908e+01,2.095142089843750000e+03,1.748791456222534180e+00,5.597000000000000586e-02,8.169968128204345703e-01,5.565283298492431641e-01
-4.128178585960431946e+01,1.982268239019951750e+01,2.688902099609375000e+03,1.595025777816772461e+00,5.598000000000000198e-02,6.814219951629638672e-01,4.851168990135192871e-01
-4.128225004646119345e+01,1.983884389579563390e+01,2.882661865234375000e+03,1.148203134536743164e+00,5.599000000000000504e-02,6.574655771255493164e-01,4.729861319065093994e-01
-4.128658658963608019e+01,1.984899813706167393e+01,1.425145385742187500e+03,9.176415801048278809e-01,5.600000000000000117e-02,7.087352871894836426e-01,4.394929409027099609e-01
-4.128686980022435904e+01,1.986177760560862282e+01,2.320562011718750000e+03,9.309214949607849121e-01,5.601000000000000423e-02,8.124954700469970703e-01,5.643103122711181641e-01
-4.128652144955429293e+01,1.987849664100777858e+01,3.859356933593750000e+03,8.834952712059020996e-01,5.602000000000000729e-02,8.003646731376647949e-01,5.973457098007202148e-01
-4.128769105494626501e+01,1.989366592330521044e+01,7.541604492187500000e+03,1.099225997924804688e+00,5.603000000000000341e-02,8.791003227233886719e-01,6.917979717254638672e-01
-4.128969008688675757e+01,1.991170780159292164e+01,3.522472900390625000e+03,1.192250967025756836e+00,5.604000000000000647e-02,8.839069008827209473e-01,6.528879404067993164e-01
-4.128566331765024700e+01,1.992208167662083440e+01,3.265278808593750000e+03,1.609494209289550781e+00,5.605000000000000260e-02,8.964954018592834473e-01,6.560159921646118164e-01
-4.128012844964593597e+01,1.994180279191694893e+01,3.150436767578125000e+03,1.433813095092773438e+00,5.606000000000000566e-02,9.032093286514282227e-01,6.578470468521118164e-01
-4.128212799971490199e+01,1.995203882369181514e+01,3.165385742187500000e+03,1.434459209442138672e+00,5.607000000000000178e-02,8.327134251594543457e-01,6.068825125694274902e-01
-4.128817792631238603e+01,1.996868487443810736e+01,2.602062011718750000e+03,1.475011825561523438e+00,5.608000000000000485e-02,7.755690813064575195e-01,5.492803454399108887e-01
-4.128003658493310013e+01,1.998061953264990720e+01,2.365543457031250000e+03,1.301635026931762695e+00,5.609000000000000791e-02,7.484083175659179688e-01,5.215855240821838379e-01
-4.128016640580589325e+01,1.999158789063138286e+01,1.737749023437500000e+03,1.075983762741088867e+00,5.610000000000000403e-02,7.359723448753356934e-01,4.811496138572692871e-01
-4.129109686924305578e+01,2.000925912109291005e+01,2.116508300781250000e+03,1.052786827087402344e+00,5.611000000000000709e-02,7.654982209205627441e-01,5.225010514259338379e-01
-4.128353531955151823e+01,2.002266537799244972e+01,2.907105712890625000e+03,1.018207788467407227e+00,5.612000000000000322e-02,7.809096574783325195e-01,5.624792575836181641e-01
-4.128055666759060216e+01,2.004132459687352608e+01,3.041683349609375000e+03,1.129296541213989258e+00,5.613000000000000628e-02,7.121685743331909180e-01,5.162449479103088379e-01
-4.128536261446319600e+01,2.005194152379246830e+01,1.481736523437500000e+04,1.102793931961059570e+00,5.614000000000000240e-02,7.967788577079772949e-01,6.443429589271545410e-01
-4.128851779654848286e+01,2.006399536795091265e+01,2.800170898437500000e+03,1.027788639068603516e+00,5.615000000000000546e-02,7.651930451393127441e-01,5.481359362602233887e-01
-4.128189093849676539e+01,2.008880598976679366e+01,1.978567871093750000e+03,1.161608219146728516e+00,5.616000000000000159e-02,7.709150910377502441e-01,5.189915299415588379e-01
-4.129148768640940403e+01,2.009778394312951022e+01,2.862154541015625000e+03,9.996146559715270996e-01,5.617000000000000465e-02,8.346970677375793457e-01,5.998634099960327148e-01
-4.128572004652050254e+01,2.011331704374458695e+01,3.074205322265625000e+03,1.102890491485595703e+00,5.618000000000000771e-02,7.616835236549377441e-01,5.529424548149108887e-01
-4.128602475622875545e+01,2.013502989272436494e+01,3.545287353515625000e+03,1.273175001144409180e+00,5.619000000000000383e-02,8.559831976890563965e-01,6.327462196350097656e-01
-4.128882420149322030e+01,2.014131711708346373e+01,1.474383691406250000e+04,1.169008731842041016e+00,5.620000000000000689e-02,9.035145044326782227e-01,7.305554747581481934e-01
-4.128503568165963600e+01,2.015202965073539687e+01,3.598052490234375000e+03,1.533008337020874023e+00,5.621000000000000302e-02,8.569750189781188965e-01,6.345773339271545410e-01
-4.127878935168048713e+01,2.017235111807471171e+01,5.426132324218750000e+03,1.764204025268554688e+00,5.622000000000000608e-02,8.027297854423522949e-01,6.181740760803222656e-01
-4.128516978675411053e+01,2.018913451891892308e+01,4.070598388671875000e+03,1.461048841476440430e+00,5.623000000000000220e-02,7.383374571800231934e-01,5.541631579399108887e-01
-4.128824680523451462e+01,2.020709513445730821e+01,3.377307373046875000e+03,1.226142168045043945e+00,5.624000000000000526e-02,7.522230148315429688e-01,5.527898669242858887e-01
-4.128344144721712183e+01,2.021671095198117385e+01,2.158293212890625000e+03,1.226291179656982422e+00,5.625000000000000139e-02,7.602339386940002441e-01,5.208988785743713379e-01
-4.128245876880772869e+01,2.022463144074817976e+01,3.209323242187500000e+03,1.050582647323608398e+00,5.626000000000000445e-02,9.091602563858032227e-01,6.637979745864868164e-01
-4.128489586856759530e+01,2.024395084638178233e+01,1.585463134765625000e+03,1.162698984146118164e+00,5.627000000000000751e-02,6.476235985755920410e-01,4.137054979801177979e-01
-4.128175532107417212e+01,2.026003789093040197e+01,2.534708007812500000e+03,1.311089515686035156e+00,5.628000000000000363e-02,6.747080683708190918e-01,4.758090078830718994e-01
-4.128164019079439129e+01,2.027028090550092543e+01,2.283986083984375000e+03,8.015734553337097168e-01,5.629000000000000670e-02,6.945445537567138672e-01,4.809970259666442871e-01
-4.128240777962395924e+01,2.028888849615420042e+01,3.103883544921875000e+03,8.929223418235778809e-01,5.630000000000000282e-02,8.143265247344970703e-01,5.919288396835327148e-01
-4.128523055661928254e+01,2.030282703063894090e+01,2.401921142578125000e+03,9.654278159141540527e-01,5.631000000000000588e-02,7.515363693237304688e-01,5.251713991165161133e-01
-4.128837164430761675e+01,2.031203818951718176e+01,1.305235229492187500e+03,1.240771532058715820e+00,5.632000000000000201e-02,7.211712598800659180e-01,4.352967739105224609e-01
-4.128073725849491638e+01,2.032832249455296392e+01,1.392793212890625000e+03,1.085570573806762695e+00,5.633000000000000507e-02,6.654002070426940918e-01,4.098144769668579102e-01
-4.128934815950571391e+01,2.034601412982905444e+01,2.054069335937500000e+03,8.850366473197937012e-01,5.634000000000000119e-02,6.947734355926513672e-01,4.713839292526245117e-01
-4.128792118661168331e+01,2.036744085246028035e+01,2.992958496093750000e+03,8.080000281333923340e-01,5.635000000000000425e-02,6.660868525505065918e-01,4.817599654197692871e-01
-4.128573302592759120e+01,2.037153504416798100e+01,2.656075439453125000e+03,1.010596275329589844e+00,5.636000000000000731e-02,7.264355421066284180e-01,5.161686539649963379e-01
-4.128314633147753199e+01,2.039086728523800218e+01,3.152182373046875000e+03,9.139317870140075684e-01,5.637000000000000344e-02,7.677107453346252441e-01,5.591986179351806641e-01
-4.128566766835435686e+01,2.041219112401952884e+01,4.086529052734375000e+03,1.248909950256347656e+00,5.638000000000000650e-02,7.239178419113159180e-01,5.435582995414733887e-01
-4.128570392775363018e+01,2.042296301880129761e+01,2.023229370117187500e+03,1.125813245773315430e+00,5.639000000000000262e-02,9.189259409904479980e-01,6.215310096740722656e-01
-4.129158674475767299e+01,2.043633481203374203e+01,1.565739135742187500e+03,1.312300682067871094e+00,5.640000000000000568e-02,6.060432791709899902e-01,3.858580887317657471e-01
-4.129209740232225556e+01,2.044948047655889667e+01,4.719963867187500000e+03,1.168763160705566406e+00,5.641000000000000181e-02,6.365609765052795410e-01,4.845828413963317871e-01
-4.128648062906526661e+01,2.046551731062915280e+01,3.268869628906250000e+03,6.260353922843933105e-01,5.642000000000000487e-02,6.555582284927368164e-01,4.797762930393218994e-01
-4.128548236609326949e+01,2.048012076064208387e+01,2.422828857421875000e+03,9.097308516502380371e-01,5.643000000000000793e-02,7.323102355003356934e-01,5.125065445899963379e-01
-4.129269005284493232e+01,2.049596927183160844e+01,2.918902099609375000e+03,8.129579424858093262e-01,5.644000000000000405e-02,7.061412930488586426e-01,5.089207291603088379e-01
-4.129256314809131112e+01,2.050606128628911051e+01,3.308525878906250000e+03,1.135290384292602539e+00,5.645000000000000712e-02,7.414655089378356934e-01,5.434820055961608887e-01
-4.128605444204729480e+01,2.052594468745082423e+01,2.864169189453125000e+03,9.909159541130065918e-01,5.646000000000000324e-02,6.689097285270690918e-01,4.807681441307067871e-01
-4.128846279422873522e+01,2.053333213631926313e+01,2.685624023437500000e+03,1.060399532318115234e+00,5.647000000000000630e-02,7.883101701736450195e-01,5.611059665679931641e-01
-4.129248222751144937e+01,2.054814459993784581e+01,3.469070556640625000e+03,9.745044112205505371e-01,5.648000000000000242e-02,7.149914503097534180e-01,5.271550416946411133e-01
-4.128339662097035045e+01,2.056539344374924383e+01,3.343432373046875000e+03,1.283946752548217773e+00,5.649000000000000549e-02,6.899669170379638672e-01,5.064029693603515625e-01
-4.127889395480897150e+01,2.058553519982987723e+01,1.842020141601562500e+03,1.050561189651489258e+00,5.650000000000000161e-02,7.734327912330627441e-01,5.125828385353088379e-01
-4.128682717579841466e+01,2.059432257069036254e+01,2.576340576171875000e+03,9.716112017631530762e-01,5.651000000000000467e-02,6.696726679801940918e-01,4.735201895236968994e-01
-4.128339430033300772e+01,2.060475647135183053e+01,2.957853515625000000e+03,1.018694162368774414e+00,5.652000000000000773e-02,7.617598176002502441e-01,5.500432848930358887e-01
-4.128902735676997793e+01,2.062051329538418898e+01,2.162864990234375000e+03,8.442444205284118652e-01,5.653000000000000386e-02,7.339887022972106934e-01,5.031223297119140625e-01
-4.128754269224755546e+01,2.064138090025745953e+01,2.043858764648437500e+03,1.092911481857299805e+00,5.654000000000000692e-02,6.601358652114868164e-01,4.474275410175323486e-01
-4.128520704808178010e+01,2.065198252503243026e+01,1.269739868164062500e+03,9.650713801383972168e-01,5.655000000000000304e-02,6.900432109832763672e-01,4.127899706363677979e-01
-4.128287674430806220e+01,2.066694039023718332e+01,1.300938232421875000e+03,1.033002853393554688e+00,5.656000000000000610e-02,5.726264119148254395e-01,3.452695608139038086e-01
-4.129187567863110075e+01,2.068294157652955789e+01,2.169805175781250000e+03,7.968158125877380371e-01,5.657000000000000223e-02,6.344247460365295410e-01,4.351441860198974609e-01
-4.128973813578368635e+01,2.069455821951330776e+01,1.811269287109375000e+03,6.686670184135437012e-01,5.658000000000000529e-02,6.885936260223388672e-01,4.545992016792297363e-01
-4.127848129099375996e+01,2.071300052256946600e+01,2.238045898437500000e+03,7.905561327934265137e-01,5.659000000000000141e-02,6.628824472427368164e-01,4.573458135128021240e-01
-4.128449055733370443e+01,2.072443061562715272e+01,5.776972167968750000e+03,7.536703944206237793e-01,5.660000000000000447e-02,7.204846143722534180e-01,5.574438571929931641e-01
-4.128154128722356830e+01,2.073550127979493851e+01,2.098077880859375000e+03,9.479886889457702637e-01,5.661000000000000754e-02,7.528333663940429688e-01,5.129643082618713379e-01
-4.128790238071873375e+01,2.075029461157384247e+01,4.484258789062500000e+03,1.112406969070434570e+00,5.662000000000000366e-02,8.076889514923095703e-01,6.119942069053649902e-01
-4.127995701641174975e+01,2.076776379673595940e+01,3.215327392578125000e+03,1.255656003952026367e+00,5.663000000000000672e-02,7.847243547439575195e-01,5.730841755867004395e-01
-4.128669972672584976e+01,2.078488338438654992e+01,6.327989746093750000e+03,1.198979139328002930e+00,5.664000000000000284e-02,8.611711859703063965e-01,6.705119013786315918e-01
-4.128019790722615312e+01,2.079720985606724426e+01,2.489066894531250000e+03,1.242540597915649414e+00,5.665000000000000591e-02,8.623155951499938965e-01,6.062721610069274902e-01
-4.128096443073916788e+01,2.081307676230369808e+01,2.460020751953125000e+03,1.621260166168212891e+00,5.666000000000000203e-02,8.697924613952636719e-01,6.103157401084899902e-01
-4.127972628715900072e+01,2.082607757819157612e+01,3.456949218750000000e+03,1.326772689819335938e+00,5.667000000000000509e-02,9.102283716201782227e-01,6.708170771598815918e-01
-4.128739285771133893e+01,2.084182239531852687e+01,3.486968505859375000e+03,1.387476444244384766e+00,5.668000000000000121e-02,8.023483157157897949e-01,5.919288396835327148e-01
-4.127737653627969650e+01,2.086176737437189033e+01,3.219322998046875000e+03,1.547963142395019531e+00,5.669000000000000428e-02,7.310132384300231934e-01,5.339452028274536133e-01
-4.128170942193438719e+01,2.087360424572424478e+01,2.070142822265625000e+03,1.300924539566040039e+00,5.670000000000000734e-02,7.059124112129211426e-01,4.796999990940093994e-01
-4.128767246779595013e+01,2.089104821239599730e+01,1.742952880859375000e+03,1.134573936462402344e+00,5.671000000000000346e-02,7.740432024002075195e-01,5.064029693603515625e-01
-4.127934189252483321e+01,2.090296432371235014e+01,1.947557861328125000e+03,9.552986025810241699e-01,5.672000000000000652e-02,6.441140770912170410e-01,4.321686923503875732e-01
-4.128402865243873521e+01,2.092034242710704817e+01,2.926384277343750000e+03,8.938879370689392090e-01,5.673000000000000265e-02,6.961467862129211426e-01,5.019016265869140625e-01
-4.128440506651575959e+01,2.092857721741527399e+01,1.832239135742187500e+03,8.005101084709167480e-01,5.674000000000000571e-02,7.065990567207336426e-01,4.677218198776245117e-01
-4.128202288785049490e+01,2.094739297420212765e+01,3.286237792968750000e+03,9.555167555809020996e-01,5.675000000000000183e-02,7.745009660720825195e-01,5.672094821929931641e-01
-4.128139175150642615e+01,2.095775852538855588e+01,2.977847412109375000e+03,9.316188693046569824e-01,5.676000000000000489e-02,8.222611546516418457e-01,5.942939519882202148e-01
-4.128729858821848353e+01,2.097222954572698583e+01,3.300655761718750000e+03,1.059219360351562500e+00,5.677000000000000796e-02,7.751113176345825195e-01,5.679724216461181641e-01
-4.127850747253607011e+01,2.099336136938308783e+01,2.380638183593750000e+03,1.268962144851684570e+00,5.678000000000000408e-02,7.442884445190429688e-01,5.192967057228088379e-01
-4.128676854040021027e+01,2.100436781154892074e+01,2.210037109375000000e+03,1.134256839752197266e+00,5.679000000000000714e-02,6.635690927505493164e-01,4.567354321479797363e-01
-4.128976222273788466e+01,2.102260755835920847e+01,2.414701171875000000e+03,1.035798311233520508e+00,5.680000000000000326e-02,7.452802658081054688e-01,5.212803483009338379e-01
-4.128475870301079453e+01,2.103271864564403160e+01,2.252533691406250000e+03,9.786922335624694824e-01,5.681000000000000633e-02,7.877761125564575195e-01,5.441686511039733887e-01
-4.128321218463044318e+01,2.104984139868980009e+01,3.867701416015625000e+03,1.042422771453857422e+00,5.682000000000000245e-02,8.240922093391418457e-01,6.151985526084899902e-01
-4.128090662168828828e+01,2.106144535278452778e+01,2.580866455078125000e+03,1.152175188064575195e+00,5.683000000000000551e-02,7.107952237129211426e-01,5.027408599853515625e-01
-4.128760034417902602e+01,2.107267244259686834e+01,5.118000000000000000e+03,1.007416963577270508e+00,5.684000000000000163e-02,7.764083147048950195e-01,5.951331853866577148e-01
-4.128476153436308493e+01,2.110016350638479565e+01,4.679970214843750000e+03,1.043453931808471680e+00,5.685000000000000470e-02,7.692366242408752441e-01,5.851386189460754395e-01
-4.128246257119765517e+01,2.111300935848648308e+01,2.462082275390625000e+03,1.242841005325317383e+00,5.686000000000000776e-02,8.209641575813293457e-01,5.761359333992004395e-01
-4.128338674618430559e+01,2.111662911933056463e+01,4.350783691406250000e+03,1.071656465530395508e+00,5.687000000000000388e-02,8.894763588905334473e-01,6.720377802848815918e-01
-4.128325678786023190e+01,2.113587387557589281e+01,1.681698608398437500e+03,1.283162355422973633e+00,5.688000000000000694e-02,7.677870392799377441e-01,4.979343414306640625e-01
-4.128294137209525161e+01,2.115108703849090688e+01,3.627195312500000000e+03,1.275000095367431641e+00,5.689000000000000307e-02,6.950786113739013672e-01,5.151768326759338379e-01
-4.128047076962825201e+01,2.116296428416386632e+01,1.679328613281250000e+03,1.001462459564208984e+00,5.690000000000000613e-02,7.568769454956054688e-01,4.906863868236541748e-01
-4.128427694743280796e+01,2.117802437542123428e+01,2.047082885742187500e+03,9.717983603477478027e-01,5.691000000000000225e-02,6.743265986442565918e-01,4.571932256221771240e-01
-4.128378936398420507e+01,2.119542626083302395e+01,2.233353515625000000e+03,9.706932902336120605e-01,5.692000000000000531e-02,7.547407150268554688e-01,5.205174088478088379e-01
-4.128703199519252820e+01,2.121290335125053872e+01,1.888321899414062500e+03,8.321351408958435059e-01,5.693000000000000144e-02,7.330731749534606934e-01,4.885501563549041748e-01
-4.128262994007231157e+01,2.122578646584854667e+01,4.591759765625000000e+03,1.015729427337646484e+00,5.694000000000000450e-02,6.667734980583190918e-01,5.063266754150390625e-01
-4.128519958053801986e+01,2.124145695183239013e+01,2.534435302734375000e+03,8.175951838493347168e-01,5.695000000000000756e-02,8.320267796516418457e-01,5.867408514022827148e-01
-4.128145023364708521e+01,2.125371249542889984e+01,2.245537109375000000e+03,9.891564249992370605e-01,5.696000000000000368e-02,7.978469729423522949e-01,5.508062243461608887e-01
-4.128838965866175670e+01,2.127151935446399733e+01,3.779583740234375000e+03,1.112900495529174805e+00,5.697000000000000675e-02,1.029247403144836426e+00,7.664137482643127441e-01
-4.128867661130196609e+01,2.128612285695853501e+01,2.298244140625000000e+03,1.359585046768188477e+00,5.698000000000000287e-02,9.125171899795532227e-01,6.326699256896972656e-01
-4.128256791544084336e+01,2.129837001078225001e+01,2.937562988281250000e+03,1.558223485946655273e+00,5.699000000000000593e-02,7.083538174629211426e-01,5.109806656837463379e-01
-4.128681722966340573e+01,2.132104707589689596e+01,4.038572509765625000e+03,1.296398162841796875e+00,5.700000000000000205e-02,8.433183431625366211e-01,6.324410438537597656e-01
-4.128629773852181728e+01,2.132904227957797971e+01,5.725439453125000000e+03,1.160636663436889648e+00,5.701000000000000512e-02,7.410840392112731934e-01,5.730078816413879395e-01
-4.128030121555502063e+01,2.134433806910567455e+01,1.978149414062500000e+03,1.442400932312011719e+00,5.702000000000000124e-02,6.184029579162597656e-01,4.162994921207427979e-01
-4.128883125667544363e+01,2.135827278390135575e+01,1.990814819335937500e+03,9.867293238639831543e-01,5.703000000000000430e-02,7.654982209205627441e-01,5.160160660743713379e-01
-4.128697984113455988e+01,2.137694031181326437e+01,1.620325683593750000e+03,8.973640799522399902e-01,5.704000000000000736e-02,6.945445537567138672e-01,4.462068378925323486e-01
-4.128041053093018320e+01,2.138815241506090103e+01,2.523506103515625000e+03,9.116620421409606934e-01,5.705000000000000349e-02,8.076126575469970703e-01,5.691168308258056641e-01
-4.127891398140248924e+01,2.140509139808612105e+01,1.817150268554687500e+03,8.806449770927429199e-01,5.706000000000000655e-02,6.774546504020690918e-01,4.475801289081573486e-01
-4.128454671644301044e+01,2.141415037662566334e+01,1.785042236328125000e+03,1.032361507415771484e+00,5.707000000000000267e-02,6.751658320426940918e-01,4.442231953144073486e-01
-4.127693507471078505e+01,2.142790243840301301e+01,3.093827148437500000e+03,7.876510024070739746e-01,5.708000000000000573e-02,8.301194310188293457e-01,6.031441092491149902e-01
-4.127410721234162594e+01,2.144966542091077599e+01,7.488901855468750000e+03,8.746606707572937012e-01,5.709000000000000186e-02,7.458906173706054688e-01,5.867408514022827148e-01
-4.128307955989530598e+01,2.145859481852831507e+01,3.019943847656250000e+03,1.311758279800415039e+00,5.710000000000000492e-02,8.134872913360595703e-01,5.891059637069702148e-01
-4.128621417630835566e+01,2.147416351003317203e+01,2.283458251953125000e+03,1.254996776580810547e+00,5.711000000000000798e-02,8.852801918983459473e-01,6.130623221397399902e-01
-4.128313443620279344e+01,2.148898081362519008e+01,4.153409179687500000e+03,1.233741760253906250e+00,5.712000000000000410e-02,8.417161703109741211e-01,6.330514550209045410e-01
-4.128315727875121155e+01,2.150475229059355797e+01,3.953599365234375000e+03,1.163036346435546875e+00,5.713000000000000717e-02,8.456071615219116211e-01,6.327462196350097656e-01
-4.128878852557266299e+01,2.151585562594109291e+01,5.312670898437500000e+03,1.299542903900146484e+00,5.714000000000000329e-02,9.976615905761718750e-01,7.670240998268127441e-01
-4.128430832827931596e+01,2.152999412537900525e+01,2.299434326171875000e+03,1.377536773681640625e+00,5.715000000000000635e-02,8.465226888656616211e-01,5.869697332382202148e-01
-4.128458841859182371e+01,2.155306233640308022e+01,3.779081298828125000e+03,1.922271966934204102e+00,5.716000000000000247e-02,6.581522226333618164e-01,4.900760352611541748e-01
-4.128575571110000197e+01,2.156792733452508060e+01,8.696587890625000000e+03,1.131778478622436523e+00,5.717000000000000554e-02,9.708060026168823242e-01,7.696180939674377441e-01
-4.128200667415486436e+01,2.157096703289169426e+01,2.589884033203125000e+03,1.243066310882568359e+00,5.718000000000000166e-02,6.927134990692138672e-01,4.902286231517791748e-01
-4.128145890492983483e+01,2.158714184900525979e+01,2.113153320312500000e+03,1.578813314437866211e+00,5.719000000000000472e-02,7.938033938407897949e-01,5.416509509086608887e-01
-4.128382283821889587e+01,2.160229838133073699e+01,1.990091918945312500e+03,9.182948470115661621e-01,5.720000000000000778e-02,7.363538146018981934e-01,4.963321685791015625e-01
-4.127742303110554900e+01,2.161763762532651256e+01,2.255008056640625000e+03,1.135384559631347656e+00,5.721000000000000391e-02,8.167679309844970703e-01,5.643103122711181641e-01
-4.128004833062107082e+01,2.163239083677158803e+01,2.308013671875000000e+03,1.002218246459960938e+00,5.722000000000000697e-02,7.037761807441711426e-01,4.883212745189666748e-01
-4.128276888441814663e+01,2.165022703566920370e+01,5.970039062500000000e+03,1.137909412384033203e+00,5.723000000000000309e-02,8.418687582015991211e-01,6.528879404067993164e-01
-4.128685354093816073e+01,2.166485417445812800e+01,2.621998828125000000e+04,1.027301073074340820e+00,5.724000000000000615e-02,8.857379555702209473e-01,7.251385450363159180e-01
-4.127992268173036905e+01,2.168143443482603772e+01,2.635724121093750000e+03,1.551428556442260742e+00,5.725000000000000228e-02,7.534437179565429688e-01,5.347081422805786133e-01
-4.128433789105432794e+01,2.168725203894495834e+01,2.790064697265625000e+03,1.313243627548217773e+00,5.726000000000000534e-02,8.584246039390563965e-01,6.145882010459899902e-01
-4.129170447267152610e+01,2.170599061573803823e+01,1.556214721679687500e+03,1.276930093765258789e+00,5.727000000000000146e-02,7.603102326393127441e-01,4.832858443260192871e-01
-4.127833799318621288e+01,2.172703597659162256e+01,2.491190673828125000e+03,1.281238317489624023e+00,5.728000000000000452e-02,7.916671633720397949e-01,5.566809177398681641e-01
-4.128144849066367073e+01,2.174197296842148219e+01,1.677682617187500000e+03,1.007909297943115234e+00,5.729000000000000759e-02,7.888442277908325195e-01,5.112858414649963379e-01
-4.128561403953340658e+01,2.175251321694629780e+01,1.646806396484375000e+03,1.235771894454956055e+00,5.730000000000000371e-02,6.851603984832763672e-01,4.420106709003448486e-01
-4.128089288671946377e+01,2.177101358773005302e+01,3.766881835937500000e+03,1.103684425354003906e+00,5.731000000000000677e-02,7.317761778831481934e-01,5.447027087211608887e-01
-4.127546938790234776e+01,2.178849938858979129e+01,2.097410888671875000e+03,9.455901980400085449e-01,5.732000000000000289e-02,7.931930422782897949e-01,5.404302477836608887e-01
-4.128723718941141385e+01,2.179693468383575450e+01,1.776280029296875000e+03,9.874910712242126465e-01,5.733000000000000596e-02,8.087570667266845703e-01,5.315037965774536133e-01
-4.128579308899216471e+01,2.181154759216868655e+01,3.746046386718750000e+03,1.176533222198486328e+00,5.734000000000000208e-02,7.766371965408325195e-01,5.777381062507629395e-01
-4.127460729099129111e+01,2.182797329212731086e+01,4.662638671875000000e+03,1.164807796478271484e+00,5.735000000000000514e-02,8.977161049842834473e-01,6.826426982879638672e-01
-4.128072192530090945e+01,2.185099399318328039e+01,1.683435180664062500e+03,1.424958229064941406e+00,5.736000000000000126e-02,6.843211650848388672e-01,4.439180195331573486e-01
-4.128532923888244710e+01,2.185571377032996310e+01,3.203150390625000000e+03,1.292210340499877930e+00,5.737000000000000433e-02,7.011821866035461426e-01,5.118198990821838379e-01
-4.127775471693458087e+01,2.187022145562634279e+01,2.570114013671875000e+03,8.749086260795593262e-01,5.738000000000000739e-02,7.541303634643554688e-01,5.330296754837036133e-01
-4.128258188900792192e+01,2.189297428456654515e+01,3.784118896484375000e+03,9.629351496696472168e-01,5.739000000000000351e-02,7.950240969657897949e-01,5.920814275741577148e-01
-4.128250222738018493e+01,2.190015970807743528e+01,2.493259765625000000e+03,9.393913149833679199e-01,5.740000000000000657e-02,6.304574012756347656e-01,4.433839619159698486e-01
-4.127277398005669795e+01,2.191650292028099756e+01,2.896741699218750000e+03,1.009100198745727539e+00,5.741000000000000270e-02,6.019997000694274902e-01,4.333893954753875732e-01
-4.128027509174747678e+01,2.192879295582775967e+01,1.081896118164062500e+03,6.850058436393737793e-01,5.742000000000000576e-02,6.225228309631347656e-01,3.516782820224761963e-01
-4.127708796521152124e+01,2.194392752735684482e+01,1.696492675781250000e+03,6.391734480857849121e-01,5.743000000000000188e-02,6.180977821350097656e-01,4.017272889614105225e-01
-4.127546691485571273e+01,2.196230277544214360e+01,1.404302734375000000e+03,5.664331316947937012e-01,5.744000000000000494e-02,6.792094111442565918e-01,4.193512797355651855e-01
-4.127840671357141389e+01,2.197151764982394084e+01,2.460529785156250000e+03,7.379311919212341309e-01,5.745000000000000800e-02,7.363538146018981934e-01,5.167027115821838379e-01
-4.128326513561188449e+01,2.198914764705187253e+01,3.820281738281250000e+03,7.594496607780456543e-01,5.746000000000000413e-02,8.355363011360168457e-01,6.229043006896972656e-01
-4.128746716768797853e+01,2.200549755425695864e+01,4.393400878906250000e+03,1.078378677368164062e+00,5.747000000000000719e-02,9.111438989639282227e-01,6.890513896942138672e-01
-4.127960384780373460e+01,2.202134056727330957e+01,7.735105468750000000e+03,1.379538297653198242e+00,5.748000000000000331e-02,9.415853023529052734e-01,7.419995665550231934e-01
-4.128639736075373179e+01,2.203301993571391648e+01,2.439065185546875000e+03,1.778325557708740234e+00,5.749000000000000637e-02,9.035145044326782227e-01,6.330514550209045410e-01
-4.128178261208473288e+01,2.204140760547940658e+01,4.279300292968750000e+03,1.770784378051757812e+00,5.750000000000000250e-02,9.273182749748229980e-01,6.995037198066711426e-01
-4.128435737878795209e+01,2.206637954133242374e+01,3.507333740234375000e+03,1.538164138793945312e+00,5.751000000000000556e-02,9.869803786277770996e-01,7.286481261253356934e-01
-4.128155899350474556e+01,2.208304066932534226e+01,3.817624755859375000e+03,1.515720605850219727e+00,5.752000000000000168e-02,9.468496441841125488e-01,7.058361172676086426e-01
-4.128442073344758967e+01,2.209263941683395416e+01,2.220678466796875000e+03,1.754636287689208984e+00,5.753000000000000475e-02,7.706099152565002441e-01,5.308934450149536133e-01
-4.128556667356956922e+01,2.210741719432592234e+01,2.795183593750000000e+03,1.465957880020141602e+00,5.754000000000000781e-02,7.090404629707336426e-01,5.077762603759765625e-01
-4.127838835068249068e+01,2.212211812520325438e+01,2.771290771484375000e+03,1.252797365188598633e+00,5.755000000000000393e-02,8.152420520782470703e-01,5.830786824226379395e-01
-4.127732226686684669e+01,2.213879723082404993e+01,1.502840332031250000e+03,1.006949663162231445e+00,5.756000000000000699e-02,7.268933653831481934e-01,4.576509892940521240e-01
-4.128252963091108541e+01,2.214955152925686122e+01,1.802447998046875000e+03,1.014223814010620117e+00,5.757000000000000312e-02,6.456399559974670410e-01,4.257599711418151855e-01
-4.128217246516295802e+01,2.216788655544209874e+01,2.153583740234375000e+03,9.275037646293640137e-01,5.758000000000000618e-02,6.188607215881347656e-01,4.238526225090026855e-01
-4.127935228227989484e+01,2.218320145328678450e+01,2.129249511718750000e+03,9.106070399284362793e-01,5.759000000000000230e-02,6.127571463584899902e-01,4.187409281730651855e-01
-4.128195859029980852e+01,2.220125938978599578e+01,3.527805175781250000e+03,8.124679923057556152e-01,5.760000000000000536e-02,7.024028897285461426e-01,5.189152359962463379e-01
-4.127597733129884006e+01,2.220665943171939105e+01,1.794784667968750000e+03,8.023185133934020996e-01,5.761000000000000149e-02,7.566480636596679688e-01,4.984683990478515625e-01
-4.127361717470237323e+01,2.222772552796833523e+01,2.567752685546875000e+03,1.003810882568359375e+00,5.762000000000000455e-02,7.910568118095397949e-01,5.590460300445556641e-01
-4.127968475071700993e+01,2.224278068373554618e+01,2.034966186523437500e+03,8.905596137046813965e-01,5.763000000000000761e-02,7.442121505737304688e-01,5.039615631103515625e-01
-4.127872381312324990e+01,2.225293346213873491e+01,1.820796508789062500e+03,1.052648544311523438e+00,5.764000000000000373e-02,7.451276779174804688e-01,4.925174415111541748e-01
-4.126860035860313758e+01,2.226868105892193483e+01,2.220637695312500000e+03,8.201438784599304199e-01,5.765000000000000679e-02,8.689532279968261719e-01,5.986427068710327148e-01
-4.127067073270193021e+01,2.228104242684932501e+01,1.658749145507812500e+03,1.123705625534057617e+00,5.766000000000000292e-02,7.411603331565856934e-01,4.790133535861968994e-01
-4.127344926162362526e+01,2.229883645815520055e+01,2.314153564453125000e+03,1.339833259582519531e+00,5.767000000000000598e-02,6.693674921989440918e-01,4.646700322628021240e-01
-4.127291965981239485e+01,2.231461050218809561e+01,2.487490722656250000e+03,9.935564398765563965e-01,5.768000000000000210e-02,7.465009689331054688e-01,5.247899293899536133e-01
-4.127208285288539713e+01,2.232354100162092791e+01,4.070649414062500000e+03,8.061224818229675293e-01,5.769000000000000516e-02,8.398851156234741211e-01,6.303811073303222656e-01
-4.127425909952926730e+01,2.234420172690847295e+01,2.040815917968750000e+03,1.160013198852539062e+00,5.770000000000000129e-02,7.799178361892700195e-01,5.284520387649536133e-01
-4.126864732441222827e+01,2.236472049361546510e+01,1.511615600585937500e+03,1.437829256057739258e+00,5.771000000000000435e-02,6.578470468521118164e-01,4.148499071598052979e-01
-4.126841938425326362e+01,2.237691794253558442e+01,7.041500976562500000e+03,1.012424945831298828e+00,5.772000000000000741e-02,7.087352871894836426e-01,5.555365085601806641e-01
-4.126897324879485751e+01,2.238710289757324290e+01,3.595075439453125000e+03,8.458084464073181152e-01,5.773000000000000353e-02,7.650404572486877441e-01,5.664465427398681641e-01
-4.126770430535664502e+01,2.240111764247452442e+01,7.234378906250000000e+03,1.111313819885253906e+00,5.774000000000000660e-02,8.537706732749938965e-01,6.702830195426940918e-01
-4.126640950849880340e+01,2.242007663528249140e+01,2.632272705078125000e+03,1.224120378494262695e+00,5.775000000000000272e-02,7.667189240455627441e-01,5.440160632133483887e-01
-4.127350783890624086e+01,2.243207984486338802e+01,3.083114257812500000e+03,1.334384202957153320e+00,5.776000000000000578e-02,1.004375457763671875e+00,7.294110655784606934e-01
-4.126992257488704041e+01,2.244653252785753850e+01,8.405789062500000000e+03,1.193001985549926758e+00,5.777000000000000191e-02,9.299123287200927734e-01,7.359723448753356934e-01
-4.127184826205775181e+01,2.246376596161858785e+01,2.238715576171875000e+03,1.766031503677368164e+00,5.778000000000000497e-02,7.643538117408752441e-01,5.273839235305786133e-01
-4.127317587081280692e+01,2.247810812743041353e+01,2.604998535156250000e+03,1.406830072402954102e+00,5.779000000000000803e-02,7.316998839378356934e-01,5.183048844337463379e-01
-4.127429102217114121e+01,2.249541334003984616e+01,2.139314697265625000e+03,1.022107124328613281e+00,5.780000000000000415e-02,6.813457012176513672e-01,4.660433530807495117e-01
-4.127187032505003117e+01,2.250867361775005193e+01,1.405488281250000000e+03,1.072244167327880859e+00,5.781000000000000721e-02,6.792857050895690918e-01,4.195038676261901855e-01
-4.126858150729848518e+01,2.252205867077122292e+01,1.730390747070312500e+03,7.795924544334411621e-01,5.782000000000000334e-02,7.053020596504211426e-01,4.606264531612396240e-01
-4.126923760603279590e+01,2.254234715204474071e+01,1.681764526367187500e+03,9.040302634239196777e-01,5.783000000000000640e-02,6.067299246788024902e-01,3.934875130653381348e-01
-4.126681568793338784e+01,2.255218076531869897e+01,1.966692626953125000e+03,8.020097613334655762e-01,5.784000000000000252e-02,5.968116521835327148e-01,4.012695252895355225e-01
-4.126971632109226107e+01,2.256654013929722069e+01,2.007360351562500000e+03,7.337707877159118652e-01,5.785000000000000558e-02,6.021522879600524902e-01,4.066101312637329102e-01
-4.127236684385333376e+01,2.258487763330488818e+01,1.799338134765625000e+03,6.762320399284362793e-01,5.786000000000000171e-02,6.160377860069274902e-01,4.060760736465454102e-01
-4.127447504972006698e+01,2.259889299449223188e+01,2.965720947265625000e+03,6.432718634605407715e-01,5.787000000000000477e-02,6.278634071350097656e-01,4.535310864448547363e-01
-4.127217661841710594e+01,2.260944236462175994e+01,2.732510498046875000e+03,6.080419421195983887e-01,5.788000000000000783e-02,6.400704979896545410e-01,4.568117260932922363e-01
-4.126927038035942985e+01,2.263046955657625503e+01,2.219986816406250000e+03,8.812291026115417480e-01,5.789000000000000395e-02,5.625555515289306641e-01,3.875365853309631348e-01
-4.127258231218709739e+01,2.264212467660106043e+01,2.693286132812500000e+03,7.059962153434753418e-01,5.790000000000000702e-02,8.024246096611022949e-01,5.714057087898254395e-01
-4.127245584095511788e+01,2.265720259722826668e+01,2.521464843750000000e+03,8.577937483787536621e-01,5.791000000000000314e-02,8.807024955749511719e-01,6.205391883850097656e-01
-4.126310659762599187e+01,2.267120698183637728e+01,3.651166748046875000e+03,1.057562351226806641e+00,5.792000000000000620e-02,7.793074846267700195e-01,5.780432820320129395e-01
-4.126924889073460889e+01,2.268466574957873050e+01,2.107855224609375000e+03,1.329142570495605469e+00,5.793000000000000232e-02,6.439614892005920410e-01,4.391877651214599609e-01
-4.126761612226591325e+01,2.270355539737999351e+01,1.281206909179687500e+03,1.011818170547485352e+00,5.794000000000000539e-02,6.576181650161743164e-01,3.945556581020355225e-01
-4.126743767312385103e+01,2.271613738714085784e+01,5.268571289062500000e+03,7.111675143241882324e-01,5.795000000000000151e-02,6.888988018035888672e-01,5.292912721633911133e-01
-4.127002748955958822e+01,2.272763856500202451e+01,3.498460937500000000e+03,8.335525393486022949e-01,5.796000000000000457e-02,6.640268564224243164e-01,4.900760352611541748e-01
-4.127181864305531889e+01,2.274472287914180413e+01,3.783385498046875000e+03,8.899337649345397949e-01,5.797000000000000763e-02,7.420758605003356934e-01,5.526372790336608887e-01
-4.127070880337008418e+01,2.275975895130732596e+01,3.562311523437500000e+03,1.039874076843261719e+00,5.798000000000000376e-02,9.124408960342407227e-01,6.748606562614440918e-01
-4.127512530161022397e+01,2.276703301707911464e+01,2.687281982421875000e+03,1.235137701034545898e+00,5.799000000000000682e-02,7.612257599830627441e-01,5.418798327445983887e-01
-4.127179428772578973e+01,2.278672346788476943e+01,2.426334228515625000e+03,1.391800165176391602e+00,5.800000000000000294e-02,8.054764270782470703e-01,5.638525485992431641e-01
-4.126353017406647439e+01,2.280552185131708853e+01,2.428236083984375000e+03,1.129192829132080078e+00,5.801000000000000600e-02,7.416180968284606934e-01,5.192204117774963379e-01
-4.127755473837221700e+01,2.281763827174448167e+01,1.793407226562500000e+03,1.060987234115600586e+00,5.802000000000000213e-02,6.564737558364868164e-01,4.323975741863250732e-01
-4.127068197653162684e+01,2.283079679352207947e+01,2.368081298828125000e+03,1.066079854965209961e+00,5.803000000000000519e-02,6.497598886489868164e-01,4.529207348823547363e-01
-4.127086113355960606e+01,2.284533812702966316e+01,2.060022216796875000e+03,8.475024104118347168e-01,5.804000000000000131e-02,6.407571434974670410e-01,4.349915981292724609e-01
-4.127384747277501020e+01,2.286436587999543235e+01,4.460670410156250000e+03,8.160168528556823730e-01,5.805000000000000437e-02,6.564737558364868164e-01,4.971714019775390625e-01
-4.126452457639584992e+01,2.287516435170888940e+01,3.610828369140625000e+03,8.752447962760925293e-01,5.806000000000000744e-02,8.294327855110168457e-01,6.144356131553649902e-01
-4.126536124960310303e+01,2.289049763423452433e+01,2.818718017578125000e+03,1.019104242324829102e+00,5.807000000000000356e-02,8.660539984703063965e-01,6.209969520568847656e-01
-4.126198656723642699e+01,2.290336512729247787e+01,1.519562744140625000e+03,1.288545846939086914e+00,5.808000000000000662e-02,7.220104932785034180e-01,4.559724926948547363e-01
-4.126405596787166985e+01,2.291982477218408576e+01,1.934271118164062500e+03,1.439791440963745117e+00,5.809000000000000274e-02,6.678416132926940918e-01,4.474275410175323486e-01
-4.126944328641539528e+01,2.294188558368947639e+01,2.296399169921875000e+03,9.289771914482116699e-01,5.810000000000000581e-02,8.211930394172668457e-01,5.692694187164306641e-01
-4.126378701361104362e+01,2.295130201207176412e+01,2.890552734375000000e+03,9.065622687339782715e-01,5.811000000000000193e-02,7.416943907737731934e-01,5.337926149368286133e-01
-4.126800105091837167e+01,2.295684144143896077e+01,1.481932861328125000e+03,1.170129299163818359e+00,5.812000000000000499e-02,7.593184113502502441e-01,4.761904776096343994e-01
-4.127552895925857968e+01,2.298200205417979447e+01,3.690907470703125000e+03,1.074915647506713867e+00,5.813000000000000805e-02,7.856398820877075195e-01,5.834601521492004395e-01
-4.126249111234717049e+01,2.299822257396178316e+01,6.441678710937500000e+03,1.002233743667602539e+00,5.814000000000000418e-02,8.688769340515136719e-01,6.773020625114440918e-01
-4.126683829127967584e+01,2.300341066957678038e+01,4.084161132812500000e+03,1.184851646423339844e+00,5.815000000000000724e-02,6.695963740348815918e-01,5.027408599853515625e-01
-4.127221960040276372e+01,2.301947920124392866e+01,3.134878417968750000e+03,1.183877706527709961e+00,5.816000000000000336e-02,7.569532394409179688e-01,5.509588122367858887e-01
-4.126588204466128929e+01,2.304109979117540519e+01,1.792220214843750000e+03,9.366304278373718262e-01,5.817000000000000642e-02,7.172802686691284180e-01,4.723757505416870117e-01
-4.125991333616523349e+01,2.305842647256633526e+01,1.484359619140625000e+03,9.958619475364685059e-01,5.818000000000000255e-02,7.156780958175659180e-01,4.490297138690948486e-01
-4.125997676786205659e+01,2.307138313507435612e+01,4.435453613281250000e+03,9.798187613487243652e-01,5.819000000000000561e-02,8.047897815704345703e-01,6.091713309288024902e-01
-4.126931809602143630e+01,2.308732879099899549e+01,2.057806152343750000e+03,1.000654220581054688e+00,5.820000000000000173e-02,9.102283716201782227e-01,6.177926063537597656e-01
-4.126275509739703296e+01,2.310153516228967163e+01,2.816187500000000000e+03,1.213024377822875977e+00,5.821000000000000479e-02,8.439286947250366211e-01,6.050514578819274902e-01
-4.126834876057017709e+01,2.311827567135497219e+01,6.499551269531250000e+03,1.290837049484252930e+00,5.822000000000000786e-02,8.214219212532043457e-01,6.406808495521545410e-01
-4.126551243677138103e+01,2.313084921250546699e+01,1.949658081054687500e+03,1.348237514495849609e+00,5.823000000000000398e-02,7.819777727127075195e-01,5.247899293899536133e-01
-4.126638935898797911e+01,2.314852076329680486e+01,1.940539672851562500e+03,1.261329174041748047e+00,5.824000000000000704e-02,6.995800137519836426e-01,4.690188169479370117e-01
-4.125987010089257012e+01,2.315758051551645735e+01,1.817866699218750000e+03,9.769696593284606934e-01,5.825000000000000316e-02,7.958633303642272949e-01,5.258580446243286133e-01
-4.126583145284803322e+01,2.317712036418737753e+01,2.491437011718750000e+03,9.950525164604187012e-01,5.826000000000000623e-02,8.533892035484313965e-01,6.000922918319702148e-01
-4.126615472706551202e+01,2.319200143811278281e+01,2.003032470703125000e+03,1.135718345642089844e+00,5.827000000000000235e-02,6.886699199676513672e-01,4.648226201534271240e-01
-4.126807229980360603e+01,2.320110745017863962e+01,1.977690551757812500e+03,1.263230562210083008e+00,5.828000000000000541e-02,5.784247517585754395e-01,3.893676400184631348e-01
-4.126827513244385415e+01,2.322009574687211142e+01,2.610956298828125000e+03,7.119686007499694824e-01,5.829000000000000153e-02,7.114056348800659180e-01,5.041141510009765625e-01
-4.126544208805481873e+01,2.323589100625229165e+01,5.669873046875000000e+03,8.453423380851745605e-01,5.830000000000000460e-02,6.808879375457763672e-01,5.260869264602661133e-01
-4.126459039185630928e+01,2.324972832798766831e+01,2.420704589843750000e+03,9.125811457633972168e-01,5.831000000000000766e-02,7.861739397048950195e-01,5.501195788383483887e-01
-4.126882711270776838e+01,2.326500594105650066e+01,3.019062500000000000e+03,9.595281481742858887e-01,5.832000000000000378e-02,8.236344456672668457e-01,5.964301824569702148e-01
-4.126963892375191989e+01,2.328393223111550725e+01,3.665867431640625000e+03,1.139709472656250000e+00,5.833000000000000684e-02,8.128769397735595703e-01,6.032204031944274902e-01
-4.126372009871400337e+01,2.329561013990501905e+01,1.770217773437500000e+03,1.433072805404663086e+00,5.834000000000000297e-02,7.608442902565002441e-01,4.996128082275390625e-01
-4.126635025730128348e+01,2.330961297057399761e+01,2.577811279296875000e+03,1.233654737472534180e+00,5.835000000000000603e-02,7.584028840065002441e-01,5.363103151321411133e-01
-4.127184228508414776e+01,2.332001095341728814e+01,6.847548828125000000e+03,9.283418059349060059e-01,5.836000000000000215e-02,8.717761039733886719e-01,6.821849346160888672e-01
-4.126766471706625339e+01,2.334855581443729733e+01,4.336168945312500000e+03,1.175953865051269531e+00,5.837000000000000521e-02,7.146099805831909180e-01,5.397436022758483887e-01
-4.126389332367903506e+01,2.335566821350525402e+01,2.317354980468750000e+03,1.246975183486938477e+00,5.838000000000000134e-02,7.184246778488159180e-01,4.988498687744140625e-01
-4.127123620641130941e+01,2.336782769112303271e+01,1.784072021484375000e+03,1.178724288940429688e+00,5.839000000000000440e-02,7.236126661300659180e-01,4.760378897190093994e-01
-4.126820133957128434e+01,2.338394810703448456e+01,1.708523193359375000e+03,1.112253189086914062e+00,5.840000000000000746e-02,6.531168222427368164e-01,4.252259135246276855e-01
-4.126600534852330071e+01,2.340001596390929350e+01,1.705720703125000000e+03,9.916765093803405762e-01,5.841000000000000358e-02,6.808116436004638672e-01,4.430787861347198486e-01
-4.126831760520295234e+01,2.341438241825309774e+01,1.835527709960937500e+03,7.984370589256286621e-01,5.842000000000000665e-02,6.640268564224243164e-01,4.397218227386474609e-01
-4.126884196084203182e+01,2.342288548646700619e+01,1.258638183593750000e+03,7.439369559288024902e-01,5.843000000000000277e-02,6.486917734146118164e-01,3.869262337684631348e-01
-4.126305624098205271e+01,2.343980938164142458e+01,2.096977050781250000e+03,9.109062552452087402e-01,5.844000000000000583e-02,6.071113944053649902e-01,4.136292040348052979e-01
-4.127041481389570521e+01,2.345763924135687617e+01,3.977758789062500000e+03,6.769616007804870605e-01,5.845000000000000195e-02,7.281903624534606934e-01,5.452367663383483887e-01
-4.126723584683671930e+01,2.346669440647376348e+01,1.992398437500000000e+03,8.078367114067077637e-01,5.846000000000000502e-02,6.629587411880493164e-01,4.469697773456573486e-01
-4.126952703127526689e+01,2.348585075195878602e+01,1.830585571289062500e+03,1.035756587982177734e+00,5.847000000000000808e-02,7.755690813064575195e-01,5.132694840431213379e-01
-4.126353073575368313e+01,2.350218218059164954e+01,1.603963256835937500e+03,8.935958743095397949e-01,5.848000000000000420e-02,6.050514578819274902e-01,3.876891732215881348e-01
-4.126543858137760168e+01,2.351324650835304553e+01,1.530744995117187500e+03,9.203464388847351074e-01,5.849000000000000726e-02,6.702830195426940918e-01,4.241577982902526855e-01
-4.125820497361666384e+01,2.352706400588924751e+01,2.994924804687500000e+03,6.574172377586364746e-01,5.850000000000000339e-02,6.720377802848815918e-01,4.861087203025817871e-01
-4.126289797898784428e+01,2.354809653176262785e+01,2.066672363281250000e+03,7.101196646690368652e-01,5.851000000000000645e-02,6.685282588005065918e-01,4.541414380073547363e-01
-4.126272086214812163e+01,2.356352911966636299e+01,2.338392333984375000e+03,8.777541518211364746e-01,5.852000000000000257e-02,6.682230830192565918e-01,4.647463262081146240e-01
-4.126033749257258876e+01,2.357268852980975282e+01,1.269178588867187500e+03,8.089048266410827637e-01,5.853000000000000563e-02,6.579996347427368164e-01,3.935638070106506348e-01
-4.125268365061809561e+01,2.358675831700800885e+01,1.077171630859375000e+03,7.594341635704040527e-01,5.854000000000000176e-02,5.382176637649536133e-01,3.035366237163543701e-01
-4.125569824610635550e+01,2.359895068806854468e+01,1.342325073242187500e+03,6.022447943687438965e-01,5.855000000000000482e-02,6.583048105239868164e-01,4.008880555629730225e-01
-4.126054522817308623e+01,2.361739875398885147e+01,1.804012939453125000e+03,6.050772070884704590e-01,5.856000000000000788e-02,5.609533786773681641e-01,3.699888885021209717e-01
-4.125103296779453643e+01,2.362118219565435595e+01,1.888050903320312500e+03,6.878072619438171387e-01,5.857000000000000400e-02,7.732802033424377441e-01,5.153294205665588379e-01
-4.125442765249155741e+01,2.362915987276426222e+01,2.616169433593750000e+03,6.080932021141052246e-01,5.858000000000000707e-02,8.131058216094970703e-01,5.763648152351379395e-01
-4.125702996618945662e+01,2.363297801883995319e+01,-2.158676406250000000e+05,9.983558058738708496e-01,5.859000000000000319e-02,1.346974670886993408e-01,1.122669652104377747e-01
-4.125486403361588827e+01,2.364797426326373753e+01,-4.678884582519531250e+02,9.454590678215026855e-01,5.860000000000000625e-02,1.399999205023050308e-02,2.849589660763740540e-02
-4.125164243644174888e+01,2.365149485083598435e+01,-9.956814575195312500e+02,3.005618155002593994e-01,5.861000000000000237e-02,1.888282410800457001e-02,2.391824312508106232e-02
