# x_coordinates, y_coordinates, TEP, TED, times, high, low
-3.289114428151872715e+01,1.791752305568772385e+01,1.058861083984375000e+03,5.795061960816383362e-02,1.717400000000000038e-01,2.671442627906799316e-01,1.496511399745941162e-01
-3.289295666762300385e+01,1.790955543591008237e+01,1.507892822265625000e+03,1.770395189523696899e-01,1.717500000000000138e-01,2.638636231422424316e-01,1.662832945585250854e-01
-3.289344071265374225e+01,1.790826519988430121e+01,1.136858520507812500e+03,2.670866549015045166e-01,1.717600000000000238e-01,3.363431394100189209e-01,1.935966312885284424e-01
-3.288637671547060393e+01,1.790813880473993080e+01,1.962514282226562500e+03,2.608686983585357666e-01,1.717700000000000060e-01,4.038635492324829102e-01,2.714167535305023193e-01
-3.288887320544363035e+01,1.791258658515071645e+01,2.771798339843750000e+03,3.787273466587066650e-01,1.717800000000000160e-01,3.992095887660980225e-01,2.855311930179595947e-01
-3.288385638680992429e+01,1.791331946808352527e+01,1.133749633789062500e+03,4.801529943943023682e-01,1.717900000000000260e-01,4.091278314590454102e-01,2.352532744407653809e-01
-3.288645694627398797e+01,1.792652882074535370e+01,1.186020629882812500e+03,5.547994971275329590e-01,1.718000000000000083e-01,2.884303629398345947e-01,1.685721129179000854e-01
-3.289025720955809362e+01,1.793395563370687640e+01,1.479050903320312500e+03,4.750794470310211182e-01,1.718100000000000183e-01,3.127682209014892578e-01,1.960380375385284424e-01
-3.288244560324319821e+01,1.794741408383959325e+01,1.642731201171875000e+03,3.093475401401519775e-01,1.718200000000000005e-01,2.774440050125122070e-01,1.788718402385711670e-01
-3.288323552672734706e+01,1.795838688149948226e+01,1.118345214843750000e+03,3.068441450595855713e-01,1.718300000000000105e-01,2.701197564601898193e-01,1.545339822769165039e-01
-3.288527561997068460e+01,1.796974272139024009e+01,1.019303710937500000e+03,2.267986685037612915e-01,1.718400000000000205e-01,4.198090434074401855e-01,2.315911501646041870e-01
-3.288824053877650755e+01,1.799174445290232427e+01,1.323859985351562500e+03,2.373498827219009399e-01,1.718500000000000028e-01,4.124085009098052979e-01,2.500543594360351562e-01
-3.288546713678683631e+01,1.801380176049714876e+01,2.349110595703125000e+03,4.300958216190338135e-01,1.718600000000000128e-01,4.952640235424041748e-01,3.447355031967163086e-01
-3.288276064134748111e+01,1.803077166658130182e+01,1.847130371093750000e+03,5.319721102714538574e-01,1.718700000000000228e-01,4.452913105487823486e-01,2.952968478202819824e-01
-3.287966979872964401e+01,1.805466851139107121e+01,1.976886108398437500e+03,6.940752863883972168e-01,1.718800000000000050e-01,3.937163949012756348e-01,2.650080323219299316e-01
-3.288134390188708522e+01,1.807803715075902673e+01,1.147994995117187500e+03,5.540496706962585449e-01,1.718900000000000150e-01,3.318417668342590332e-01,1.916892677545547485e-01
-3.287821116291993917e+01,1.810496855882690781e+01,1.035464721679687500e+03,4.361671507358551025e-01,1.719000000000000250e-01,3.396237790584564209e-01,1.885612010955810547e-01
-3.288017395609314519e+01,1.813282954972377681e+01,7.913825683593750000e+02,3.735286295413970947e-01,1.719100000000000072e-01,2.874385416507720947e-01,1.408773064613342285e-01
-3.287687093706139052e+01,1.815709958191320084e+01,8.551682128906250000e+02,2.693206369876861572e-01,1.719200000000000172e-01,3.625120520591735840e-01,1.848227828741073608e-01
-3.287639042343089812e+01,1.818309341507580612e+01,2.188095458984375000e+03,2.178090959787368774e-01,1.719300000000000272e-01,4.484956562519073486e-01,3.081142604351043701e-01
-3.288328631630412957e+01,1.820972185279999067e+01,3.272144042968750000e+03,3.803628981113433838e-01,1.719400000000000095e-01,5.416509509086608887e-01,3.964630067348480225e-01
-3.288195255756838264e+01,1.823826630738610177e+01,3.900832519531250000e+03,7.458419203758239746e-01,1.719500000000000195e-01,3.989807069301605225e-01,2.981197237968444824e-01
-3.287971755078751102e+01,1.826540462579133006e+01,1.435360473632812500e+03,7.880968451499938965e-01,1.719600000000000017e-01,3.834929764270782471e-01,2.383050471544265747e-01
-3.288468547071022385e+01,1.828873845065687220e+01,3.252252539062500000e+04,6.219250559806823730e-01,1.719700000000000117e-01,4.771060049533843994e-01,3.918090462684631348e-01
-3.288113398337245741e+01,1.831385090418917372e+01,3.960188720703125000e+03,5.420834422111511230e-01,1.719800000000000217e-01,5.804083943367004395e-01,4.343812465667724609e-01
-3.287518311129328907e+01,1.833935277246097328e+01,4.205846191406250000e+03,8.742458224296569824e-01,1.719900000000000040e-01,4.859561324119567871e-01,3.659453094005584717e-01
-3.287484486245809734e+01,1.835350662083336815e+01,2.377491699218750000e+03,8.860511183738708496e-01,1.720000000000000140e-01,4.648989439010620117e-01,3.242886662483215332e-01
-3.288056919120734278e+01,1.838441666832531851e+01,4.149327636718750000e+03,6.993562579154968262e-01,1.720100000000000240e-01,4.387300014495849609e-01,3.299344182014465332e-01
-3.288126907595427184e+01,1.840590485875357984e+01,2.762966064453125000e+03,7.384676337242126465e-01,1.720200000000000062e-01,4.642885625362396240e-01,3.319180607795715332e-01
-3.287563232785915091e+01,1.842432154646727582e+01,3.692972656250000000e+03,8.007938265800476074e-01,1.720300000000000162e-01,6.155800223350524902e-01,4.571932256221771240e-01
-3.287492308411336950e+01,1.845384687235886645e+01,6.276623046875000000e+03,7.431024909019470215e-01,1.720400000000000262e-01,6.689860224723815918e-01,5.205937027931213379e-01
-3.287613743764746488e+01,1.847073841495314639e+01,2.231856933593750000e+03,1.195698499679565430e+00,1.720500000000000085e-01,4.556673169136047363e-01,3.142178058624267578e-01
-3.286915982668163139e+01,1.849539034715036578e+01,4.533514160156250000e+03,1.181166887283325195e+00,1.720600000000000185e-01,5.117436051368713379e-01,3.881469368934631348e-01
-3.287348072616021710e+01,1.851562779088455457e+01,3.191816406250000000e+03,7.419187426567077637e-01,1.720700000000000007e-01,5.558416843414306641e-01,4.055420160293579102e-01
-3.288143967138751123e+01,1.853451734153397723e+01,1.841837646484375000e+03,9.099132418632507324e-01,1.720800000000000107e-01,3.836455643177032471e-01,2.542505562305450439e-01
-3.288113263856806867e+01,1.856229370885530727e+01,2.049199707031250000e+03,8.868331313133239746e-01,1.720900000000000207e-01,4.864138960838317871e-01,3.298581242561340332e-01
-3.287913817354863255e+01,1.858751174670018713e+01,3.433520263671875000e+03,6.469888091087341309e-01,1.721000000000000030e-01,5.715582966804504395e-01,4.208771586418151855e-01
-3.287941762170157034e+01,1.860228151514088424e+01,4.304165527343750000e+03,9.112924933433532715e-01,1.721100000000000130e-01,4.591768682003021240e-01,3.465665578842163086e-01
-3.287845754719221247e+01,1.863082403573020329e+01,2.233493652343750000e+03,8.475787043571472168e-01,1.721200000000000230e-01,3.896728157997131348e-01,2.687464356422424316e-01
-3.287374044621377323e+01,1.865659913037197626e+01,1.019809020996093750e+03,6.913883090019226074e-01,1.721300000000000052e-01,3.113186359405517578e-01,1.717764735221862793e-01
-3.287394861562967208e+01,1.867976290454396704e+01,1.424712402343750000e+03,4.636532366275787354e-01,1.721400000000000152e-01,3.576292395591735840e-01,2.217492014169692993e-01
-3.287569943311498832e+01,1.870538794218984435e+01,1.292436401367187500e+03,3.884166777133941650e-01,1.721500000000000252e-01,3.989807069301605225e-01,2.400598078966140747e-01
-3.287575498883447978e+01,1.872904316978118544e+01,1.854611328125000000e+03,3.918403685092926025e-01,1.721600000000000075e-01,3.982177674770355225e-01,2.643213868141174316e-01
-3.287485902112283753e+01,1.875717260327254365e+01,1.324716064453125000e+03,5.838913321495056152e-01,1.721700000000000175e-01,3.051387965679168701e-01,1.850516647100448608e-01
-3.287416818600181045e+01,1.877885444271861815e+01,1.302404052734375000e+03,4.908901751041412354e-01,1.721800000000000275e-01,3.651060760021209717e-01,2.202233076095581055e-01
-3.287541925452853775e+01,1.880263291367563028e+01,2.179177246093750000e+03,2.648467123508453369e-01,1.721900000000000097e-01,4.504030346870422363e-01,3.091824054718017578e-01
-3.287645749826702968e+01,1.883558865504048541e+01,1.586458618164062500e+03,4.731828272342681885e-01,1.722000000000000197e-01,4.246918559074401855e-01,2.713404595851898193e-01
-3.287882287685503968e+01,1.886010811677276067e+01,1.590608398437500000e+03,5.361718535423278809e-01,1.722100000000000020e-01,3.505338728427886963e-01,2.241143137216567993e-01
-3.287359839736859612e+01,1.888355000992039123e+01,2.928537109375000000e+03,4.872876703739166260e-01,1.722200000000000120e-01,3.804412186145782471e-01,2.743159234523773193e-01
-3.287218227218610167e+01,1.890282601212274471e+01,1.031538940429687500e+03,4.360467493534088135e-01,1.722300000000000220e-01,4.439180195331573486e-01,2.460870593786239624e-01
-3.287782811142213291e+01,1.893518478038642172e+01,3.562500976562500000e+03,5.357558131217956543e-01,1.722400000000000042e-01,4.017272889614105225e-01,2.971279025077819824e-01
-3.287911229673833446e+01,1.895558462104143160e+01,2.282309326171875000e+03,5.463117957115173340e-01,1.722500000000000142e-01,3.477872908115386963e-01,2.408227622509002686e-01
-3.287880794058307998e+01,1.898548292909441315e+01,1.572029296875000000e+03,6.684178709983825684e-01,1.722600000000000242e-01,4.222504496574401855e-01,2.691279053688049316e-01
-3.288088108267827891e+01,1.901018835229895387e+01,1.206839111328125000e+03,4.166990816593170166e-01,1.722700000000000065e-01,4.405610561370849609e-01,2.590570747852325439e-01
-3.287689487265337362e+01,1.903286857360747319e+01,1.929162353515625000e+03,5.204982161521911621e-01,1.722800000000000165e-01,4.063812494277954102e-01,2.721033990383148193e-01
-3.287247740903968918e+01,1.905831554973307718e+01,1.530062744140625000e+03,5.656594634056091309e-01,1.722900000000000265e-01,3.585447669029235840e-01,2.268609106540679932e-01
-3.287188428524297734e+01,1.908058012408147164e+01,1.323288818359375000e+03,5.492741465568542480e-01,1.723000000000000087e-01,2.834712266921997070e-01,1.718527674674987793e-01
-3.287669948607177872e+01,1.910668827057634900e+01,1.441036499023437500e+03,3.496975004673004150e-01,1.723100000000000187e-01,3.428281545639038086e-01,2.132805436849594116e-01
-3.287676465672316084e+01,1.913109598454199300e+01,1.463129760742187500e+03,2.854115068912506104e-01,1.723200000000000010e-01,3.646483123302459717e-01,2.278527319431304932e-01
-3.287145817216377708e+01,1.915766690576434783e+01,1.671187011718750000e+03,3.812700808048248291e-01,1.723300000000000110e-01,4.309479892253875732e-01,2.790461778640747070e-01
-3.286801861528250868e+01,1.917353654994990464e+01,2.057780517578125000e+03,4.464692175388336182e-01,1.723400000000000210e-01,3.554930090904235840e-01,2.412805259227752686e-01
-3.287305935885584063e+01,1.919717426784629666e+01,2.040230712890625000e+03,5.634135603904724121e-01,1.723500000000000032e-01,3.217709362506866455e-01,2.180107831954956055e-01
-3.287490200290145026e+01,1.922202845327598553e+01,1.933442749023437500e+03,4.894060194492340088e-01,1.723600000000000132e-01,3.265774846076965332e-01,2.187737226486206055e-01
-3.286763244806066098e+01,1.924927808636524063e+01,6.116441406250000000e+03,3.263217508792877197e-01,1.723700000000000232e-01,3.380979001522064209e-01,2.626429200172424316e-01
-3.286649781522380209e+01,1.926868086502751609e+01,1.433138305664062500e+03,3.624517023563385010e-01,1.723800000000000054e-01,4.073730707168579102e-01,2.530298233032226562e-01
-3.286374871010063714e+01,1.929534611836414371e+01,1.725834594726562500e+03,4.465908110141754150e-01,1.723900000000000154e-01,4.443757832050323486e-01,2.900325357913970947e-01
-3.286499130866594953e+01,1.931943277445866514e+01,1.516605834960937500e+03,5.287868380546569824e-01,1.724000000000000254e-01,4.520052075386047363e-01,2.853023111820220947e-01
-3.286670261534988668e+01,1.934678710067334606e+01,3.876717773437500000e+03,5.763704180717468262e-01,1.724100000000000077e-01,5.759070515632629395e-01,4.300324618816375732e-01
-3.286978980200476030e+01,1.936511092020814928e+01,4.155284179687500000e+03,6.010336279869079590e-01,1.724200000000000177e-01,5.595800876617431641e-01,4.208771586418151855e-01
-3.286569029612143567e+01,1.939479893424667978e+01,1.445389038085937500e+03,1.046467542648315430e+00,1.724300000000000277e-01,3.615202307701110840e-01,2.251061499118804932e-01
-3.286640054900257013e+01,1.941967720807483033e+01,1.545281372070312500e+03,8.243531584739685059e-01,1.724400000000000099e-01,3.522886335849761963e-01,2.235039621591567993e-01
-3.286649435438110345e+01,1.944823067039133235e+01,1.531136474609375000e+03,4.606396257877349854e-01,1.724500000000000199e-01,3.748717308044433594e-01,2.372369319200515747e-01
-3.286213694947633712e+01,1.946771900902316332e+01,1.780055541992187500e+03,4.268592894077301025e-01,1.724600000000000022e-01,3.459562063217163086e-01,2.274712622165679932e-01
-3.286504489885615499e+01,1.949451493402592916e+01,1.438303955078125000e+03,4.019898474216461182e-01,1.724700000000000122e-01,4.098907709121704102e-01,2.548609077930450439e-01
-3.286580287450848203e+01,1.952167725157493194e+01,1.728257202148437500e+03,4.443961679935455322e-01,1.724800000000000222e-01,5.420324206352233887e-01,3.538908064365386963e-01
-3.285957795350729072e+01,1.955026313788500758e+01,1.175284057617187500e+03,6.066722273826599121e-01,1.724900000000000044e-01,3.929534554481506348e-01,2.289208620786666870e-01
-3.286047745537702269e+01,1.956888581162273510e+01,1.209582641601562500e+03,6.915087103843688965e-01,1.725000000000000144e-01,3.403867483139038086e-01,2.003105133771896362e-01
-3.286035448344625109e+01,1.959670352867538412e+01,4.250627929687500000e+03,4.142600595951080322e-01,1.725100000000000244e-01,4.156128466129302979e-01,3.133022785186767578e-01
-3.286166641154260049e+01,1.961977154419533065e+01,2.665194335937500000e+03,4.511899054050445557e-01,1.725200000000000067e-01,3.380979001522064209e-01,2.403649985790252686e-01
-3.286020993870410223e+01,1.964931501634235644e+01,1.197355712890625000e+03,5.160731673240661621e-01,1.725300000000000167e-01,3.490079939365386963e-01,2.046592831611633301e-01
-3.285902918354265978e+01,1.966873508798728665e+01,3.939106445312500000e+03,3.863877356052398682e-01,1.725400000000000267e-01,4.208008646965026855e-01,3.147518634796142578e-01
-3.285665763619014257e+01,1.969694179028318359e+01,1.276932495117187500e+03,4.776209890842437744e-01,1.725500000000000089e-01,3.819670975208282471e-01,2.289208620786666870e-01
-3.286301553348015858e+01,1.973036919011426349e+01,1.621911743164062500e+03,5.674821734428405762e-01,1.725600000000000189e-01,3.821196854114532471e-01,2.455530017614364624e-01
-3.286486528251946027e+01,1.974717370193138066e+01,1.886832153320312500e+03,4.117411673069000244e-01,1.725700000000000012e-01,3.345120847225189209e-01,2.228936105966567993e-01
-3.286364513198792281e+01,1.977598745796695212e+01,1.345178466796875000e+03,4.772156774997711182e-01,1.725800000000000112e-01,3.499998152256011963e-01,2.132805436849594116e-01
-3.285835798938270358e+01,1.979715012092384896e+01,1.128990966796875000e+03,3.928619921207427979e-01,1.725900000000000212e-01,3.749480247497558594e-01,2.152641862630844116e-01
-3.285963449012248105e+01,1.982514492348818536e+01,1.970295410156250000e+03,3.938824236392974854e-01,1.726000000000000034e-01,3.397763669490814209e-01,2.285393923521041870e-01
-3.286199947232883289e+01,1.984433914086932305e+01,3.031511474609375000e+03,3.702611029148101807e-01,1.726100000000000134e-01,3.894439339637756348e-01,2.821742296218872070e-01
-3.285952245872920940e+01,1.987012685591138350e+01,1.543756958007812500e+03,4.438120424747467041e-01,1.726200000000000234e-01,3.072750270366668701e-01,1.948936283588409424e-01
-3.286210418086046303e+01,1.989333018444110479e+01,3.806909179687500000e+03,4.786736071109771729e-01,1.726300000000000057e-01,3.297055363655090332e-01,2.457055896520614624e-01
-3.285670986989019582e+01,1.992139922099187999e+01,1.642903930664062500e+03,3.165573179721832275e-01,1.726400000000000157e-01,4.028717279434204102e-01,2.597437202930450439e-01
-3.286287334951819616e+01,1.993982907411125183e+01,1.522669189453125000e+03,5.184263586997985840e-01,1.726500000000000257e-01,3.718199729919433594e-01,2.349480986595153809e-01
-3.285682541323086525e+01,1.996906122794510807e+01,1.247619506835937500e+03,4.287606775760650635e-01,1.726600000000000079e-01,3.642668426036834717e-01,2.166374772787094116e-01
-3.286269114443322081e+01,1.998943021519031049e+01,8.090626220703125000e+02,4.375201761722564697e-01,1.726700000000000179e-01,2.869044840335845947e-01,1.422505974769592285e-01
-3.286111041449055392e+01,2.002679191081130483e+01,2.514322998046875000e+03,3.204459249973297119e-01,1.726800000000000279e-01,2.675257325172424316e-01,1.884086132049560547e-01
-3.285673000299941293e+01,2.004517801290576529e+01,1.873429809570312500e+03,2.102869898080825806e-01,1.726900000000000102e-01,2.999507784843444824e-01,1.995475739240646362e-01
-3.286343445255719331e+01,2.006927359921680321e+01,2.533248291015625000e+03,2.841371595859527588e-01,1.727000000000000202e-01,2.872096598148345947e-01,2.025230526924133301e-01
-3.285989671113247823e+01,2.009585315686606322e+01,7.406788940429687500e+02,2.813953459262847900e-01,1.727100000000000024e-01,2.841578722000122070e-01,1.343159973621368408e-01
-3.286069286475965612e+01,2.011937506145876497e+01,1.288399902343750000e+03,2.421337515115737915e-01,1.727200000000000124e-01,3.557218909263610840e-01,2.138146013021469116e-01
-3.286075704915704421e+01,2.014059200343627154e+01,1.707569458007812500e+03,2.055376917123794556e-01,1.727300000000000224e-01,3.397000730037689209e-01,2.211388498544692993e-01
-3.286109760178301542e+01,2.017108721648627778e+01,1.045782592773437500e+03,3.437716066837310791e-01,1.727400000000000047e-01,2.720271050930023193e-01,1.516347974538803101e-01
-3.285722858387047296e+01,2.020312886940413932e+01,1.828615844726562500e+03,3.028351366519927979e-01,1.727500000000000147e-01,3.310025334358215332e-01,2.190026044845581055e-01
-3.285505455547042430e+01,2.021975336053995420e+01,1.838916259765625000e+03,2.424627691507339478e-01,1.727600000000000247e-01,3.130733966827392578e-01,2.074058800935745239e-01
-3.285975675585526545e+01,2.024781780250511076e+01,2.385483642578125000e+03,3.521174490451812744e-01,1.727700000000000069e-01,3.344357907772064209e-01,2.334222197532653809e-01
-3.285322151090514353e+01,2.026641267964913595e+01,1.645932006835937500e+03,3.395682871341705322e-01,1.727800000000000169e-01,3.544248640537261963e-01,2.286156862974166870e-01
-3.285918145231727294e+01,2.029353216116693659e+01,1.986561767578125000e+03,4.495615065097808838e-01,1.727900000000000269e-01,3.660216033458709717e-01,2.466211169958114624e-01
-3.285457455147855654e+01,2.032058000434459899e+01,1.895703735351562500e+03,3.737646639347076416e-01,1.728000000000000091e-01,4.719942808151245117e-01,3.148281574249267578e-01
-3.285565415712064663e+01,2.034794051485451760e+01,1.306327148437500000e+03,5.387002825736999512e-01,1.728100000000000191e-01,3.409970998764038086e-01,2.058800011873245239e-01
-3.285434158052498077e+01,2.037088856851354279e+01,4.253740234375000000e+03,5.933005213737487793e-01,1.728200000000000014e-01,3.214657604694366455e-01,2.423486411571502686e-01
-3.284536786924243046e+01,2.039528946977426926e+01,1.295922973632812500e+03,3.852922022342681885e-01,1.728300000000000114e-01,3.248990178108215332e-01,1.956565678119659424e-01
-3.285061706242610313e+01,2.042873478507801366e+01,2.093573242187500000e+03,3.717106878757476807e-01,1.728400000000000214e-01,3.906646370887756348e-01,2.660761475563049316e-01
-3.285221063639113481e+01,2.045269769249404845e+01,2.592705078125000000e+03,3.367060720920562744e-01,1.728500000000000036e-01,3.791442215442657471e-01,2.683649659156799316e-01
-3.284779143477570074e+01,2.047422303336225013e+01,1.130315429687500000e+03,4.407674372196197510e-01,1.728600000000000136e-01,3.690733611583709717e-01,2.119835317134857178e-01
-3.284596976055789952e+01,2.049645812447700877e+01,1.940831787109375000e+03,5.563063025474548340e-01,1.728700000000000236e-01,3.595365881919860840e-01,2.410516440868377686e-01
-3.285023109666133223e+01,2.051756718380333311e+01,1.645819580078125000e+03,4.136222898960113525e-01,1.728800000000000059e-01,3.612913489341735840e-01,2.330407500267028809e-01
-3.284158972031527668e+01,2.054783600945252786e+01,1.489198730468750000e+03,4.647559225559234619e-01,1.728900000000000159e-01,3.265011906623840332e-01,2.050407528877258301e-01
-3.285293879848362053e+01,2.057156921608640943e+01,1.580452392578125000e+03,3.839260637760162354e-01,1.729000000000000259e-01,3.309262394905090332e-01,2.112205922603607178e-01
-3.284610492674060822e+01,2.060008444959283480e+01,2.170266357421875000e+03,3.231150209903717041e-01,1.729100000000000081e-01,3.837981522083282471e-01,2.632532715797424316e-01
-3.284317939383268481e+01,2.062259249658501403e+01,1.916050170898437500e+03,3.951376974582672119e-01,1.729200000000000181e-01,3.782286643981933594e-01,2.528772354125976562e-01
-3.284093193195454319e+01,2.064933495266929953e+01,2.138744628906250000e+03,4.397350847721099854e-01,1.729300000000000004e-01,3.152859210968017578e-01,2.156456559896469116e-01
-3.284286082885175517e+01,2.067259285248558243e+01,1.482864501953125000e+03,4.621833860874176025e-01,1.729400000000000104e-01,3.299344182014465332e-01,2.069481164216995239e-01
-3.284878700461236178e+01,2.070208190380011715e+01,9.350546875000000000e+02,4.004794657230377197e-01,1.729500000000000204e-01,2.769099175930023193e-01,1.472097337245941162e-01
-3.284055996662340959e+01,2.072132145400475878e+01,1.075082763671875000e+03,2.788025438785552979e-01,1.729600000000000026e-01,3.184902966022491455e-01,1.794821918010711670e-01
-3.284360643566575533e+01,2.074321278251551703e+01,1.496586425781250000e+03,2.291208654642105103e-01,1.729700000000000126e-01,3.293240666389465332e-01,2.071007043123245239e-01
-3.284017952499842607e+01,2.077561610634143108e+01,1.592586791992187500e+03,2.974933683872222900e-01,1.729800000000000226e-01,4.339234828948974609e-01,2.775202989578247070e-01
-3.283726590429667880e+01,2.079853590846935063e+01,9.894291992187500000e+02,3.995842039585113525e-01,1.729900000000000049e-01,3.669371306896209717e-01,1.999290436506271362e-01
-3.283793514365412847e+01,2.082367848512823727e+01,1.559232177734375000e+03,4.248160421848297119e-01,1.730000000000000149e-01,4.627626836299896240e-01,2.943050265312194824e-01
-3.283937843216234143e+01,2.084936334030927441e+01,1.605436279296875000e+03,4.957264959812164307e-01,1.730100000000000249e-01,3.312314152717590332e-01,2.122887074947357178e-01
-3.283877994715758319e+01,2.087289830679280556e+01,1.563002807617187500e+03,5.037683844566345215e-01,1.730200000000000071e-01,3.086483478546142578e-01,1.964195072650909424e-01
-3.283607107349254051e+01,2.089883905705558220e+01,1.212866821289062500e+03,3.320950567722320557e-01,1.730300000000000171e-01,3.074276149272918701e-01,1.810843646526336670e-01
-3.283537954263128711e+01,2.091849906219933075e+01,1.844614868164062500e+03,3.037876188755035400e-01,1.730400000000000271e-01,4.275910556316375732e-01,2.834712266921997070e-01
-3.283984585516975585e+01,2.094498689610757580e+01,1.779574951171875000e+03,2.749246656894683838e-01,1.730500000000000094e-01,3.831115067005157471e-01,2.518854141235351562e-01
-3.284220640048715012e+01,2.097175541051435843e+01,9.865557250976562500e+02,5.476123690605163574e-01,1.730600000000000194e-01,3.586973547935485840e-01,1.951988041400909424e-01
-3.283977740696113301e+01,2.099937144659975985e+01,1.263935791015625000e+03,3.609222471714019775e-01,1.730700000000000016e-01,3.055965602397918701e-01,1.825339645147323608e-01
-3.284205022340261593e+01,2.102316500054438464e+01,2.888442626953125000e+03,3.541785776615142822e-01,1.730800000000000116e-01,3.229916393756866455e-01,2.324303984642028809e-01
-3.282895636623269553e+01,2.104224211428496005e+01,1.567546264648437500e+03,2.947086393833160400e-01,1.730900000000000216e-01,3.624357581138610840e-01,2.308282107114791870e-01
-3.283865866837796688e+01,2.107024536424887984e+01,1.040362915039062500e+03,4.052275717258453369e-01,1.731000000000000039e-01,3.230679333209991455e-01,1.797110736370086670e-01
-3.283698486817776541e+01,2.109815351634648195e+01,1.418249511718750000e+03,4.241174757480621338e-01,1.731100000000000139e-01,3.508390486240386963e-01,2.172478437423706055e-01
-3.283629915116382847e+01,2.111840254926420002e+01,1.419862792968750000e+03,3.225344717502593994e-01,1.731200000000000239e-01,3.313840031623840332e-01,2.052696496248245239e-01
-3.283607892483774293e+01,2.113572299387631759e+01,1.032382690429687500e+03,4.200703203678131104e-01,1.731300000000000061e-01,2.661524415016174316e-01,1.475912034511566162e-01
-3.283791651315365812e+01,2.117064122779921576e+01,1.739236450195312500e+03,3.488868772983551025e-01,1.731400000000000161e-01,3.295529484748840332e-01,2.154930680990219116e-01
-3.283483383522590060e+01,2.118975289288377084e+01,1.534006835937500000e+03,2.468186765909194946e-01,1.731500000000000261e-01,3.390134274959564209e-01,2.146538347005844116e-01
-3.283633173688918561e+01,2.121199759508904847e+01,3.745892822265625000e+03,3.733903467655181885e-01,1.731600000000000084e-01,2.639399170875549316e-01,1.963432133197784424e-01
-3.284495200569719486e+01,2.123460564343365320e+01,3.608858203125000000e+04,3.610676825046539307e-01,1.731700000000000184e-01,2.751551568508148193e-01,2.262505590915679932e-01
-3.284271078085269835e+01,2.126869009484223128e+01,2.256475097656250000e+03,2.650600969791412354e-01,1.731800000000000006e-01,3.518308699131011963e-01,2.431115806102752686e-01
-3.283528923607868677e+01,2.129781186142943383e+01,1.507143310546875000e+03,3.955561220645904541e-01,1.731900000000000106e-01,3.487791121006011963e-01,2.197655439376831055e-01
-3.284088617978046898e+01,2.131590472904709443e+01,1.160204101562500000e+03,4.008132517337799072e-01,1.732000000000000206e-01,3.684630095958709717e-01,2.136620134115219116e-01
-3.283517703638852936e+01,2.133942813463574240e+01,1.880531127929687500e+03,3.358835279941558838e-01,1.732100000000000029e-01,3.796782791614532471e-01,2.528009414672851562e-01
-3.283579977874675393e+01,2.136337302867422494e+01,1.768359008789062500e+03,3.812736570835113525e-01,1.732200000000000129e-01,3.686918914318084717e-01,2.420434653759002686e-01
-3.283864277476609317e+01,2.138894940606078876e+01,1.229723754882812500e+03,4.555481970310211182e-01,1.732300000000000229e-01,2.594385445117950439e-01,1.535421460866928101e-01
-3.284005014183200188e+01,2.140534099352895225e+01,1.477365844726562500e+03,3.325695097446441650e-01,1.732400000000000051e-01,2.743922173976898193e-01,1.719290614128112793e-01
-3.284045455380609724e+01,2.143722533612027803e+01,1.188605468750000000e+03,1.797193437814712524e-01,1.732500000000000151e-01,2.788172960281372070e-01,1.630789339542388916e-01
-3.283659166349428205e+01,2.146256171830445680e+01,1.278172607421875000e+03,2.095478922128677368e-01,1.732600000000000251e-01,2.811824083328247070e-01,1.685721129179000854e-01
-3.285071656928955974e+01,2.148370586578784369e+01,2.139651123046875000e+03,2.499562650918960571e-01,1.732700000000000073e-01,2.600488960742950439e-01,1.778800189495086670e-01
-3.283597866770629992e+01,2.150654624887441102e+01,1.684301635742187500e+03,2.122706323862075806e-01,1.732800000000000173e-01,3.803649246692657471e-01,2.467737048864364624e-01
-3.283742617362847938e+01,2.153505641420079186e+01,1.122430053710937500e+03,2.405065447092056274e-01,1.732900000000000273e-01,4.033294916152954102e-01,2.310570925474166870e-01
-3.283444884838328903e+01,2.156349682333380002e+01,9.597331542968750000e+02,3.960091173648834229e-01,1.733000000000000096e-01,3.489316999912261963e-01,1.876456737518310547e-01
-3.283826850877249370e+01,2.158842865286910850e+01,1.263081909179687500e+03,3.642922937870025635e-01,1.733100000000000196e-01,3.558744788169860840e-01,2.125175893306732178e-01
-3.283742106155924034e+01,2.160648260699668910e+01,1.241101440429687500e+03,3.394609987735748291e-01,1.733200000000000018e-01,3.642668426036834717e-01,2.162560075521469116e-01
-3.284209875223368158e+01,2.163354606258861779e+01,1.636987548828125000e+03,3.682416975498199463e-01,1.733300000000000118e-01,3.640379607677459717e-01,2.344903349876403809e-01
-3.284277569849182754e+01,2.165785701070371516e+01,1.024113891601562500e+03,4.887181818485260010e-01,1.733400000000000218e-01,3.382504880428314209e-01,1.869590282440185547e-01
-3.283482411659404221e+01,2.168074404285042434e+01,1.148920166015625000e+03,4.257446825504302979e-01,1.733500000000000041e-01,2.855311930179595947e-01,1.649862825870513916e-01
-3.283902075316134272e+01,2.171161989612942023e+01,1.030729980468750000e+03,3.424519598484039307e-01,1.733600000000000141e-01,2.580652534961700439e-01,1.430135518312454224e-01
-3.284191526762050728e+01,2.173673327303838576e+01,1.631022338867187500e+03,1.915770918130874634e-01,1.733700000000000241e-01,3.578581213951110840e-01,2.302941530942916870e-01
-3.284034937295123058e+01,2.176266291470061987e+01,1.978526367187500000e+03,1.958972364664077759e-01,1.733800000000000063e-01,4.293458163738250732e-01,2.890407145023345947e-01
-3.284314220715614141e+01,2.178250096087441534e+01,1.724761352539062500e+03,4.239386618137359619e-01,1.733900000000000163e-01,3.799071609973907471e-01,2.479181140661239624e-01
-3.284269517316177200e+01,2.179921670065829531e+01,1.527531860351562500e+03,4.496783316135406494e-01,1.734000000000000263e-01,3.800597488880157471e-01,2.403649985790252686e-01
-3.283831131018047955e+01,2.183298921065867759e+01,1.984943969726562500e+03,5.399257540702819824e-01,1.734100000000000086e-01,3.139889240264892578e-01,2.115257680416107178e-01
-3.283645976365945529e+01,2.186233095084281075e+01,1.445464355468750000e+03,3.889400064945220947e-01,1.734200000000000186e-01,3.465665578842163086e-01,2.157982438802719116e-01
-3.283550157977057893e+01,2.188282035682883375e+01,1.552742187500000000e+03,3.535443842411041260e-01,1.734300000000000008e-01,4.150024950504302979e-01,2.636347413063049316e-01
-3.284034448673820350e+01,2.190884578878715772e+01,1.356845581054687500e+03,4.073947966098785400e-01,1.734400000000000108e-01,3.438199758529663086e-01,2.100761830806732178e-01
-3.283889580596922997e+01,2.193160375676395901e+01,1.618126586914062500e+03,4.171818792819976807e-01,1.734500000000000208e-01,3.718962669372558594e-01,2.388391047716140747e-01
-3.283709221661504785e+01,2.196239277902506970e+01,2.072553222656250000e+03,3.869945108890533447e-01,1.734600000000000031e-01,4.047027826309204102e-01,2.750788629055023193e-01
-3.283807523215119772e+01,2.197995778738634698e+01,1.182836547851562500e+03,4.185897409915924072e-01,1.734700000000000131e-01,4.158417284488677979e-01,2.428064048290252686e-01
-3.283450695094043681e+01,2.200937373059863233e+01,1.891585693359375000e+03,4.292851984500885010e-01,1.734800000000000231e-01,4.298798739910125732e-01,2.865993082523345947e-01
-3.283258568381354792e+01,2.203484026578780330e+01,2.498125976562500000e+03,5.255634188652038574e-01,1.734900000000000053e-01,3.952423036098480225e-01,2.780543565750122070e-01
-3.284019397046620981e+01,2.205909635177145134e+01,1.536353271484375000e+03,6.204420924186706543e-01,1.735000000000000153e-01,3.340543210506439209e-01,2.116020619869232178e-01
-3.283919297674374604e+01,2.207908659847464605e+01,1.157513061523437500e+03,4.710585176944732666e-01,1.735100000000000253e-01,3.923431038856506348e-01,2.273186743259429932e-01
-3.282906734384011571e+01,2.211062482764294046e+01,1.581841552734375000e+03,4.291767179965972900e-01,1.735200000000000076e-01,3.272641301155090332e-01,2.089317589998245239e-01
-3.283507941735381053e+01,2.213589596508811042e+01,4.918417968750000000e+03,3.864509165287017822e-01,1.735300000000000176e-01,3.403867483139038086e-01,2.600488960742950439e-01
-3.283868605098247428e+01,2.215738104417578924e+01,2.348465332031250000e+03,4.363280832767486572e-01,1.735400000000000276e-01,3.641905486583709717e-01,2.534875869750976562e-01
-3.283553478180202490e+01,2.218576680549905333e+01,1.215353149414062500e+03,4.389602243900299072e-01,1.735500000000000098e-01,3.759398460388183594e-01,2.215966135263442993e-01
-3.283392791153170265e+01,2.220513597197367162e+01,2.160189453125000000e+03,3.707462847232818604e-01,1.735600000000000198e-01,2.545557320117950439e-01,1.744467765092849731e-01
-3.283654769729248812e+01,2.223379516583901605e+01,1.144746093750000000e+03,3.318888247013092041e-01,1.735700000000000021e-01,3.225338757038116455e-01,1.861197948455810547e-01
-3.283444355768630629e+01,2.226277535317865386e+01,1.560576782226562500e+03,2.448994070291519165e-01,1.735800000000000121e-01,3.717436790466308594e-01,2.364739924669265747e-01
-3.282896647830662573e+01,2.227756731282518388e+01,2.640851318359375000e+03,4.137379229068756104e-01,1.735900000000000221e-01,3.955474793910980225e-01,2.808009386062622070e-01
-3.283526267095719220e+01,2.230138973725112805e+01,1.012033935546875000e+03,4.166597425937652588e-01,1.736000000000000043e-01,4.037109613418579102e-01,2.220543771982192993e-01
-3.283363543430525766e+01,2.233007808854205578e+01,1.072537353515625000e+03,4.966467916965484619e-01,1.736100000000000143e-01,3.622831702232360840e-01,2.039726376533508301e-01
-3.283362584682275553e+01,2.235350478963045973e+01,1.150166870117187500e+03,3.737336695194244385e-01,1.736200000000000243e-01,3.760924339294433594e-01,2.174004316329956055e-01
-3.283482725684786629e+01,2.238020619479672035e+01,2.357294433593750000e+03,3.847033083438873291e-01,1.736300000000000066e-01,3.798308670520782471e-01,2.645502686500549316e-01
-3.283638914685334242e+01,2.240477793230737191e+01,2.237052734375000000e+03,3.839475214481353760e-01,1.736400000000000166e-01,3.960815370082855225e-01,2.732478082180023193e-01
-3.283143110434452439e+01,2.243099678771929106e+01,1.823984619140625000e+03,6.330723166465759277e-01,1.736500000000000266e-01,4.389588832855224609e-01,2.902614176273345947e-01
-3.283542061906853604e+01,2.245503966170278431e+01,4.980731445312500000e+03,5.523640513420104980e-01,1.736600000000000088e-01,3.538908064365386963e-01,2.706538140773773193e-01
-3.283506484534224512e+01,2.247396164230459448e+01,2.104244384765625000e+03,6.503958106040954590e-01,1.736700000000000188e-01,3.778471946716308594e-01,2.576074898242950439e-01
-3.282874941363571963e+01,2.250530420392535902e+01,1.242109619140625000e+03,5.179530978202819824e-01,1.736800000000000010e-01,3.689207732677459717e-01,2.190788984298706055e-01
-3.282903667981537410e+01,2.253312060263074912e+01,1.299113403320312500e+03,4.729050695896148682e-01,1.736900000000000110e-01,2.784358263015747070e-01,1.678091734647750854e-01
-3.282628685579725669e+01,2.255454343049001764e+01,2.053324951171875000e+03,2.975136339664459229e-01,1.737000000000000210e-01,4.446046650409698486e-01,3.016292750835418701e-01
-3.283372195048610820e+01,2.257179743435512620e+01,1.674333862304687500e+03,3.524309694766998291e-01,1.737100000000000033e-01,3.704466521739959717e-01,2.399835139513015747e-01
-3.283259602955668299e+01,2.259727649985007858e+01,1.538464111328125000e+03,5.254811644554138184e-01,1.737200000000000133e-01,5.129643082618713379e-01,3.250516057014465332e-01
-3.283942321202830783e+01,2.262623629798198621e+01,1.106150146484375000e+03,6.012219786643981934e-01,1.737300000000000233e-01,3.771605491638183594e-01,2.148827165365219116e-01
-3.283074871329526445e+01,2.264716825257408317e+01,1.066983032226562500e+03,7.083088755607604980e-01,1.737400000000000055e-01,3.406156301498413086e-01,1.913840919733047485e-01
-3.283281375556548909e+01,2.267335110749012017e+01,1.863338256835937500e+03,3.285640776157379150e-01,1.737500000000000155e-01,3.058254420757293701e-01,2.032096982002258301e-01
-3.282604653388941074e+01,2.269660804297419432e+01,1.099861816406250000e+03,2.769834101200103760e-01,1.737600000000000255e-01,3.711333274841308594e-01,2.109917104244232178e-01
-3.283771171382544907e+01,2.272724935368532329e+01,8.463114624023437500e+02,3.731543123722076416e-01,1.737700000000000078e-01,3.454221487045288086e-01,1.752097159624099731e-01
-3.283408712124239059e+01,2.274360522236135296e+01,1.391743530273437500e+03,3.822356760501861572e-01,1.737800000000000178e-01,3.913512825965881348e-01,2.409753501415252686e-01
-3.283141678240002648e+01,2.277001965530713079e+01,1.642980834960937500e+03,3.929716646671295166e-01,1.737900000000000278e-01,3.635801970958709717e-01,2.344140410423278809e-01
-3.283521621257558110e+01,2.280234767582864208e+01,1.514154418945312500e+03,5.691546797752380371e-01,1.738000000000000100e-01,3.574003577232360840e-01,2.254876196384429932e-01
-3.283462285073378695e+01,2.282760515505371046e+01,1.431841918945312500e+03,4.078179895877838135e-01,1.738100000000000200e-01,3.341306149959564209e-01,2.074821740388870239e-01
-3.283019618557290897e+01,2.284318556280393864e+01,1.917896362304687500e+03,3.826409876346588135e-01,1.738200000000000023e-01,3.152859210968017578e-01,2.108391225337982178e-01
-3.283390607012958640e+01,2.287083833226183671e+01,9.819848022460937500e+02,3.099841177463531494e-01,1.738300000000000123e-01,3.393186032772064209e-01,1.842887252569198608e-01
-3.283794272686219529e+01,2.289752628189366490e+01,1.855957397460937500e+03,3.729397356510162354e-01,1.738400000000000223e-01,3.227627575397491455e-01,2.142723649740219116e-01
-3.283396141706597859e+01,2.292516661091484664e+01,1.383832397460937500e+03,2.981823980808258057e-01,1.738500000000000045e-01,3.696837127208709717e-01,2.272423803806304932e-01
-3.283449682163090699e+01,2.294728648820075989e+01,1.183169433593750000e+03,4.226273596286773682e-01,1.738600000000000145e-01,3.146755695343017578e-01,1.837546676397323608e-01
-3.283627959751321868e+01,2.297225916581697902e+01,8.923563842773437500e+02,3.554958403110504150e-01,1.738700000000000245e-01,3.158962726593017578e-01,1.643759310245513916e-01
-3.283235176088648188e+01,2.299573336464533213e+01,2.072210693359375000e+03,2.262288480997085571e-01,1.738800000000000068e-01,4.816073775291442871e-01,3.273404240608215332e-01
-3.283192169926372372e+01,2.301875810933825051e+01,3.114097412109375000e+03,3.651804029941558838e-01,1.738900000000000168e-01,4.231659770011901855e-01,3.077327907085418701e-01
-3.283563121620729675e+01,2.304800633734912552e+01,2.034175537109375000e+03,5.957621932029724121e-01,1.739000000000000268e-01,3.539671003818511963e-01,2.396783381700515747e-01
-3.282448357390305915e+01,2.306751692093087058e+01,1.501942993164062500e+03,5.453748106956481934e-01,1.739100000000000090e-01,3.533567488193511963e-01,2.224358469247817993e-01
-3.283370622480865109e+01,2.309648755293694578e+01,1.727156494140625000e+03,4.485339224338531494e-01,1.739200000000000190e-01,3.950897157192230225e-01,2.579126656055450439e-01
-3.282470352118188828e+01,2.312019266173549070e+01,2.714600097656250000e+03,3.602904379367828369e-01,1.739300000000000013e-01,4.385774135589599609e-01,3.126919269561767578e-01
-3.283684621335448384e+01,2.313397594235257770e+01,2.953281005859375000e+03,4.919249117374420166e-01,1.739400000000000113e-01,3.744902610778808594e-01,2.703486382961273193e-01
-3.282697595850909522e+01,2.316634179859805442e+01,2.968398437500000000e+03,5.983621478080749512e-01,1.739500000000000213e-01,4.134003221988677979e-01,2.986537814140319824e-01
-3.282922989450983664e+01,2.319395856448219106e+01,1.744174194335937500e+03,5.101651549339294434e-01,1.739600000000000035e-01,4.714602231979370117e-01,3.084957301616668701e-01
-3.282411111302521789e+01,2.322018904858459720e+01,5.115040039062500000e+03,6.396073698997497559e-01,1.739700000000000135e-01,4.819125533103942871e-01,3.693785369396209717e-01
-3.282695806302738362e+01,2.324006449790169881e+01,2.643425048828125000e+03,7.891947627067565918e-01,1.739800000000000235e-01,4.056946039199829102e-01,2.880488932132720947e-01
-3.282516274574300752e+01,2.327086647093970129e+01,1.247339233398437500e+03,8.244521021842956543e-01,1.739900000000000058e-01,4.127899706363677979e-01,2.454767078161239624e-01
-3.282880627469793211e+01,2.329626642988782947e+01,1.367753051757812500e+03,5.080301165580749512e-01,1.740000000000000158e-01,5.341740846633911133e-01,3.271878361701965332e-01
-3.282237161913246837e+01,2.331446147405477376e+01,1.618802124023437500e+03,5.527622103691101074e-01,1.740100000000000258e-01,4.459779560565948486e-01,2.864467203617095947e-01
-3.282682722042699197e+01,2.334423331138327740e+01,3.296513183593750000e+03,7.917696833610534668e-01,1.740200000000000080e-01,4.511659741401672363e-01,3.305447697639465332e-01
-3.282639147053755124e+01,2.336982680978163884e+01,1.400312866210937500e+03,7.502300143241882324e-01,1.740300000000000180e-01,3.496946394443511963e-01,2.157219499349594116e-01
-3.283007274309986201e+01,2.339793391668875699e+01,2.342682373046875000e+03,5.962497591972351074e-01,1.740400000000000280e-01,3.934112191200256348e-01,2.737055718898773193e-01
-3.283112315819634830e+01,2.341849145273249633e+01,1.962183959960937500e+03,4.769403040409088135e-01,1.740500000000000103e-01,2.870570719242095947e-01,1.929099708795547485e-01
-3.282950322790266284e+01,2.344564800399816917e+01,2.138580810546875000e+03,4.151410162448883057e-01,1.740600000000000203e-01,3.184140026569366455e-01,2.177819013595581055e-01
-3.283224607885755120e+01,2.346562921876773444e+01,1.975505981445312500e+03,3.232950270175933838e-01,1.740700000000000025e-01,4.521577954292297363e-01,3.042995631694793701e-01
-3.282764459367721344e+01,2.348954679874518803e+01,1.753941772460937500e+03,3.683048784732818604e-01,1.740800000000000125e-01,6.007789373397827148e-01,3.936401009559631348e-01
-3.283175987171655663e+01,2.351457722943284168e+01,2.382456054687500000e+03,9.166986346244812012e-01,1.740900000000000225e-01,5.468389391899108887e-01,3.815856277942657471e-01
-3.282839122436771362e+01,2.353179722835968590e+01,2.339214111328125000e+03,1.029209613800048828e+00,1.741000000000000048e-01,5.447790026664733887e-01,3.789153397083282471e-01
-3.283572968483184695e+01,2.355889555517055101e+01,2.748662109375000000e+03,9.144789576530456543e-01,1.741100000000000148e-01,4.655092954635620117e-01,3.325284421443939209e-01
-3.283240632273000159e+01,2.357509820507394949e+01,2.553695800781250000e+03,9.433645606040954590e-01,1.741200000000000248e-01,4.804629385471343994e-01,3.392423093318939209e-01
-3.284479235252988616e+01,2.358873680712038379e+01,1.204642944335937500e+03,7.490593791007995605e-01,1.741300000000000070e-01,2.013023495674133301e-01,1.182942166924476624e-01
-3.283850027503270042e+01,2.360351292920432087e+01,-4.805463562011718750e+02,6.687957644462585449e-01,1.741400000000000170e-01,1.590734906494617462e-02,3.162395954132080078e-02
-3.283598751512856495e+01,2.362012249853405521e+01,-7.695270996093750000e+02,2.522486746311187744e-01,1.741500000000000270e-01,2.201088704168796539e-02,3.154766559600830078e-02
-3.283846409874294636e+01,2.362798726264855276e+01,9.896483764648437500e+02,1.299435049295425415e-01,1.741600000000000092e-01,4.459398239850997925e-02,2.429971471428871155e-02
