# x_coordinates, y_coordinates, TEP, TED, times, high, low
-3.888292998062984651e+01,1.789480534727093541e+01,2.209032958984375000e+03,1.342195421457290649e-01,8.818000000000000838e-02,4.402558803558349609e-01,3.030025660991668701e-01
-3.889282256965045548e+01,1.789037214974785073e+01,3.954011474609375000e+03,3.509658873081207275e-01,8.819000000000000450e-02,4.831332564353942871e-01,3.615202307701110840e-01
-3.889002745963765761e+01,1.788264568371737795e+01,5.277734375000000000e+03,4.964047968387603760e-01,8.820000000000000062e-02,5.399724841117858887e-01,4.149262011051177979e-01
-3.888547313494095192e+01,1.788637959862034421e+01,4.092323242187500000e+03,5.760688185691833496e-01,8.821000000000001062e-02,8.002120852470397949e-01,6.009315252304077148e-01
-3.888965883293763426e+01,1.788229040016356919e+01,3.515173583984375000e+03,8.001715540885925293e-01,8.822000000000000675e-02,5.857489705085754395e-01,4.325501620769500732e-01
-3.888146054040213073e+01,1.787833470725021101e+01,2.748848632812500000e+03,1.011403322219848633e+00,8.823000000000000287e-02,6.030678153038024902e-01,4.307954013347625732e-01
-3.888069915959042078e+01,1.788619327261552172e+01,2.568219970703125000e+03,6.866604685783386230e-01,8.824000000000001287e-02,6.389260888099670410e-01,4.515474438667297363e-01
-3.888565459728255291e+01,1.788519063198323522e+01,2.617013427734375000e+03,8.325642943382263184e-01,8.825000000000000899e-02,6.250405311584472656e-01,4.430787861347198486e-01
-3.888830583445901823e+01,1.789521433598229194e+01,1.809219116210937500e+03,8.062273859977722168e-01,8.826000000000000512e-02,5.636999607086181641e-01,3.720488548278808594e-01
-3.887558147133402286e+01,1.790674174391386231e+01,2.216094238281250000e+03,8.148998618125915527e-01,8.827000000000000124e-02,5.868934392929077148e-01,4.041687250137329102e-01
-3.888304326404999500e+01,1.791001428784153759e+01,2.494979003906250000e+03,7.124859690666198730e-01,8.828000000000001124e-02,6.560922861099243164e-01,4.614656865596771240e-01
-3.887816996174442608e+01,1.791618074417723960e+01,3.538115478515625000e+03,8.624452948570251465e-01,8.829000000000000736e-02,6.735636591911315918e-01,4.977817535400390625e-01
-3.887588584412830528e+01,1.793385805936397048e+01,3.082693359375000000e+03,9.366733431816101074e-01,8.830000000000000349e-02,6.621195077896118164e-01,4.808444380760192871e-01
-3.887681438674180612e+01,1.794843273090369706e+01,1.905545166015625000e+03,1.043365716934204102e+00,8.831000000000001349e-02,6.979015469551086426e-01,4.660433530807495117e-01
-3.887600674991926297e+01,1.796382714582467699e+01,1.965998657226562500e+03,1.013289213180541992e+00,8.832000000000000961e-02,6.337381005287170410e-01,4.260651767253875732e-01
-3.887473043272964901e+01,1.797920160616945040e+01,2.644799560546875000e+03,9.604210257530212402e-01,8.833000000000000573e-02,7.941848635673522949e-01,5.639288425445556641e-01
-3.887704327824976502e+01,1.800068990774115818e+01,2.658963134765625000e+03,9.683079123497009277e-01,8.834000000000000186e-02,7.117108106613159180e-01,5.057926177978515625e-01
-3.887625126982023005e+01,1.801619884381015879e+01,1.581443603515625000e+03,1.184688329696655273e+00,8.835000000000001186e-02,5.856726765632629395e-01,3.738799095153808594e-01
-3.887906096060120120e+01,1.802576261588063389e+01,3.251991943359375000e+03,1.002811908721923828e+00,8.836000000000000798e-02,6.927134990692138672e-01,5.066318511962890625e-01
-3.887919135801394077e+01,1.804711921007040232e+01,2.735532714843750000e+03,8.274740576744079590e-01,8.837000000000000410e-02,5.963538885116577148e-01,4.256836771965026855e-01
-3.887356786092203720e+01,1.806470240827786000e+01,5.609668457031250000e+03,1.023588895797729492e+00,8.838000000000001410e-02,6.850841045379638672e-01,5.289098024368286133e-01
-3.887419812708319711e+01,1.808241002093081562e+01,4.658218261718750000e+03,8.178395628929138184e-01,8.839000000000001023e-02,6.841685771942138672e-01,5.202122330665588379e-01
-3.887728486617629642e+01,1.809960425516233329e+01,4.439182617187500000e+03,1.100352525711059570e+00,8.840000000000000635e-02,7.133129835128784180e-01,5.399724841117858887e-01
-3.887469862821791367e+01,1.811409287009072600e+01,2.477608398437500000e+03,1.155079126358032227e+00,8.841000000000000247e-02,7.017162442207336426e-01,4.929752051830291748e-01
-3.887520864495402861e+01,1.813137567600173483e+01,1.963207519531250000e+03,1.054015874862670898e+00,8.842000000000001247e-02,5.872749090194702148e-01,3.947082459926605225e-01
-3.887350326377407583e+01,1.814225319718964968e+01,1.954301391601562500e+03,9.818083643913269043e-01,8.843000000000000860e-02,6.302285194396972656e-01,4.231659770011901855e-01
-3.887242831214300054e+01,1.816106554676068541e+01,6.717012207031250000e+03,8.257705569267272949e-01,8.844000000000000472e-02,5.442449450492858887e-01,4.253785014152526855e-01
-3.888005452822485353e+01,1.816834843906777053e+01,1.817321289062500000e+03,7.158762812614440918e-01,8.845000000000000084e-02,5.556128025054931641e-01,3.670897185802459717e-01
-3.887205389818721102e+01,1.818151620359699905e+01,1.808163818359375000e+03,6.557208895683288574e-01,8.846000000000001084e-02,6.241250038146972656e-01,4.118744432926177979e-01
-3.887100524679658520e+01,1.819994776856915308e+01,2.362583984375000000e+03,6.854409575462341309e-01,8.847000000000000697e-02,5.613348484039306641e-01,3.911224007606506348e-01
-3.887465026674451707e+01,1.821340789646229297e+01,4.629450683593750000e+03,8.578903079032897949e-01,8.848000000000000309e-02,5.847571492195129395e-01,4.443757832050323486e-01
-3.887937797653344774e+01,1.822867471947400020e+01,9.684293945312500000e+03,7.209975123405456543e-01,8.849000000000001309e-02,6.014655828475952148e-01,4.791659414768218994e-01
-3.887268120841722663e+01,1.824589451956622099e+01,2.844856933593750000e+03,9.049076437950134277e-01,8.850000000000000921e-02,6.623483896255493164e-01,4.755801260471343994e-01
-3.887834520987244247e+01,1.825903796082755548e+01,2.460548583984375000e+03,9.219676852226257324e-01,8.851000000000000534e-02,6.956890225410461426e-01,4.881686568260192871e-01
-3.887680954413622203e+01,1.826719005377025340e+01,1.934265136718750000e+03,1.098867177963256836e+00,8.852000000000000146e-02,5.443975329399108887e-01,3.647246062755584717e-01
-3.888062876361450293e+01,1.828239655682394016e+01,1.840997802734375000e+03,9.216577410697937012e-01,8.853000000000001146e-02,5.735419392585754395e-01,3.800597488880157471e-01
-3.888122000969674730e+01,1.829881790551678833e+01,2.459176757812500000e+03,6.811839938163757324e-01,8.854000000000000759e-02,5.842993855476379395e-01,4.099670648574829102e-01
-3.888483724672934017e+01,1.831640636014878254e+01,2.258277099609375000e+03,7.435638308525085449e-01,8.855000000000000371e-02,6.856181621551513672e-01,4.738253653049468994e-01
-3.888861860667074666e+01,1.832851179419718335e+01,3.654730957031250000e+03,8.848661780357360840e-01,8.856000000000001371e-02,5.889533758163452148e-01,4.368989467620849609e-01
-3.887964707130546316e+01,1.834523578810247457e+01,2.877678222656250000e+03,9.236461520195007324e-01,8.857000000000000983e-02,6.418252587318420410e-01,4.616182744503021240e-01
-3.888334701214992606e+01,1.835426914006218979e+01,2.812199707031250000e+03,9.135825037956237793e-01,8.858000000000000596e-02,5.994056463241577148e-01,4.296509921550750732e-01
-3.888416221328234457e+01,1.836342737390054936e+01,1.894011108398437500e+03,1.049036502838134766e+00,8.859000000000000208e-02,6.401467919349670410e-01,4.269044101238250732e-01
-3.888093223454042402e+01,1.839002467328391788e+01,2.245512207031250000e+03,8.841652274131774902e-01,8.860000000000001208e-02,5.435582995414733887e-01,3.752532005310058594e-01
-3.887870741422004528e+01,1.840408184484096310e+01,2.522954833984375000e+03,8.388621211051940918e-01,8.861000000000000820e-02,6.468606591224670410e-01,4.558199048042297363e-01
-3.888904990688307350e+01,1.841994983924984552e+01,2.559722412109375000e+03,7.732850909233093262e-01,8.862000000000000433e-02,5.463811755180358887e-01,3.859343826770782471e-01
-3.887922097269582622e+01,1.843977932810284059e+01,2.898643310546875000e+03,9.663946032524108887e-01,8.863000000000000045e-02,6.904246807098388672e-01,4.970951080322265625e-01
-3.887815629347876722e+01,1.845230178282620770e+01,7.301208496093750000e+03,7.124025225639343262e-01,8.864000000000001045e-02,8.582720160484313965e-01,6.741740107536315918e-01
-3.888963755086465568e+01,1.846961810664017634e+01,3.191872558593750000e+03,1.175169467926025391e+00,8.865000000000000657e-02,6.269478797912597656e-01,4.574221074581146240e-01
-3.888611784420671569e+01,1.849289219039453158e+01,5.632013671875000000e+03,1.532036781311035156e+00,8.866000000000000270e-02,5.212803483009338379e-01,4.025665521621704102e-01
-3.888719539068650022e+01,1.850591465057867069e+01,5.678490234375000000e+03,7.540351748466491699e-01,8.867000000000001270e-02,6.724192500114440918e-01,5.196018815040588379e-01
-3.888517348258125139e+01,1.852577938147712544e+01,2.348250000000000000e+03,8.653253912925720215e-01,8.868000000000000882e-02,6.199288368225097656e-01,4.314820468425750732e-01
-3.888512970851384409e+01,1.853975386497595323e+01,2.448569091796875000e+03,9.934217333793640137e-01,8.869000000000000494e-02,6.565500497817993164e-01,4.603212773799896240e-01
-3.887947756136887278e+01,1.855213310878985311e+01,2.959930664062500000e+03,9.401041865348815918e-01,8.870000000000000107e-02,7.034710049629211426e-01,5.080052018165588379e-01
-3.888925073476949024e+01,1.857029307448032540e+01,6.236664550781250000e+03,9.347636103630065918e-01,8.871000000000001107e-02,6.968334317207336426e-01,5.420324206352233887e-01
-3.888778647310135739e+01,1.858240256620425868e+01,1.589884033203125000e+03,1.264732599258422852e+00,8.872000000000000719e-02,6.837871074676513672e-01,4.371278285980224609e-01
-3.888715307229053764e+01,1.859997016871177067e+01,2.650380126953125000e+03,1.183380603790283203e+00,8.873000000000000331e-02,6.797435283660888672e-01,4.828280806541442871e-01
-3.888719060648362813e+01,1.862118155563289434e+01,3.622998046875000000e+03,1.017522335052490234e+00,8.874000000000001331e-02,5.141850113868713379e-01,3.810515701770782471e-01
-3.888515854170066177e+01,1.863185201773577759e+01,5.416395019531250000e+03,8.499342799186706543e-01,8.875000000000000944e-02,6.982067227363586426e-01,5.376073122024536133e-01
-3.889145222118770562e+01,1.864106012939864243e+01,3.195339355468750000e+03,9.419841170310974121e-01,8.876000000000000556e-02,5.916236639022827148e-01,4.317109286785125732e-01
-3.888260181488274725e+01,1.865705706046680845e+01,3.782466064453125000e+03,9.095925688743591309e-01,8.877000000000000168e-02,5.701849460601806641e-01,4.246155619621276855e-01
-3.888907990365597556e+01,1.867756422262317884e+01,2.559927001953125000e+03,8.690637946128845215e-01,8.878000000000001168e-02,6.116127371788024902e-01,4.320161044597625732e-01
-3.888840374445116055e+01,1.869549836702472234e+01,2.025854370117187500e+03,8.970398306846618652e-01,8.879000000000000781e-02,6.215310096740722656e-01,4.204956889152526855e-01
-3.888718367874160009e+01,1.871119624768176593e+01,1.520127441406250000e+03,1.000542163848876953e+00,8.880000000000000393e-02,5.790351033210754395e-01,3.657164275646209717e-01
-3.888638250512433103e+01,1.872609500589041787e+01,1.949838745117187500e+03,8.796734213829040527e-01,8.881000000000001393e-02,6.254220008850097656e-01,4.197327494621276855e-01
-3.888864069031402693e+01,1.874469877463233658e+01,4.051561767578125000e+03,6.730431914329528809e-01,8.882000000000001005e-02,6.431985497474670410e-01,4.825229048728942871e-01
-3.888826669135252700e+01,1.875588997329797891e+01,3.360756103515625000e+03,7.159966826438903809e-01,8.883000000000000618e-02,6.374765038490295410e-01,4.681795835494995117e-01
-3.887759650956448354e+01,1.877598174789913088e+01,2.527818115234375000e+03,9.467286467552185059e-01,8.884000000000000230e-02,6.217598915100097656e-01,4.382722377777099609e-01
-3.888756083836722865e+01,1.879246075829525608e+01,2.597373535156250000e+03,8.832651972770690918e-01,8.885000000000001230e-02,6.404519677162170410e-01,4.534547924995422363e-01
-3.888568519605405527e+01,1.880274422746475338e+01,1.471400756835937500e+03,7.745308279991149902e-01,8.886000000000000842e-02,6.914927959442138672e-01,4.327790439128875732e-01
-3.888250185332618969e+01,1.882494911873375898e+01,2.057837646484375000e+03,9.382731318473815918e-01,8.887000000000000455e-02,5.599615573883056641e-01,3.800597488880157471e-01
-3.888950150293655383e+01,1.883465394129315840e+01,1.333221435546875000e+03,8.836526274681091309e-01,8.888000000000000067e-02,5.507299304008483887e-01,3.346646726131439209e-01
-3.888493406572852962e+01,1.885601954014307324e+01,2.401221679687500000e+03,6.878430247306823730e-01,8.889000000000001067e-02,5.883430242538452148e-01,4.111115038394927979e-01
-3.888649079622292248e+01,1.886691581458858025e+01,1.403318725585937500e+03,7.166952490806579590e-01,8.890000000000000679e-02,6.480813622474670410e-01,4.000488221645355225e-01
-3.888790161422180347e+01,1.889463733122762434e+01,2.090547363281250000e+03,7.049829363822937012e-01,8.891000000000000292e-02,7.107952237129211426e-01,4.839724898338317871e-01
-3.888873286250828443e+01,1.890244199218573939e+01,2.204655761718750000e+03,8.371860384941101074e-01,8.892000000000001292e-02,6.663157343864440918e-01,4.584139287471771240e-01
-3.888808562983080463e+01,1.892098053985109729e+01,-6.602219726562500000e+03,1.115875959396362305e+00,8.893000000000000904e-02,9.482992291450500488e-01,8.404954671859741211e-01
-3.889246494845615132e+01,1.893752597355819489e+01,4.170419921875000000e+03,1.205305576324462891e+00,8.894000000000000516e-02,7.731276154518127441e-01,5.817053914070129395e-01
-3.888904777246244748e+01,1.894978076314949789e+01,3.171083007812500000e+03,1.692888259887695312e+00,8.895000000000000129e-02,7.397870421409606934e-01,5.392858386039733887e-01
-3.889196605281427566e+01,1.897340655900315198e+01,2.174480712890625000e+03,1.257340431213378906e+00,8.896000000000001129e-02,6.303811073303222656e-01,4.325501620769500732e-01
-3.888861482099049027e+01,1.898682519873009511e+01,1.491259521484375000e+03,1.250611066818237305e+00,8.897000000000000741e-02,5.522558093070983887e-01,3.469480276107788086e-01
-3.888862126805695851e+01,1.900270068722806016e+01,2.056501464843750000e+03,8.511096835136413574e-01,8.898000000000000353e-02,6.215310096740722656e-01,4.217926859855651855e-01
-3.889023123467291043e+01,1.901739315906555916e+01,1.336773559570312500e+03,8.550054430961608887e-01,8.899000000000001354e-02,5.650732517242431641e-01,3.436673879623413086e-01
-3.888606568566831356e+01,1.903403590205957485e+01,3.331611328125000000e+03,7.915610671043395996e-01,8.900000000000000966e-02,5.725501179695129395e-01,4.200379252433776855e-01
-3.888776590190161642e+01,1.904916630192911953e+01,7.071725097656250000e+03,7.726818919181823730e-01,8.901000000000000578e-02,5.846808552742004395e-01,4.584139287471771240e-01
-3.888853841235761166e+01,1.907019064224882854e+01,1.606749877929687500e+03,7.793647646903991699e-01,8.902000000000000191e-02,6.327462196350097656e-01,4.056183099746704102e-01
-3.888914895044901954e+01,1.907379706477452430e+01,1.845619262695312500e+03,8.305806517601013184e-01,8.903000000000001191e-02,5.771277546882629395e-01,3.826537430286407471e-01
-3.888775111760413949e+01,1.909254424960132113e+01,2.390776611328125000e+03,7.174414992332458496e-01,8.904000000000000803e-02,7.304028868675231934e-01,5.099888443946838379e-01
-3.889042877576004997e+01,1.911159327925691187e+01,5.624076171875000000e+03,8.293945193290710449e-01,8.905000000000000415e-02,6.925609111785888672e-01,5.347844362258911133e-01
-3.888935448442065024e+01,1.912628202598553884e+01,2.235610839843750000e+03,1.010615348815917969e+00,8.906000000000001415e-02,6.141304373741149902e-01,4.236237406730651855e-01
-3.888637836835617634e+01,1.914594749075863689e+01,3.284668457031250000e+03,9.531373381614685059e-01,8.907000000000001028e-02,5.170078873634338379e-01,3.786101341247558594e-01
-3.888650771298176778e+01,1.915884143199049561e+01,3.255614990234375000e+03,7.335264086723327637e-01,8.908000000000000640e-02,6.441140770912170410e-01,4.711550474166870117e-01
-3.888479459863586385e+01,1.917908488155690705e+01,2.755899902343750000e+03,7.644326090812683105e-01,8.909000000000000252e-02,6.552530527114868164e-01,4.682558774948120117e-01
-3.887968236570451808e+01,1.920184785499786173e+01,2.064238281250000000e+03,1.111350774765014648e+00,8.910000000000001252e-02,7.098034024238586426e-01,4.820651412010192871e-01
-3.888211412333776451e+01,1.921290230820158129e+01,2.295852294921875000e+03,9.732896685600280762e-01,8.911000000000000865e-02,5.373784303665161133e-01,3.725066184997558594e-01
-3.888004565770191334e+01,1.922386507075745854e+01,2.440315673828125000e+03,8.464378714561462402e-01,8.912000000000000477e-02,6.232857704162597656e-01,4.367463588714599609e-01
-3.887932377482550095e+01,1.924138452541807354e+01,2.522368408203125000e+03,7.050079703330993652e-01,8.913000000000000089e-02,6.111549735069274902e-01,4.306428134441375732e-01
-3.888171797999047641e+01,1.926038410795642619e+01,1.824948974609375000e+03,8.923966288566589355e-01,8.914000000000001089e-02,5.122776627540588379e-01,3.387845456600189209e-01
-3.887884964546752542e+01,1.927476175643889889e+01,1.401502319335937500e+03,7.169002890586853027e-01,8.915000000000000702e-02,5.926917791366577148e-01,3.657164275646209717e-01
-3.888009563707659311e+01,1.929085479112488599e+01,2.653804199218750000e+03,6.139392256736755371e-01,8.916000000000000314e-02,5.688879489898681641e-01,4.041687250137329102e-01
-3.888270969866557181e+01,1.930781981344277654e+01,1.290859985351562500e+03,7.022232413291931152e-01,8.917000000000001314e-02,5.492040514945983887e-01,3.303158879280090332e-01
-3.887838266940021725e+01,1.932118621579078521e+01,1.986256835937500000e+03,6.448895335197448730e-01,8.918000000000000926e-02,6.966808438301086426e-01,4.694002866744995117e-01
-3.887764122933791811e+01,1.933844245424062791e+01,1.521061889648437500e+03,7.258600592613220215e-01,8.919000000000000539e-02,5.982612371444702148e-01,3.779234886169433594e-01
-3.887551958694712795e+01,1.935540246207817461e+01,1.345311035156250000e+03,9.057933688163757324e-01,8.920000000000000151e-02,6.644846796989440918e-01,4.049316644668579102e-01
-3.887900105412993668e+01,1.937076785176374827e+01,2.061979736328125000e+03,7.763606905937194824e-01,8.921000000000001151e-02,6.483865380287170410e-01,4.402558803558349609e-01
-3.888215099469498881e+01,1.938238384492912658e+01,3.583607666015625000e+03,8.918089270591735840e-01,8.922000000000000763e-02,6.024574637413024902e-01,4.459016621112823486e-01
-3.887999947224705011e+01,1.940425365587767814e+01,2.614766845703125000e+03,7.941634058952331543e-01,8.923000000000000376e-02,6.119942069053649902e-01,4.337708950042724609e-01
-3.888041151503586690e+01,1.941886831682749559e+01,1.970608276367187500e+03,7.759351134300231934e-01,8.924000000000001376e-02,6.663157343864440918e-01,4.481904804706573486e-01
-3.887956293123477280e+01,1.943594298817138721e+01,4.438421875000000000e+03,8.156186938285827637e-01,8.925000000000000988e-02,6.325936317443847656e-01,4.788607656955718994e-01
-3.887272268286736931e+01,1.945606698845940130e+01,2.589348144531250000e+03,9.383386969566345215e-01,8.926000000000000600e-02,5.913947820663452148e-01,4.185120463371276855e-01
-3.887449410414497208e+01,1.947765663517599677e+01,2.037693237304687500e+03,9.957773089408874512e-01,8.927000000000000213e-02,5.909370183944702148e-01,4.002777040004730225e-01
-3.888372258032921991e+01,1.949394226115622430e+01,3.861839355468750000e+03,8.442575335502624512e-01,8.928000000000001213e-02,6.585336923599243164e-01,4.915256202220916748e-01
-3.888271474291359198e+01,1.950686728357172228e+01,2.796564941406250000e+03,8.598119616508483887e-01,8.929000000000000825e-02,7.349805235862731934e-01,5.263921022415161133e-01
-3.888403507102204060e+01,1.952445728944790915e+01,2.183752441406250000e+03,1.009759426116943359e+00,8.930000000000000437e-02,6.190896034240722656e-01,4.251496195793151855e-01
-3.889010068771851536e+01,1.953659651830733424e+01,2.753057128906250000e+03,1.159339666366577148e+00,8.931000000000000050e-02,5.929969549179077148e-01,4.237000346183776855e-01
-3.888966471656871704e+01,1.955481656949189073e+01,3.051131103515625000e+03,8.835644125938415527e-01,8.932000000000001050e-02,6.610513925552368164e-01,4.793948233127593994e-01
-3.887987807864305978e+01,1.957065219435933656e+01,2.506501220703125000e+03,8.719546198844909668e-01,8.933000000000000662e-02,6.410623192787170410e-01,4.512422680854797363e-01
-3.888727430014757402e+01,1.958755487722107702e+01,2.534807373046875000e+03,1.000922441482543945e+00,8.934000000000000274e-02,5.789588093757629395e-01,4.082885980606079102e-01
-3.888379756447934454e+01,1.959980548523889610e+01,3.554155029296875000e+03,8.719295859336853027e-01,8.935000000000001275e-02,8.537706732749938965e-01,6.312966346740722656e-01
-3.888455825877203154e+01,1.962018834157970915e+01,3.450165283203125000e+03,8.994788527488708496e-01,8.936000000000000887e-02,7.362775206565856934e-01,5.424901843070983887e-01
-3.888290137203513552e+01,1.964088188517196443e+01,3.702052001953125000e+03,1.290370941162109375e+00,8.937000000000000499e-02,8.917651772499084473e-01,6.625009775161743164e-01
-3.888740901564333541e+01,1.965020063794096217e+01,1.930799804687500000e+03,1.250897169113159180e+00,8.938000000000000111e-02,7.587843537330627441e-01,5.081577897071838379e-01
-3.888669108799738439e+01,1.967134198442786541e+01,1.914550170898437500e+03,1.386590719223022461e+00,8.939000000000001112e-02,6.139778494834899902e-01,4.104248583316802979e-01
-3.888722760709111270e+01,1.968892477055173984e+01,2.954958984375000000e+03,1.004138708114624023e+00,8.940000000000000724e-02,6.780650019645690918e-01,4.895419776439666748e-01
-3.888843389379206172e+01,1.971123761452594536e+01,2.558517578125000000e+03,8.261138796806335449e-01,8.941000000000000336e-02,6.408334374427795410e-01,4.526155591011047363e-01
-3.889190456757864212e+01,1.971614257268185355e+01,3.035967285156250000e+03,1.056596755981445312e+00,8.942000000000001336e-02,5.952857732772827148e-01,4.314057528972625732e-01
-3.888666364568605616e+01,1.973626403962896703e+01,6.918761230468750000e+03,9.837622046470642090e-01,8.943000000000000949e-02,5.664465427398681641e-01,4.435365498065948486e-01
-3.888896208821713429e+01,1.974950191134728783e+01,3.927056884765625000e+03,8.399063944816589355e-01,8.944000000000000561e-02,6.369424462318420410e-01,4.762667715549468994e-01
-3.889133222441919457e+01,1.977364589019480334e+01,8.193560546875000000e+03,8.399791121482849121e-01,8.945000000000000173e-02,6.348825097084045410e-01,5.018253326416015625e-01
-3.888598282702667319e+01,1.978200321180785792e+01,5.588059082031250000e+03,9.268946051597595215e-01,8.946000000000001173e-02,7.078197598457336426e-01,5.463048815727233887e-01
-3.888515296105799024e+01,1.979991874940655450e+01,4.882733398437500000e+03,9.880108237266540527e-01,8.947000000000000786e-02,6.842448711395263672e-01,5.224247574806213379e-01
-3.888926950078280242e+01,1.982230423579087031e+01,1.806001464843750000e+03,1.065754413604736328e+00,8.948000000000000398e-02,6.370187401771545410e-01,4.202668070793151855e-01
-3.888335922287087243e+01,1.982724200511904655e+01,2.490703857421875000e+03,1.187151193618774414e+00,8.949000000000001398e-02,5.893348455429077148e-01,4.143921434879302979e-01
-3.888610979853233829e+01,1.984646748314224851e+01,4.697672363281250000e+03,8.531135916709899902e-01,8.950000000000001010e-02,6.621958017349243164e-01,5.038852691650390625e-01
-3.889061133155119876e+01,1.986146148014381652e+01,2.015281372070312500e+03,8.912486433982849121e-01,8.951000000000000623e-02,5.768225789070129395e-01,3.898254036903381348e-01
-3.889078388386180762e+01,1.988135181700639009e+01,2.502719970703125000e+03,8.562285304069519043e-01,8.952000000000000235e-02,6.921794414520263672e-01,4.871005415916442871e-01
-3.888368436007480966e+01,1.989787455448967179e+01,2.596054931640625000e+03,8.365387320518493652e-01,8.953000000000001235e-02,6.431985497474670410e-01,4.553621411323547363e-01
-3.889009745684353447e+01,1.991463161313816244e+01,1.688967895507812500e+03,1.159860610961914062e+00,8.954000000000000847e-02,5.898689031600952148e-01,3.829589188098907471e-01
-3.889445158843119543e+01,1.993619713899079215e+01,2.238573486328125000e+03,8.008903861045837402e-01,8.955000000000000460e-02,6.063484549522399902e-01,4.183594584465026855e-01
-3.888288330432252593e+01,1.995345204832479880e+01,1.071005859375000000e+03,8.595270514488220215e-01,8.956000000000000072e-02,5.678961277008056641e-01,3.195584118366241455e-01
-3.888618308677760638e+01,1.996012061681791749e+01,1.738981933593750000e+03,7.806331515312194824e-01,8.957000000000001072e-02,5.078526139259338379e-01,3.320706784725189209e-01
-3.888682623515631320e+01,1.998158464961734637e+01,1.775140258789062500e+03,7.562667727470397949e-01,8.958000000000000684e-02,5.030460357666015625e-01,3.305447697639465332e-01
-3.888298071105535314e+01,1.999608692870075899e+01,1.464240600585937500e+03,7.586616873741149902e-01,8.959000000000000297e-02,5.806372761726379395e-01,3.628935217857360840e-01
-3.888207047536330663e+01,2.001165771914931923e+01,1.087497924804687500e+03,5.753368735313415527e-01,8.960000000000001297e-02,5.766699910163879395e-01,3.264248967170715332e-01
-3.888549480024268235e+01,2.002342244684875894e+01,1.428878295898437500e+03,7.245058417320251465e-01,8.961000000000000909e-02,5.648443698883056641e-01,3.505338728427886963e-01
-3.888278750609397605e+01,2.004377616095253245e+01,3.691676269531250000e+03,5.522806048393249512e-01,8.962000000000000521e-02,6.235146522521972656e-01,4.630678594112396240e-01
-3.888842922246927714e+01,2.005684711742775761e+01,1.411264160156250000e+03,7.370657324790954590e-01,8.963000000000000134e-02,5.588934421539306641e-01,3.455747365951538086e-01
-3.888822893384769941e+01,2.007457512463392035e+01,2.746508056640625000e+03,7.174999117851257324e-01,8.964000000000001134e-02,5.662939548492431641e-01,4.044739007949829102e-01
-3.889247822719367775e+01,2.009132315381834744e+01,2.352270751953125000e+03,6.546062827110290527e-01,8.965000000000000746e-02,4.442994892597198486e-01,3.093349933624267578e-01
-3.888911881520260749e+01,2.010067189328095694e+01,1.744910522460937500e+03,6.749433875083923340e-01,8.966000000000000358e-02,5.569860935211181641e-01,3.644957244396209717e-01
-3.888767119027642138e+01,2.013247617987657634e+01,1.831807128906250000e+03,5.433411002159118652e-01,8.967000000000001358e-02,5.253239870071411133e-01,3.477109968662261963e-01
-3.888986927204447142e+01,2.014300604518388127e+01,2.190692871093750000e+03,6.224269270896911621e-01,8.968000000000000971e-02,6.077217459678649902e-01,4.175964891910552979e-01
-3.888864127476657728e+01,2.014723810272554161e+01,1.949913940429687500e+03,6.918866038322448730e-01,8.969000000000000583e-02,5.904029607772827148e-01,3.962341248989105225e-01
-3.889125341438322891e+01,2.016957288857977204e+01,4.014363281250000000e+03,7.653624415397644043e-01,8.970000000000000195e-02,6.718088984489440918e-01,5.035037994384765625e-01
-3.889555902048994085e+01,2.019078341714198643e+01,5.029409179687500000e+03,8.775348067283630371e-01,8.971000000000001195e-02,6.625009775161743164e-01,5.070896148681640625e-01
-3.888822235959408857e+01,2.020667900016033158e+01,2.311458007812500000e+03,1.113622903823852539e+00,8.972000000000000808e-02,7.426099777221679688e-01,5.154057145118713379e-01
-3.889311161052715704e+01,2.022038486568614957e+01,2.297567382812500000e+03,1.092402458190917969e+00,8.973000000000000420e-02,7.313184142112731934e-01,5.070133209228515625e-01
-3.889555521282031236e+01,2.023846770272982454e+01,3.128794677734375000e+03,1.155448675155639648e+00,8.974000000000001420e-02,6.642557978630065918e-01,4.833621382713317871e-01
-3.889288568735862128e+01,2.025312382148765877e+01,3.796749511718750000e+03,1.058322906494140625e+00,8.975000000000001033e-02,7.737380266189575195e-01,5.764411091804504395e-01
-3.889234775378223929e+01,2.026985084908777068e+01,4.052999511718750000e+03,9.913498759269714355e-01,8.976000000000000645e-02,6.493784189224243164e-01,4.871768355369567871e-01
-3.888571810694459430e+01,2.028387999073707704e+01,4.250375976562500000e+03,1.232186079025268555e+00,8.977000000000000257e-02,5.057926177978515625e-01,3.812804520130157471e-01
-3.888722667071814243e+01,2.029570557591933877e+01,1.298827270507812500e+03,9.000546336174011230e-01,8.978000000000001257e-02,5.427953600883483887e-01,3.271115422248840332e-01
-3.888397630402408112e+01,2.031264595193059463e+01,1.568488525390625000e+03,6.934959292411804199e-01,8.979000000000000870e-02,4.930514991283416748e-01,3.140652179718017578e-01
-3.889208554061686840e+01,2.033100815415810203e+01,2.617227783203125000e+03,6.165403723716735840e-01,8.980000000000000482e-02,5.231114029884338379e-01,3.708281219005584717e-01
-3.889393772189888665e+01,2.033692959308666914e+01,1.580456298828125000e+03,5.443412661552429199e-01,8.981000000000000094e-02,5.199070572853088379e-01,3.318417668342590332e-01
-3.888612589901445205e+01,2.035746033217068174e+01,1.861251220703125000e+03,5.735928416252136230e-01,8.982000000000001094e-02,5.738471150398254395e-01,3.812041580677032471e-01
-3.888634155354173316e+01,2.037353515536546311e+01,5.120867675781250000e+03,5.757624506950378418e-01,8.983000000000000707e-02,6.088661551475524902e-01,4.667299985885620117e-01
-3.888700987620279648e+01,2.038500419241481154e+01,2.368820068359375000e+03,6.566352248191833496e-01,8.984000000000000319e-02,6.898906230926513672e-01,4.809207320213317871e-01
-3.888955118397190347e+01,2.040488081918476126e+01,1.555545776367187500e+03,1.042491912841796875e+00,8.985000000000001319e-02,6.113075613975524902e-01,3.885284066200256348e-01
-3.888333287260586957e+01,2.043048225173746957e+01,2.957366943359375000e+03,1.062272310256958008e+00,8.986000000000000931e-02,5.865882635116577148e-01,4.235474467277526855e-01
-3.888911275200401008e+01,2.044690578700670613e+01,1.389723266601562500e+03,8.550423979759216309e-01,8.987000000000000544e-02,5.676672458648681641e-01,3.493894636631011963e-01
-3.889004987338040564e+01,2.046110543831514050e+01,3.564957763671875000e+03,8.082396388053894043e-01,8.988000000000000156e-02,6.869914531707763672e-01,5.081577897071838379e-01
-3.889253966499284587e+01,2.047548205362632245e+01,6.332956054687500000e+03,7.365960478782653809e-01,8.989000000000001156e-02,7.720595002174377441e-01,6.011604070663452148e-01
-3.888683200866659462e+01,2.049750298068421017e+01,1.588408203125000000e+03,1.184739589691162109e+00,8.990000000000000768e-02,6.143593192100524902e-01,3.926482796669006348e-01
-3.888622277591115761e+01,2.050470405277216202e+01,2.523773437500000000e+03,9.562105536460876465e-01,8.991000000000000381e-02,6.448770165443420410e-01,4.544466137886047363e-01
-3.888140402308228971e+01,2.052589614288277176e+01,1.857728881835937500e+03,7.993323206901550293e-01,8.992000000000001381e-02,5.892585515975952148e-01,3.912749886512756348e-01
-3.887960527236855057e+01,2.053768155497229841e+01,1.583048828125000000e+03,7.450324892997741699e-01,8.993000000000000993e-02,6.190896034240722656e-01,3.953185975551605225e-01
-3.889144505439985977e+01,2.055484268409469450e+01,3.141887939453125000e+03,7.440776228904724121e-01,8.994000000000000605e-02,6.052040457725524902e-01,4.406373500823974609e-01
-3.888594308335489558e+01,2.057393030992494332e+01,3.647667236328125000e+03,8.365744948387145996e-01,8.995000000000000218e-02,6.299233436584472656e-01,4.671877622604370117e-01
-3.888549208817592273e+01,2.058082240906514926e+01,2.204076660156250000e+03,8.359510302543640137e-01,8.996000000000001218e-02,7.809096574783325195e-01,5.372258424758911133e-01
-3.888477528834808084e+01,2.060446943157846178e+01,2.616877197265625000e+03,9.299117922782897949e-01,8.997000000000000830e-02,6.847789287567138672e-01,4.854220747947692871e-01
-3.889472739679398927e+01,2.061873618394367469e+01,2.037524780273437500e+03,1.150693416595458984e+00,8.998000000000000442e-02,5.987190008163452148e-01,4.055420160293579102e-01
-3.888893544382182910e+01,2.064104428982778572e+01,1.720691528320312500e+03,1.014049768447875977e+00,8.999000000000000055e-02,6.144356131553649902e-01,4.007354676723480225e-01
-3.888873047266064020e+01,2.064743413446957021e+01,1.099946044921875000e+03,8.218330740928649902e-01,9.000000000000001055e-02,5.157871842384338379e-01,2.932369112968444824e-01
-3.889122187957145371e+01,2.066746586412600095e+01,1.141371704101562500e+03,6.836146712303161621e-01,9.001000000000000667e-02,5.043430328369140625e-01,2.907191812992095947e-01
-3.888945645141901508e+01,2.068411708516809000e+01,1.090270507812500000e+03,4.960495531558990479e-01,9.002000000000000279e-02,5.231876969337463379e-01,2.964412569999694824e-01
-3.888530927870283449e+01,2.070414307993341296e+01,1.969667236328125000e+03,5.022711157798767090e-01,9.003000000000001279e-02,5.878852605819702148e-01,3.953948915004730225e-01
-3.888829153850136322e+01,2.071561709037764132e+01,2.516768554687500000e+03,5.258054137229919434e-01,9.004000000000000892e-02,6.039070487022399902e-01,4.253785014152526855e-01
-3.889030897037485346e+01,2.073594279155575038e+01,2.033820800781250000e+03,8.231062293052673340e-01,9.005000000000000504e-02,6.547189950942993164e-01,4.433076679706573486e-01
-3.888673684478009562e+01,2.075235534121946657e+01,1.946810791015625000e+03,9.942073225975036621e-01,9.006000000000000116e-02,5.262395143508911133e-01,3.530515730381011963e-01
-3.889111039081548427e+01,2.076515203502523477e+01,2.124227294921875000e+03,8.329517245292663574e-01,9.007000000000001116e-02,5.625555515289306641e-01,3.842559158802032471e-01
-3.889490458988952781e+01,2.078224478498658812e+01,1.647468505859375000e+03,6.391841769218444824e-01,9.008000000000000729e-02,5.511114001274108887e-01,3.555693030357360840e-01
-3.889494593486552532e+01,2.078930161194127280e+01,2.480265380859375000e+03,6.946284174919128418e-01,9.009000000000000341e-02,6.278634071350097656e-01,4.411714076995849609e-01
-3.889004635714422164e+01,2.081119681613547456e+01,1.442089355468750000e+03,6.540471911430358887e-01,9.010000000000001341e-02,5.814765095710754395e-01,3.618254065513610840e-01
-3.889723138533206992e+01,2.082613296177335727e+01,2.130109863281250000e+03,8.056682944297790527e-01,9.011000000000000953e-02,6.244301795959472656e-01,4.267518222332000732e-01
-3.889203335567178499e+01,2.083649590389235939e+01,1.571486572265625000e+03,7.090396285057067871e-01,9.012000000000000566e-02,6.249642372131347656e-01,3.982940614223480225e-01
-3.888973572041767568e+01,2.085794159554736282e+01,2.029057128906250000e+03,7.250160574913024902e-01,9.013000000000000178e-02,6.280922889709472656e-01,4.250733256340026855e-01
-3.888974694136283006e+01,2.087702443668395347e+01,1.998013061523437500e+03,8.545858263969421387e-01,9.014000000000001178e-02,7.514600753784179688e-01,5.069370269775390625e-01
-3.889557879426238429e+01,2.089109314378606541e+01,2.102814208984375000e+03,8.953148722648620605e-01,9.015000000000000790e-02,6.104683279991149902e-01,4.161469042301177979e-01
-3.889674853333285398e+01,2.090163924237706539e+01,1.382588623046875000e+03,9.355909228324890137e-01,9.016000000000000403e-02,6.533457040786743164e-01,4.014984071254730225e-01
-3.889488041235365756e+01,2.091957438656441681e+01,1.202707275390625000e+03,8.974141478538513184e-01,9.017000000000001403e-02,5.930732488632202148e-01,3.483213484287261963e-01
-3.889017853370035738e+01,2.094527974068245868e+01,1.428117553710937500e+03,7.973665595054626465e-01,9.018000000000001015e-02,6.457162499427795410e-01,4.006591737270355225e-01
-3.889194934724611130e+01,2.095878483355219046e+01,2.233243896484375000e+03,7.155866026878356934e-01,9.019000000000000627e-02,5.447790026664733887e-01,3.757109642028808594e-01
-3.888844900531243098e+01,2.097329982849887386e+01,2.966103515625000000e+03,7.310706973075866699e-01,9.020000000000000240e-02,6.295418739318847656e-01,4.547517895698547363e-01
-3.889292596781736933e+01,2.098555969523304299e+01,2.550587158203125000e+03,8.173758387565612793e-01,9.021000000000001240e-02,5.780432820320129395e-01,4.080597162246704102e-01
-3.888723015055614951e+01,2.100275147037305956e+01,2.122398681640625000e+03,8.085865378379821777e-01,9.022000000000000852e-02,7.384900450706481934e-01,5.043430328369140625e-01
-3.888626354084328085e+01,2.102102061078917572e+01,2.645997070312500000e+03,8.736068606376647949e-01,9.023000000000000465e-02,5.656073093414306641e-01,4.016509950160980225e-01
-3.889264303170403991e+01,2.103563186660352002e+01,1.771516967773437500e+03,9.466964602470397949e-01,9.024000000000000077e-02,6.950786113739013672e-01,4.565065503120422363e-01
-3.888913701547399882e+01,2.104696819444651368e+01,1.203532958984375000e+03,7.404918074607849121e-01,9.025000000000001077e-02,5.328007936477661133e-01,3.129971027374267578e-01
-3.888782073753518631e+01,2.107299860675730940e+01,1.911140014648437500e+03,8.267433047294616699e-01,9.026000000000000689e-02,5.693457126617431641e-01,3.804412186145782471e-01
-3.889018140267597090e+01,2.107995744961277040e+01,3.226267822265625000e+03,5.878466963768005371e-01,9.027000000000000302e-02,7.298688292503356934e-01,5.332585573196411133e-01
-3.889189949084693154e+01,2.109106166409341299e+01,2.195538085937500000e+03,8.593267798423767090e-01,9.028000000000001302e-02,5.221195816993713379e-01,3.589262366294860840e-01
-3.888908418324702865e+01,2.111647456786583632e+01,1.714480590820312500e+03,9.290344119071960449e-01,9.029000000000000914e-02,5.875800848007202148e-01,3.828826248645782471e-01
-3.889053868525704161e+01,2.113528695931400847e+01,1.965980957031250000e+03,6.828207373619079590e-01,9.030000000000000526e-02,5.662176609039306641e-01,3.806701004505157471e-01
-3.889393719879184630e+01,2.114859116798949046e+01,1.857689697265625000e+03,7.400769591331481934e-01,9.031000000000000139e-02,5.981086492538452148e-01,3.971496522426605225e-01
-3.888871450177921929e+01,2.116595550315754437e+01,2.202812255859375000e+03,7.294589877128601074e-01,9.032000000000001139e-02,7.081249356269836426e-01,4.871005415916442871e-01
-3.888856931503764258e+01,2.118123463772532133e+01,2.342030273437500000e+03,8.162266612052917480e-01,9.033000000000000751e-02,7.619124054908752441e-01,5.300542116165161133e-01
-3.889666242119175621e+01,2.120056184901007157e+01,2.126390380859375000e+03,1.076526165008544922e+00,9.034000000000000363e-02,6.302285194396972656e-01,4.305665194988250732e-01
-3.889461224311813226e+01,2.121584674539598581e+01,2.335607666015625000e+03,9.919494986534118652e-01,9.035000000000001363e-02,6.255745887756347656e-01,4.349915981292724609e-01
-3.889269399849275999e+01,2.122431716780375055e+01,1.052939648437500000e+04,8.563095927238464355e-01,9.036000000000000976e-02,6.862285137176513672e-01,5.485936999320983887e-01
-3.889140227912864844e+01,2.124402734852130692e+01,2.860867675781250000e+03,1.047452211380004883e+00,9.037000000000000588e-02,7.204083204269409180e-01,5.176945328712463379e-01
-3.889656130408555867e+01,2.126489882012795007e+01,4.847780761718750000e+03,1.137187004089355469e+00,9.038000000000000200e-02,6.387735009193420410e-01,4.874057173728942871e-01
-3.889238486418914675e+01,2.128130641489441643e+01,2.754407226562500000e+03,1.065115451812744141e+00,9.039000000000001200e-02,6.767680048942565918e-01,4.835910201072692871e-01
-3.888968802520327017e+01,2.129177728404768644e+01,1.833863891601562500e+03,9.594733119010925293e-01,9.040000000000000813e-02,6.940104961395263672e-01,4.594820439815521240e-01
-3.889346955328976918e+01,2.130747151705557840e+01,1.651348999023437500e+03,9.510452151298522949e-01,9.041000000000000425e-02,5.792639851570129395e-01,3.739562034606933594e-01
-3.889210097653257492e+01,2.132133443399614237e+01,1.232114013671875000e+03,9.963912367820739746e-01,9.042000000000001425e-02,5.135746598243713379e-01,3.041469752788543701e-01
-3.889244257882448608e+01,2.133622683108423246e+01,1.876310302734375000e+03,6.430107951164245605e-01,9.043000000000001037e-02,5.756781697273254395e-01,3.831115067005157471e-01
-3.889355637569816082e+01,2.135390550233551465e+01,1.626854101562500000e+04,5.190402865409851074e-01,9.044000000000000650e-02,6.167244315147399902e-01,4.999942779541015625e-01
-3.888752833276463150e+01,2.137377840890265901e+01,2.364946777343750000e+03,6.865269541740417480e-01,9.045000000000000262e-02,6.843974590301513672e-01,4.769534170627593994e-01
-3.888429801931587093e+01,2.138790488957723213e+01,3.842407958984375000e+03,8.109576106071472168e-01,9.046000000000001262e-02,6.721903681755065918e-01,5.014438629150390625e-01
-3.889834154992058046e+01,2.140195275366434302e+01,1.684554199218750000e+03,1.118040800094604492e+00,9.047000000000000874e-02,6.371713280677795410e-01,4.134003221988677979e-01
-3.889450774331330507e+01,2.141816289489229064e+01,2.473001708984375000e+03,9.824592471122741699e-01,9.048000000000000487e-02,7.524518966674804688e-01,5.284520387649536133e-01
-3.889413631363366619e+01,2.143696491331593279e+01,7.960206054687500000e+03,8.572143912315368652e-01,9.049000000000000099e-02,7.196453809738159180e-01,5.679724216461181641e-01
-3.888739640161574584e+01,2.146011070124501430e+01,2.435662109375000000e+03,1.045380353927612305e+00,9.050000000000001099e-02,6.666209101676940918e-01,4.669588804244995117e-01
-3.888818963337536161e+01,2.146915615280609657e+01,2.671616943359375000e+03,1.060010910034179688e+00,9.051000000000000711e-02,7.209423780441284180e-01,5.127354264259338379e-01
-3.888610434917484326e+01,2.148723418526215312e+01,2.202091552734375000e+03,1.031020402908325195e+00,9.052000000000000324e-02,6.554819345474243164e-01,4.508607983589172363e-01
-3.888991083900935308e+01,2.150540317198450779e+01,1.890400268554687500e+03,1.145926237106323242e+00,9.053000000000001324e-02,6.055092215538024902e-01,4.036346673965454102e-01
-3.889429601418427751e+01,2.151661239013304439e+01,1.498357299804687500e+03,8.800072073936462402e-01,9.054000000000000936e-02,5.746863484382629395e-01,3.615202307701110840e-01
-3.888685594291188607e+01,2.152473959422329841e+01,1.392671020507812500e+03,8.444637656211853027e-01,9.055000000000000548e-02,5.680487155914306641e-01,3.498472273349761963e-01
-3.888687700367593436e+01,2.154908527826211539e+01,1.892023559570312500e+03,7.301205992698669434e-01,9.056000000000000161e-02,5.988715887069702148e-01,3.992858827114105225e-01
-3.888566842226103404e+01,2.156407333867415232e+01,1.053566162109375000e+03,6.674033999443054199e-01,9.057000000000001161e-02,5.633947849273681641e-01,3.149807453155517578e-01
-3.889195054402125606e+01,2.157554896571319603e+01,1.517189575195312500e+03,7.330281138420104980e-01,9.058000000000000773e-02,6.223702430725097656e-01,3.928771615028381348e-01
-3.888240454984448036e+01,2.159187508304536252e+01,2.317956298828125000e+03,6.673223376274108887e-01,9.059000000000000385e-02,6.258797645568847656e-01,4.346101284027099609e-01
-3.888626295964869684e+01,2.160882972918618705e+01,1.554688232421875000e+03,7.847136855125427246e-01,9.060000000000001386e-02,6.322884559631347656e-01,4.018035829067230225e-01
-3.888745726250866142e+01,2.162679622012818470e+01,2.914436767578125000e+03,8.436662554740905762e-01,9.061000000000000998e-02,6.317543983459472656e-01,4.552095532417297363e-01
-3.888347473169783797e+01,2.163764629983583276e+01,2.396227050781250000e+03,8.220631480216979980e-01,9.062000000000000610e-02,6.569315195083618164e-01,4.588716924190521240e-01
-3.888329903541031030e+01,2.165980607036892636e+01,1.406537841796875000e+03,9.206516146659851074e-01,9.063000000000000222e-02,6.567789316177368164e-01,4.056946039199829102e-01
-3.888818203822706465e+01,2.167349390965663147e+01,2.173378417968750000e+03,8.372885584831237793e-01,9.064000000000001223e-02,6.547952890396118164e-01,4.492586255073547363e-01
-3.888441916817585309e+01,2.169694248420964300e+01,1.361313964843750000e+03,8.113164305686950684e-01,9.065000000000000835e-02,6.221413612365722656e-01,3.805175125598907471e-01
-3.888470879474147068e+01,2.171133934735223647e+01,1.712471679687500000e+03,8.796257376670837402e-01,9.066000000000000447e-02,6.054329276084899902e-01,3.944030404090881348e-01
-3.889093543307551926e+01,2.173015833988656098e+01,3.055442626953125000e+03,7.684356570243835449e-01,9.067000000000000060e-02,6.516672372817993164e-01,4.726809561252593994e-01
-3.888344259362286692e+01,2.174076951184454387e+01,1.926833374023437500e+03,8.649594187736511230e-01,9.068000000000001060e-02,6.464028954505920410e-01,4.327027499675750732e-01
-3.889174191700856653e+01,2.175952738795866992e+01,4.188264648437500000e+03,9.717256426811218262e-01,9.069000000000000672e-02,6.189370155334472656e-01,4.658907651901245117e-01
-3.888665632554921814e+01,2.176556416292980600e+01,4.825800781250000000e+03,9.779292941093444824e-01,9.070000000000000284e-02,7.736617326736450195e-01,5.900977849960327148e-01
-3.888867470858722442e+01,2.178812841516193188e+01,5.227982910156250000e+03,1.032860994338989258e+00,9.071000000000001284e-02,8.044845461845397949e-01,6.177163124084472656e-01
-3.888525941079780779e+01,2.180358351986334497e+01,4.381473144531250000e+03,1.218363761901855469e+00,9.072000000000000897e-02,7.452802658081054688e-01,5.634710788726806641e-01
-3.888732565087929771e+01,2.181793778886858703e+01,2.942876464843750000e+03,1.266788959503173828e+00,9.073000000000000509e-02,7.022503018379211426e-01,5.067081451416015625e-01
-3.889388514867073354e+01,2.183969589713732873e+01,4.019890380859375000e+03,1.074392318725585938e+00,9.074000000000000121e-02,8.445390462875366211e-01,6.330514550209045410e-01
-3.888713944507024678e+01,2.184874730252903063e+01,4.058186523437500000e+03,1.149372577667236328e+00,9.075000000000001121e-02,8.063919544219970703e-01,6.050514578819274902e-01
-3.889216728610220031e+01,2.187374894679392412e+01,2.050576904296875000e+03,1.513441324234008789e+00,9.076000000000000734e-02,7.594709992408752441e-01,5.151005387306213379e-01
-3.889246479650414301e+01,2.188696472237571911e+01,3.475244384765625000e+03,1.318714141845703125e+00,9.077000000000000346e-02,7.604628205299377441e-01,5.608007907867431641e-01
-3.889096754166637027e+01,2.190417526268674564e+01,8.907867187500000000e+03,1.181673526763916016e+00,9.078000000000001346e-02,6.807353496551513672e-01,5.402776598930358887e-01
-3.889059352448218476e+01,2.191677586419166346e+01,1.279214599609375000e+03,1.121104478836059570e+00,9.079000000000000958e-02,6.504465341567993164e-01,3.900542855262756348e-01
-3.889184390793683832e+01,2.193293448163226245e+01,2.337145996093750000e+03,9.593803286552429199e-01,9.080000000000000571e-02,7.519941329956054688e-01,5.229588150978088379e-01
-3.889041868544126146e+01,2.194960686528065708e+01,5.324642089843750000e+03,9.420031905174255371e-01,9.081000000000000183e-02,7.641249299049377441e-01,5.875800848007202148e-01
-3.888796078803271428e+01,2.196464434495713292e+01,3.028071533203125000e+03,1.221842288970947266e+00,9.082000000000001183e-02,7.929641604423522949e-01,5.744574666023254395e-01
-3.888953555525911554e+01,2.198347217332809933e+01,2.053447265625000000e+03,1.387112855911254883e+00,9.083000000000000795e-02,6.821086406707763672e-01,4.627626836299896240e-01
-3.889282679759568850e+01,2.200391475905379224e+01,1.714515258789062500e+03,1.237712621688842773e+00,9.084000000000000408e-02,6.215310096740722656e-01,4.050079584121704102e-01
-3.889210956362261840e+01,2.201305805616111044e+01,2.313101562500000000e+03,1.031195640563964844e+00,9.085000000000001408e-02,6.003974676132202148e-01,4.167572557926177979e-01
-3.889337319240608082e+01,2.203213178617921031e+01,3.561344726562500000e+03,8.798105120658874512e-01,9.086000000000001020e-02,5.821631550788879395e-01,4.305665194988250732e-01
-3.889511468483992473e+01,2.203946423219286288e+01,1.763123168945312500e+03,8.496815562248229980e-01,9.087000000000000632e-02,6.372476220130920410e-01,4.180542826652526855e-01
-3.889070887149678413e+01,2.206315533964481901e+01,1.221751220703125000e+03,8.688694834709167480e-01,9.088000000000000245e-02,6.319832801818847656e-01,3.731932640075683594e-01
-3.888625148278143939e+01,2.207642671216102315e+01,1.975808227539062500e+03,8.329386115074157715e-01,9.089000000000001245e-02,7.590132355690002441e-01,5.108280777931213379e-01
-3.889295078044148113e+01,2.208933362019267221e+01,2.737552978515625000e+03,8.646435141563415527e-01,9.090000000000000857e-02,6.077217459678649902e-01,4.338471889495849609e-01
-3.889750260962321704e+01,2.211007585764152594e+01,2.424734375000000000e+03,1.126410484313964844e+00,9.091000000000000469e-02,6.125282645225524902e-01,4.287354648113250732e-01
-3.888820762828968469e+01,2.212809102592235533e+01,1.736447998046875000e+03,8.216184973716735840e-01,9.092000000000000082e-02,6.121467947959899902e-01,4.001251161098480225e-01
-3.889543046070445342e+01,2.214830239534533618e+01,2.124704345703125000e+03,8.193129897117614746e-01,9.093000000000001082e-02,5.847571492195129395e-01,3.994384706020355225e-01
-3.888912553098035829e+01,2.216289343030025805e+01,1.803309448242187500e+03,7.607764601707458496e-01,9.094000000000000694e-02,5.704901814460754395e-01,3.762450218200683594e-01
-3.888617912599280402e+01,2.217343917090947158e+01,1.649263305664062500e+03,6.538874506950378418e-01,9.095000000000000306e-02,5.270787477493286133e-01,3.401578664779663086e-01
-3.888765164965535348e+01,2.219608574386121091e+01,1.464868408203125000e+03,7.087165713310241699e-01,9.096000000000001307e-02,4.881686568260192871e-01,3.051387965679168701e-01
-3.888609838919042261e+01,2.220846299066803553e+01,1.576953979492187500e+03,5.383903384208679199e-01,9.097000000000000919e-02,5.431768298149108887e-01,3.464902639389038086e-01
-3.888902705475697275e+01,2.222420638983418684e+01,1.606673950195312500e+03,4.985374510288238525e-01,9.098000000000000531e-02,5.492040514945983887e-01,3.520597517490386963e-01
-3.888870441300706204e+01,2.223878666895295808e+01,1.650674926757812500e+03,6.725997328758239746e-01,9.099000000000000143e-02,5.485936999320983887e-01,3.541196882724761963e-01
-3.888708373107061789e+01,2.225295851168460359e+01,1.371785400390625000e+03,6.198329329490661621e-01,9.100000000000001144e-02,5.700323581695556641e-01,3.494657576084136963e-01
-3.888323740828260355e+01,2.227211727265245145e+01,1.840833984375000000e+03,7.229811549186706543e-01,9.101000000000000756e-02,5.400487780570983887e-01,3.578581213951110840e-01
-3.888858029416271478e+01,2.228225689489485006e+01,1.951352661132812500e+03,6.773597598075866699e-01,9.102000000000000368e-02,5.822394490242004395e-01,3.908172249794006348e-01
-3.888379650928195730e+01,2.230858885356639476e+01,1.531343261718750000e+03,6.800324320793151855e-01,9.103000000000001368e-02,5.700323581695556641e-01,3.607572913169860840e-01
-3.888297825344055525e+01,2.232553548927333509e+01,1.874864746093750000e+03,6.868202090263366699e-01,9.104000000000000981e-02,6.233620643615722656e-01,4.147736132144927979e-01
-3.887819267926376909e+01,2.234175243268498789e+01,2.290612792968750000e+03,7.000989317893981934e-01,9.105000000000000593e-02,5.617163181304931641e-01,3.892150521278381348e-01
-3.888350562370238350e+01,2.235473623326701897e+01,3.616991943359375000e+03,7.519764304161071777e-01,9.106000000000000205e-02,6.134437918663024902e-01,4.545229077339172363e-01
-3.888290488953734325e+01,2.237148729054637286e+01,6.704976562500000000e+04,7.588631510734558105e-01,9.107000000000001205e-02,7.637434601783752441e-01,6.313729286193847656e-01
-3.887839400500828191e+01,2.239107935998155341e+01,1.140891406250000000e+04,9.550470709800720215e-01,9.108000000000000818e-02,1.039013028144836426e+00,8.331711888313293457e-01
-3.887779035853338883e+01,2.240495380367533684e+01,5.269330566406250000e+03,1.568219184875488281e+00,9.109000000000000430e-02,8.832202553749084473e-01,6.785990595817565918e-01
-3.888322485788645366e+01,2.241623983822297461e+01,2.101604980468750000e+03,2.131918191909790039e+00,9.110000000000001430e-02,6.800487041473388672e-01,4.635256230831146240e-01
-3.888273355560674815e+01,2.243392031910059714e+01,2.304223632812500000e+03,1.523239135742187500e+00,9.111000000000001042e-02,7.204846143722534180e-01,4.997653961181640625e-01
-3.887648076300780531e+01,2.245404741823005068e+01,3.147532226562500000e+03,1.081622362136840820e+00,9.112000000000000655e-02,7.310895323753356934e-01,5.324193239212036133e-01
-3.888448533933226514e+01,2.246750314403245596e+01,2.678495849609375000e+03,1.100496768951416016e+00,9.113000000000000267e-02,7.401685118675231934e-01,5.266209840774536133e-01
-3.888191793782781502e+01,2.247951483424694885e+01,3.394433349609375000e+03,1.123157262802124023e+00,9.114000000000001267e-02,6.353402733802795410e-01,4.671877622604370117e-01
-3.888093030436769482e+01,2.249662369362281922e+01,1.559866943359375000e+03,1.092386960983276367e+00,9.115000000000000879e-02,6.282448768615722656e-01,3.995910584926605225e-01
-3.888668212092747467e+01,2.251668729562471682e+01,2.529806884765625000e+03,1.043134450912475586e+00,9.116000000000000492e-02,5.904029607772827148e-01,4.162231981754302979e-01
-3.888899416221149608e+01,2.253288483000190112e+01,3.225406250000000000e+03,8.470923304557800293e-01,9.117000000000000104e-02,5.539342761039733887e-01,4.047027826309204102e-01
-3.888239866554476976e+01,2.254778616004552205e+01,2.579282226562500000e+03,8.795899748802185059e-01,9.118000000000001104e-02,5.740759968757629395e-01,4.059997797012329102e-01
-3.888387667480225929e+01,2.256997987742792233e+01,1.321983276367187500e+03,7.676655650138854980e-01,9.119000000000000716e-02,5.897163152694702148e-01,3.574003577232360840e-01
-3.888468868413887236e+01,2.257667089143111383e+01,2.703528076171875000e+03,6.996626257896423340e-01,9.120000000000000329e-02,5.427190661430358887e-01,3.866973221302032471e-01
-3.888505529311208875e+01,2.259904262755550164e+01,1.371223999023437500e+03,7.125932574272155762e-01,9.121000000000001329e-02,5.322667360305786133e-01,3.262723088264465332e-01
-3.888163974093890118e+01,2.261357926210856206e+01,1.482642333984375000e+03,6.607229113578796387e-01,9.122000000000000941e-02,5.579016208648681641e-01,3.499235212802886963e-01
-3.888438117311385156e+01,2.263329088018193858e+01,1.293790405273437500e+03,6.686741709709167480e-01,9.123000000000000553e-02,5.176182389259338379e-01,3.115475177764892578e-01
-3.889047404105652816e+01,2.265608679823689187e+01,1.535078613281250000e+03,6.184882521629333496e-01,9.124000000000000166e-02,5.330296754837036133e-01,3.375638425350189209e-01
-3.889035850797709060e+01,2.266682076490483055e+01,1.550416870117187500e+03,5.416721701622009277e-01,9.125000000000001166e-02,5.457708239555358887e-01,3.465665578842163086e-01
-3.888434440662918234e+01,2.267872314331749450e+01,1.010222106933593750e+03,5.828339457511901855e-01,9.126000000000000778e-02,5.546209216117858887e-01,3.048336207866668701e-01
-3.889535684483348632e+01,2.270269085806896570e+01,1.857865478515625000e+03,5.852240920066833496e-01,9.127000000000000390e-02,6.013129949569702148e-01,3.992858827114105225e-01
-3.888774795333424805e+01,2.271812232485048000e+01,1.491189208984375000e+03,6.016034483909606934e-01,9.128000000000001390e-02,5.389043092727661133e-01,3.385556638240814209e-01
-3.888160287379039204e+01,2.272979350428213507e+01,1.075134155273437500e+03,6.721038222312927246e-01,9.129000000000001003e-02,6.011604070663452148e-01,3.387845456600189209e-01
-3.889207565499552288e+01,2.274523775972041406e+01,1.282984008789062500e+03,5.693990588188171387e-01,9.130000000000000615e-02,5.527135729789733887e-01,3.317654728889465332e-01
-3.888726664118018306e+01,2.275783327995271321e+01,1.437034057617187500e+03,5.564505457878112793e-01,9.131000000000000227e-02,5.202122330665588379e-01,3.233731091022491455e-01
-3.888542651153190377e+01,2.277923938580132912e+01,4.163226074218750000e+03,5.225796103477478027e-01,9.132000000000001227e-02,6.917216777801513672e-01,5.203648209571838379e-01
-3.888737436806560765e+01,2.278810840674739069e+01,1.824526123046875000e+03,6.760305762290954590e-01,9.133000000000000840e-02,6.888225078582763672e-01,4.555147290229797363e-01
-3.888764570431354883e+01,2.281231682971687391e+01,4.327573242187500000e+03,1.107586145401000977e+00,9.134000000000000452e-02,5.163212418556213379e-01,3.899016976356506348e-01
-3.887778496648211757e+01,2.282838502891578258e+01,2.364454589843750000e+03,9.009153246879577637e-01,9.135000000000000064e-02,6.470895409584045410e-01,4.509370923042297363e-01
-3.888325792449503382e+01,2.284022703084450967e+01,1.536065795898437500e+03,7.600361704826354980e-01,9.136000000000001064e-02,7.404736876487731934e-01,4.690188169479370117e-01
-3.888728480926969411e+01,2.286248603087064524e+01,2.348373291015625000e+03,8.796460032463073730e-01,9.137000000000000677e-02,6.535745859146118164e-01,4.549043774604797363e-01
-3.888105595476754672e+01,2.288063425299352005e+01,1.600781127929687500e+03,1.154289960861206055e+00,9.138000000000000289e-02,6.477761864662170410e-01,4.148499071598052979e-01
-3.888125653835008677e+01,2.289372133050613911e+01,2.173562744140625000e+03,9.196276068687438965e-01,9.139000000000001289e-02,5.498144030570983887e-01,3.772368431091308594e-01
-3.888395223059720962e+01,2.290885723774688287e+01,2.328308349609375000e+03,8.272213339805603027e-01,9.140000000000000902e-02,5.937598943710327148e-01,4.126373827457427979e-01
-3.888126538143143307e+01,2.292687457697465092e+01,1.281027343750000000e+03,7.769162058830261230e-01,9.141000000000000514e-02,6.028389334678649902e-01,3.616728186607360840e-01
-3.887791758624451433e+01,2.294562084838781502e+01,1.525849487304687500e+03,7.605881094932556152e-01,9.142000000000000126e-02,6.203103065490722656e-01,3.921905159950256348e-01
-3.888358659904227466e+01,2.296297808123421547e+01,3.558310302734375000e+03,6.817073225975036621e-01,9.143000000000001126e-02,7.764846086502075195e-01,5.742285847663879395e-01
-3.888151460592309405e+01,2.297543077122590915e+01,5.275156738281250000e+03,9.690112471580505371e-01,9.144000000000000739e-02,7.793837785720825195e-01,5.988715887069702148e-01
-3.887395313715540368e+01,2.298922141961307730e+01,1.811406494140625000e+03,1.349713325500488281e+00,9.145000000000000351e-02,7.723646759986877441e-01,5.099125504493713379e-01
-3.887680381087754000e+01,2.300712471974099671e+01,2.274951171875000000e+03,1.343914985656738281e+00,9.146000000000001351e-02,6.171059012413024902e-01,4.270569980144500732e-01
-3.888230435821940745e+01,2.302537509926901294e+01,2.031109741210937500e+03,1.254623651504516602e+00,9.147000000000000963e-02,5.896400213241577148e-01,3.991332948207855225e-01
-3.887428749134578965e+01,2.303724447540071552e+01,4.321410156250000000e+03,8.379442095756530762e-01,9.148000000000000576e-02,5.005283355712890625e-01,3.779234886169433594e-01
-3.887867821769392407e+01,2.305799823041694552e+01,1.524629760742187500e+03,7.422942519187927246e-01,9.149000000000000188e-02,4.875583052635192871e-01,3.081905543804168701e-01
-3.888207229137945831e+01,2.307007453988328294e+01,1.991818603515625000e+03,5.604059100151062012e-01,9.150000000000001188e-02,6.462503075599670410e-01,4.356782436370849609e-01
-3.887870554734155348e+01,2.309111921707320647e+01,1.869820312500000000e+03,6.263894438743591309e-01,9.151000000000000800e-02,6.260323524475097656e-01,4.162994921207427979e-01
-3.887686133998315086e+01,2.310168194764543870e+01,2.966047119140625000e+03,8.301777243614196777e-01,9.152000000000000413e-02,6.715800166130065918e-01,4.851168990135192871e-01
-3.887904518727818726e+01,2.312292271719255154e+01,3.439241455078125000e+03,7.640332579612731934e-01,9.153000000000001413e-02,7.971603274345397949e-01,5.871223211288452148e-01
-3.888031890674120206e+01,2.314044687979222203e+01,2.680032714843750000e+03,1.038109779357910156e+00,9.154000000000001025e-02,8.212693333625793457e-01,5.843756794929504395e-01
-3.888124339112192729e+01,2.315550253864020291e+01,2.014345214843750000e+03,1.325364828109741211e+00,9.155000000000000637e-02,5.837653279304504395e-01,3.944793343544006348e-01
-3.888350815502008828e+01,2.316827336455947517e+01,2.830093017578125000e+03,1.074383974075317383e+00,9.156000000000000250e-02,6.845500469207763672e-01,4.911441504955291748e-01
-3.888149236325590152e+01,2.318721124014111012e+01,3.278393554687500000e+03,8.390170931816101074e-01,9.157000000000001250e-02,9.057270288467407227e-01,6.631113290786743164e-01
-3.887943534617688357e+01,2.320342067721951551e+01,2.417367919921875000e+03,1.216370582580566406e+00,9.158000000000000862e-02,8.543047308921813965e-01,5.976508855819702148e-01
-3.887575382819081682e+01,2.321614332011576209e+01,2.853966064453125000e+03,1.521560668945312500e+00,9.159000000000000474e-02,8.189041614532470703e-01,5.882667303085327148e-01
-3.888610922115562829e+01,2.323042320084771717e+01,3.105807373046875000e+03,1.240325689315795898e+00,9.160000000000000087e-02,7.080486416816711426e-01,5.147190690040588379e-01
-3.888603277231535316e+01,2.324662990333367674e+01,3.515642089843750000e+03,1.369633197784423828e+00,9.161000000000001087e-02,6.161140799522399902e-01,4.549806714057922363e-01
-3.888683008326047030e+01,2.326506467544689727e+01,2.731272460937500000e+03,1.003537893295288086e+00,9.162000000000000699e-02,6.921794414520263672e-01,4.939670264720916748e-01
-3.889082259989013579e+01,2.327388681376263335e+01,2.400419433593750000e+03,9.904808402061462402e-01,9.163000000000000311e-02,5.994056463241577148e-01,4.188172221183776855e-01
-3.888923718486051229e+01,2.329116501736884359e+01,3.441371826171875000e+03,9.510714411735534668e-01,9.164000000000001311e-02,5.589697360992431641e-01,4.117218554019927979e-01
-3.888844051028687687e+01,2.331027790115357234e+01,2.681769287109375000e+03,8.173972964286804199e-01,9.165000000000000924e-02,5.936836004257202148e-01,4.224793314933776855e-01
-3.888942246284918980e+01,2.331817952008248795e+01,4.198000976562500000e+03,6.942433714866638184e-01,9.166000000000000536e-02,7.854872941970825195e-01,5.913947820663452148e-01
-3.888616528491228053e+01,2.334566433840529243e+01,2.730057861328125000e+03,1.037941694259643555e+00,9.167000000000000148e-02,7.064464688301086426e-01,5.041141510009765625e-01
-3.888815115398238476e+01,2.335152125117911837e+01,2.329398681640625000e+03,1.237766265869140625e+00,9.168000000000001148e-02,8.410295248031616211e-01,5.845282673835754395e-01
-3.888634965038882285e+01,2.337683432413995277e+01,2.193689697265625000e+03,1.233227968215942383e+00,9.169000000000000761e-02,6.602884531021118164e-01,4.538362622261047363e-01
-3.888744834668139561e+01,2.339753483788778254e+01,1.380510742187500000e+03,1.424024820327758789e+00,9.170000000000000373e-02,6.008552312850952148e-01,3.690733611583709717e-01
-3.888231421871450522e+01,2.340707988489329239e+01,2.349322265625000000e+03,8.519238829612731934e-01,9.171000000000001373e-02,6.074928641319274902e-01,4.228608012199401855e-01
-3.888070734894877489e+01,2.342063509560490076e+01,2.948509033203125000e+03,7.880539298057556152e-01,9.172000000000000985e-02,5.289098024368286133e-01,3.817382156848907471e-01
-3.887585798061863329e+01,2.344396653160954713e+01,3.352718505859375000e+03,7.555109858512878418e-01,9.173000000000000598e-02,5.646154880523681641e-01,4.145447313785552979e-01
-3.888208367364651963e+01,2.346026071153372072e+01,3.504119628906250000e+03,7.074243426322937012e-01,9.174000000000000210e-02,6.171821951866149902e-01,4.555910229682922363e-01
-3.887987095888041011e+01,2.346643570572720705e+01,1.708024414062500000e+03,8.040804266929626465e-01,9.175000000000001210e-02,6.121467947959899902e-01,3.985229432582855225e-01
-3.888120400011497679e+01,2.348447715379079881e+01,3.245688232421875000e+03,8.116073012351989746e-01,9.176000000000000822e-02,6.312203407287597656e-01,4.615419805049896240e-01
-3.888437579772577379e+01,2.349983602233201907e+01,4.637302734375000000e+03,8.211333155632019043e-01,9.177000000000000435e-02,6.273293495178222656e-01,4.768008291721343994e-01
-3.887657085038102878e+01,2.351636512684084579e+01,2.553384033203125000e+03,9.170586466789245605e-01,9.178000000000001435e-02,6.452584862709045410e-01,4.555910229682922363e-01
-3.888044894683547170e+01,2.353692407112233909e+01,2.231990966796875000e+03,9.121710658073425293e-01,9.179000000000001047e-02,6.186318397521972656e-01,4.265992343425750732e-01
-3.888325468882975144e+01,2.355448844215766968e+01,2.135770019531250000e+03,9.673625826835632324e-01,9.180000000000000659e-02,5.624029636383056641e-01,3.845610916614532471e-01
-3.887880607315540971e+01,2.357003117848535467e+01,5.127461425781250000e+03,8.028644919395446777e-01,9.181000000000000272e-02,6.345773339271545410e-01,4.864901900291442871e-01
-3.887591546452885893e+01,2.358560947172173172e+01,6.067646972656250000e+03,8.217460513114929199e-01,9.182000000000001272e-02,6.325936317443847656e-01,4.911441504955291748e-01
-3.887561372864108478e+01,2.360377157402863091e+01,4.976449218750000000e+03,1.068247079849243164e+00,9.183000000000000884e-02,6.696726679801940918e-01,5.121250748634338379e-01
-3.888085200138157660e+01,2.361487934124816945e+01,1.746251098632812500e+03,9.918028712272644043e-01,9.184000000000000496e-02,6.651713252067565918e-01,4.353730678558349609e-01
-3.887855274830437224e+01,2.362497640229765494e+01,1.273479003906250000e+03,1.089195728302001953e+00,9.185000000000000109e-02,6.296181678771972656e-01,3.770079612731933594e-01
-3.887711479597971476e+01,2.363684655660505385e+01,-9.193720703125000000e+03,9.179765582084655762e-01,9.186000000000001109e-02,1.403432488441467285e-01,1.221852228045463562e-01
-3.887396786831309470e+01,2.364112758790472668e+01,-6.433562011718750000e+02,6.461746096611022949e-01,9.187000000000000721e-02,3.284467011690139771e-02,5.237599462270736694e-02
-3.887292496611802051e+01,2.364651735542552657e+01,-4.351446533203125000e+02,2.816647589206695557e-01,9.188000000000000334e-02,1.873023435473442078e-02,4.077927023172378540e-02
-3.887388268606883912e+01,2.364908762523566210e+01,-5.986401367187500000e+02,1.577812582254409790e-01,9.189000000000001334e-02,2.399453707039356232e-02,4.016891494393348694e-02
