# x_coordinates, y_coordinates, TEP, TED, times, high, low
-3.348985758753741493e+01,1.791504690333698946e+01,1.235475830078125000e+03,8.877218514680862427e-02,1.657200000000000062e-01,3.057491481304168701e-01,1.812369525432586670e-01
-3.347935009970075981e+01,1.790793453122625678e+01,1.555471557617187500e+03,3.113335669040679932e-01,1.657300000000000162e-01,4.149262011051177979e-01,2.637110352516174316e-01
-3.349123955076213122e+01,1.790423230104024555e+01,2.029701049804687500e+03,2.811891138553619385e-01,1.657400000000000262e-01,5.075473785400390625e-01,3.435148000717163086e-01
-3.348036086710519044e+01,1.789983903432042567e+01,2.623570312500000000e+03,3.997606337070465088e-01,1.657500000000000084e-01,6.872966289520263672e-01,4.874057173728942871e-01
-3.348334511111701062e+01,1.789556273781468931e+01,1.478556274414062500e+03,7.684380412101745605e-01,1.657600000000000184e-01,6.166481375694274902e-01,3.864684402942657471e-01
-3.347517222628077604e+01,1.790340845686209903e+01,1.532876464843750000e+03,9.427136778831481934e-01,1.657700000000000007e-01,4.890079200267791748e-01,3.095638751983642578e-01
-3.348650982631892958e+01,1.790616858652235877e+01,2.379712890625000000e+03,6.416339278221130371e-01,1.657800000000000107e-01,4.746645987033843994e-01,3.311551213264465332e-01
-3.347360857068576934e+01,1.790599203056600430e+01,1.516880249023437500e+03,5.950064063072204590e-01,1.657900000000000207e-01,5.600378513336181641e-01,3.535093367099761963e-01
-3.347602057296536060e+01,1.791844109194594381e+01,2.825449462890625000e+03,5.538553595542907715e-01,1.658000000000000029e-01,5.286809206008911133e-01,3.792205154895782471e-01
-3.348010315219914901e+01,1.792901222661822658e+01,2.493927490234375000e+03,6.951219439506530762e-01,1.658100000000000129e-01,5.459234118461608887e-01,3.839507400989532471e-01
-3.348133027485431512e+01,1.794400508198526367e+01,1.704219726562500000e+03,6.827980875968933105e-01,1.658200000000000229e-01,5.730841755867004395e-01,3.728880882263183594e-01
-3.348081504292796495e+01,1.795531808972617682e+01,1.345881347656250000e+03,9.317988753318786621e-01,1.658300000000000052e-01,5.444738268852233887e-01,3.318417668342590332e-01
-3.348303473267031194e+01,1.796902680355116644e+01,1.545487792968750000e+03,7.112712264060974121e-01,1.658400000000000152e-01,6.075691580772399902e-01,3.854766190052032471e-01
-3.348132397202464006e+01,1.798368389716894811e+01,1.444987915039062500e+03,7.109290957450866699e-01,1.658500000000000252e-01,6.058906912803649902e-01,3.772368431091308594e-01
-3.348245137334397015e+01,1.800606186423876309e+01,4.545231445312500000e+03,7.875913977622985840e-01,1.658600000000000074e-01,7.719832062721252441e-01,5.856726765632629395e-01
-3.347901901264027913e+01,1.802742959995736882e+01,2.363626708984375000e+03,1.080595970153808594e+00,1.658700000000000174e-01,6.454873681068420410e-01,4.497926831245422363e-01
-3.347595148921460151e+01,1.804329468268646508e+01,2.153898193359375000e+03,1.318512678146362305e+00,1.658800000000000274e-01,5.903266668319702148e-01,4.043213129043579102e-01
-3.348243097822838621e+01,1.806722658789116309e+01,1.786216552734375000e+03,1.041694402694702148e+00,1.658900000000000097e-01,6.211495399475097656e-01,4.087463617324829102e-01
-3.347793843009529979e+01,1.808506491698614838e+01,5.142457031250000000e+03,8.598894476890563965e-01,1.659000000000000197e-01,6.923320293426513672e-01,5.308934450149536133e-01
-3.348496743294340661e+01,1.811031314858903585e+01,2.280491210937500000e+03,9.252530932426452637e-01,1.659100000000000019e-01,6.958416104316711426e-01,4.817599654197692871e-01
-3.347912975682693570e+01,1.812527577753726504e+01,3.694207519531250000e+03,1.139716625213623047e+00,1.659200000000000119e-01,7.360486388206481934e-01,5.466863512992858887e-01
-3.348073574243034045e+01,1.814657224792007639e+01,1.463583251953125000e+03,1.167418479919433594e+00,1.659300000000000219e-01,5.929206609725952148e-01,3.705229461193084717e-01
-3.347787386778106367e+01,1.817409237169097480e+01,2.597883789062500000e+03,1.002711772918701172e+00,1.659400000000000042e-01,5.798743367195129395e-01,4.105774462223052979e-01
-3.348835355966140526e+01,1.818853805600502227e+01,2.940502197265625000e+03,8.115739226341247559e-01,1.659500000000000142e-01,6.420541405677795410e-01,4.632204473018646240e-01
-3.348066617059690486e+01,1.821425435268622905e+01,5.636536621093750000e+03,8.140785098075866699e-01,1.659600000000000242e-01,7.706862092018127441e-01,5.952094793319702148e-01
-3.348233194444772920e+01,1.822569063912399656e+01,3.568542724609375000e+03,1.057143926620483398e+00,1.659700000000000064e-01,6.555582284927368164e-01,4.849643111228942871e-01
-3.348132282550221817e+01,1.824861317703923902e+01,1.767254516601562500e+03,1.360328912734985352e+00,1.659800000000000164e-01,5.657598972320556641e-01,3.713622093200683594e-01
-3.348687142250784632e+01,1.826798399994373412e+01,2.031082153320312500e+03,1.032202959060668945e+00,1.659900000000000264e-01,5.922340154647827148e-01,4.008880555629730225e-01
-3.347819523501480177e+01,1.828063091569080356e+01,2.743834960937500000e+03,8.380050063133239746e-01,1.660000000000000087e-01,6.034492850303649902e-01,4.309479892253875732e-01
-3.348483502819656366e+01,1.829469952954639922e+01,1.553022705078125000e+03,8.919376730918884277e-01,1.660100000000000187e-01,5.305119752883911133e-01,3.370297849178314209e-01
-3.347938662572924073e+01,1.831310703045556920e+01,1.394547363281250000e+03,8.032245039939880371e-01,1.660200000000000009e-01,5.195255875587463379e-01,3.200924694538116455e-01
-3.348359212476051283e+01,1.833701317715024715e+01,2.411880615234375000e+03,7.065135836601257324e-01,1.660300000000000109e-01,5.287572145462036133e-01,3.697600066661834717e-01
-3.347819070230232086e+01,1.835409212473857821e+01,1.875912719726562500e+03,6.807870268821716309e-01,1.660400000000000209e-01,7.510023117065429688e-01,4.997653961181640625e-01
-3.348412221815147660e+01,1.836776715881372368e+01,2.295530029296875000e+03,9.028012156486511230e-01,1.660500000000000032e-01,5.348607301712036133e-01,3.707518279552459717e-01
-3.347829597336991725e+01,1.838395124577796480e+01,1.920925170898437500e+03,1.002132415771484375e+00,1.660600000000000132e-01,6.282448768615722656e-01,4.202668070793151855e-01
-3.347459356867344127e+01,1.840998633662166384e+01,1.732871337890625000e+03,8.439058661460876465e-01,1.660700000000000232e-01,5.686590671539306641e-01,3.715147972106933594e-01
-3.347639817067965140e+01,1.842191560820068474e+01,2.240091796875000000e+03,8.219999670982360840e-01,1.660800000000000054e-01,8.302720189094543457e-01,5.729315876960754395e-01
-3.347059320410063066e+01,1.843220819037686198e+01,2.124276855468750000e+03,9.941071867942810059e-01,1.660900000000000154e-01,5.919288396835327148e-01,4.043213129043579102e-01
-3.347625288131415289e+01,1.845845960651170969e+01,2.004617919921875000e+03,1.191336631774902344e+00,1.661000000000000254e-01,5.978034734725952148e-01,4.035583734512329102e-01
-3.347343193041269416e+01,1.847641328315168963e+01,1.327712768554687500e+03,8.653170466423034668e-01,1.661100000000000076e-01,4.677218198776245117e-01,2.838526964187622070e-01
-3.347606562396837404e+01,1.849704841097275931e+01,1.481180908203125000e+03,7.020861506462097168e-01,1.661200000000000176e-01,5.028171539306640625e-01,3.152859210968017578e-01
-3.346923354915548998e+01,1.852189798220371131e+01,1.573067871093750000e+03,6.148678660392761230e-01,1.661299999999999999e-01,4.918307960033416748e-01,3.135311603546142578e-01
-3.347537402304462262e+01,1.853634385701926846e+01,1.149715698242187500e+03,6.674463152885437012e-01,1.661400000000000099e-01,5.125065445899963379e-01,2.962123751640319824e-01
-3.346777341161703845e+01,1.855448639199526539e+01,9.863920288085937500e+02,5.528492331504821777e-01,1.661500000000000199e-01,5.076236724853515625e-01,2.762232720851898193e-01
-3.346809089105234847e+01,1.857303443846793201e+01,1.014962158203125000e+03,6.185526251792907715e-01,1.661600000000000021e-01,4.616945683956146240e-01,2.542505562305450439e-01
-3.346481111363692662e+01,1.860234961796616204e+01,1.167601562500000000e+03,5.714029669761657715e-01,1.661700000000000121e-01,5.113621354103088379e-01,2.972041964530944824e-01
-3.346798892240012435e+01,1.862484910790447046e+01,1.711169555664062500e+03,4.384452402591705322e-01,1.661800000000000221e-01,4.614656865596771240e-01,3.005611300468444824e-01
-3.346451122311199811e+01,1.864403732507287970e+01,1.125406982421875000e+03,5.791289210319519043e-01,1.661900000000000044e-01,5.446264147758483887e-01,3.123104572296142578e-01
-3.346340643443274132e+01,1.865901175850680715e+01,2.003158447265625000e+03,4.871958792209625244e-01,1.662000000000000144e-01,5.316563844680786133e-01,3.588499426841735840e-01
-3.346161172147725438e+01,1.868630011359396903e+01,2.003241943359375000e+03,7.204467654228210449e-01,1.662100000000000244e-01,5.067844390869140625e-01,3.420652151107788086e-01
-3.346797842692608782e+01,1.870464815089166777e+01,1.038387817382812500e+03,6.948537230491638184e-01,1.662200000000000066e-01,5.393621325492858887e-01,2.997981905937194824e-01
-3.345747915314757392e+01,1.872065776589644059e+01,2.359453369140625000e+03,5.679625868797302246e-01,1.662300000000000166e-01,4.667299985885620117e-01,3.251278996467590332e-01
-3.346988884242345108e+01,1.874574898714494253e+01,1.370650390625000000e+03,7.211715579032897949e-01,1.662400000000000266e-01,5.059452056884765625e-01,3.100979328155517578e-01
-3.346580061138993756e+01,1.876277075044702514e+01,1.918505371093750000e+03,6.249589323997497559e-01,1.662500000000000089e-01,5.380650758743286133e-01,3.598417639732360840e-01
-3.346524507422489592e+01,1.878251737318850090e+01,3.013699951171875000e+03,5.640000700950622559e-01,1.662600000000000189e-01,6.260323524475097656e-01,4.532259106636047363e-01
-3.346948292616237808e+01,1.880332991765144968e+01,1.805858520507812500e+03,7.746393084526062012e-01,1.662700000000000011e-01,5.076236724853515625e-01,3.348935544490814209e-01
-3.346621758016169679e+01,1.882315023543097254e+01,3.826041259765625000e+03,9.709662795066833496e-01,1.662800000000000111e-01,4.175201952457427979e-01,3.113186359405517578e-01
-3.346606113053194775e+01,1.883926460136052583e+01,1.214318603515625000e+03,5.609697699546813965e-01,1.662900000000000211e-01,5.249425172805786133e-01,3.093349933624267578e-01
-3.346873540256444102e+01,1.885615451577446322e+01,2.799874755859375000e+03,4.926306307315826416e-01,1.663000000000000034e-01,4.862613081932067871e-01,3.483213484287261963e-01
-3.347471949558887871e+01,1.887724135465949615e+01,2.246827148437500000e+03,6.094819903373718262e-01,1.663100000000000134e-01,4.712313413619995117e-01,3.253567814826965332e-01
-3.347583146295498580e+01,1.888896078037271309e+01,3.165200683593750000e+03,6.763011813163757324e-01,1.663200000000000234e-01,5.761359333992004395e-01,4.198853373527526855e-01
-3.346982431796150337e+01,1.891573947594860527e+01,2.409316162109375000e+03,6.664294600486755371e-01,1.663300000000000056e-01,6.028389334678649902e-01,4.214875102043151855e-01
-3.346576534891104870e+01,1.893734505064844953e+01,1.908171997070312500e+03,8.613092303276062012e-01,1.663400000000000156e-01,5.131168961524963379e-01,3.427518606185913086e-01
-3.347111456690710440e+01,1.895372537869983631e+01,1.535176269531250000e+03,7.711619734764099121e-01,1.663500000000000256e-01,5.598852634429931641e-01,3.545774519443511963e-01
-3.346683959821843501e+01,1.897188792092839904e+01,1.813612426757812500e+03,5.721170306205749512e-01,1.663600000000000079e-01,6.009315252304077148e-01,3.968444764614105225e-01
-3.347391173070548831e+01,1.899692643598467257e+01,2.188451416015625000e+03,7.755059599876403809e-01,1.663700000000000179e-01,5.767462849617004395e-01,3.962341248989105225e-01
-3.346920399586383610e+01,1.900594299948837573e+01,1.696420166015625000e+03,7.974798083305358887e-01,1.663800000000000001e-01,4.369752407073974609e-01,2.840052843093872070e-01
-3.347392825060849475e+01,1.903013577513059218e+01,1.620522216796875000e+03,6.965572237968444824e-01,1.663900000000000101e-01,4.660433530807495117e-01,2.994167208671569824e-01
-3.347327681926807941e+01,1.904542073369169941e+01,1.296117797851562500e+03,5.011994242668151855e-01,1.664000000000000201e-01,4.912204444408416748e-01,2.958309054374694824e-01
-3.347658822788555000e+01,1.906186822123731162e+01,1.334462768554687500e+03,4.991609156131744385e-01,1.664100000000000024e-01,4.896945655345916748e-01,2.976619601249694824e-01
-3.347379996639480026e+01,1.909139421895708466e+01,1.342589477539062500e+03,5.632144808769226074e-01,1.664200000000000124e-01,5.793402791023254395e-01,3.528226912021636963e-01
-3.347811367131281912e+01,1.910368418730618245e+01,3.272965087890625000e+03,5.512172579765319824e-01,1.664300000000000224e-01,5.772803425788879395e-01,4.225556254386901855e-01
-3.347747412057405114e+01,1.912381647068261969e+01,2.500225830078125000e+03,1.021381139755249023e+00,1.664400000000000046e-01,5.029697418212890625e-01,3.538908064365386963e-01
-3.347495530060682256e+01,1.914170559193107479e+01,1.506517456054687500e+03,9.775001406669616699e-01,1.664500000000000146e-01,5.264683961868286133e-01,3.316891789436340332e-01
-3.347398578739330333e+01,1.916378893655042148e+01,1.501910766601562500e+03,6.530720591545104980e-01,1.664600000000000246e-01,4.046264886856079102e-01,2.547083199024200439e-01
-3.347012047603081442e+01,1.917880758230713312e+01,1.584970825195312500e+03,6.174296736717224121e-01,1.664700000000000069e-01,5.225010514259338379e-01,3.337491452693939209e-01
-3.347134602965303429e+01,1.920482313123906337e+01,1.681502685546875000e+03,5.248135924339294434e-01,1.664800000000000169e-01,5.246373414993286133e-01,3.402341604232788086e-01
-3.346988803661947287e+01,1.922425336130326201e+01,2.772607421875000000e+03,6.658119559288024902e-01,1.664900000000000269e-01,4.858035445213317871e-01,3.474820852279663086e-01
-3.346816561418923897e+01,1.924160952785334899e+01,1.515611328125000000e+03,5.760461688041687012e-01,1.665000000000000091e-01,5.813239216804504395e-01,3.668608367443084717e-01
-3.346739861467317212e+01,1.926295266902931758e+01,1.112716308593750000e+03,6.534165740013122559e-01,1.665100000000000191e-01,4.316346347332000732e-01,2.464685291051864624e-01
-3.346868494079058109e+01,1.928449108402459800e+01,2.503965576171875000e+03,7.340306639671325684e-01,1.665200000000000014e-01,4.149262011051177979e-01,2.920161783695220947e-01
-3.346052014498268079e+01,1.930432757796155840e+01,1.743820678710937500e+03,4.597074091434478760e-01,1.665300000000000114e-01,4.722994565963745117e-01,3.090298175811767578e-01
-3.346270308362384327e+01,1.932540250748119703e+01,1.490873657226562500e+03,4.794818460941314697e-01,1.665400000000000214e-01,4.914493262767791748e-01,3.087246417999267578e-01
-3.346524487367903333e+01,1.933886604328833059e+01,1.322686279296875000e+03,5.224866271018981934e-01,1.665500000000000036e-01,5.650732517242431641e-01,3.425229787826538086e-01
-3.346288083544457947e+01,1.936118803608378158e+01,2.041335571289062500e+03,6.015867590904235840e-01,1.665600000000000136e-01,6.216835975646972656e-01,4.212586283683776855e-01
-3.346485003505825517e+01,1.937974757488222366e+01,2.407722412109375000e+03,6.565100550651550293e-01,1.665700000000000236e-01,6.082558035850524902e-01,4.252259135246276855e-01
-3.346671391849273647e+01,1.940333291372898117e+01,2.693678710937500000e+03,9.794766306877136230e-01,1.665800000000000058e-01,4.770297110080718994e-01,3.397000730037689209e-01
-3.345999931090617707e+01,1.942407043800161759e+01,2.048425048828125000e+03,8.782107234001159668e-01,1.665900000000000158e-01,5.977271795272827148e-01,4.053131341934204102e-01
-3.345973975485191687e+01,1.943563125678234016e+01,1.721747802734375000e+03,5.950743556022644043e-01,1.666000000000000258e-01,5.867408514022827148e-01,3.827300369739532471e-01
-3.345969959495617019e+01,1.946374197512488990e+01,1.168159301757812500e+03,8.818919062614440918e-01,1.666100000000000081e-01,4.863376021385192871e-01,2.827082872390747070e-01
-3.345757873640735625e+01,1.948213915060257406e+01,1.918069824218750000e+03,6.918460726737976074e-01,1.666200000000000181e-01,5.221195816993713379e-01,3.491605818271636963e-01
-3.345513129398388941e+01,1.950465524905392911e+01,2.328772705078125000e+03,5.857998728752136230e-01,1.666300000000000003e-01,4.872531294822692871e-01,3.386319577693939209e-01
-3.346135464809166393e+01,1.952398865770055636e+01,1.693055664062500000e+03,6.632727980613708496e-01,1.666400000000000103e-01,4.914493262767791748e-01,3.192532360553741455e-01
-3.345452080136348627e+01,1.954772132338982260e+01,1.227579467773437500e+03,6.670803427696228027e-01,1.666500000000000203e-01,4.706209897994995117e-01,2.783595323562622070e-01
-3.345749760563622743e+01,1.955959468162561876e+01,1.486967285156250000e+03,5.990225672721862793e-01,1.666600000000000026e-01,5.084629654884338379e-01,3.191769421100616455e-01
-3.345735898768128180e+01,1.957595635081599994e+01,1.307078491210937500e+03,5.350798964500427246e-01,1.666700000000000126e-01,4.849643111228942871e-01,2.928554117679595947e-01
-3.345513998263454880e+01,1.960295106645235208e+01,4.794945312500000000e+03,5.230337977409362793e-01,1.666800000000000226e-01,5.633184909820556641e-01,4.294221103191375732e-01
-3.344590031951539544e+01,1.962328978773064847e+01,2.250407714843750000e+03,5.206019282341003418e-01,1.666900000000000048e-01,6.103920340538024902e-01,4.215638041496276855e-01
-3.345190583586973077e+01,1.964436706653359366e+01,2.435515625000000000e+03,9.938866496086120605e-01,1.667000000000000148e-01,4.697054624557495117e-01,3.290188908576965332e-01
-3.345922387435152245e+01,1.966061138007405518e+01,1.817845703125000000e+03,8.216995596885681152e-01,1.667100000000000248e-01,5.039615631103515625e-01,3.329862058162689209e-01
-3.345112073171222988e+01,1.968374098655098337e+01,1.350365966796875000e+03,5.896825194358825684e-01,1.667200000000000071e-01,5.105229020118713379e-01,3.114712238311767578e-01
-3.345387900840128736e+01,1.969975825264050684e+01,2.160194824218750000e+03,6.074375510215759277e-01,1.667300000000000171e-01,5.384465456008911133e-01,3.689970672130584717e-01
-3.345680847826692172e+01,1.972370279056930897e+01,2.444498779296875000e+03,6.723470091819763184e-01,1.667400000000000271e-01,5.586645603179931641e-01,3.915801644325256348e-01
-3.345432863329558160e+01,1.974514380523557477e+01,1.873031127929687500e+03,8.231574892997741699e-01,1.667500000000000093e-01,5.955146551132202148e-01,3.961578309535980225e-01
-3.344724696710260048e+01,1.976732335598984847e+01,2.257074951171875000e+03,9.914261698722839355e-01,1.667600000000000193e-01,4.526155591011047363e-01,3.127682209014892578e-01
-3.345328223544032653e+01,1.978923458067574970e+01,3.177374267578125000e+03,7.659739851951599121e-01,1.667700000000000016e-01,4.636782109737396240e-01,3.380979001522064209e-01
-3.345052855934171987e+01,1.981071378675502714e+01,1.500134765625000000e+03,5.573934912681579590e-01,1.667800000000000116e-01,4.554384350776672363e-01,2.865993082523345947e-01
-3.345372683062443997e+01,1.982710456628431928e+01,1.893506713867187500e+03,5.783123373985290527e-01,1.667900000000000216e-01,4.962558746337890625e-01,3.309262394905090332e-01
-3.345332803236642150e+01,1.984823512201232987e+01,1.121949340820312500e+03,5.003840327262878418e-01,1.668000000000000038e-01,5.191441178321838379e-01,2.973567843437194824e-01
-3.345972944268595484e+01,1.986928934559575310e+01,1.398820800781250000e+03,6.389493346214294434e-01,1.668100000000000138e-01,4.653567075729370117e-01,2.869807779788970947e-01
-3.345092557825624624e+01,1.988301295055679674e+01,2.336941894531250000e+03,5.677122473716735840e-01,1.668200000000000238e-01,4.471223652362823486e-01,3.109371662139892578e-01
-3.345135381612012537e+01,1.989961341575101983e+01,1.356239013671875000e+03,5.023378729820251465e-01,1.668300000000000061e-01,5.043430328369140625e-01,3.081142604351043701e-01
-3.345304449201781694e+01,1.993017577137446494e+01,1.375534790039062500e+03,5.848986506462097168e-01,1.668400000000000161e-01,4.260651767253875732e-01,2.614221870899200439e-01
-3.345616412052316946e+01,1.994506378535374225e+01,1.286256958007812500e+03,6.058377623558044434e-01,1.668500000000000261e-01,5.105991959571838379e-01,3.067409694194793701e-01
-3.344897824957698873e+01,1.996447491174314237e+01,2.998638671875000000e+03,4.793185293674468994e-01,1.668600000000000083e-01,5.904029607772827148e-01,4.271332919597625732e-01
-3.345820416009821230e+01,1.998562445810349786e+01,2.689241943359375000e+03,6.868094801902770996e-01,1.668700000000000183e-01,5.789588093757629395e-01,4.121796190738677979e-01
-3.345260647481922689e+01,2.000002861372818685e+01,2.406735107421875000e+03,8.303255438804626465e-01,1.668800000000000006e-01,5.447790026664733887e-01,3.808226883411407471e-01
-3.345233269688004896e+01,2.002423949992950014e+01,1.621418457031250000e+03,8.327979445457458496e-01,1.668900000000000106e-01,4.994602203369140625e-01,3.209317028522491455e-01
-3.345457792079098169e+01,2.004365809187353520e+01,1.146886474609375000e+03,6.622619032859802246e-01,1.669000000000000206e-01,4.770297110080718994e-01,2.754603326320648193e-01
-3.346052396385077543e+01,2.005822960157513890e+01,1.002148254394531250e+03,6.105107665061950684e-01,1.669100000000000028e-01,4.226319193840026855e-01,2.315148562192916870e-01
-3.345054861151371028e+01,2.008541516092182988e+01,1.333449218750000000e+03,5.172092318534851074e-01,1.669200000000000128e-01,4.078308343887329102e-01,2.478418201208114624e-01
-3.344405868155342887e+01,2.010315954048400044e+01,1.398113281250000000e+03,4.542619287967681885e-01,1.669300000000000228e-01,3.898254036903381348e-01,2.403649985790252686e-01
-3.345407491191680549e+01,2.012262164590478264e+01,3.095956787109375000e+03,4.820102751255035400e-01,1.669400000000000051e-01,4.568880200386047363e-01,3.319943547248840332e-01
-3.345122639555244604e+01,2.013711596392610303e+01,2.454218994140625000e+03,4.639655649662017822e-01,1.669500000000000151e-01,4.668062925338745117e-01,3.274167180061340332e-01
-3.344662679191507948e+01,2.016464802047591220e+01,3.053841796875000000e+03,5.513400435447692871e-01,1.669600000000000251e-01,6.240487098693847656e-01,4.526155591011047363e-01
-3.344694952231992602e+01,2.017765455988434198e+01,2.608150146484375000e+03,6.311566233634948730e-01,1.669700000000000073e-01,8.168442249298095703e-01,5.787299275398254395e-01
-3.344892119087894145e+01,2.019239120324105485e+01,4.343536621093750000e+03,1.132918119430541992e+00,1.669800000000000173e-01,7.545881271362304688e-01,5.700323581695556641e-01
-3.344780511457585703e+01,2.021996378433521002e+01,4.432336425781250000e+03,1.787583351135253906e+00,1.669900000000000273e-01,6.499124765396118164e-01,4.919070899486541748e-01
-3.344887911241461609e+01,2.023588437601966916e+01,3.321340820312500000e+03,1.321330785751342773e+00,1.670000000000000095e-01,6.291604042053222656e-01,4.613893926143646240e-01
-3.344517050406330583e+01,2.025100225375391005e+01,1.396371826171875000e+03,1.105452299118041992e+00,1.670100000000000195e-01,4.932040870189666748e-01,3.039943873882293701e-01
-3.344450407960400184e+01,2.027368520882809122e+01,1.610676757812500000e+03,9.589440226554870605e-01,1.670200000000000018e-01,5.098362565040588379e-01,3.270352482795715332e-01
-3.343703964468183187e+01,2.029538790954227423e+01,2.506251464843750000e+03,5.871707797050476074e-01,1.670300000000000118e-01,5.271550416946411133e-01,3.710570037364959717e-01
-3.344199081028087051e+01,2.031974967292740786e+01,4.665741699218750000e+03,7.211977839469909668e-01,1.670400000000000218e-01,5.293675661087036133e-01,4.025665521621704102e-01
-3.344199170114620046e+01,2.034084128866347285e+01,2.493069824218750000e+03,7.922357916831970215e-01,1.670500000000000040e-01,6.111549735069274902e-01,4.298035800457000732e-01
-3.344404763386435064e+01,2.035470708655772754e+01,1.487744873046875000e+03,8.430511355400085449e-01,1.670600000000000140e-01,5.391332507133483887e-01,3.384793698787689209e-01
-3.344764130064780971e+01,2.038041464213320353e+01,1.832726074218750000e+03,8.860689997673034668e-01,1.670700000000000240e-01,4.958743751049041748e-01,3.282559514045715332e-01
-3.344737292895803904e+01,2.040168781967770428e+01,1.753643798828125000e+03,7.349938750267028809e-01,1.670800000000000063e-01,4.575746953487396240e-01,2.997981905937194824e-01
-3.343899002864699810e+01,2.042102057214033550e+01,1.977198608398437500e+03,6.537598967552185059e-01,1.670900000000000163e-01,6.525827646255493164e-01,4.392640590667724609e-01
-3.343515867015656795e+01,2.043670133423169943e+01,1.525195800781250000e+03,7.557625174522399902e-01,1.671000000000000263e-01,5.629370212554931641e-01,3.558744788169860840e-01
-3.343840811512681199e+01,2.046535130807101055e+01,1.759278686523437500e+03,8.550722002983093262e-01,1.671100000000000085e-01,5.734656453132629395e-01,3.760161399841308594e-01
-3.343584633516595517e+01,2.048941655233241121e+01,1.539185791015625000e+03,7.962710261344909668e-01,1.671200000000000185e-01,6.139015555381774902e-01,3.890624642372131348e-01
-3.343535846411236889e+01,2.050317632744183882e+01,1.985543701171875000e+03,8.464640974998474121e-01,1.671300000000000008e-01,5.754492878913879395e-01,3.876891732215881348e-01
-3.344330151436125220e+01,2.052321066552971729e+01,2.122707275390625000e+03,7.778758406639099121e-01,1.671400000000000108e-01,5.705664753913879395e-01,3.896728157997131348e-01
-3.344205748858409777e+01,2.054278207767167075e+01,2.221577636718750000e+03,8.645290732383728027e-01,1.671500000000000208e-01,5.271550416946411133e-01,3.631986975669860840e-01
-3.343932207784980903e+01,2.056236811150247945e+01,1.261905395507812500e+03,9.218234419822692871e-01,1.671600000000000030e-01,4.454438984394073486e-01,2.659235596656799316e-01
-3.343850664391204930e+01,2.057802220835267093e+01,1.766064575195312500e+03,6.469685435295104980e-01,1.671700000000000130e-01,4.399507045745849609e-01,2.887355387210845947e-01
-3.344891002771801425e+01,2.059456447932272738e+01,1.309298706054687500e+03,5.639607310295104980e-01,1.671800000000000230e-01,5.306645631790161133e-01,3.206265270709991455e-01
-3.344374917619584409e+01,2.061655159121098180e+01,1.388418945312500000e+03,5.313367247581481934e-01,1.671900000000000053e-01,5.023593902587890625e-01,3.091061115264892578e-01
-3.344775730406177416e+01,2.064219147809816590e+01,1.311311157226562500e+03,5.875760912895202637e-01,1.672000000000000153e-01,5.160160660743713379e-01,3.119289875030517578e-01
-3.344510569718392645e+01,2.065103700375442131e+01,1.766293090820312500e+03,5.460399985313415527e-01,1.672100000000000253e-01,5.292149782180786133e-01,3.473294973373413086e-01
-3.343916348221254253e+01,2.067022605538364743e+01,1.736820434570312500e+03,5.447406172752380371e-01,1.672200000000000075e-01,4.923648536205291748e-01,3.218472301959991455e-01
-3.344163395927196802e+01,2.069516252984707805e+01,1.833556030273437500e+03,6.229574084281921387e-01,1.672300000000000175e-01,5.472204089164733887e-01,3.622831702232360840e-01
-3.344999401282438356e+01,2.071742572725210607e+01,2.164935058593750000e+03,6.847102046012878418e-01,1.672400000000000275e-01,4.831332564353942871e-01,3.312314152717590332e-01
-3.344412488276315543e+01,2.073802530606024774e+01,1.620247192382812500e+03,7.517952322959899902e-01,1.672500000000000098e-01,4.476564228534698486e-01,2.875911295413970947e-01
-3.344212926543844588e+01,2.075368363551226381e+01,5.558123535156250000e+03,6.002325415611267090e-01,1.672600000000000198e-01,4.741305410861968994e-01,3.657927215099334717e-01
-3.345123877150415126e+01,2.077863225725500484e+01,1.822936279296875000e+03,5.596489310264587402e-01,1.672700000000000020e-01,6.399179100990295410e-01,4.230896830558776855e-01
-3.344508794169726684e+01,2.079253564500862694e+01,1.714992675781250000e+03,6.315225958824157715e-01,1.672800000000000120e-01,7.030895352363586426e-01,4.581850469112396240e-01
-3.344659101075286145e+01,2.081597321280304769e+01,2.901093017578125000e+03,9.839815497398376465e-01,1.672900000000000220e-01,6.535745859146118164e-01,4.706209897994995117e-01
-3.344514042466707338e+01,2.083178192993537436e+01,1.825292114257812500e+03,9.179181456565856934e-01,1.673000000000000043e-01,6.779124140739440918e-01,4.483430683612823486e-01
-3.345123486554223291e+01,2.084769951994946169e+01,3.943720703125000000e+03,1.058417081832885742e+00,1.673100000000000143e-01,5.402776598930358887e-01,4.041687250137329102e-01
-3.344145378570826921e+01,2.086720438708300307e+01,2.150888916015625000e+03,9.282154440879821777e-01,1.673200000000000243e-01,6.400704979896545410e-01,4.382722377777099609e-01
-3.344732131255192797e+01,2.088972642911263122e+01,3.319290283203125000e+03,8.075577616691589355e-01,1.673300000000000065e-01,7.274274230003356934e-01,5.334111452102661133e-01
-3.344700043648204968e+01,2.090543729746297430e+01,3.055482177734375000e+03,1.078084230422973633e+00,1.673400000000000165e-01,6.772257685661315918e-01,4.912204444408416748e-01
-3.344411773700817747e+01,2.092761405434385935e+01,2.689970214843750000e+03,1.229501485824584961e+00,1.673500000000000265e-01,5.207462906837463379e-01,3.707518279552459717e-01
-3.344495449386188568e+01,2.094894922970728146e+01,2.259850097656250000e+03,1.045057296752929688e+00,1.673600000000000088e-01,5.679724216461181641e-01,3.925719857215881348e-01
-3.344789518263291228e+01,2.096429772198604624e+01,1.786489624023437500e+03,7.115573287010192871e-01,1.673700000000000188e-01,6.406045556068420410e-01,4.215638041496276855e-01
-3.344609238679100827e+01,2.098474322286379845e+01,3.798845947265625000e+03,7.928044199943542480e-01,1.673800000000000010e-01,5.880378484725952148e-01,4.381196498870849609e-01
-3.344213181718850336e+01,2.101260953780827734e+01,2.151804443359375000e+03,8.864504694938659668e-01,1.673900000000000110e-01,4.499452710151672363e-01,3.081142604351043701e-01
-3.344052746887818017e+01,2.102626005441997137e+01,1.509701538085937500e+03,7.846207022666931152e-01,1.674000000000000210e-01,5.788062214851379395e-01,3.648771941661834717e-01
-3.344030470529132515e+01,2.104506148369936014e+01,2.342579101562500000e+03,6.281704306602478027e-01,1.674100000000000033e-01,5.764411091804504395e-01,4.010406434535980225e-01
-3.343806651961399723e+01,2.106694710899519052e+01,2.679163330078125000e+03,7.203657031059265137e-01,1.674200000000000133e-01,4.839724898338317871e-01,3.443540334701538086e-01
-3.343556910914336555e+01,2.109313320300790195e+01,1.504221435546875000e+03,7.951242327690124512e-01,1.674300000000000233e-01,4.999179840087890625e-01,3.148281574249267578e-01
-3.343869000520224688e+01,2.110006792864479408e+01,2.838275390625000000e+03,6.549448370933532715e-01,1.674400000000000055e-01,4.590242803096771240e-01,3.294766545295715332e-01
-3.343038008815125295e+01,2.112758624107033967e+01,1.644820190429687500e+03,5.641621947288513184e-01,1.674500000000000155e-01,4.473512470722198486e-01,2.885066568851470947e-01
-3.343453211990590290e+01,2.115005108220258023e+01,1.019751892089843750e+03,5.092520117759704590e-01,1.674600000000000255e-01,5.067081451416015625e-01,2.795802354812622070e-01
-3.343546599452601953e+01,2.116455218814102679e+01,1.759042480468750000e+03,4.720622599124908447e-01,1.674700000000000077e-01,4.336183071136474609e-01,2.843104600906372070e-01
-3.343952464371036370e+01,2.118829083584553885e+01,2.673709228515625000e+03,4.817158281803131104e-01,1.674800000000000177e-01,4.909915626049041748e-01,3.492368757724761963e-01
-3.343251431607947666e+01,2.120122304018680381e+01,1.185351074218750000e+03,5.290562510490417480e-01,1.674900000000000000e-01,4.050842523574829102e-01,2.367028743028640747e-01
-3.343411701385674917e+01,2.122523145290493574e+01,1.100274169921875000e+03,6.040186285972595215e-01,1.675000000000000100e-01,4.507845044136047363e-01,2.563104927539825439e-01
-3.343238556386496896e+01,2.124333425737144410e+01,1.217154541015625000e+03,3.996044695377349854e-01,1.675100000000000200e-01,4.822177290916442871e-01,2.843867540359497070e-01
-3.343174229436897349e+01,2.126682379353029262e+01,1.700809570312500000e+03,4.948681890964508057e-01,1.675200000000000022e-01,4.761141836643218994e-01,3.096401691436767578e-01
-3.343190980069801554e+01,2.127654335154817389e+01,1.213900268554687500e+03,5.866081118583679199e-01,1.675300000000000122e-01,4.423921406269073486e-01,2.606592476367950439e-01
-3.343740042919378652e+01,2.130814408648525671e+01,2.314230957031250000e+03,5.967409014701843262e-01,1.675400000000000222e-01,4.752749502658843994e-01,3.299344182014465332e-01
-3.343530698641431798e+01,2.132265071117901556e+01,1.829891357421875000e+03,4.258293211460113525e-01,1.675500000000000045e-01,5.187626481056213379e-01,3.432859182357788086e-01
-3.343610511897406923e+01,2.134105125124014890e+01,1.876030517578125000e+03,7.075638175010681152e-01,1.675600000000000145e-01,4.157654345035552979e-01,2.766810357570648193e-01
-3.343235660141889554e+01,2.136519245492371155e+01,2.621093261718750000e+03,5.658418536186218262e-01,1.675700000000000245e-01,4.856509566307067871e-01,3.443540334701538086e-01
-3.343730749275198377e+01,2.138577188956296027e+01,1.342357788085937500e+03,5.257660746574401855e-01,1.675800000000000067e-01,4.335419833660125732e-01,2.640162110328674316e-01
-3.343273665469141775e+01,2.140418485068457954e+01,1.796426513671875000e+03,5.055577158927917480e-01,1.675900000000000167e-01,4.977054595947265625e-01,3.279507756233215332e-01
-3.343970776800144051e+01,2.141591635634392787e+01,1.482782470703125000e+03,4.287988245487213135e-01,1.676000000000000267e-01,4.510896801948547363e-01,2.829371690750122070e-01
-3.343671196699396830e+01,2.143427796167769017e+01,1.137506958007812500e+03,6.214970946311950684e-01,1.676100000000000090e-01,4.718416929244995117e-01,2.716456353664398193e-01
-3.343189226281520376e+01,2.145532929103503861e+01,1.860908691406250000e+03,4.383737146854400635e-01,1.676200000000000190e-01,4.506319165229797363e-01,2.993404269218444824e-01
-3.344532369444949893e+01,2.147330228613364511e+01,1.585691162109375000e+03,4.461783468723297119e-01,1.676300000000000012e-01,4.837436079978942871e-01,3.090298175811767578e-01
-3.344176946374623327e+01,2.149490535534102165e+01,1.888781494140625000e+03,5.285937190055847168e-01,1.676400000000000112e-01,4.698580503463745117e-01,3.131496906280517578e-01
-3.344547595782345439e+01,2.150998992906363227e+01,1.692965820312500000e+03,6.060833334922790527e-01,1.676500000000000212e-01,4.807681441307067871e-01,3.123104572296142578e-01
-3.344129246692510549e+01,2.153438018592987291e+01,1.618088012695312500e+03,5.699593424797058105e-01,1.676600000000000035e-01,4.800051748752593994e-01,3.082668483257293701e-01
-3.344246900702618319e+01,2.155564299264506190e+01,1.636385131835937500e+03,5.988056063652038574e-01,1.676700000000000135e-01,5.251713991165161133e-01,3.382504880428314209e-01
-3.344325026251089383e+01,2.157373289558883656e+01,1.564982055664062500e+03,6.245238184928894043e-01,1.676800000000000235e-01,5.536291003227233887e-01,3.524412214756011963e-01
-3.343990369749553082e+01,2.159341562362506295e+01,1.197404296875000000e+03,6.400567889213562012e-01,1.676900000000000057e-01,5.794165730476379395e-01,3.397763669490814209e-01
-3.344222120820354860e+01,2.161402939332926820e+01,3.628864990234375000e+03,6.628519892692565918e-01,1.677000000000000157e-01,5.722449421882629395e-01,4.241577982902526855e-01
-3.345240872897164053e+01,2.163953182067987768e+01,1.675840942382812500e+03,7.461542487144470215e-01,1.677100000000000257e-01,4.739779531955718994e-01,3.071224391460418701e-01
-3.343798926598143595e+01,2.165093704001541042e+01,1.973454223632812500e+03,8.242935538291931152e-01,1.677200000000000080e-01,4.794711172580718994e-01,3.226101696491241455e-01
-3.343960687106468299e+01,2.167431964942070266e+01,1.272285156250000000e+03,6.216532588005065918e-01,1.677300000000000180e-01,5.135746598243713379e-01,3.074276149272918701e-01
-3.344250504679538238e+01,2.169147145832917190e+01,1.215689086914062500e+03,6.998915076255798340e-01,1.677400000000000002e-01,5.858252644538879395e-01,3.453458547592163086e-01
-3.344568012424097248e+01,2.170956368732682407e+01,3.120707031250000000e+03,6.040853857994079590e-01,1.677500000000000102e-01,6.255745887756347656e-01,4.550569653511047363e-01
-3.344114340001222985e+01,2.173424358717894833e+01,2.046111816406250000e+03,7.629150748252868652e-01,1.677600000000000202e-01,6.218361854553222656e-01,4.215638041496276855e-01
-3.344476977400258022e+01,2.174717388268787488e+01,1.927452026367187500e+03,8.778864741325378418e-01,1.677700000000000025e-01,7.452802658081054688e-01,4.989261627197265625e-01
-3.344171202195186510e+01,2.177096019955804707e+01,2.361645751953125000e+03,1.071322679519653320e+00,1.677800000000000125e-01,5.808661580085754395e-01,4.047027826309204102e-01
-3.344354525218042085e+01,2.179452075169810499e+01,1.213189941406250000e+03,9.771830439567565918e-01,1.677900000000000225e-01,5.941413640975952148e-01,3.499998152256011963e-01
-3.344089468691210243e+01,2.180564113030611750e+01,1.479906616210937500e+03,8.173925280570983887e-01,1.678000000000000047e-01,5.788825154304504395e-01,3.628935217857360840e-01
-3.343892838457404793e+01,2.182633658187590342e+01,2.263723876953125000e+03,7.493216395378112793e-01,1.678100000000000147e-01,4.981632232666015625e-01,3.444303274154663086e-01
-3.343801756547451021e+01,2.185245497321783503e+01,1.617143554687500000e+03,7.528061270713806152e-01,1.678200000000000247e-01,6.013892889022827148e-01,3.861632645130157471e-01
-3.343532252991251141e+01,2.186808709954413033e+01,1.377770629882812500e+03,8.200008273124694824e-01,1.678300000000000070e-01,5.817053914070129395e-01,3.570951819419860840e-01
-3.343701391298078818e+01,2.188434177012952020e+01,1.344145385742187500e+03,8.319897055625915527e-01,1.678400000000000170e-01,5.704901814460754395e-01,3.475583791732788086e-01
-3.343016227279230890e+01,2.191368068742124109e+01,1.677697631835937500e+03,8.080608248710632324e-01,1.678500000000000270e-01,5.897926092147827148e-01,3.822722733020782471e-01
-3.343737583255170875e+01,2.193474276522185562e+01,1.637549682617187500e+03,8.721262812614440918e-01,1.678600000000000092e-01,5.810950398445129395e-01,3.743376731872558594e-01
-3.343779709619580132e+01,2.194473634035944087e+01,2.056133300781250000e+03,8.168823122978210449e-01,1.678700000000000192e-01,4.567354321479797363e-01,3.099453449249267578e-01
-3.343627900475904369e+01,2.197059058073146787e+01,1.569460693359375000e+03,7.283658385276794434e-01,1.678800000000000014e-01,4.500978589057922363e-01,2.867518961429595947e-01
-3.342928704586591948e+01,2.199138861862564553e+01,1.260159179687500000e+03,5.477625727653503418e-01,1.678900000000000114e-01,4.778689444065093994e-01,2.851496934890747070e-01
-3.343746772028493552e+01,2.201133334464766378e+01,1.121707031250000000e+03,5.309874415397644043e-01,1.679000000000000214e-01,4.874820113182067871e-01,2.791987657546997070e-01
-3.343290389885427061e+01,2.202889769958203203e+01,1.482503540039062500e+03,6.147200465202331543e-01,1.679100000000000037e-01,5.273839235305786133e-01,3.307736515998840332e-01
-3.343127127154652101e+01,2.204199553754562046e+01,1.470977416992187500e+03,5.836910605430603027e-01,1.679200000000000137e-01,5.823157429695129395e-01,3.644194304943084717e-01
-3.343440131439627550e+01,2.207235945118065246e+01,1.939462768554687500e+03,6.368870139122009277e-01,1.679300000000000237e-01,5.698034763336181641e-01,3.819670975208282471e-01
-3.343137466828314786e+01,2.208435800873712651e+01,1.222569824218750000e+03,8.157820105552673340e-01,1.679400000000000059e-01,4.959506690502166748e-01,2.929317057132720947e-01
-3.341929697362609630e+01,2.210908785927873410e+01,2.360812255859375000e+03,7.390326857566833496e-01,1.679500000000000159e-01,5.732367634773254395e-01,3.993621766567230225e-01
-3.342934570611659950e+01,2.213269790270053505e+01,1.538197143554687500e+03,5.671209692955017090e-01,1.679600000000000259e-01,5.379124879837036133e-01,3.408445119857788086e-01
-3.343053299219575081e+01,2.215012878917386985e+01,4.563548339843750000e+03,8.946234583854675293e-01,1.679700000000000082e-01,4.896182715892791748e-01,3.715910911560058594e-01
-3.343360676155387523e+01,2.216755433144047771e+01,2.919068115234375000e+03,6.315321326255798340e-01,1.679800000000000182e-01,5.376073122024536133e-01,3.874602913856506348e-01
-3.343374077956884349e+01,2.218851933306074642e+01,1.216711303710937500e+03,7.801801562309265137e-01,1.679900000000000004e-01,4.477327167987823486e-01,2.640162110328674316e-01
-3.344110625940003700e+01,2.220500860767516471e+01,1.105450805664062500e+03,7.063657641410827637e-01,1.680000000000000104e-01,4.683321714401245117e-01,2.667627930641174316e-01
-3.343840566875864795e+01,2.222371651195934206e+01,1.482333129882812500e+03,4.891008436679840088e-01,1.680100000000000204e-01,4.008880555629730225e-01,2.514276504516601562e-01
-3.343036276592870593e+01,2.224665098516404882e+01,1.356155639648437500e+03,4.369598925113677979e-01,1.680200000000000027e-01,5.384465456008911133e-01,3.289425969123840332e-01
-3.343599619853181792e+01,2.226793959439256554e+01,2.393217773437500000e+03,4.707175791263580322e-01,1.680300000000000127e-01,4.658907651901245117e-01,3.253567814826965332e-01
-3.343739987956993787e+01,2.228449670688064188e+01,1.446403320312500000e+03,5.665535330772399902e-01,1.680400000000000227e-01,5.074710845947265625e-01,3.160488605499267578e-01
-3.342955291281836594e+01,2.230721857636201122e+01,1.746520874023437500e+03,5.855709910392761230e-01,1.680500000000000049e-01,5.342503786087036133e-01,3.496946394443511963e-01
-3.343020431708021079e+01,2.232504306077844092e+01,1.681261718750000000e+03,6.544107794761657715e-01,1.680600000000000149e-01,5.519506335258483887e-01,3.579344153404235840e-01
-3.344083474788214261e+01,2.233460792130780703e+01,2.247715087890625000e+03,6.422025561332702637e-01,1.680700000000000249e-01,7.008007168769836426e-01,4.838961958885192871e-01
-3.343913978202064641e+01,2.236182646407791808e+01,1.601111572265625000e+03,7.895774245262145996e-01,1.680800000000000072e-01,6.321358680725097656e-01,4.048553705215454102e-01
-3.343942563282599423e+01,2.238702957055583198e+01,1.645231323242187500e+03,1.050141572952270508e+00,1.680900000000000172e-01,4.903812110424041748e-01,3.162777423858642578e-01
-3.343914448881464097e+01,2.240205139926738909e+01,1.246441894531250000e+03,7.013935446739196777e-01,1.681000000000000272e-01,5.219669938087463379e-01,3.103268146514892578e-01
-3.343738075589605074e+01,2.241458130066712684e+01,1.340410522460937500e+03,5.926579833030700684e-01,1.681100000000000094e-01,4.841250777244567871e-01,2.946864962577819824e-01
-3.343502612552568820e+01,2.244350878643537328e+01,1.552805541992187500e+03,5.874306559562683105e-01,1.681200000000000194e-01,5.252476930618286133e-01,3.336728513240814209e-01
-3.344788386057158647e+01,2.247113419870795781e+01,1.424262207031250000e+03,5.481690764427185059e-01,1.681300000000000017e-01,5.364629030227661133e-01,3.326047360897064209e-01
-3.344254398762380731e+01,2.248237135269163645e+01,2.016689819335937500e+03,6.740528941154479980e-01,1.681400000000000117e-01,4.689425230026245117e-01,3.169644176959991455e-01
-3.344145966234538747e+01,2.249574701492027273e+01,1.675689086914062500e+03,6.103760600090026855e-01,1.681500000000000217e-01,5.469915270805358887e-01,3.544248640537261963e-01
-3.344542368704566826e+01,2.252221182015391321e+01,1.989281738281250000e+03,5.635184645652770996e-01,1.681600000000000039e-01,5.370732545852661133e-01,3.619779944419860840e-01
-3.344492294968365087e+01,2.254033416139770196e+01,4.082695556640625000e+03,7.346243262290954590e-01,1.681700000000000139e-01,6.202340126037597656e-01,4.656618833541870117e-01
-3.343696763143108797e+01,2.255741890951455275e+01,4.494547363281250000e+03,7.539815306663513184e-01,1.681800000000000239e-01,7.329205870628356934e-01,5.554602146148681641e-01
-3.344331614887684623e+01,2.257933390139114138e+01,2.375309082031250000e+03,1.165769815444946289e+00,1.681900000000000062e-01,6.525827646255493164e-01,4.551332592964172363e-01
-3.344479307470707141e+01,2.259774353139189529e+01,1.867051513671875000e+03,1.402900934219360352e+00,1.682000000000000162e-01,5.935310125350952148e-01,3.945556581020355225e-01
-3.344316873873492568e+01,2.262152561783937799e+01,2.027829467773437500e+03,1.066234827041625977e+00,1.682100000000000262e-01,5.089970231056213379e-01,3.444303274154663086e-01
-3.343647195315215015e+01,2.263691011581556722e+01,2.298150146484375000e+03,8.115786910057067871e-01,1.682200000000000084e-01,5.224247574806213379e-01,3.622068762779235840e-01
-3.344034907892407915e+01,2.265967811548746269e+01,1.728270385742187500e+03,6.628543734550476074e-01,1.682300000000000184e-01,5.457708239555358887e-01,3.563322424888610840e-01
-3.343739422263437433e+01,2.267789397502065896e+01,1.701804443359375000e+03,6.764394640922546387e-01,1.682400000000000007e-01,5.133457779884338379e-01,3.339017331600189209e-01
-3.344339225569877527e+01,2.270497939989803626e+01,1.561476196289062500e+03,6.653971076011657715e-01,1.682500000000000107e-01,5.291386842727661133e-01,3.366483151912689209e-01
-3.344230565816782530e+01,2.271487660521226104e+01,1.347569213867187500e+03,6.093341708183288574e-01,1.682600000000000207e-01,5.641577243804931641e-01,3.439725637435913086e-01
-3.343733516656033800e+01,2.273217882772095777e+01,2.784875000000000000e+03,6.765825152397155762e-01,1.682700000000000029e-01,4.842013716697692871e-01,3.465665578842163086e-01
-3.343486635388656225e+01,2.275472824787484782e+01,2.602043945312500000e+03,7.312530875205993652e-01,1.682800000000000129e-01,6.189370155334472656e-01,4.383485317230224609e-01
-3.344282395544064457e+01,2.277351194136437940e+01,1.789634399414062500e+03,7.325083613395690918e-01,1.682900000000000229e-01,4.995365142822265625e-01,3.288663029670715332e-01
-3.344130060205227295e+01,2.279690366128133405e+01,1.447880737304687500e+03,8.518547415733337402e-01,1.683000000000000052e-01,5.253239870071411133e-01,3.272641301155090332e-01
-3.343360982508195178e+01,2.281031270634091968e+01,1.239524414062500000e+03,6.093067526817321777e-01,1.683100000000000152e-01,5.310460329055786133e-01,3.151333332061767578e-01
-3.343132009679573713e+01,2.283681202510928898e+01,1.603440307617187500e+03,6.645042300224304199e-01,1.683200000000000252e-01,5.038852691650390625e-01,3.228390514850616455e-01
-3.343098591126490504e+01,2.285130348386193688e+01,1.979479370117187500e+03,6.421036124229431152e-01,1.683300000000000074e-01,5.440923571586608887e-01,3.663267791271209717e-01
-3.343816916267346784e+01,2.286822000389638276e+01,1.017251708984375000e+03,6.489831805229187012e-01,1.683400000000000174e-01,5.762885212898254395e-01,3.176510632038116455e-01
-3.342683497321136343e+01,2.288986037571786269e+01,1.989838745117187500e+03,6.957537531852722168e-01,1.683500000000000274e-01,5.998634099960327148e-01,4.043213129043579102e-01
-3.343314491848668979e+01,2.291803990206250674e+01,2.012841918945312500e+03,7.653099894523620605e-01,1.683600000000000096e-01,6.047462821006774902e-01,4.085937738418579102e-01
-3.343039962291567946e+01,2.292511109956619464e+01,1.306907958984375000e+03,8.228010535240173340e-01,1.683700000000000196e-01,5.357762575149536133e-01,3.235256969928741455e-01
-3.342873894070169172e+01,2.294815902455454548e+01,2.141177490234375000e+03,8.328384757041931152e-01,1.683800000000000019e-01,6.258034706115722656e-01,4.281251132488250732e-01
-3.342503108417436408e+01,2.296947485073474127e+01,2.195893066406250000e+03,6.569368243217468262e-01,1.683900000000000119e-01,5.631659030914306641e-01,3.871551156044006348e-01
-3.342931667498678650e+01,2.298458152096769780e+01,1.088479492187500000e+03,8.003599047660827637e-01,1.684000000000000219e-01,6.469369530677795410e-01,3.663267791271209717e-01
-3.341616064353760152e+01,2.300748380299446438e+01,1.462495971679687500e+03,7.190997004508972168e-01,1.684100000000000041e-01,7.106426358222961426e-01,4.439943134784698486e-01
-3.342478106477317823e+01,2.302849522036483521e+01,2.084402832031250000e+03,8.719558119773864746e-01,1.684200000000000141e-01,7.333020567893981934e-01,4.990024566650390625e-01
-3.342799300085307124e+01,2.304498610232138134e+01,1.977183349609375000e+03,1.001046419143676758e+00,1.684300000000000241e-01,7.473402023315429688e-01,5.030460357666015625e-01
-3.342976061096290152e+01,2.306876511139020280e+01,2.373175048828125000e+03,1.174379110336303711e+00,1.684400000000000064e-01,5.885719060897827148e-01,4.104248583316802979e-01
-3.342240308882114164e+01,2.308963631025092411e+01,1.824486206054687500e+03,1.029022455215454102e+00,1.684500000000000164e-01,5.559179782867431641e-01,3.676237761974334717e-01
-3.343191417126421783e+01,2.310837136976932271e+01,1.641298706054687500e+03,8.817047476768493652e-01,1.684600000000000264e-01,5.679724216461181641e-01,3.660978972911834717e-01
-3.341997261293185773e+01,2.312516868671504255e+01,2.793924072265625000e+03,6.913644671440124512e-01,1.684700000000000086e-01,5.595037937164306641e-01,4.006591737270355225e-01
-3.342907334031418998e+01,2.314688146110621503e+01,1.524745849609375000e+03,6.940800547599792480e-01,1.684800000000000186e-01,6.379342675209045410e-01,4.032531976699829102e-01
-3.343058021166122273e+01,2.316079510856499724e+01,1.834747680664062500e+03,8.867616057395935059e-01,1.684900000000000009e-01,5.984138250350952148e-01,3.962341248989105225e-01
-3.343534702488965138e+01,2.317622344477232943e+01,1.285661499023437500e+03,8.192867636680603027e-01,1.685000000000000109e-01,6.042885184288024902e-01,3.629698157310485840e-01
-3.343522288352141203e+01,2.320401579878808462e+01,2.919469726562500000e+03,8.776623606681823730e-01,1.685100000000000209e-01,5.144138932228088379e-01,3.707518279552459717e-01
-3.343335786724410497e+01,2.322494630112134217e+01,2.496534179687500000e+03,7.224470973014831543e-01,1.685200000000000031e-01,4.617708623409271240e-01,3.248227238655090332e-01
-3.344245227484104532e+01,2.324741727701616867e+01,2.148181884765625000e+03,7.438356280326843262e-01,1.685300000000000131e-01,6.489206552505493164e-01,4.442231953144073486e-01
-3.343647010762363436e+01,2.325883994269875288e+01,1.899380004882812500e+03,6.951946616172790527e-01,1.685400000000000231e-01,5.804083943367004395e-01,3.873077034950256348e-01
-3.344565886487235673e+01,2.328686555824683069e+01,1.538211547851562500e+03,8.356994986534118652e-01,1.685500000000000054e-01,6.249642372131347656e-01,3.960052430629730225e-01
-3.343854569670106258e+01,2.330437293389046260e+01,1.598762451171875000e+03,8.624631762504577637e-01,1.685600000000000154e-01,5.878089666366577148e-01,3.763213157653808594e-01
-3.345236256454844437e+01,2.332159965027384274e+01,1.825774169921875000e+03,7.670993208885192871e-01,1.685700000000000254e-01,6.203103065490722656e-01,4.102722704410552979e-01
-3.344222877019757334e+01,2.334172494794402652e+01,2.261638671875000000e+03,8.782441020011901855e-01,1.685800000000000076e-01,5.439397692680358887e-01,3.760161399841308594e-01
-3.344875213541983783e+01,2.336599208959041718e+01,1.100581054687500000e+03,8.800691962242126465e-01,1.685900000000000176e-01,5.115147233009338379e-01,2.908717691898345947e-01
-3.344156759281322877e+01,2.338264632143328825e+01,1.983622924804687500e+03,7.651085257530212402e-01,1.686000000000000276e-01,6.016182303428649902e-01,4.052368402481079102e-01
-3.344829784163497521e+01,2.340416464078268177e+01,3.942741455078125000e+03,6.390041708946228027e-01,1.686100000000000099e-01,5.838416218757629395e-01,4.367463588714599609e-01
-3.344405442361547642e+01,2.342532446028104332e+01,1.865345581054687500e+03,1.063048362731933594e+00,1.686200000000000199e-01,6.037544608116149902e-01,4.012695252895355225e-01
-3.345049213967494239e+01,2.344648255094600131e+01,2.506858398437500000e+03,9.931117892265319824e-01,1.686300000000000021e-01,5.096836686134338379e-01,3.587736487388610840e-01
-3.344572892776852768e+01,2.346230304450716275e+01,1.785419921875000000e+03,7.738298773765563965e-01,1.686400000000000121e-01,5.810950398445129395e-01,3.823485672473907471e-01
-3.344962679499669633e+01,2.347911263899892376e+01,1.654250122070312500e+03,7.305962443351745605e-01,1.686500000000000221e-01,6.654765009880065918e-01,4.298035800457000732e-01
-3.344530160201045987e+01,2.350274994732236777e+01,1.175588012695312500e+03,9.124678969383239746e-01,1.686600000000000044e-01,6.092476248741149902e-01,3.549589216709136963e-01
-3.344581699481008741e+01,2.352674969423971163e+01,1.825296630859375000e+03,9.533078074455261230e-01,1.686700000000000144e-01,6.204628944396972656e-01,4.103485643863677979e-01
-3.344268094853227069e+01,2.354363320932786152e+01,1.535177734375000000e+03,7.834369540214538574e-01,1.686800000000000244e-01,5.621740818023681641e-01,3.560270667076110840e-01
-3.344138867438497442e+01,2.355975819197880838e+01,1.384990722656250000e+03,8.752173781394958496e-01,1.686900000000000066e-01,5.209751725196838379e-01,3.203213512897491455e-01
-3.344441035181057487e+01,2.357995026342755907e+01,1.485425048828125000e+03,7.038945555686950684e-01,1.687000000000000166e-01,4.664248228073120117e-01,2.927028238773345947e-01
-3.343864529066356539e+01,2.359309219395381518e+01,2.049666503906250000e+03,7.114476561546325684e-01,1.687100000000000266e-01,5.801032185554504395e-01,3.934112191200256348e-01
-3.343493176439491776e+01,2.360652934433858974e+01,1.720645263671875000e+03,5.853826403617858887e-01,1.687200000000000089e-01,5.843756794929504395e-01,3.811278641223907471e-01
-3.343790307612076873e+01,2.362098919117514484e+01,2.526240234375000000e+03,7.980114817619323730e-01,1.687300000000000189e-01,2.843104600906372070e-01,2.003868073225021362e-01
-3.343345597426821314e+01,2.363655387586403123e+01,-1.143889282226562500e+03,7.929868102073669434e-01,1.687400000000000011e-01,4.627245292067527771e-02,5.550405755639076233e-02
-3.342603299585672971e+01,2.364464002694340294e+01,-6.444799194335937500e+02,4.024619162082672119e-01,1.687500000000000111e-01,3.307355195283889771e-02,5.268117040395736694e-02
-3.342883423392265740e+01,2.364355094898580489e+01,-8.578475341796875000e+02,1.764494329690933228e-01,1.687600000000000211e-01,2.384194917976856232e-02,3.231060877442359924e-02
