# x_coordinates, y_coordinates, TEP, TED, times, high, low
-3.109859126357633841e+01,1.790555081675246285e+01,1.341206054687500000e+03,2.867168486118316650e-01,1.921300000000000230e-01,6.424356102943420410e-01,3.911224007606506348e-01
-3.109388487364560305e+01,1.789555824495257497e+01,1.393036621093750000e+03,1.078946113586425781e+00,1.921400000000000052e-01,6.583048105239868164e-01,4.054657220840454102e-01
-3.109510903139731042e+01,1.788396074957027437e+01,1.489514770507812500e+03,7.036656737327575684e-01,1.921500000000000152e-01,6.276345252990722656e-01,3.941741585731506348e-01
-3.109671451275354315e+01,1.787962148651997296e+01,1.758850952148437500e+03,5.667204260826110840e-01,1.921600000000000252e-01,8.924518227577209473e-01,5.851386189460754395e-01
-3.109939777890358670e+01,1.787709484055902820e+01,1.154046875000000000e+03,6.757814288139343262e-01,1.921700000000000075e-01,6.802775859832763672e-01,3.937163949012756348e-01
-3.109527529636316956e+01,1.787292657975118715e+01,1.682869750976562500e+03,8.802193999290466309e-01,1.921800000000000175e-01,6.991985440254211426e-01,4.535310864448547363e-01
-3.109366413510903371e+01,1.787636433834875405e+01,1.924995361328125000e+03,7.350010275840759277e-01,1.921900000000000275e-01,6.809642314910888672e-01,4.557436108589172363e-01
-3.109121056148227424e+01,1.787180263747675824e+01,1.651512817382812500e+03,6.784541010856628418e-01,1.922000000000000097e-01,8.053238391876220703e-01,5.199070572853088379e-01
-3.108779309380850009e+01,1.787772385184524637e+01,1.488251831054687500e+03,8.445829749107360840e-01,1.922100000000000197e-01,8.356888890266418457e-01,5.247136354446411133e-01
-3.109129248793886902e+01,1.788138598423351411e+01,1.842665283203125000e+03,9.155434966087341309e-01,1.922200000000000020e-01,8.233292698860168457e-01,5.456945300102233887e-01
-3.109201780773747714e+01,1.788339701549709204e+01,1.461130249023437500e+03,1.008870124816894531e+00,1.922300000000000120e-01,8.469041585922241211e-01,5.289860963821411133e-01
-3.109058643420020829e+01,1.789529060319792109e+01,1.799181030273437500e+03,9.501904845237731934e-01,1.922400000000000220e-01,9.571493268013000488e-01,6.309151649475097656e-01
-3.109734771836090061e+01,1.790576061797927920e+01,1.267180175781250000e+03,1.121270179748535156e+00,1.922500000000000042e-01,8.293564915657043457e-01,4.957980811595916748e-01
-3.109652246532315445e+01,1.790943736171766432e+01,1.513365722656250000e+03,1.138879776000976562e+00,1.922600000000000142e-01,1.165966629981994629e+00,7.355145812034606934e-01
-3.109207703831964409e+01,1.792462103587714140e+01,2.318138916015625000e+03,1.283224344253540039e+00,1.922700000000000242e-01,1.036342740058898926e+00,7.196453809738159180e-01
-3.109532029587125379e+01,1.793032735618267282e+01,3.204984375000000000e+03,1.633663892745971680e+00,1.922800000000000065e-01,8.298905491828918457e-01,6.058143973350524902e-01
-3.109553122185530327e+01,1.794414457363198068e+01,1.721033935546875000e+03,1.399809837341308594e+00,1.922900000000000165e-01,8.483537435531616211e-01,5.533239245414733887e-01
-3.109023715578188174e+01,1.795498746234699894e+01,1.707499267578125000e+03,1.262833595275878906e+00,1.923000000000000265e-01,7.836562395095825195e-01,5.101414322853088379e-01
-3.109388835297665565e+01,1.796493458980910063e+01,1.619135131835937500e+03,1.113043546676635742e+00,1.923100000000000087e-01,8.216508030891418457e-01,5.277653932571411133e-01
-3.109289407982290498e+01,1.798493232270908848e+01,1.960182861328125000e+03,1.099303483963012695e+00,1.923200000000000187e-01,8.073074817657470703e-01,5.424138903617858887e-01
-3.110138641845847829e+01,1.799382218256441845e+01,2.011267333984375000e+03,9.535021185874938965e-01,1.923300000000000287e-01,8.789477348327636719e-01,5.937598943710327148e-01
-3.108653928595511218e+01,1.800359238006809548e+01,1.769211303710937500e+03,1.159739017486572266e+00,1.923400000000000110e-01,8.675036430358886719e-01,5.695745944976806641e-01
-3.109988722432467867e+01,1.801984025133456768e+01,2.724267333984375000e+03,1.310551881790161133e+00,1.923500000000000210e-01,7.644301056861877441e-01,5.453130602836608887e-01
-3.108741378580597825e+01,1.803157345684723367e+01,1.300093627929687500e+03,1.158903360366821289e+00,1.923600000000000032e-01,7.328442931175231934e-01,4.417817890644073486e-01
-3.109418060283282159e+01,1.804454502273345540e+01,1.414062866210937500e+03,1.068034887313842773e+00,1.923700000000000132e-01,7.465009689331054688e-01,4.618471562862396240e-01
-3.109355220114296614e+01,1.805282348505021162e+01,1.485595336914062500e+03,9.715301394462585449e-01,1.923800000000000232e-01,7.749587297439575195e-01,4.863376021385192871e-01
-3.109523740477746045e+01,1.806308981456257712e+01,1.638314575195312500e+03,8.128518462181091309e-01,1.923900000000000055e-01,8.578905463218688965e-01,5.527135729789733887e-01
-3.109388497381974048e+01,1.807752863084782646e+01,1.176946289062500000e+03,1.032574892044067383e+00,1.924000000000000155e-01,7.557325363159179688e-01,4.404847621917724609e-01
-3.108644621240237882e+01,1.808791699493927752e+01,1.753549316406250000e+03,8.963174223899841309e-01,1.924100000000000255e-01,9.022938013076782227e-01,5.911659002304077148e-01
-3.109369534875518326e+01,1.809365876173627896e+01,2.272018066406250000e+03,9.090155959129333496e-01,1.924200000000000077e-01,7.866317033767700195e-01,5.442449450492858887e-01
-3.109078376062580773e+01,1.809970468929851251e+01,1.607912719726562500e+03,9.830219149589538574e-01,1.924300000000000177e-01,8.421739339828491211e-01,5.399724841117858887e-01
-3.109251697468787512e+01,1.811998188286016997e+01,1.353635864257812500e+03,1.004147052764892578e+00,1.924400000000000277e-01,7.875472307205200195e-01,4.808444380760192871e-01
-3.109182524559282612e+01,1.812316801875513406e+01,2.418163085937500000e+03,1.009263515472412109e+00,1.924500000000000099e-01,8.038741946220397949e-01,5.624029636383056641e-01
-3.109586756976392152e+01,1.812973086763895125e+01,1.405352172851562500e+03,1.149513244628906250e+00,1.924600000000000199e-01,6.930186748504638672e-01,4.279725253582000732e-01
-3.108793037118679692e+01,1.814023658947668594e+01,1.430349487304687500e+03,1.037486314773559570e+00,1.924700000000000022e-01,8.153946399688720703e-01,5.061740875244140625e-01
-3.109301967103563769e+01,1.815360271663080383e+01,1.248028442382812500e+03,9.267777800559997559e-01,1.924800000000000122e-01,8.079178333282470703e-01,4.805392622947692871e-01
-3.109040508070434328e+01,1.816821267315569699e+01,2.623164306640625000e+03,8.955032229423522949e-01,1.924900000000000222e-01,9.054981470108032227e-01,6.421304345130920410e-01
-3.109784129934163133e+01,1.817506548729192772e+01,1.924391113281250000e+03,9.757739901542663574e-01,1.925000000000000044e-01,1.042293667793273926e+00,6.975200772285461426e-01
-3.108858952393698871e+01,1.818564255693416243e+01,2.260995117187500000e+03,1.412227869033813477e+00,1.925100000000000144e-01,1.166576981544494629e+00,8.063919544219970703e-01
-3.109915217599667159e+01,1.819328683959604476e+01,1.563589355468750000e+03,1.752384424209594727e+00,1.925200000000000244e-01,8.033401370048522949e-01,5.112858414649963379e-01
-3.109389271964083434e+01,1.820424772228514598e+01,1.494468994140625000e+03,1.610539674758911133e+00,1.925300000000000067e-01,7.923538088798522949e-01,4.980869293212890625e-01
-3.109129273201197208e+01,1.821733490431789804e+01,1.756913574218750000e+03,9.003276228904724121e-01,1.925400000000000167e-01,9.810294508934020996e-01,6.430459618568420410e-01
-3.109316293902111994e+01,1.823864530114507687e+01,1.333924804687500000e+03,1.141448736190795898e+00,1.925500000000000267e-01,8.163864612579345703e-01,4.961795806884765625e-01
-3.109692721820978889e+01,1.824862416815847865e+01,1.506870849609375000e+03,1.161163568496704102e+00,1.925600000000000089e-01,7.480268478393554688e-01,4.713076353073120117e-01
-3.109040361109408224e+01,1.825653729887966747e+01,1.823418457031250000e+03,8.317584395408630371e-01,1.925700000000000189e-01,1.072811365127563477e+00,7.093456387519836426e-01
-3.109420081110491907e+01,1.827112505725481384e+01,1.321886840820312500e+03,9.523636698722839355e-01,1.925800000000000289e-01,9.876670241355895996e-01,5.985664129257202148e-01
-3.109534695657128367e+01,1.827912145133826627e+01,1.907252563476562500e+03,1.468274116516113281e+00,1.925900000000000112e-01,9.515798687934875488e-01,6.355691552162170410e-01
-3.109254466028622588e+01,1.829547951687548135e+01,2.718625732421875000e+03,1.250665903091430664e+00,1.926000000000000212e-01,9.159504771232604980e-01,6.531931161880493164e-01
-3.108907955334807838e+01,1.830862667535746624e+01,1.520819824218750000e+03,1.443960189819335938e+00,1.926100000000000034e-01,6.864573955535888672e-01,4.336183071136474609e-01
-3.109136793783282826e+01,1.831734489258085929e+01,1.778827758789062500e+03,1.235035181045532227e+00,1.926200000000000134e-01,7.402448058128356934e-01,4.866427779197692871e-01
-3.108991212699896067e+01,1.832821262773118676e+01,1.435872070312500000e+03,7.858890891075134277e-01,1.926300000000000234e-01,6.850841045379638672e-01,4.257599711418151855e-01
-3.109266713977631369e+01,1.833930372183641211e+01,2.030776367187500000e+03,8.053357005119323730e-01,1.926400000000000057e-01,8.323319554328918457e-01,5.633947849273681641e-01
-3.109107511226356380e+01,1.835538882615360379e+01,1.315469238281250000e+03,7.754141688346862793e-01,1.926500000000000157e-01,7.173565626144409180e-01,4.340760707855224609e-01
-3.109561564203854900e+01,1.836215996665922745e+01,1.393567871093750000e+03,8.116657137870788574e-01,1.926600000000000257e-01,7.841902971267700195e-01,4.830569624900817871e-01
-3.109563022641928853e+01,1.837184792810763767e+01,1.281236572265625000e+03,7.550317645072937012e-01,1.926700000000000079e-01,8.205063939094543457e-01,4.922885596752166748e-01
-3.109336091092638554e+01,1.838471435071896920e+01,1.391614990234375000e+03,8.216089606285095215e-01,1.926800000000000179e-01,7.622175812721252441e-01,4.693239927291870117e-01
-3.110297468511883778e+01,1.839618301738048345e+01,1.808161010742187500e+03,8.580846190452575684e-01,1.926900000000000279e-01,6.618143320083618164e-01,4.367463588714599609e-01
-3.109847503911218780e+01,1.841014675459346606e+01,1.339971191406250000e+03,8.326894640922546387e-01,1.927000000000000102e-01,8.162338733673095703e-01,4.967899322509765625e-01
-3.109795210426121059e+01,1.842430975961100614e+01,2.684599853515625000e+03,7.372171282768249512e-01,1.927100000000000202e-01,8.008987307548522949e-01,5.700323581695556641e-01
-3.109403344634111477e+01,1.843718534835791800e+01,1.555210693359375000e+03,1.027928113937377930e+00,1.927200000000000024e-01,7.510786056518554688e-01,4.773348867893218994e-01
-3.110119958589664790e+01,1.843881584420986286e+01,1.687892211914062500e+03,9.476000666618347168e-01,1.927300000000000124e-01,7.864791154861450195e-01,5.105229020118713379e-01
-3.109089816179544385e+01,1.845152251829325607e+01,1.605107299804687500e+03,9.435541033744812012e-01,1.927400000000000224e-01,7.705336213111877441e-01,4.938144385814666748e-01
-3.109354639586932834e+01,1.847195193048356288e+01,1.792962768554687500e+03,9.048671126365661621e-01,1.927500000000000047e-01,8.273728489875793457e-01,5.449315905570983887e-01
-3.109737650512859020e+01,1.847455863971446632e+01,1.873689575195312500e+03,8.843714594841003418e-01,1.927600000000000147e-01,8.395036458969116211e-01,5.585119724273681641e-01
-3.109526152146251832e+01,1.848759549227355592e+01,1.820535522460937500e+03,9.740359187126159668e-01,1.927700000000000247e-01,7.556562423706054688e-01,4.994602203369140625e-01
-3.108984518509204165e+01,1.850003685173189183e+01,1.635329833984375000e+03,8.483690619468688965e-01,1.927800000000000069e-01,7.075908780097961426e-01,4.556673169136047363e-01
-3.109648734517950786e+01,1.851199452891088271e+01,1.059914672851562500e+03,7.819539904594421387e-01,1.927900000000000169e-01,7.056835293769836426e-01,3.954711854457855225e-01
-3.108852883613313978e+01,1.852373102542039973e+01,1.185337036132812500e+03,7.995027899742126465e-01,1.928000000000000269e-01,6.299233436584472656e-01,3.680815398693084717e-01
-3.109409617083333899e+01,1.852835566850143678e+01,1.120080810546875000e+03,7.570046782493591309e-01,1.928100000000000092e-01,6.718088984489440918e-01,3.845610916614532471e-01
-3.109921717664883545e+01,1.854755963811042818e+01,1.868722778320312500e+03,6.864137053489685059e-01,1.928200000000000192e-01,8.246262669563293457e-01,5.482885241508483887e-01
-3.108984307389319213e+01,1.856056403429037260e+01,1.548198852539062500e+03,8.215004801750183105e-01,1.928300000000000292e-01,9.504354596138000488e-01,6.032966971397399902e-01
-3.108898175665721197e+01,1.857564803964408284e+01,1.278757934570312500e+03,1.115577936172485352e+00,1.928400000000000114e-01,8.424028158187866211e-01,5.051059722900390625e-01
-3.109055770315640999e+01,1.858121659846780460e+01,1.581843750000000000e+03,1.173560142517089844e+00,1.928500000000000214e-01,8.197433948516845703e-01,5.233402848243713379e-01
-3.109123822348283639e+01,1.859187198836186639e+01,1.248365356445312500e+03,9.499723315238952637e-01,1.928600000000000037e-01,8.488878011703491211e-01,5.049533843994140625e-01
-3.109385031565693325e+01,1.860528357127622456e+01,1.662692993164062500e+03,9.774357676506042480e-01,1.928700000000000137e-01,7.644301056861877441e-01,4.943484961986541748e-01
-3.108748615013528749e+01,1.861756623430239799e+01,1.388960937500000000e+03,8.977693915367126465e-01,1.928800000000000237e-01,8.253892064094543457e-01,5.079289078712463379e-01
-3.109008693208615171e+01,1.862838040818306240e+01,1.581925292968750000e+03,1.012885093688964844e+00,1.928900000000000059e-01,8.398088216781616211e-01,5.361577272415161133e-01
-3.108718718941166514e+01,1.864202144887049784e+01,2.037268920898437500e+03,8.488828539848327637e-01,1.929000000000000159e-01,1.014598846435546875e+00,6.872203350067138672e-01
-3.108736003350793808e+01,1.865123880619570329e+01,2.275757080078125000e+03,1.190171957015991211e+00,1.929100000000000259e-01,1.119427204132080078e+00,7.747298479080200195e-01
-3.108534777789411407e+01,1.866380202748814554e+01,2.348830566406250000e+03,1.445122480392456055e+00,1.929200000000000081e-01,1.198315382003784180e+00,8.340867161750793457e-01
-3.108582521059689796e+01,1.868097579688389587e+01,2.167993164062500000e+03,1.698231220245361328e+00,1.929300000000000181e-01,1.194348096847534180e+00,8.190567493438720703e-01
-3.108603349324208054e+01,1.869076592821857119e+01,2.191715087890625000e+03,1.761706590652465820e+00,1.929400000000000281e-01,1.134457111358642578e+00,7.796126604080200195e-01
-3.108286267959567084e+01,1.870496142879204271e+01,1.936700927734375000e+03,1.736078977584838867e+00,1.929500000000000104e-01,1.057247400283813477e+00,7.085064053535461426e-01
-3.108726326750165825e+01,1.871497427968177973e+01,2.737278320312500000e+03,1.593683481216430664e+00,1.929600000000000204e-01,1.128735065460205078e+00,8.057816028594970703e-01
-3.107747442478657973e+01,1.872607965770088612e+01,2.187436035156250000e+03,1.521368741989135742e+00,1.929700000000000026e-01,1.151318192481994629e+00,7.909042239189147949e-01
-3.108320593314583036e+01,1.873788510804404339e+01,2.271237304687500000e+03,1.465435743331909180e+00,1.929800000000000126e-01,1.176190137863159180e+00,8.137161731719970703e-01
-3.107819465703646955e+01,1.875459508647488960e+01,3.764183105468750000e+03,1.735978841781616211e+00,1.929900000000000226e-01,1.215863108634948730e+00,9.049640893936157227e-01
-3.108080103291758434e+01,1.876469583520319873e+01,1.941349731445312500e+03,1.800564050674438477e+00,1.930000000000000049e-01,1.154217362403869629e+00,7.738906145095825195e-01
-3.107413824687136028e+01,1.877733002217525637e+01,3.832253906250000000e+03,2.099623203277587891e+00,1.930100000000000149e-01,1.215100169181823730e+00,9.061847925186157227e-01
-3.107864662586689164e+01,1.879008721539599236e+01,2.809067871093750000e+03,1.797445535659790039e+00,1.930200000000000249e-01,1.554838418960571289e+00,1.114315509796142578e+00
-3.107989341286272733e+01,1.880602122511438523e+01,1.690177734375000000e+03,2.039253234863281250e+00,1.930300000000000071e-01,1.018032193183898926e+00,6.610513925552368164e-01
-3.108057557213090760e+01,1.881283258137230163e+01,1.932081665039062500e+03,2.136752128601074219e+00,1.930400000000000171e-01,1.027950406074523926e+00,6.885173320770263672e-01
-3.108266226374090380e+01,1.882247749271280668e+01,2.112687500000000000e+03,1.309767484664916992e+00,1.930500000000000271e-01,1.076397180557250977e+00,7.344464659690856934e-01
-3.108290929251829482e+01,1.883683366502793533e+01,2.210574707031250000e+03,1.528990983963012695e+00,1.930600000000000094e-01,1.164974808692932129e+00,8.018905520439147949e-01
-3.108143067460297715e+01,1.885058309484891836e+01,1.870649169921875000e+03,1.706165790557861328e+00,1.930700000000000194e-01,1.122478961944580078e+00,7.465009689331054688e-01
-3.108213218390623211e+01,1.886247769228653937e+01,3.097526367187500000e+03,1.835617542266845703e+00,1.930800000000000294e-01,1.189465284347534180e+00,8.643755316734313965e-01
-3.108757511705471899e+01,1.887378677354726975e+01,2.018768920898437500e+03,1.710917472839355469e+00,1.930900000000000116e-01,1.203732371330261230e+00,8.137924671173095703e-01
-3.108657688224826288e+01,1.888749967151743547e+01,2.028646972656250000e+03,1.919128417968750000e+00,1.931000000000000216e-01,1.000942230224609375e+00,6.773783564567565918e-01
-3.108391229237921749e+01,1.889835975740288987e+01,2.128899658203125000e+03,1.801716804504394531e+00,1.931100000000000039e-01,1.049541711807250977e+00,7.172039747238159180e-01
-3.108707542116618328e+01,1.891454436973074493e+01,1.826310180664062500e+03,1.373486042022705078e+00,1.931200000000000139e-01,1.229290843009948730e+00,8.131058216094970703e-01
-3.108490985712569810e+01,1.892291400129430912e+01,1.437227905273437500e+03,1.593940973281860352e+00,1.931300000000000239e-01,1.109051108360290527e+00,6.894328594207763672e-01
-3.108414010858237830e+01,1.893907662053777941e+01,2.407037353515625000e+03,1.609563350677490234e+00,1.931400000000000061e-01,1.062740564346313477e+00,7.429151535034179688e-01
-3.109180225214084103e+01,1.894987267659632835e+01,1.663601684570312500e+03,1.468086957931518555e+00,1.931500000000000161e-01,9.583700299263000488e-01,6.198525428771972656e-01
-3.108680548859686610e+01,1.895863380413588217e+01,1.608964233398437500e+03,1.489607810974121094e+00,1.931600000000000261e-01,9.449422359466552734e-01,6.059669852256774902e-01
-3.109428723827062413e+01,1.896656639721787840e+01,1.849338378906250000e+03,1.411323070526123047e+00,1.931700000000000084e-01,8.126480579376220703e-01,5.390568971633911133e-01
-3.108784208050466091e+01,1.897904999852040575e+01,1.849198486328125000e+03,1.178034067153930664e+00,1.931800000000000184e-01,9.467733502388000488e-01,6.280159950256347656e-01
-3.109210767467311243e+01,1.899974511897045204e+01,1.965649169921875000e+03,1.071422815322875977e+00,1.931900000000000284e-01,8.948932290077209473e-01,6.016182303428649902e-01
-3.109111683197651388e+01,1.900518328503221355e+01,1.492163940429687500e+03,1.296282529830932617e+00,1.932000000000000106e-01,8.995472192764282227e-01,5.652258396148681641e-01
-3.109091530386555391e+01,1.902012511716027277e+01,1.794527587890625000e+03,1.160705804824829102e+00,1.932100000000000206e-01,8.221085667610168457e-01,5.415746569633483887e-01
-3.108320641663403450e+01,1.902908368938948058e+01,1.936598510742187500e+03,1.172512292861938477e+00,1.932200000000000029e-01,8.176071643829345703e-01,5.479070544242858887e-01
-3.108457166977039066e+01,1.904445460731269080e+01,2.002931396484375000e+03,1.014554023742675781e+00,1.932300000000000129e-01,8.949695229530334473e-01,6.040596365928649902e-01
-3.108747398351576408e+01,1.905384419069572743e+01,1.699522705078125000e+03,1.124552011489868164e+00,1.932400000000000229e-01,9.815635085105895996e-01,6.382394433021545410e-01
-3.109604853176035277e+01,1.906809108444401701e+01,2.177061767578125000e+03,1.135876893997192383e+00,1.932500000000000051e-01,1.068996667861938477e+00,7.336835265159606934e-01
-3.108793135987433942e+01,1.907813990816874039e+01,2.879422363281250000e+03,1.441436529159545898e+00,1.932600000000000151e-01,1.060528039932250977e+00,7.628279328346252441e-01
-3.108604318714822057e+01,1.908850169951727693e+01,2.240831787109375000e+03,1.663023948669433594e+00,1.932700000000000251e-01,9.231984019279479980e-01,6.370950341224670410e-01
-3.108563329924394125e+01,1.910046066511506879e+01,1.210730957031250000e+03,1.684098958969116211e+00,1.932800000000000074e-01,8.984791040420532227e-01,5.289098024368286133e-01
-3.109052278670779046e+01,1.911146614503961771e+01,1.276374633789062500e+03,1.252351522445678711e+00,1.932900000000000174e-01,9.573782086372375488e-01,5.736945271492004395e-01
-3.108890609227156432e+01,1.912754435347858362e+01,1.162041259765625000e+03,1.180954694747924805e+00,1.933000000000000274e-01,9.357869625091552734e-01,5.429479479789733887e-01
-3.108661128189156386e+01,1.913565242266923505e+01,1.737920043945312500e+03,1.167124032974243164e+00,1.933100000000000096e-01,9.400594234466552734e-01,6.145882010459899902e-01
-3.108371170268193850e+01,1.914646169317091662e+01,1.577728637695312500e+03,1.201486110687255859e+00,1.933200000000000196e-01,8.887134194374084473e-01,5.669806003570556641e-01
-3.108163301108190879e+01,1.915580483619474705e+01,1.293139648437500000e+03,1.121482372283935547e+00,1.933300000000000296e-01,6.995037198066711426e-01,4.209534525871276855e-01
-3.107880691658547434e+01,1.917937864124187897e+01,1.148402954101562500e+03,9.377724528312683105e-01,1.933400000000000118e-01,7.570295333862304688e-01,4.373567104339599609e-01
-3.108225086433963114e+01,1.918312921668237792e+01,1.424724365234375000e+03,7.096738219261169434e-01,1.933500000000000218e-01,7.646589875221252441e-01,4.741305410861968994e-01
-3.108048162446596407e+01,1.919432724235396392e+01,1.425012207031250000e+03,8.676821589469909668e-01,1.933600000000000041e-01,7.898361086845397949e-01,4.897708594799041748e-01
-3.107727908667569849e+01,1.920597227161365694e+01,2.009527465820312500e+03,8.022541403770446777e-01,1.933700000000000141e-01,1.013301849365234375e+00,6.843974590301513672e-01
-3.108240572765983956e+01,1.922192483241276761e+01,2.774926269531250000e+03,1.134156703948974609e+00,1.933800000000000241e-01,1.102718710899353027e+00,7.888442277908325195e-01
-3.107659013028647621e+01,1.922763137935546141e+01,1.510587890625000000e+03,1.550447463989257812e+00,1.933900000000000063e-01,1.102184653282165527e+00,6.949260234832763672e-01
-3.108033391734799267e+01,1.924032933825456837e+01,2.313890136718750000e+03,1.746338129043579102e+00,1.934000000000000163e-01,1.047786951065063477e+00,7.273511290550231934e-01
-3.107445179002812452e+01,1.925410014742771381e+01,2.314321289062500000e+03,1.558007717132568359e+00,1.934100000000000263e-01,1.183590650558471680e+00,8.216508030891418457e-01
-3.108371589250896960e+01,1.927095172828808600e+01,3.171564941406250000e+03,1.579706192016601562e+00,1.934200000000000086e-01,1.319470643997192383e+00,9.618796110153198242e-01
-3.107158672741434913e+01,1.928151657645718942e+01,1.970365966796875000e+03,1.923954010009765625e+00,1.934300000000000186e-01,1.505247116088867188e+00,1.012462615966796875e+00
-3.108366800963559129e+01,1.929253920659477117e+01,1.964852905273437500e+03,2.339524745941162109e+00,1.934400000000000286e-01,1.151470780372619629e+00,7.740432024002075195e-01
-3.107180410029914697e+01,1.930500804119267855e+01,1.758852172851562500e+03,2.317658185958862305e+00,1.934500000000000108e-01,9.963645935058593750e-01,6.532694101333618164e-01
-3.107741290176279136e+01,1.931014625457491718e+01,1.886331298828125000e+03,1.659670591354370117e+00,1.934600000000000208e-01,9.670675992965698242e-01,6.443429589271545410e-01
-3.107479388058193948e+01,1.932169310342656843e+01,1.656268554687500000e+03,1.454687833786010742e+00,1.934700000000000031e-01,9.458578228950500488e-01,6.110786795616149902e-01
-3.107457394474639045e+01,1.933563003687109116e+01,2.144017089843750000e+03,1.349162578582763672e+00,1.934800000000000131e-01,8.733782768249511719e-01,5.976508855819702148e-01
-3.106908282469607485e+01,1.935381307591032396e+01,2.306241455078125000e+03,1.244879484176635742e+00,1.934900000000000231e-01,8.151657581329345703e-01,5.655310153961181641e-01
-3.107028847917641201e+01,1.935721920281042330e+01,1.551632690429687500e+03,1.186427593231201172e+00,1.935000000000000053e-01,8.433183431625366211e-01,5.356236696243286133e-01
-3.107795320102264469e+01,1.937490142497954082e+01,1.701937255859375000e+03,1.008573293685913086e+00,1.935100000000000153e-01,9.608114361763000488e-01,6.249642372131347656e-01
-3.107759949536594846e+01,1.939009590928787574e+01,1.752574218750000000e+03,1.096746444702148438e+00,1.935200000000000253e-01,8.735308647155761719e-01,5.722449421882629395e-01
-3.107789276653666022e+01,1.940057944246158783e+01,2.247814453125000000e+03,1.197226762771606445e+00,1.935300000000000076e-01,9.589040875434875488e-01,6.621195077896118164e-01
-3.107416875159416136e+01,1.941094813789867146e+01,1.675004272460937500e+03,1.164954423904418945e+00,1.935400000000000176e-01,1.127361774444580078e+00,7.304028868675231934e-01
-3.107339780864484879e+01,1.942578158210680783e+01,1.381668212890625000e+03,1.298621416091918945e+00,1.935500000000000276e-01,1.102871298789978027e+00,6.776072382926940918e-01
-3.106972102525692492e+01,1.943696354347340005e+01,2.000595947265625000e+03,1.429816007614135742e+00,1.935600000000000098e-01,1.025890469551086426e+00,6.922557353973388672e-01
-3.107234252778766859e+01,1.944756491569684087e+01,2.067103515625000000e+03,1.446506500244140625e+00,1.935700000000000198e-01,9.117542505264282227e-01,6.193947792053222656e-01
-3.107642629506209175e+01,1.945771437631160339e+01,2.070077148437500000e+03,1.449076652526855469e+00,1.935800000000000021e-01,9.787406325340270996e-01,6.650950312614440918e-01
-3.108174824826464189e+01,1.946995403997135199e+01,1.627879394531250000e+03,1.342079162597656250e+00,1.935900000000000121e-01,1.010173797607421875e+00,6.497598886489868164e-01
-3.107394366853543488e+01,1.947954012393220680e+01,2.444389648437500000e+03,1.493082761764526367e+00,1.936000000000000221e-01,9.448659420013427734e-01,6.622720956802368164e-01
-3.107866767962482868e+01,1.949078837904447781e+01,2.696892822265625000e+03,1.337165355682373047e+00,1.936100000000000043e-01,9.141957163810729980e-01,6.511331796646118164e-01
-3.107555330842123098e+01,1.950026027713180810e+01,1.648687866210937500e+03,1.562507867813110352e+00,1.936200000000000143e-01,8.685717582702636719e-01,5.604956150054931641e-01
-3.108241071861780824e+01,1.951308902567215142e+01,1.488931274414062500e+03,1.245779514312744141e+00,1.936300000000000243e-01,9.642447233200073242e-01,6.055092215538024902e-01
-3.107845107005329410e+01,1.952689097294491560e+01,1.742448120117187500e+03,1.219645261764526367e+00,1.936400000000000066e-01,8.262284398078918457e-01,5.405065417289733887e-01
-3.108507105029915252e+01,1.953898616742933569e+01,1.556656372070312500e+03,1.328017234802246094e+00,1.936500000000000166e-01,9.905661940574645996e-01,6.296944618225097656e-01
-3.108171436223404172e+01,1.955129758266752660e+01,1.903929199218750000e+03,1.127311706542968750e+00,1.936600000000000266e-01,9.148060679435729980e-01,6.107735037803649902e-01
-3.108099331857431125e+01,1.956146334733122671e+01,2.248231201171875000e+03,1.421840906143188477e+00,1.936700000000000088e-01,9.750021696090698242e-01,6.732584834098815918e-01
-3.107611079173051039e+01,1.957143744061984236e+01,1.527926025390625000e+03,1.271631240844726562e+00,1.936800000000000188e-01,1.008495330810546875e+00,6.378579735755920410e-01
-3.108402632568852653e+01,1.958677641147538750e+01,1.946297363281250000e+03,1.546438455581665039e+00,1.936900000000000288e-01,9.012256860733032227e-01,6.045936942100524902e-01
-3.107234242168394545e+01,1.959476746948122994e+01,2.509881835937500000e+03,1.320421218872070312e+00,1.937000000000000111e-01,9.546316266059875488e-01,6.721140742301940918e-01
-3.107927105476314011e+01,1.960988814244416645e+01,1.665030517578125000e+03,1.300307035446166992e+00,1.937100000000000211e-01,9.535635113716125488e-01,6.168770194053649902e-01
-3.107876072000815526e+01,1.962279688350220397e+01,2.495131835937500000e+03,1.319711923599243164e+00,1.937200000000000033e-01,9.678305387496948242e-01,6.807353496551513672e-01
-3.107914809623260055e+01,1.963501137642005645e+01,1.979689086914062500e+03,1.280229806900024414e+00,1.937300000000000133e-01,7.078197598457336426e-01,4.765719473361968994e-01
-3.107974687122377588e+01,1.964453142918854667e+01,1.782853027343750000e+03,1.242715835571289062e+00,1.937400000000000233e-01,7.378796935081481934e-01,4.853457808494567871e-01
-3.108059146568684739e+01,1.964881419808225971e+01,1.461429687500000000e+03,8.164924979209899902e-01,1.937500000000000056e-01,7.453565597534179688e-01,4.655855894088745117e-01
-3.107528037120913567e+01,1.967329633164152369e+01,1.507021850585937500e+03,8.933562636375427246e-01,1.937600000000000156e-01,7.379559874534606934e-01,4.649752378463745117e-01
-3.107691815922856904e+01,1.968029906188577982e+01,2.007130371093750000e+03,8.326131701469421387e-01,1.937700000000000256e-01,8.285935521125793457e-01,5.595037937164306641e-01
-3.107781442471802436e+01,1.969153790356814326e+01,1.729354614257812500e+03,8.823961615562438965e-01,1.937800000000000078e-01,9.236561655998229980e-01,6.031441092491149902e-01
-3.107209521654420570e+01,1.970320070256595812e+01,1.824170654296875000e+03,1.059476852416992188e+00,1.937900000000000178e-01,7.603865265846252441e-01,5.028171539306640625e-01
-3.106867454668674355e+01,1.971501330055108880e+01,1.897313354492187500e+03,1.239069223403930664e+00,1.938000000000000278e-01,8.295090794563293457e-01,5.534002184867858887e-01
-3.106998561285818639e+01,1.973007803476837196e+01,1.682786132812500000e+03,9.645647406578063965e-01,1.938100000000000100e-01,9.048115015029907227e-01,5.868934392929077148e-01
-3.107837340969360085e+01,1.973967354900320714e+01,1.272773559570312500e+03,1.180574417114257812e+00,1.938200000000000200e-01,6.469369530677795410e-01,3.873077034950256348e-01
-3.106473026930925130e+01,1.975276790177413844e+01,2.551110595703125000e+03,1.001992940902709961e+00,1.938300000000000023e-01,9.971275329589843750e-01,7.039287686347961426e-01
-3.106713242998426239e+01,1.976469269371500559e+01,1.673532470703125000e+03,9.264749884605407715e-01,1.938400000000000123e-01,8.836780190467834473e-01,5.723975300788879395e-01
-3.106046844025286902e+01,1.977742451222517062e+01,1.199997802734375000e+03,1.430420398712158203e+00,1.938500000000000223e-01,8.531603217124938965e-01,5.006809234619140625e-01
-3.106972261766574661e+01,1.978867184424438719e+01,1.601983764648437500e+03,1.149969816207885742e+00,1.938600000000000045e-01,9.614981412887573242e-01,6.158851981163024902e-01
-3.106621498247316993e+01,1.980056287620717370e+01,3.151236083984375000e+03,1.056768417358398438e+00,1.938700000000000145e-01,1.028560757637023926e+00,7.491712570190429688e-01
-3.106924209910120638e+01,1.981807391411342323e+01,1.707267333984375000e+03,1.505702257156372070e+00,1.938800000000000245e-01,1.145138382911682129e+00,7.454328536987304688e-01
-3.106421082178768600e+01,1.982963282868844956e+01,2.931834716796875000e+03,1.635835886001586914e+00,1.938900000000000068e-01,1.198162794113159180e+00,8.640703558921813965e-01
-3.106968014055627592e+01,1.983653574581751045e+01,2.356215332031250000e+03,1.886510372161865234e+00,1.939000000000000168e-01,1.048549890518188477e+00,7.302502989768981934e-01
-3.106281512702744507e+01,1.984588761865425610e+01,2.433331787109375000e+03,1.910556077957153320e+00,1.939100000000000268e-01,1.161617875099182129e+00,8.135635852813720703e-01
-3.106784217470642062e+01,1.986417528289162604e+01,1.876986694335937500e+03,1.695935249328613281e+00,1.939200000000000090e-01,8.992420434951782227e-01,5.984901189804077148e-01
-3.105832439350515273e+01,1.987490463511882766e+01,1.219194213867187500e+03,1.513682126998901367e+00,1.939300000000000190e-01,8.712420463562011719e-01,5.141087174415588379e-01
-3.106662686309760701e+01,1.988006994570316976e+01,1.163730957031250000e+03,1.250886440277099609e+00,1.939400000000000290e-01,8.540758490562438965e-01,4.957980811595916748e-01
-3.107234578544533932e+01,1.988904915831957609e+01,2.164311523437500000e+03,1.138443470001220703e+00,1.939500000000000113e-01,7.722883820533752441e-01,5.294438600540161133e-01
-3.106580317750019660e+01,1.991043784010676276e+01,1.798473754882812500e+03,1.016280174255371094e+00,1.939600000000000213e-01,8.352311253547668457e-01,5.505010485649108887e-01
-3.106582887093048129e+01,1.992063508940467997e+01,2.083858886718750000e+03,1.137161970138549805e+00,1.939700000000000035e-01,1.021160244941711426e+00,6.948497295379638672e-01
-3.106729336881809900e+01,1.992660662728731324e+01,1.393553955078125000e+03,1.090273380279541016e+00,1.939800000000000135e-01,8.348496556282043457e-01,5.142613053321838379e-01
-3.107117401862740635e+01,1.994258594867735113e+01,2.441460449218750000e+03,1.442771673202514648e+00,1.939900000000000235e-01,8.839831948280334473e-01,6.194710731506347656e-01
-3.106470215292745607e+01,1.996097042311084735e+01,2.281781005859375000e+03,1.033961296081542969e+00,1.940000000000000058e-01,1.056408166885375977e+00,7.314710021018981934e-01
-3.106728255764943825e+01,1.997181330984102843e+01,1.290467041015625000e+03,1.481645822525024414e+00,1.940100000000000158e-01,7.820540666580200195e-01,4.703158140182495117e-01
-3.106442684033241264e+01,1.998537366960128381e+01,1.402441040039062500e+03,1.381053447723388672e+00,1.940200000000000258e-01,7.822066545486450195e-01,4.827517867088317871e-01
-3.106611028439652600e+01,1.999135713437362227e+01,1.587707519531250000e+03,8.897144198417663574e-01,1.940300000000000080e-01,7.996017336845397949e-01,5.109806656837463379e-01
-3.106468902957612954e+01,2.000995943060483739e+01,1.145469970703125000e+03,1.034967422485351562e+00,1.940400000000000180e-01,6.689097285270690918e-01,3.860869705677032471e-01
-3.107587550814433186e+01,2.002068724983823955e+01,1.359593505859375000e+03,1.304896593093872070e+00,1.940500000000000280e-01,6.364846825599670410e-01,3.891387581825256348e-01
-3.106685624202664542e+01,2.002468408776526942e+01,1.821170166015625000e+03,8.632809519767761230e-01,1.940600000000000103e-01,7.177380323410034180e-01,4.744357168674468994e-01
-3.107212111028879420e+01,2.003405640376130847e+01,1.872587890625000000e+03,6.788594126701354980e-01,1.940700000000000203e-01,7.547407150268554688e-01,5.020542144775390625e-01
-3.107321756369391608e+01,2.004608237112057978e+01,1.310331787109375000e+03,8.847541213035583496e-01,1.940800000000000025e-01,7.049968838691711426e-01,4.260651767253875732e-01
-3.107548443219575773e+01,2.006446242541953495e+01,1.816347167968750000e+03,9.062654376029968262e-01,1.940900000000000125e-01,6.447244286537170410e-01,4.259125888347625732e-01
-3.106572797116810492e+01,2.007375536498538793e+01,1.463578247070312500e+03,8.149415850639343262e-01,1.941000000000000225e-01,6.958416104316711426e-01,4.348390102386474609e-01
-3.107712523668485716e+01,2.008404547091647885e+01,1.646879394531250000e+03,7.043690085411071777e-01,1.941100000000000048e-01,7.597761750221252441e-01,4.901523292064666748e-01
-3.106705181815707917e+01,2.009766787669469323e+01,1.125526245117187500e+03,7.517713904380798340e-01,1.941200000000000148e-01,6.779124140739440918e-01,3.887572884559631348e-01
-3.106925628378802173e+01,2.010970505994017898e+01,1.304191894531250000e+03,9.562701582908630371e-01,1.941300000000000248e-01,7.403210997581481934e-01,4.467408955097198486e-01
-3.107030978829166656e+01,2.011841552911053199e+01,3.103476318359375000e+03,7.029337286949157715e-01,1.941400000000000070e-01,7.874709367752075195e-01,5.723975300788879395e-01
-3.107004647042641921e+01,2.012881142987583161e+01,1.501548339843750000e+03,9.746033549308776855e-01,1.941500000000000170e-01,8.694872856140136719e-01,5.472967028617858887e-01
-3.106727554213807352e+01,2.014527087489789281e+01,2.151889160156250000e+03,1.094469547271728516e+00,1.941600000000000270e-01,8.708605766296386719e-01,5.963538885116577148e-01
-3.107146694931083175e+01,2.015685306757621476e+01,1.736097290039062500e+03,1.091293811798095703e+00,1.941700000000000093e-01,8.658251166343688965e-01,5.659124851226806641e-01
-3.107247926360243895e+01,2.017237810218008320e+01,1.552406738281250000e+03,1.150687456130981445e+00,1.941800000000000193e-01,9.733999967575073242e-01,6.183266639709472656e-01
-3.107253995525846690e+01,2.018722760559927920e+01,2.624011474609375000e+03,1.176025390625000000e+00,1.941900000000000293e-01,8.778033256530761719e-01,6.225228309631347656e-01
-3.106572560330814525e+01,2.019897649243423388e+01,1.628285644531250000e+03,1.273953437805175781e+00,1.942000000000000115e-01,9.739340543746948242e-01,6.264901161193847656e-01
-3.106693306915280317e+01,2.020601584697143593e+01,1.309301635742187500e+03,1.190429449081420898e+00,1.942100000000000215e-01,9.231221079826354980e-01,5.577490329742431641e-01
-3.106339435693563544e+01,2.021312214383684136e+01,1.603376708984375000e+03,1.285562038421630859e+00,1.942200000000000037e-01,8.170731067657470703e-01,5.234929323196411133e-01
-3.105665151057591444e+01,2.023207703379041078e+01,1.700821777343750000e+03,1.183008670806884766e+00,1.942300000000000137e-01,9.873618483543395996e-01,6.421304345130920410e-01
-3.105796066208070627e+01,2.024505826680661613e+01,1.887046508789062500e+03,1.187310934066772461e+00,1.942400000000000237e-01,9.772910475730895996e-01,6.512094736099243164e-01
-3.105660356265357791e+01,2.024650408087989462e+01,1.645501464843750000e+03,1.196859598159790039e+00,1.942500000000000060e-01,9.696615934371948242e-01,6.254220008850097656e-01
-3.105850522217922816e+01,2.025752080334135385e+01,2.603906494140625000e+03,1.414849281311035156e+00,1.942600000000000160e-01,8.662828803062438965e-01,6.135963797569274902e-01
-3.104850170464704462e+01,2.027669552323640545e+01,4.850895019531250000e+03,1.250230789184570312e+00,1.942700000000000260e-01,1.261029243469238281e+00,9.622610807418823242e-01
-3.105990945868537167e+01,2.028297736449016853e+01,2.107461425781250000e+03,1.474331140518188477e+00,1.942800000000000082e-01,1.035198330879211426e+00,7.059887051582336426e-01
-3.105171051806114590e+01,2.029278486821002403e+01,2.153527343750000000e+03,2.011175870895385742e+00,1.942900000000000182e-01,9.302175045013427734e-01,6.370950341224670410e-01
-3.105727403456810620e+01,2.031041302737617116e+01,1.891703491210937500e+03,1.594974517822265625e+00,1.943000000000000282e-01,9.845389723777770996e-01,6.563974618911743164e-01
-3.104238206818740409e+01,2.032966696504740156e+01,2.831100585937500000e+03,1.288866519927978516e+00,1.943100000000000105e-01,8.185989856719970703e-01,5.873512029647827148e-01
-3.105632184432326071e+01,2.033848643289461933e+01,1.635846313476562500e+03,1.371169805526733398e+00,1.943200000000000205e-01,8.350022435188293457e-01,5.377599000930786133e-01
-3.103891676448369097e+01,2.034539605790994088e+01,1.716400634765625000e+03,9.755927920341491699e-01,1.943300000000000027e-01,9.693564176559448242e-01,6.318306922912597656e-01
-3.105406343112322887e+01,2.035797828819056576e+01,1.471295898437500000e+03,1.358954429626464844e+00,1.943400000000000127e-01,7.915908694267272949e-01,4.954166114330291748e-01
-3.104502316678941654e+01,2.037504664505808449e+01,2.269278320312500000e+03,1.183226823806762695e+00,1.943500000000000227e-01,9.681357145309448242e-01,6.696726679801940918e-01
-3.104364772272291972e+01,2.038783183650705766e+01,1.752067382812500000e+03,1.108753204345703125e+00,1.943600000000000050e-01,6.818797588348388672e-01,4.466646015644073486e-01
-3.104009844440472676e+01,2.038519715600289217e+01,1.617548461914062500e+03,1.479339122772216797e+00,1.943700000000000150e-01,7.155255079269409180e-01,4.594820439815521240e-01
-3.104663146237897564e+01,2.040620412708631193e+01,1.541841186523437500e+03,8.736390471458435059e-01,1.943800000000000250e-01,7.886916399002075195e-01,5.000705718994140625e-01
-3.103808312644077461e+01,2.042131450802449066e+01,1.412107421875000000e+03,9.065038561820983887e-01,1.943900000000000072e-01,8.105881214141845703e-01,5.012912750244140625e-01
-3.104598844697181192e+01,2.042858149096263887e+01,1.555850219726562500e+03,9.367496371269226074e-01,1.944000000000000172e-01,7.020214200019836426e-01,4.462068378925323486e-01
-3.104851821158948155e+01,2.043748883484899537e+01,1.568778808593750000e+03,8.859593272209167480e-01,1.944100000000000272e-01,7.465772628784179688e-01,4.755801260471343994e-01
-3.104648339827615544e+01,2.045213225619739461e+01,1.483248168945312500e+03,8.709246516227722168e-01,1.944200000000000095e-01,8.656725287437438965e-01,5.430242419242858887e-01
-3.104686103995519630e+01,2.046341985254765916e+01,1.597942749023437500e+03,8.469111323356628418e-01,1.944300000000000195e-01,7.487897872924804688e-01,4.793185293674468994e-01
-3.104481806179961012e+01,2.047262071449167919e+01,1.838746093750000000e+03,1.058135747909545898e+00,1.944400000000000295e-01,6.998088955879211426e-01,4.636019170284271240e-01
-3.105856599427242770e+01,2.048704539958438531e+01,1.194520507812500000e+03,8.752221465110778809e-01,1.944500000000000117e-01,8.331711888313293457e-01,4.881686568260192871e-01
-3.104989604565614059e+01,2.049288985883580594e+01,1.604355468750000000e+03,8.320314288139343262e-01,1.944600000000000217e-01,8.733782768249511719e-01,5.596563816070556641e-01
-3.104893874067096249e+01,2.051283539949613655e+01,2.100534667968750000e+03,1.028331041336059570e+00,1.944700000000000040e-01,1.228756785392761230e+00,8.374437093734741211e-01
-3.105265829145472622e+01,2.051977017244968948e+01,1.832679687500000000e+03,1.187450408935546875e+00,1.944800000000000140e-01,1.334805846214294434e+00,8.836017251014709473e-01
-3.106136722548517071e+01,2.053083107340636460e+01,1.690948974609375000e+03,2.136507749557495117e+00,1.944900000000000240e-01,1.211056590080261230e+00,7.864791154861450195e-01
-3.105581169835573618e+01,2.054449301675772688e+01,1.988657470703125000e+03,2.009028911590576172e+00,1.945000000000000062e-01,1.092953085899353027e+00,7.365826964378356934e-01
-3.106711336585301098e+01,2.055806602927856019e+01,1.914015258789062500e+03,1.746414422988891602e+00,1.945100000000000162e-01,1.191448926925659180e+00,7.963973879814147949e-01
-3.106526510185246437e+01,2.056707498139200752e+01,2.227479492187500000e+03,1.622231721878051758e+00,1.945200000000000262e-01,1.097225546836853027e+00,7.563428878784179688e-01
-3.106592903443656084e+01,2.057923964596210098e+01,1.923106079101562500e+03,1.831516742706298828e+00,1.945300000000000085e-01,8.969531655311584473e-01,6.001685857772827148e-01
-3.105906195614639742e+01,2.058936595770362032e+01,1.899530883789062500e+03,1.636371135711669922e+00,1.945400000000000185e-01,9.629477262496948242e-01,6.425881981849670410e-01
-3.107050144456739815e+01,2.059861987273406569e+01,1.652549682617187500e+03,1.318634271621704102e+00,1.945500000000000285e-01,8.723101615905761719e-01,5.632421970367431641e-01
-3.105749595545257336e+01,2.061108107035412118e+01,1.851478149414062500e+03,1.311021566390991211e+00,1.945600000000000107e-01,9.538686871528625488e-01,6.328988671302795410e-01
-3.106769147369172757e+01,2.062233676959183626e+01,2.195476806640625000e+03,1.079635143280029297e+00,1.945700000000000207e-01,1.022991299629211426e+00,7.032421231269836426e-01
-3.106232480734211165e+01,2.063782920333845539e+01,2.134483154296875000e+03,1.388208389282226562e+00,1.945800000000000030e-01,1.245846748352050781e+00,8.517870306968688965e-01
-3.107015164483295777e+01,2.065418935361131503e+01,2.180017822265625000e+03,1.667546749114990234e+00,1.945900000000000130e-01,8.965716958045959473e-01,6.155037283897399902e-01
-3.106232679614314662e+01,2.065363342211640685e+01,1.581411376953125000e+03,1.713330268859863281e+00,1.946000000000000230e-01,9.559286236763000488e-01,6.102394461631774902e-01
-3.106872064143855638e+01,2.066935592006068489e+01,1.742030151367187500e+03,1.259676933288574219e+00,1.946100000000000052e-01,1.026882290840148926e+00,6.717326045036315918e-01
-3.106224439257318437e+01,2.068410468591762452e+01,1.951091186523437500e+03,1.410687685012817383e+00,1.946200000000000152e-01,9.931602478027343750e-01,6.666209101676940918e-01
-3.106190201307448717e+01,2.069158851965793744e+01,2.954622314453125000e+03,1.376324415206909180e+00,1.946300000000000252e-01,9.845389723777770996e-01,7.107952237129211426e-01
-3.106198097808733749e+01,2.070189205841820979e+01,1.502313354492187500e+03,1.560860395431518555e+00,1.946400000000000075e-01,8.544573187828063965e-01,5.379124879837036133e-01
-3.106090489694943102e+01,2.071546766073186063e+01,1.207144165039062500e+03,1.449186325073242188e+00,1.946500000000000175e-01,8.440049886703491211e-01,4.963321685791015625e-01
-3.106372848113014484e+01,2.072923503773881748e+01,2.339177490234375000e+03,1.068137407302856445e+00,1.946600000000000275e-01,8.539995551109313965e-01,5.939887762069702148e-01
-3.105311283501479735e+01,2.073798523721439580e+01,1.456429809570312500e+03,1.114036560058593750e+00,1.946700000000000097e-01,8.145554065704345703e-01,5.083103775978088379e-01
-3.105516376249858013e+01,2.075200480534631708e+01,3.264899658203125000e+03,1.046088457107543945e+00,1.946800000000000197e-01,8.102829456329345703e-01,5.929206609725952148e-01
-3.104359280516679576e+01,2.076454911294796801e+01,1.731286254882812500e+03,9.258348345756530762e-01,1.946900000000000297e-01,8.169968128204345703e-01,5.336400270462036133e-01
-3.105349896753911665e+01,2.078058354714881517e+01,1.489012451171875000e+03,9.567100405693054199e-01,1.947000000000000119e-01,7.942611575126647949e-01,4.987735748291015625e-01
-3.104756945042543137e+01,2.078819866849628539e+01,1.598671630859375000e+03,9.698230624198913574e-01,1.947100000000000219e-01,8.893237709999084473e-01,5.693457126617431641e-01
-3.105625178116310536e+01,2.079882954996647015e+01,1.430020874023437500e+03,1.026600122451782227e+00,1.947200000000000042e-01,8.788714408874511719e-01,5.455419421195983887e-01
-3.103913337008606632e+01,2.081472227637094363e+01,1.485073486328125000e+03,1.159623384475708008e+00,1.947300000000000142e-01,9.237324595451354980e-01,5.796454548835754395e-01
-3.105289766032422705e+01,2.082237189089539342e+01,1.302406860351562500e+03,1.141646623611450195e+00,1.947400000000000242e-01,8.838306069374084473e-01,5.331059694290161133e-01
-3.104593970042689932e+01,2.083979234057598617e+01,1.389633789062500000e+03,1.272508621215820312e+00,1.947500000000000064e-01,8.501847982406616211e-01,5.232639908790588379e-01
-3.104642189378943229e+01,2.084687940471980028e+01,2.475515625000000000e+03,1.017549753189086914e+00,1.947600000000000164e-01,8.878741860389709473e-01,6.236672401428222656e-01
-3.103363407611452374e+01,2.086239042366546315e+01,1.829883666992187500e+03,1.051016569137573242e+00,1.947700000000000264e-01,9.006153345108032227e-01,5.959724187850952148e-01
-3.104900685230312618e+01,2.087388284790641180e+01,2.699498535156250000e+03,1.265788793563842773e+00,1.947800000000000087e-01,8.575090765953063965e-01,6.108497977256774902e-01
-3.103733247886118107e+01,2.088291328564084282e+01,1.694197387695312500e+03,1.296164512634277344e+00,1.947900000000000187e-01,9.884299635887145996e-01,6.422067284584045410e-01
-3.104274069392790381e+01,2.089396627496518377e+01,1.403316772460937500e+03,1.270660877227783203e+00,1.948000000000000287e-01,9.853782057762145996e-01,6.082558035850524902e-01
-3.104106693574747311e+01,2.090745126768142015e+01,2.610176025390625000e+03,1.363036155700683594e+00,1.948100000000000109e-01,8.084518909454345703e-01,5.728552937507629395e-01
-3.104327386452068183e+01,2.091857212540494970e+01,1.267891357421875000e+03,1.238003492355346680e+00,1.948200000000000209e-01,8.221848607063293457e-01,4.916019141674041748e-01
-3.104348582884919239e+01,2.092986124248971791e+01,1.422599853515625000e+03,1.061640501022338867e+00,1.948300000000000032e-01,7.412366271018981934e-01,4.594057500362396240e-01
-3.105261929577263658e+01,2.094435787987732311e+01,1.321534667968750000e+03,9.785825610160827637e-01,1.948400000000000132e-01,7.973892092704772949e-01,4.832095503807067871e-01
-3.104807611100471831e+01,2.095689768556647437e+01,2.205632568359375000e+03,9.314078688621520996e-01,1.948500000000000232e-01,7.977706789970397949e-01,5.488988757133483887e-01
-3.104775714756928906e+01,2.097229375433356680e+01,1.880612548828125000e+03,9.311241507530212402e-01,1.948600000000000054e-01,9.029804468154907227e-01,6.012367010116577148e-01
-3.105141891730509940e+01,2.097763239902763033e+01,1.657122558593750000e+03,1.059582948684692383e+00,1.948700000000000154e-01,8.320267796516418457e-01,5.376073122024536133e-01
-3.105068064920200754e+01,2.098975923350270989e+01,1.214632690429687500e+03,1.063613414764404297e+00,1.948800000000000254e-01,8.163101673126220703e-01,4.810733199119567871e-01
-3.105799316164879542e+01,2.100336126451351504e+01,1.235791870117187500e+03,1.007617235183715820e+00,1.948900000000000077e-01,8.579668402671813965e-01,5.086155533790588379e-01
-3.105601164397948111e+01,2.101309799269114365e+01,1.250973876953125000e+03,8.851868510246276855e-01,1.949000000000000177e-01,9.941520690917968750e-01,5.917762517929077148e-01
-3.106085884446535061e+01,2.102410559100886545e+01,1.662149780273437500e+03,1.032088518142700195e+00,1.949100000000000277e-01,9.439504146575927734e-01,6.103920340538024902e-01
-3.105268031813684715e+01,2.103805950358107424e+01,1.712520751953125000e+03,1.139420986175537109e+00,1.949200000000000099e-01,8.729205131530761719e-01,5.686590671539306641e-01
-3.106585666919539790e+01,2.104699353487726299e+01,1.385067016601562500e+03,1.137494564056396484e+00,1.949300000000000199e-01,8.666643500328063965e-01,5.328770875930786133e-01
-3.105704982122994195e+01,2.106413002103708720e+01,3.324936523437500000e+03,1.113565683364868164e+00,1.949400000000000022e-01,9.405171871185302734e-01,6.898143291473388672e-01
-3.107052576950519907e+01,2.106591217450507258e+01,1.947098999023437500e+03,1.198623895645141602e+00,1.949500000000000122e-01,8.227952122688293457e-01,5.520269274711608887e-01
-3.106586493762009482e+01,2.108465028075937653e+01,1.454503051757812500e+03,1.235812425613403320e+00,1.949600000000000222e-01,8.836017251014709473e-01,5.511876940727233887e-01
-3.107449051072655166e+01,2.109896337092975216e+01,1.043471313476562500e+03,1.030197858810424805e+00,1.949700000000000044e-01,8.626970648765563965e-01,4.804629385471343994e-01
-3.106199732589754703e+01,2.111154542234432085e+01,1.494706909179687500e+03,1.139182567596435547e+00,1.949800000000000144e-01,8.464463949203491211e-01,5.321141481399536133e-01
-3.107442656487530996e+01,2.111919355562974943e+01,1.127925415039062500e+03,9.337682127952575684e-01,1.949900000000000244e-01,9.090839624404907227e-01,5.217381119728088379e-01
-3.105771788175594850e+01,2.113109111592702050e+01,1.577070068359375000e+03,1.135404825210571289e+00,1.950000000000000067e-01,8.980212807655334473e-01,5.728552937507629395e-01
-3.107440773587577354e+01,2.114355955250661978e+01,2.374272216796875000e+03,1.100301265716552734e+00,1.950100000000000167e-01,9.013019800186157227e-01,6.285500526428222656e-01
-3.105901408392146124e+01,2.115777021579830830e+01,1.852435424804687500e+03,1.142925739288330078e+00,1.950200000000000267e-01,1.002620697021484375e+00,6.653239130973815918e-01
-3.107187478744684483e+01,2.116579029340808304e+01,2.485995361328125000e+03,1.200979471206665039e+00,1.950300000000000089e-01,1.301312685012817383e+00,9.147297739982604980e-01
-3.106504818563252357e+01,2.117608397771302364e+01,2.007087524414062500e+03,1.427587985992431641e+00,1.950400000000000189e-01,1.374555110931396484e+00,9.281575083732604980e-01
-3.106473445831378655e+01,2.119442645516104307e+01,1.676206665039062500e+03,2.006734132766723633e+00,1.950500000000000289e-01,7.937270998954772949e-01,5.143375992774963379e-01
-3.106339386066894193e+01,2.120329284664121161e+01,1.510135498046875000e+03,1.838932752609252930e+00,1.950600000000000112e-01,7.888442277908325195e-01,4.973239898681640625e-01
-3.106452561239833798e+01,2.121088920349242812e+01,1.937504882812500000e+03,1.086134433746337891e+00,1.950700000000000212e-01,6.796671748161315918e-01,4.555147290229797363e-01
-3.105687363350169505e+01,2.122201483732645144e+01,1.381403320312500000e+03,8.792740702629089355e-01,1.950800000000000034e-01,7.699995636940002441e-01,4.730624258518218994e-01
-3.105696118460410204e+01,2.123920619525276976e+01,1.429551391601562500e+03,8.005315661430358887e-01,1.950900000000000134e-01,7.522230148315429688e-01,4.668825864791870117e-01
-3.105835514745287185e+01,2.125379102234513340e+01,1.380924316406250000e+03,8.857030272483825684e-01,1.951000000000000234e-01,7.457380294799804688e-01,4.581087529659271240e-01
-3.104727825586613577e+01,2.125666125528207928e+01,1.597272338867187500e+03,8.079881072044372559e-01,1.951100000000000056e-01,8.213456273078918457e-01,5.257054567337036133e-01
-3.105555654257089060e+01,2.126835320274936691e+01,1.360811401367187500e+03,9.166306853294372559e-01,1.951200000000000156e-01,9.956016540527343750e-01,6.088661551475524902e-01
-3.104576928632371136e+01,2.129706223542365606e+01,2.909391113281250000e+03,1.016287326812744141e+00,1.951300000000000257e-01,9.227406382560729980e-01,6.647135615348815918e-01
-3.105200288414084753e+01,2.130087909763575382e+01,1.703896362304687500e+03,1.309426546096801758e+00,1.951400000000000079e-01,8.988605737686157227e-01,5.848334431648254395e-01
-3.104617904367715653e+01,2.131219337034406891e+01,1.646853759765625000e+03,1.401316642761230469e+00,1.951500000000000179e-01,9.769095778465270996e-01,6.302285194396972656e-01
-3.104559730210522517e+01,2.132464038762241287e+01,3.689031494140625000e+03,1.142122268676757812e+00,1.951600000000000279e-01,1.067699670791625977e+00,7.928878664970397949e-01
-3.104039918556113165e+01,2.133311724386654618e+01,2.085342773437500000e+03,1.505727291107177734e+00,1.951700000000000101e-01,1.123928546905517578e+00,7.648878693580627441e-01
-3.104321602484264275e+01,2.134066354400463439e+01,1.782069091796875000e+03,1.856568574905395508e+00,1.951800000000000201e-01,9.532583355903625488e-01,6.269478797912597656e-01
-3.103031367001953456e+01,2.135364427049378477e+01,2.332830078125000000e+03,1.549994468688964844e+00,1.951900000000000024e-01,9.479177594184875488e-01,6.589914560317993164e-01
-3.104093204246309057e+01,2.137205765826429626e+01,1.108636718750000000e+03,1.511575698852539062e+00,1.952000000000000124e-01,7.993728518486022949e-01,4.558199048042297363e-01
-3.103077679625893737e+01,2.137982218110014543e+01,1.083768432617187500e+03,1.300634860992431641e+00,1.952100000000000224e-01,8.619341254234313965e-01,4.872531294822692871e-01
-3.103788737853145108e+01,2.138453967207595241e+01,2.162619140625000000e+03,8.625692725181579590e-01,1.952200000000000046e-01,8.889423012733459473e-01,6.093239188194274902e-01
-3.102920633492897196e+01,2.140269946035321524e+01,1.683398681640625000e+03,1.201552867889404297e+00,1.952300000000000146e-01,9.134327173233032227e-01,5.925391912460327148e-01
-3.103734699283220166e+01,2.141576639337436205e+01,1.347000244140625000e+03,1.150449037551879883e+00,1.952400000000000246e-01,9.285389780998229980e-01,5.660650730133056641e-01
-3.103463892841796579e+01,2.142522825101747941e+01,1.651977661132812500e+03,1.113160371780395508e+00,1.952500000000000069e-01,7.998306155204772949e-01,5.163975358009338379e-01
-3.103833244575530514e+01,2.143358320301046049e+01,1.913359252929687500e+03,1.144803285598754883e+00,1.952600000000000169e-01,1.047939538955688477e+00,7.004192471504211426e-01
-3.103777704768270596e+01,2.144180096219801257e+01,1.374768310546875000e+03,1.246397018432617188e+00,1.952700000000000269e-01,7.828170061111450195e-01,4.802340567111968994e-01
-3.104462358968141089e+01,2.145992231996899235e+01,2.452723388671875000e+03,1.263410568237304688e+00,1.952800000000000091e-01,8.266099095344543457e-01,5.797217488288879395e-01
-3.103611049661641275e+01,2.147429575022023229e+01,1.416787353515625000e+03,9.019202589988708496e-01,1.952900000000000191e-01,8.641466498374938965e-01,5.349370241165161133e-01
-3.103906532761383730e+01,2.148088816424830938e+01,3.624240478515625000e+03,1.037498235702514648e+00,1.953000000000000291e-01,8.269150853157043457e-01,6.128334403038024902e-01
-3.104346942205695115e+01,2.149592588192415832e+01,1.965123046875000000e+03,1.061280488967895508e+00,1.953100000000000114e-01,9.329640865325927734e-01,6.271767616271972656e-01
-3.104193121446146719e+01,2.151252319622211218e+01,1.555785888671875000e+03,1.176595211029052734e+00,1.953200000000000214e-01,8.581957221031188965e-01,5.454656481742858887e-01
-3.104607345120210127e+01,2.151830436153147019e+01,2.595809814453125000e+03,1.136402606964111328e+00,1.953300000000000036e-01,8.263047337532043457e-01,5.849860310554504395e-01
-3.104555631622531919e+01,2.153201135999285398e+01,1.515870849609375000e+03,1.280463457107543945e+00,1.953400000000000136e-01,7.205609083175659180e-01,4.547517895698547363e-01
-3.104742704937670794e+01,2.154302031918098947e+01,2.071628417968750000e+03,9.416086077690124512e-01,1.953500000000000236e-01,9.788169264793395996e-01,6.652476191520690918e-01
-3.104036878267560695e+01,2.155582387306237635e+01,1.155086181640625000e+03,9.173352122306823730e-01,1.953600000000000059e-01,7.733564972877502441e-01,4.477327167987823486e-01
-3.105680717543522817e+01,2.156706393677400868e+01,1.453681884765625000e+03,1.251813888549804688e+00,1.953700000000000159e-01,7.637434601783752441e-01,4.763430655002593994e-01
-3.104744827693225773e+01,2.157598283010075946e+01,2.944325439453125000e+03,8.996648192405700684e-01,1.953800000000000259e-01,8.136398792266845703e-01,5.871223211288452148e-01
-3.105438957970845948e+01,2.158772906044037043e+01,1.511654907226562500e+03,9.547621607780456543e-01,1.953900000000000081e-01,9.253346323966979980e-01,5.835364460945129395e-01
-3.105223927765189629e+01,2.159760980026813471e+01,1.732348388671875000e+03,1.032322168350219727e+00,1.954000000000000181e-01,9.899558424949645996e-01,6.467080712318420410e-01
-3.106080167424381244e+01,2.161522118927156200e+01,1.908442626953125000e+03,1.231014251708984375e+00,1.954100000000000281e-01,9.244953989982604980e-01,6.175637245178222656e-01
-3.105857833963321113e+01,2.161869872459407205e+01,1.721935180664062500e+03,1.267930984497070312e+00,1.954200000000000104e-01,1.030468106269836426e+00,6.721903681755065918e-01
-3.106378097504592262e+01,2.163725084092823892e+01,1.490721313476562500e+03,1.455749988555908203e+00,1.954300000000000204e-01,9.028278589248657227e-01,5.671331882476806641e-01
-3.105717286122703058e+01,2.165361383992825139e+01,2.444206054687500000e+03,1.379181861877441406e+00,1.954400000000000026e-01,1.156048417091369629e+00,8.102829456329345703e-01
-3.105995520791231357e+01,2.165723569843930818e+01,1.651496582031250000e+03,1.211257696151733398e+00,1.954500000000000126e-01,8.257706761360168457e-01,5.331059694290161133e-01
-3.105425035191081307e+01,2.166969137111611587e+01,1.460252563476562500e+03,1.580222368240356445e+00,1.954600000000000226e-01,8.362993001937866211e-01,5.222721695899963379e-01
-3.106491032870929914e+01,2.168317711039716045e+01,1.506208618164062500e+03,9.288091063499450684e-01,1.954700000000000049e-01,9.621084928512573242e-01,6.061195731163024902e-01
-3.105893130993620233e+01,2.169909814891593669e+01,1.843118408203125000e+03,1.296215772628784180e+00,1.954800000000000149e-01,8.643755316734313965e-01,5.729315876960754395e-01
-3.105248075894876436e+01,2.171171441888884601e+01,2.005133422851562500e+03,1.278246164321899414e+00,1.954900000000000249e-01,8.996235132217407227e-01,6.073402762413024902e-01
-3.105057744248933105e+01,2.171762568693284123e+01,1.475366333007812500e+03,1.065423011779785156e+00,1.955000000000000071e-01,8.428605794906616211e-01,5.279179811477661133e-01
-3.105092602789090606e+01,2.173137178490411259e+01,1.375745727539062500e+03,1.213594198226928711e+00,1.955100000000000171e-01,9.299886226654052734e-01,5.706427693367004395e-01
-3.105344096259894116e+01,2.175150570378884396e+01,1.690962890625000000e+03,1.106887578964233398e+00,1.955200000000000271e-01,8.145554065704345703e-01,5.289860963821411133e-01
-3.105138449223907315e+01,2.175182984887083393e+01,1.232199218750000000e+03,1.281259775161743164e+00,1.955300000000000094e-01,8.601030707359313965e-01,5.093784928321838379e-01
-3.105247831335944042e+01,2.176525138465639131e+01,1.202552001953125000e+03,1.122136831283569336e+00,1.955400000000000194e-01,9.039722681045532227e-01,5.308934450149536133e-01
-3.104475921092754831e+01,2.177909518008754830e+01,1.460030273437500000e+03,1.148352146148681641e+00,1.955500000000000294e-01,1.066021203994750977e+00,6.657053828239440918e-01
-3.104592617389804943e+01,2.178504651469923914e+01,2.081779541015625000e+03,1.410049915313720703e+00,1.955600000000000116e-01,9.698904752731323242e-01,6.598306894302368164e-01
-3.103945334461770500e+01,2.179809381093927101e+01,1.557368530273437500e+03,1.613134860992431641e+00,1.955700000000000216e-01,9.692038297653198242e-01,6.161903738975524902e-01
-3.104213544771101496e+01,2.181127354627269810e+01,1.449750366210937500e+03,1.472022056579589844e+00,1.955800000000000038e-01,9.500539898872375488e-01,5.920814275741577148e-01
-3.103676690391379722e+01,2.183175090381645589e+01,1.390048095703125000e+03,1.404979944229125977e+00,1.955900000000000138e-01,8.913837075233459473e-01,5.486699938774108887e-01
-3.103962921875924152e+01,2.184439714717242964e+01,1.628530273437500000e+03,1.443355798721313477e+00,1.956000000000000238e-01,7.759505510330200195e-01,4.991550445556640625e-01
-3.103171688776905413e+01,2.185108607300375638e+01,1.565983886718750000e+03,1.157967567443847656e+00,1.956100000000000061e-01,9.393727779388427734e-01,5.981086492538452148e-01
-3.103257540887989308e+01,2.185961674294632928e+01,1.482855590820312500e+03,1.168723821640014648e+00,1.956200000000000161e-01,7.730513215065002441e-01,4.848880171775817871e-01
-3.102869723680874969e+01,2.187221286916307150e+01,1.544226562500000000e+03,1.291890859603881836e+00,1.956300000000000261e-01,7.149914503097534180e-01,4.535310864448547363e-01
-3.103219419119072597e+01,2.188768345980908236e+01,1.339786743164062500e+03,9.414727091789245605e-01,1.956400000000000083e-01,7.602339386940002441e-01,4.626863896846771240e-01
-3.102947681406754654e+01,2.189692399365840458e+01,1.608085205078125000e+03,8.718509078025817871e-01,1.956500000000000183e-01,9.455526471138000488e-01,6.062721610069274902e-01
-3.103024013876198950e+01,2.190965901213474609e+01,2.166587402343750000e+03,9.524220824241638184e-01,1.956600000000000283e-01,8.080704212188720703e-01,5.540868639945983887e-01
-3.103418400959451873e+01,2.192421705237133978e+01,1.393664550781250000e+03,1.211945533752441406e+00,1.956700000000000106e-01,9.846915602684020996e-01,6.065773367881774902e-01
-3.103700076331456970e+01,2.193325613662119622e+01,1.250324462890625000e+03,1.048644304275512695e+00,1.956800000000000206e-01,9.162556529045104980e-01,5.453130602836608887e-01
-3.102782473544305475e+01,2.194318380921367861e+01,2.312314941406250000e+03,1.307501316070556641e+00,1.956900000000000028e-01,7.988387942314147949e-01,5.544683337211608887e-01
-3.103662555968787728e+01,2.195336423193974795e+01,2.796461669921875000e+03,1.105203151702880859e+00,1.957000000000000128e-01,9.363210201263427734e-01,6.705881953239440918e-01
-3.103182144391519515e+01,2.196529847529167867e+01,1.356024047851562500e+03,1.275979995727539062e+00,1.957100000000000228e-01,7.452802658081054688e-01,4.552858471870422363e-01
-3.103088357581851753e+01,2.198132089738381723e+01,1.379209472656250000e+03,1.291530847549438477e+00,1.957200000000000051e-01,7.439069747924804688e-01,4.568117260932922363e-01
-3.103171237666311910e+01,2.198498782698032983e+01,1.305269409179687500e+03,8.417744040489196777e-01,1.957300000000000151e-01,8.599504828453063965e-01,5.190678238868713379e-01
-3.103757765606006558e+01,2.200077700131562963e+01,1.759487792968750000e+03,1.025938510894775391e+00,1.957400000000000251e-01,7.299451231956481934e-01,4.786318838596343994e-01
-3.103521124709297041e+01,2.201955074678337709e+01,1.453625976562500000e+03,9.764975905418395996e-01,1.957500000000000073e-01,8.760485649108886719e-01,5.463811755180358887e-01
-3.103548322185163855e+01,2.202846703164164666e+01,1.464456298828125000e+03,8.779174685478210449e-01,1.957600000000000173e-01,7.898361086845397949e-01,4.936618506908416748e-01
-3.103794670209125783e+01,2.203928295915116564e+01,1.349632568359375000e+03,8.622390627861022949e-01,1.957700000000000273e-01,1.023906826972961426e+00,6.245827674865722656e-01
-3.103908179468466599e+01,2.205291244046055255e+01,1.810066284179687500e+03,1.037536382675170898e+00,1.957800000000000096e-01,9.213673472404479980e-01,6.081795096397399902e-01
-3.103814440911095218e+01,2.206576739669051435e+01,1.727074462890625000e+03,1.260540008544921875e+00,1.957900000000000196e-01,9.079395532608032227e-01,5.926917791366577148e-01
-3.104489051707341929e+01,2.208058854668841775e+01,1.180414428710937500e+03,1.224960803985595703e+00,1.958000000000000296e-01,7.817488908767700195e-01,4.561250805854797363e-01
-3.104654751582298289e+01,2.208593881446396878e+01,2.087221435546875000e+03,1.066154956817626953e+00,1.958100000000000118e-01,8.997761011123657227e-01,6.124519705772399902e-01
-3.104412226624940274e+01,2.209921461523030572e+01,2.772146484375000000e+03,1.047293663024902344e+00,1.958200000000000218e-01,7.759505510330200195e-01,5.550024509429931641e-01
-3.104874118475216349e+01,2.210806077379216106e+01,1.660996093750000000e+03,1.287467002868652344e+00,1.958300000000000041e-01,8.704791069030761719e-01,5.627844333648681641e-01
-3.104658683453006773e+01,2.212329702372497309e+01,2.259130371093750000e+03,1.199340343475341797e+00,1.958400000000000141e-01,8.598741888999938965e-01,5.942939519882202148e-01
-3.104874167021219833e+01,2.213247680102046289e+01,1.457642578125000000e+03,1.125584363937377930e+00,1.958500000000000241e-01,8.700976371765136719e-01,5.431005358695983887e-01
-3.104279206817440340e+01,2.214199578841811089e+01,1.364460571289062500e+03,1.062451124191284180e+00,1.958600000000000063e-01,7.933456301689147949e-01,4.855746626853942871e-01
-3.105098785878179868e+01,2.215709667238160208e+01,1.874147827148437500e+03,1.022825956344604492e+00,1.958700000000000163e-01,9.380757808685302734e-01,6.241250038146972656e-01
-3.104373687850148400e+01,2.217105418498352520e+01,1.666948974609375000e+03,1.088168144226074219e+00,1.958800000000000263e-01,8.768877983093261719e-01,5.674383640289306641e-01
-3.104818395748812776e+01,2.218281639379138070e+01,1.255339477539062500e+03,1.226866960525512695e+00,1.958900000000000086e-01,7.611494660377502441e-01,4.536073803901672363e-01
-3.104539156103303910e+01,2.219701449498402823e+01,1.239586181640625000e+03,1.034246206283569336e+00,1.959000000000000186e-01,8.825335502624511719e-01,5.237218141555786133e-01
-3.105004238606395717e+01,2.220906872718724046e+01,1.728103515625000000e+03,9.394699931144714355e-01,1.959100000000000286e-01,8.901630043983459473e-01,5.811713337898254395e-01
-3.104870735834774820e+01,2.221940672475992073e+01,2.091560546875000000e+03,1.051263332366943359e+00,1.959200000000000108e-01,9.460104107856750488e-01,6.441903710365295410e-01
-3.104957584393798342e+01,2.222546328016892758e+01,1.630913818359375000e+03,1.225112199783325195e+00,1.959300000000000208e-01,9.686697721481323242e-01,6.233620643615722656e-01
-3.104854460152925455e+01,2.224027284416743200e+01,1.910052246093750000e+03,1.320148229598999023e+00,1.959400000000000031e-01,9.333455562591552734e-01,6.235909461975097656e-01
-3.104739241795591909e+01,2.225842751652687213e+01,1.825442871093750000e+03,1.266059398651123047e+00,1.959500000000000131e-01,9.388387203216552734e-01,6.209206581115722656e-01
-3.104246808232238308e+01,2.226930094924906456e+01,1.882184936523437500e+03,1.318763017654418945e+00,1.959600000000000231e-01,9.891929030418395996e-01,6.587625741958618164e-01
-3.105136831151120091e+01,2.227156262959229949e+01,2.912324951171875000e+03,1.324963092803955078e+00,1.959700000000000053e-01,9.511983990669250488e-01,6.853129863739013672e-01
-3.104250339283341731e+01,2.228570005772171214e+01,1.999237182617187500e+03,1.307243824005126953e+00,1.959800000000000153e-01,1.009639739990234375e+00,6.811931133270263672e-01
-3.104324848578298202e+01,2.230421010001066762e+01,2.365479248046875000e+03,1.359390735626220703e+00,1.959900000000000253e-01,9.930839538574218750e-01,6.921031475067138672e-01
-3.104218949727824750e+01,2.231233868407626986e+01,1.841931640625000000e+03,1.318239688873291016e+00,1.960000000000000075e-01,9.464681744575500488e-01,6.272530555725097656e-01
-3.104068790503592368e+01,2.232393575120558538e+01,1.705651977539062500e+03,1.386118650436401367e+00,1.960100000000000176e-01,8.857379555702209473e-01,5.764411091804504395e-01
-3.104424399008298252e+01,2.233895288484481867e+01,1.579957153320312500e+03,1.171078205108642578e+00,1.960200000000000276e-01,9.650076627731323242e-01,6.158851981163024902e-01
-3.103452320431389566e+01,2.234995965706331944e+01,1.816712768554687500e+03,1.093388319015502930e+00,1.960300000000000098e-01,9.013019800186157227e-01,5.954383611679077148e-01
-3.103611098460352835e+01,2.235764484208086245e+01,1.863117919921875000e+03,1.110144376754760742e+00,1.960400000000000198e-01,1.093410849571228027e+00,7.265118360519409180e-01
-3.103117902115734950e+01,2.237431254890891097e+01,1.542927246093750000e+03,1.186315536499023438e+00,1.960500000000000298e-01,8.354600071907043457e-01,5.298253297805786133e-01
-3.103575492572867844e+01,2.238549482978727667e+01,1.494093750000000000e+03,1.262228012084960938e+00,1.960600000000000120e-01,9.489858746528625488e-01,5.965064764022827148e-01
-3.103433467950738844e+01,2.240140696243439322e+01,3.116256835937500000e+03,1.116711616516113281e+00,1.960700000000000220e-01,9.987297058105468750e-01,7.263592481613159180e-01
-3.103117803009463316e+01,2.240812894347991602e+01,1.468695556640625000e+03,1.275779724121093750e+00,1.960800000000000043e-01,1.062511682510375977e+00,6.646372675895690918e-01
-3.102611225663876482e+01,2.242085132945254955e+01,1.866723999023437500e+03,1.410411119461059570e+00,1.960900000000000143e-01,1.164440751075744629e+00,7.740432024002075195e-01
-3.104074737592832633e+01,2.243216774264017133e+01,2.072293457031250000e+03,1.492467641830444336e+00,1.961000000000000243e-01,1.225476145744323730e+00,8.329423069953918457e-01
-3.103082955156632394e+01,2.245064639393683592e+01,2.737516357421875000e+03,1.711866378784179688e+00,1.961100000000000065e-01,1.183438062667846680e+00,8.448442220687866211e-01
-3.102999656208956836e+01,2.245884160266291119e+01,2.021124023437500000e+03,1.994202852249145508e+00,1.961200000000000165e-01,1.164517045021057129e+00,7.874709367752075195e-01
-3.102912602514288309e+01,2.246475871807546199e+01,2.410240234375000000e+03,2.001567602157592773e+00,1.961300000000000265e-01,1.126217365264892578e+00,7.874709367752075195e-01
-3.103753123465332209e+01,2.248160762642347166e+01,1.638861206054687500e+03,1.907124042510986328e+00,1.961400000000000088e-01,1.252713203430175781e+00,8.071548938751220703e-01
-3.103055069090491358e+01,2.249519878892490610e+01,2.255535156250000000e+03,1.910445213317871094e+00,1.961500000000000188e-01,1.189846754074096680e+00,8.221085667610168457e-01
-3.103189509370167443e+01,2.250349379040191877e+01,1.383514160156250000e+03,1.786210060119628906e+00,1.961600000000000288e-01,1.012310028076171875e+00,6.222176551818847656e-01
-3.103571177821095617e+01,2.251649178041679278e+01,1.492238159179687500e+03,1.716804027557373047e+00,1.961700000000000110e-01,9.256398081779479980e-01,5.816290974617004395e-01
-3.103036789560954389e+01,2.252848191902187835e+01,1.533992431640625000e+03,1.316618442535400391e+00,1.961800000000000210e-01,9.448659420013427734e-01,5.982612371444702148e-01
-3.103031035998213838e+01,2.254762771559317258e+01,1.371069091796875000e+03,1.343969821929931641e+00,1.961900000000000033e-01,8.720812797546386719e-01,5.345555543899536133e-01
-3.103216836511527887e+01,2.255257290433035067e+01,2.372485595703125000e+03,1.155851602554321289e+00,1.962000000000000133e-01,9.605062603950500488e-01,6.697489619255065918e-01
-3.103279255746214105e+01,2.256379185381278418e+01,1.062739379882812500e+03,1.146538972854614258e+00,1.962100000000000233e-01,7.695418000221252441e-01,4.317109286785125732e-01
-3.103171643754609832e+01,2.257770040816322066e+01,1.385830566406250000e+03,1.362548589706420898e+00,1.962200000000000055e-01,8.821520805358886719e-01,5.424901843070983887e-01
-3.103841693945382119e+01,2.259129817739375667e+01,1.872294921875000000e+03,9.398359656333923340e-01,1.962300000000000155e-01,8.453782796859741211e-01,5.623266696929931641e-01
-3.103374488995371294e+01,2.260586060503304040e+01,1.869556884765625000e+03,1.208943843841552734e+00,1.962400000000000255e-01,9.163319468498229980e-01,6.093239188194274902e-01
-3.103185132521103640e+01,2.261646948528628442e+01,2.441547607421875000e+03,1.116024971008300781e+00,1.962500000000000078e-01,1.016582608222961426e+00,7.123974561691284180e-01
-3.103918629892048386e+01,2.262430355000502047e+01,1.332382080078125000e+03,1.307332038879394531e+00,1.962600000000000178e-01,7.049205899238586426e-01,4.282777011394500732e-01
-3.104130372770598001e+01,2.263234290135920190e+01,1.251650634765625000e+03,1.179192781448364258e+00,1.962700000000000278e-01,7.374219298362731934e-01,4.390351772308349609e-01
-3.104012539687510142e+01,2.264942970007294321e+01,1.660673095703125000e+03,1.036304950714111328e+00,1.962800000000000100e-01,7.191113233566284180e-01,4.648989439010620117e-01
-3.103273875197107046e+01,2.265812428878837537e+01,1.377344848632812500e+03,8.112663626670837402e-01,1.962900000000000200e-01,8.414109945297241211e-01,5.164738297462463379e-01
-3.104125996511270458e+01,2.267052743951062510e+01,1.686317626953125000e+03,8.921868205070495605e-01,1.963000000000000023e-01,8.646044135093688965e-01,5.611059665679931641e-01
-3.104586478077937528e+01,2.268102088924920778e+01,1.410111206054687500e+03,1.036078453063964844e+00,1.963100000000000123e-01,1.071590662002563477e+00,6.624246835708618164e-01
-3.103731008736899000e+01,2.269169554137222633e+01,1.353659545898437500e+03,1.130861759185791016e+00,1.963200000000000223e-01,8.927569985389709473e-01,5.450841784477233887e-01
-3.104099361780109589e+01,2.270039252874002145e+01,1.469355346679687500e+03,1.385480880737304688e+00,1.963300000000000045e-01,8.929858803749084473e-01,5.586645603179931641e-01
-3.104296667344685190e+01,2.271795230524358544e+01,1.397456420898437500e+03,1.210480451583862305e+00,1.963400000000000145e-01,8.789477348327636719e-01,5.418798327445983887e-01
-3.103749599346405219e+01,2.272027846983083066e+01,1.711976806640625000e+03,1.183746576309204102e+00,1.963500000000000245e-01,9.183155894279479980e-01,5.981849431991577148e-01
-3.103624705568869757e+01,2.273668378727004580e+01,2.837206787109375000e+03,1.203978776931762695e+00,1.963600000000000068e-01,8.149368762969970703e-01,5.849097371101379395e-01
-3.104392570429063269e+01,2.275284161772282587e+01,2.566333984375000000e+03,1.171216487884521484e+00,1.963700000000000168e-01,8.572039008140563965e-01,6.057381033897399902e-01
-3.104190796167488031e+01,2.275964583512162420e+01,1.946480957031250000e+03,1.176278114318847656e+00,1.963800000000000268e-01,8.861957192420959473e-01,5.945228338241577148e-01
-3.104214810649057199e+01,2.277765685643374027e+01,2.013797363281250000e+03,1.168940782546997070e+00,1.963900000000000090e-01,1.033290982246398926e+00,6.982067227363586426e-01
-3.103773712124380424e+01,2.278842612580814730e+01,1.380235107421875000e+03,1.268702268600463867e+00,1.964000000000000190e-01,1.181225538253784180e+00,7.255200147628784180e-01
-3.103453570987004539e+01,2.280261300694468929e+01,2.050670654296875000e+03,1.542772769927978516e+00,1.964100000000000290e-01,1.055645227432250977e+00,7.159832715988159180e-01
-3.103755373162340092e+01,2.280957874659849693e+01,1.838288574218750000e+03,1.637467861175537109e+00,1.964200000000000113e-01,8.737597465515136719e-01,5.788062214851379395e-01
-3.103534522002487250e+01,2.281692063690667993e+01,2.783965087890625000e+03,1.410409927368164062e+00,1.964300000000000213e-01,9.159504771232604980e-01,6.555582284927368164e-01
-3.103494545033710139e+01,2.283322890568868857e+01,2.622908691406250000e+03,1.243311882019042969e+00,1.964400000000000035e-01,8.506425619125366211e-01,6.032204031944274902e-01
-3.103867472428594354e+01,2.285266652087318917e+01,2.042728515625000000e+03,1.361459016799926758e+00,1.964500000000000135e-01,8.121902942657470703e-01,5.504247546195983887e-01
-3.103155901197250799e+01,2.286088700497578330e+01,2.136803955078125000e+03,1.094624519348144531e+00,1.964600000000000235e-01,8.504136800765991211e-01,5.815528035163879395e-01
-3.103218481092970293e+01,2.286991620403903269e+01,1.145357055664062500e+03,1.083008766174316406e+00,1.964700000000000057e-01,8.099777698516845703e-01,4.674929380416870117e-01
-3.103060138716815075e+01,2.287310080435868542e+01,1.485942382812500000e+03,1.134458303451538086e+00,1.964800000000000157e-01,7.809859514236450195e-01,4.901523292064666748e-01
-3.103329250114212101e+01,2.289682032382981447e+01,1.615972656250000000e+03,8.536083102226257324e-01,1.964900000000000257e-01,7.582502961158752441e-01,4.867953658103942871e-01
-3.103363179352753676e+01,2.290830594332966541e+01,1.154152709960937500e+03,8.266825079917907715e-01,1.965000000000000080e-01,8.282883763313293457e-01,4.793948233127593994e-01
-3.103705422391738722e+01,2.291866145603706073e+01,1.695681762695312500e+03,9.708136916160583496e-01,1.965100000000000180e-01,8.029586672782897949e-01,5.218144059181213379e-01
-3.103395925315780346e+01,2.292893084415329596e+01,1.705399291992187500e+03,8.688217997550964355e-01,1.965200000000000280e-01,1.030086636543273926e+00,6.703593134880065918e-01
-3.103442992027515501e+01,2.293816730188816067e+01,1.766255249023437500e+03,1.066143035888671875e+00,1.965300000000000102e-01,9.758414030075073242e-01,6.404519677162170410e-01
-3.103295172556472181e+01,2.295095759885817799e+01,2.457858642578125000e+03,1.350903034210205078e+00,1.965400000000000202e-01,9.714926481246948242e-01,6.815745830535888672e-01
-3.103134974040333915e+01,2.296560729764337694e+01,1.532388427734375000e+03,1.519683122634887695e+00,1.965500000000000025e-01,1.017574429512023926e+00,6.441140770912170410e-01
-3.102872584897187025e+01,2.297957491420999077e+01,2.569431640625000000e+03,1.323108196258544922e+00,1.965600000000000125e-01,1.223187327384948730e+00,8.645281195640563965e-01
-3.103457764741193259e+01,2.298554220428015071e+01,1.364891845703125000e+03,1.348652362823486328e+00,1.965700000000000225e-01,7.340649962425231934e-01,4.493349194526672363e-01
-3.103318422499839002e+01,2.299997034223247638e+01,2.296976074218750000e+03,1.592770338058471680e+00,1.965800000000000047e-01,7.006481289863586426e-01,4.857272505760192871e-01
-3.103297424711902153e+01,2.300830789228522377e+01,1.559083007812500000e+03,9.001726508140563965e-01,1.965900000000000147e-01,7.175854444503784180e-01,4.563539624214172363e-01
-3.103048450519293411e+01,2.302233244560684611e+01,1.860058715820312500e+03,8.747679591178894043e-01,1.966000000000000247e-01,6.443429589271545410e-01,4.279725253582000732e-01
-3.103142803742682077e+01,2.303568355090674658e+01,9.757582397460937500e+02,8.248514533042907715e-01,1.966100000000000070e-01,7.352094054222106934e-01,3.982177674770355225e-01
-3.102950805306354454e+01,2.304682371040006217e+01,1.427899414062500000e+03,7.618219256401062012e-01,1.966200000000000170e-01,7.278851866722106934e-01,4.516237378120422363e-01
-3.103634391984038388e+01,2.305688941005050197e+01,1.948897705078125000e+03,7.412702441215515137e-01,1.966300000000000270e-01,8.500322103500366211e-01,5.704138875007629395e-01
-3.103003173923239189e+01,2.307846545111011238e+01,1.177311767578125000e+03,8.853799700736999512e-01,1.966400000000000092e-01,8.121902942657470703e-01,4.734438955783843994e-01
-3.103166992942296432e+01,2.308336328544826443e+01,1.283412353515625000e+03,1.059164524078369141e+00,1.966500000000000192e-01,7.778578996658325195e-01,4.669588804244995117e-01
-3.103357351394278751e+01,2.309185969891678880e+01,9.556882324218750000e+02,9.783334136009216309e-01,1.966600000000000292e-01,8.271439671516418457e-01,4.439943134784698486e-01
-3.103504518395968503e+01,2.309830911812341370e+01,1.616283691406250000e+03,8.189720511436462402e-01,1.966700000000000115e-01,7.282666563987731934e-01,4.675692319869995117e-01
-3.102872413462949908e+01,2.311915967552365103e+01,1.279350341796875000e+03,7.676953673362731934e-01,1.966800000000000215e-01,7.440595626831054688e-01,4.462068378925323486e-01
-3.102856398904056334e+01,2.312706673112280598e+01,1.329747436523437500e+03,8.295125365257263184e-01,1.966900000000000037e-01,7.718306183815002441e-01,4.686373472213745117e-01
-3.103010408624786010e+01,2.313520657105485867e+01,2.257136474609375000e+03,8.738572001457214355e-01,1.967000000000000137e-01,8.847461342811584473e-01,6.113838553428649902e-01
-3.102961662992772673e+01,2.315315364747757698e+01,1.390048095703125000e+03,8.866495490074157715e-01,1.967100000000000237e-01,8.913837075233459473e-01,5.486699938774108887e-01
-3.102467076945162461e+01,2.316305354351693069e+01,1.317186767578125000e+03,1.068694114685058594e+00,1.967200000000000060e-01,6.580759286880493164e-01,3.983703553676605225e-01
-3.102909742550449934e+01,2.318104948535315657e+01,9.858356933593750000e+02,1.088768959045410156e+00,1.967300000000000160e-01,7.708387970924377441e-01,4.193512797355651855e-01
-3.102904396388998620e+01,2.318391768283671794e+01,2.149206542968750000e+03,6.300646662712097168e-01,1.967400000000000260e-01,8.420976400375366211e-01,5.765174031257629395e-01
-3.102639276947175162e+01,2.319643819267112050e+01,1.703235351562500000e+03,9.396404623985290527e-01,1.967500000000000082e-01,8.369096517562866211e-01,5.444738268852233887e-01
-3.103150725515912001e+01,2.321125383244416085e+01,3.543472412109375000e+03,1.091548919677734375e+00,1.967600000000000182e-01,8.049423694610595703e-01,5.949805974960327148e-01
-3.102457775578391619e+01,2.321826157432853677e+01,1.353055664062500000e+03,1.146196842193603516e+00,1.967700000000000282e-01,9.145008921623229980e-01,5.582830905914306641e-01
-3.102523977766868057e+01,2.322694697049303159e+01,2.211923828125000000e+03,1.223356246948242188e+00,1.967800000000000105e-01,1.032070279121398926e+00,7.104900479316711426e-01
-3.102288403766051061e+01,2.323940039684632453e+01,1.807182250976562500e+03,1.137403964996337891e+00,1.967900000000000205e-01,9.779013991355895996e-01,6.452584862709045410e-01
-3.103495225772295285e+01,2.325971288296757677e+01,1.137319580078125000e+03,1.815164804458618164e+00,1.968000000000000027e-01,8.783373832702636719e-01,5.056400299072265625e-01
-3.102458833338145183e+01,2.327268023967001298e+01,1.724404541015625000e+03,1.256460666656494141e+00,1.968100000000000127e-01,9.083973169326782227e-01,5.927680730819702148e-01
-3.102174730122962387e+01,2.328122772231647275e+01,2.126030761718750000e+03,1.155988693237304688e+00,1.968200000000000227e-01,7.975417971611022949e-01,5.448552966117858887e-01
-3.102010958179389633e+01,2.329480289485701405e+01,1.261948852539062500e+03,1.191887378692626953e+00,1.968300000000000050e-01,7.812911272048950195e-01,4.664248228073120117e-01
-3.103278273032073642e+01,2.330548103092763412e+01,2.408607910156250000e+03,1.037917852401733398e+00,1.968400000000000150e-01,7.719069123268127441e-01,5.396673083305358887e-01
-3.102339899572469051e+01,2.331450830288813236e+01,2.070042236328125000e+03,9.360582232475280762e-01,1.968500000000000250e-01,9.077869653701782227e-01,6.168770194053649902e-01
-3.102941305123093940e+01,2.332546414501907961e+01,1.450466674804687500e+03,1.117878675460815430e+00,1.968600000000000072e-01,8.652147650718688965e-01,5.392858386039733887e-01
-3.102661195293563878e+01,2.334172100189057630e+01,1.514963012695312500e+03,1.137469530105590820e+00,1.968700000000000172e-01,9.666098356246948242e-01,6.099342703819274902e-01
-3.102813658601708013e+01,2.335344866005656073e+01,1.499692382812500000e+03,1.213687181472778320e+00,1.968800000000000272e-01,8.848224282264709473e-01,5.567572116851806641e-01
-3.103099213131423184e+01,2.336128347462337373e+01,1.560338134765625000e+03,1.387031793594360352e+00,1.968900000000000095e-01,9.296070933341979980e-01,5.913184881210327148e-01
-3.102765960106511045e+01,2.337383613240156421e+01,1.878493652343750000e+03,1.268716573715209961e+00,1.969000000000000195e-01,7.516889572143554688e-01,5.003757476806640625e-01
-3.103097340954451511e+01,2.338662358981170897e+01,1.586998779296875000e+03,1.130830764770507812e+00,1.969100000000000295e-01,8.892474770545959473e-01,5.682013034820556641e-01
-3.103195759366130346e+01,2.340461443519151530e+01,1.937156127929687500e+03,1.128804206848144531e+00,1.969200000000000117e-01,1.018032193183898926e+00,6.822612285614013672e-01
-3.103082633779099808e+01,2.341788041852680990e+01,1.991908447265625000e+03,1.148319959640502930e+00,1.969300000000000217e-01,1.218533396720886230e+00,8.214982151985168457e-01
-3.103411554556697638e+01,2.342329480131596497e+01,1.903611083984375000e+03,1.607130289077758789e+00,1.969400000000000039e-01,7.795363664627075195e-01,5.204411149024963379e-01
-3.103432576908548768e+01,2.344091890124788691e+01,1.178273193359375000e+03,1.720851182937622070e+00,1.969500000000000139e-01,8.807787895202636719e-01,5.135746598243713379e-01
-3.103261130408278134e+01,2.344652883161908363e+01,1.592917846679687500e+03,9.798032641410827637e-01,1.969600000000000239e-01,9.164082407951354980e-01,5.861304998397827148e-01
-3.103405056270206686e+01,2.345970116942497796e+01,1.521750122070312500e+03,1.089893102645874023e+00,1.969700000000000062e-01,9.203755259513854980e-01,5.814765095710754395e-01
-3.103378899444165739e+01,2.347252118840646062e+01,1.325019409179687500e+03,1.213697910308837891e+00,1.969800000000000162e-01,8.176071643829345703e-01,4.958743751049041748e-01
-3.103744994202626017e+01,2.348366356832086410e+01,2.444312255859375000e+03,1.165281057357788086e+00,1.969900000000000262e-01,1.007350921630859375e+00,7.060649991035461426e-01
-3.103269568386708954e+01,2.349803444626622451e+01,1.832032958984375000e+03,1.132909774780273438e+00,1.970000000000000084e-01,8.593401312828063965e-01,5.688116550445556641e-01
-3.103446466329906883e+01,2.350917389837965388e+01,1.608610351562500000e+03,1.300507307052612305e+00,1.970100000000000184e-01,9.975852966308593750e-01,6.396890282630920410e-01
-3.103507104682601891e+01,2.352229766348968809e+01,1.658296997070312500e+03,1.116072654724121094e+00,1.970200000000000284e-01,9.800376296043395996e-01,6.333566308021545410e-01
-3.104202827454276559e+01,2.353028537234033735e+01,2.219367431640625000e+03,1.427757263183593750e+00,1.970300000000000107e-01,1.079372763633728027e+00,7.435255050659179688e-01
-3.103371379791343188e+01,2.354222807479266777e+01,1.471445190429687500e+03,1.430645704269409180e+00,1.970400000000000207e-01,9.621084928512573242e-01,6.021522879600524902e-01
-3.103764237573698281e+01,2.355356791745216327e+01,1.857616821289062500e+03,1.533201456069946289e+00,1.970500000000000029e-01,1.102871298789978027e+00,7.323102355003356934e-01
-3.104019751056181420e+01,2.356156090237116274e+01,1.965447265625000000e+03,1.447311162948608398e+00,1.970600000000000129e-01,1.124386310577392578e+00,7.558851242065429688e-01
-3.104169622574148235e+01,2.357845548538248792e+01,2.006219238281250000e+03,1.518705606460571289e+00,1.970700000000000229e-01,1.025966763496398926e+00,6.927134990692138672e-01
-3.103324877871980547e+01,2.359176489507524010e+01,1.812745239257812500e+03,1.622143507003784180e+00,1.970800000000000052e-01,8.460649251937866211e-01,5.586645603179931641e-01
-3.103643280907658308e+01,2.360214805811819261e+01,2.675238281250000000e+03,1.200607538223266602e+00,1.970900000000000152e-01,9.512746930122375488e-01,6.766917109489440918e-01
-3.103053076421184286e+01,2.361214486020607950e+01,1.823634521484375000e+03,1.214884042739868164e+00,1.971000000000000252e-01,8.382066488265991211e-01,5.542394518852233887e-01
-3.103641709791615000e+01,2.362244667868077741e+01,1.770777954101562500e+03,1.373828172683715820e+00,1.971100000000000074e-01,8.411821126937866211e-01,5.524083971977233887e-01
-3.103230688524008229e+01,2.364271180994786192e+01,2.394660400390625000e+03,1.135937690734863281e+00,1.971200000000000174e-01,8.371385335922241211e-01,5.846808552742004395e-01
-3.102998963271120303e+01,2.364097970632293055e+01,2.190836181640625000e+03,1.024872779846191406e+00,1.971300000000000274e-01,7.911331057548522949e-01,5.436345934867858887e-01
-3.103066365355437384e+01,2.365260994380274795e+01,3.014945068359375000e+03,8.892709612846374512e-01,1.971400000000000097e-01,1.126751422882080078e+00,8.157761096954345703e-01
-3.102578616406454515e+01,2.366593390524347740e+01,1.908047119140625000e+03,1.326387643814086914e+00,1.971500000000000197e-01,1.082500815391540527e+00,7.230786085128784180e-01
-3.103510672771315981e+01,2.366799768532391468e+01,2.516513427734375000e+03,1.770623445510864258e+00,1.971600000000000297e-01,4.867190718650817871e-01,3.428281545639038086e-01
-3.102536368384681253e+01,2.367470807992406989e+01,-1.081241577148437500e+03,1.562613964080810547e+00,1.971700000000000119e-01,3.116619586944580078e-02,3.818526491522789001e-02
-3.102792878982668867e+01,2.367811391293142620e+01,3.431895751953125000e+03,6.476003527641296387e-01,1.971800000000000219e-01,2.719889581203460693e-02,2.002723701298236847e-02
-3.101907964517008764e+01,2.368626207650688542e+01,1.864294921875000000e+03,1.935655027627944946e-01,1.971900000000000042e-01,4.184738919138908386e-02,2.780924923717975616e-02
