# x_coordinates, y_coordinates, TEP, TED, times, high, low
-2.566703101469853010e+01,1.789645769437774803e+01,1.587258789062500000e+03,3.364026919007301331e-02,2.589100000000000290e-01,9.563100934028625488e-01,6.110786795616149902e-01
-2.566904744313808351e+01,1.789688552397626609e+01,1.242693847656250000e+03,5.293661952018737793e-01,2.589200000000000390e-01,8.347733616828918457e-01,4.957980811595916748e-01
-2.566755062329895765e+01,1.788620626904479849e+01,1.951858398437500000e+03,1.063897132873535156e+00,2.589299999999999935e-01,8.814654350280761719e-01,5.916999578475952148e-01
-2.566865954095888824e+01,1.789039008638409456e+01,1.234261718750000000e+03,8.110720515251159668e-01,2.589400000000000035e-01,1.007808685302734375e+00,5.971931219100952148e-01
-2.567129686272562594e+01,1.788665663139331130e+01,1.169405029296875000e+03,1.260449409484863281e+00,2.589500000000000135e-01,8.373674154281616211e-01,4.869479537010192871e-01
-2.566896638396334396e+01,1.789326067289210087e+01,1.317047363281250000e+03,1.173265695571899414e+00,2.589600000000000235e-01,8.150131702423095703e-01,4.933566749095916748e-01
-2.566799283835341683e+01,1.789652773813101305e+01,1.546614379882812500e+03,8.965844511985778809e-01,2.589700000000000335e-01,9.539449810981750488e-01,6.053566336631774902e-01
-2.566624939243554948e+01,1.790386600418441887e+01,1.350896240234375000e+03,9.752399325370788574e-01,2.589800000000000435e-01,1.000102996826171875e+00,6.102394461631774902e-01
-2.567159052610214331e+01,1.792394082259542998e+01,1.840102661132812500e+03,1.080331325531005859e+00,2.589899999999999980e-01,9.180104136466979980e-01,6.082558035850524902e-01
-2.566593426330968697e+01,1.793260636692390264e+01,1.297445434570312500e+03,1.230366945266723633e+00,2.590000000000000080e-01,9.021412134170532227e-01,5.434820055961608887e-01
-2.566093391948235691e+01,1.794786399538307364e+01,1.525804077148437500e+03,1.139678478240966797e+00,2.590100000000000180e-01,8.787951469421386719e-01,5.556128025054931641e-01
-2.566528266786523460e+01,1.796048464944038869e+01,1.300971435546875000e+03,1.054032564163208008e+00,2.590200000000000280e-01,9.116016626358032227e-01,5.496618151664733887e-01
-2.566174516545431672e+01,1.797876463400191582e+01,1.162074462890625000e+03,9.986574053764343262e-01,2.590300000000000380e-01,8.296616673469543457e-01,4.813784956932067871e-01
-2.566615476832167175e+01,1.800178905931731776e+01,1.206718383789062500e+03,9.334546923637390137e-01,2.590400000000000480e-01,8.529314398765563965e-01,5.015201568603515625e-01
-2.566585641489866276e+01,1.802323352157453584e+01,1.418511474609375000e+03,7.485098242759704590e-01,2.590500000000000025e-01,8.660539984703063965e-01,5.363103151321411133e-01
-2.566407491677770381e+01,1.804532687511969868e+01,1.693055664062500000e+03,9.187168478965759277e-01,2.590600000000000125e-01,8.986316919326782227e-01,5.837653279304504395e-01
-2.565992069723820279e+01,1.806890585089866974e+01,1.838969238281250000e+03,1.107214212417602539e+00,2.590700000000000225e-01,9.645498991012573242e-01,6.390023827552795410e-01
-2.566075949256397237e+01,1.809632957818888244e+01,1.407671142578125000e+03,1.110683202743530273e+00,2.590800000000000325e-01,7.410840392112731934e-01,4.578798711299896240e-01
-2.566406394576277350e+01,1.811328305137193340e+01,1.712087280273437500e+03,1.179575443267822266e+00,2.590900000000000425e-01,8.572801947593688965e-01,5.584356784820556641e-01
-2.566465441552446336e+01,1.813880327419478533e+01,1.342739868164062500e+03,8.599752783775329590e-01,2.590999999999999970e-01,8.906207680702209473e-01,5.424138903617858887e-01
-2.566090745762443248e+01,1.816383913733853461e+01,9.725887451171875000e+02,1.035444259643554688e+00,2.591100000000000070e-01,9.820975661277770996e-01,5.311986207962036133e-01
-2.567211688793900137e+01,1.818666896315255954e+01,1.370010253906250000e+03,9.666735529899597168e-01,2.591200000000000170e-01,7.748061418533325195e-01,4.748171865940093994e-01
-2.567097896967553794e+01,1.821116373015895107e+01,1.173298706054687500e+03,9.023827910423278809e-01,2.591300000000000270e-01,7.240704298019409180e-01,4.215638041496276855e-01
-2.567115999339873156e+01,1.823587570497878474e+01,9.785191040039062500e+02,7.538670897483825684e-01,2.591400000000000370e-01,7.517652511596679688e-01,4.076782464981079102e-01
-2.567507348873467521e+01,1.826008932897327952e+01,1.231828491210937500e+03,6.322473883628845215e-01,2.591500000000000470e-01,8.105881214141845703e-01,4.800051748752593994e-01
-2.566946855954055806e+01,1.828531969611564278e+01,1.320575561523437500e+03,6.426185965538024902e-01,2.591600000000000015e-01,7.746535539627075195e-01,4.693239927291870117e-01
-2.567160346645270508e+01,1.830510290817964147e+01,1.367418212890625000e+03,7.451826930046081543e-01,2.591700000000000115e-01,7.931930422782897949e-01,4.858035445213317871e-01
-2.566662856510674473e+01,1.833195507763904075e+01,1.621650390625000000e+03,8.269674181938171387e-01,2.591800000000000215e-01,9.170185923576354980e-01,5.892585515975952148e-01
-2.567295028425532166e+01,1.835608442018137865e+01,1.297946044921875000e+03,7.855004668235778809e-01,2.591900000000000315e-01,1.014980316162109375e+00,6.115364432334899902e-01
-2.566965766069509414e+01,1.837155747290691110e+01,1.330867065429687500e+03,1.171679019927978516e+00,2.592000000000000415e-01,1.141705155372619629e+00,6.934001445770263672e-01
-2.567148187572406925e+01,1.838622925185366341e+01,1.693108642578125000e+03,1.277676343917846680e+00,2.592099999999999960e-01,9.809531569480895996e-01,6.372476220130920410e-01
-2.566836827273364108e+01,1.841096169614890599e+01,1.804198120117187500e+03,1.388868808746337891e+00,2.592200000000000060e-01,8.890948891639709473e-01,5.864356756210327148e-01
-2.567121965179664755e+01,1.842920055455881112e+01,1.365599731445312500e+03,1.348781108856201172e+00,2.592300000000000160e-01,8.918414711952209473e-01,5.459997057914733887e-01
-2.567082275143636494e+01,1.845375924507392540e+01,1.702310180664062500e+03,1.147881269454956055e+00,2.592400000000000260e-01,8.685717582702636719e-01,5.649969577789306641e-01
-2.567134009183351040e+01,1.847309873582354101e+01,1.141757446289062500e+03,9.125513434410095215e-01,2.592500000000000360e-01,8.903155922889709473e-01,5.132694840431213379e-01
-2.567394136787368808e+01,1.849246243010209056e+01,1.685863647460937500e+03,1.038249254226684570e+00,2.592600000000000460e-01,6.904246807098388672e-01,4.480378925800323486e-01
-2.567950903893481751e+01,1.851666447135419702e+01,1.611618896484375000e+03,9.344250559806823730e-01,2.592700000000000005e-01,7.811385393142700195e-01,5.011386871337890625e-01
-2.567354168784597235e+01,1.853112829230983394e+01,1.334799682617187500e+03,7.934779524803161621e-01,2.592800000000000105e-01,9.405934810638427734e-01,5.717871785163879395e-01
-2.568218135152862658e+01,1.855321440165190694e+01,1.363078735351562500e+03,8.500141501426696777e-01,2.592900000000000205e-01,1.166042923927307129e+00,7.134655714035034180e-01
-2.567271717569559542e+01,1.857417580327155093e+01,1.811603149414062500e+03,1.272692203521728516e+00,2.593000000000000305e-01,8.768115043640136719e-01,5.788825154304504395e-01
-2.567425809623598809e+01,1.859999566481809907e+01,1.302302978515625000e+03,1.362010955810546875e+00,2.593100000000000405e-01,9.460867047309875488e-01,5.706427693367004395e-01
-2.567766519584629492e+01,1.862001457726459464e+01,1.424722167968750000e+03,1.143893718719482422e+00,2.593199999999999950e-01,7.684736847877502441e-01,4.764956533908843994e-01
-2.568231243922353002e+01,1.864716424381141024e+01,1.053465209960937500e+03,1.019248485565185547e+00,2.593300000000000050e-01,7.412366271018981934e-01,4.143921434879302979e-01
-2.567836734600676962e+01,1.867280144735548930e+01,1.979191406250000000e+03,8.522898554801940918e-01,2.593400000000000150e-01,6.538034677505493164e-01,4.401795864105224609e-01
-2.567510827618337288e+01,1.869684979708416606e+01,9.544317016601562500e+02,6.090456843376159668e-01,2.593500000000000250e-01,8.017379641532897949e-01,4.301087558269500732e-01
-2.567768146461251888e+01,1.872169502302623911e+01,1.310687377929687500e+03,6.890982985496520996e-01,2.593600000000000350e-01,8.109695911407470703e-01,4.901523292064666748e-01
-2.567667991759721957e+01,1.874251119620028661e+01,1.389978881835937500e+03,7.275218367576599121e-01,2.593700000000000450e-01,1.042369961738586426e+00,6.415963768959045410e-01
-2.567729099507786827e+01,1.876558007745548196e+01,1.478351074218750000e+03,1.044252634048461914e+00,2.593799999999999994e-01,7.378033995628356934e-01,4.623812139034271240e-01
-2.567784835227736906e+01,1.879217322228141995e+01,1.314035644531250000e+03,1.016342163085937500e+00,2.593900000000000095e-01,8.260758519172668457e-01,4.996891021728515625e-01
-2.567703829663075155e+01,1.881409613221732968e+01,1.979302490234375000e+03,7.966942191123962402e-01,2.594000000000000195e-01,8.957324624061584473e-01,6.030678153038024902e-01
-2.567346887592580984e+01,1.884146626567630278e+01,1.443316162109375000e+03,9.711939692497253418e-01,2.594100000000000295e-01,9.615744352340698242e-01,5.984901189804077148e-01
-2.568280597392726250e+01,1.886235791783183657e+01,1.511593261718750000e+03,1.179136753082275391e+00,2.594200000000000395e-01,9.893454909324645996e-01,6.238961219787597656e-01
-2.567840862850550110e+01,1.888771321426147409e+01,1.785620117187500000e+03,1.193341732025146484e+00,2.594299999999999939e-01,1.033977627754211426e+00,6.803538799285888672e-01
-2.567682895571169510e+01,1.890972206406781453e+01,1.409966430664062500e+03,1.188432693481445312e+00,2.594400000000000039e-01,8.709368705749511719e-01,5.383702516555786133e-01
-2.567540514412488051e+01,1.893340417578544432e+01,2.000907592773437500e+03,1.236034154891967773e+00,2.594500000000000139e-01,1.063732385635375977e+00,7.178143262863159180e-01
-2.567885270227360195e+01,1.895274663213585598e+01,1.306786132812500000e+03,1.110296964645385742e+00,2.594600000000000239e-01,9.609640836715698242e-01,5.802558064460754395e-01
-2.566844082545368977e+01,1.897594956613318118e+01,1.658321899414062500e+03,1.410815238952636719e+00,2.594700000000000339e-01,7.471113204956054688e-01,4.828280806541442871e-01
-2.567799522292688508e+01,1.899380126034607130e+01,1.065450927734375000e+03,9.495789408683776855e-01,2.594800000000000439e-01,7.990676760673522949e-01,4.487245380878448486e-01
-2.567582543709345799e+01,1.902247083761458413e+01,1.238495483398437500e+03,8.642894625663757324e-01,2.594899999999999984e-01,7.802993059158325195e-01,4.629152715206146240e-01
-2.567466288675068498e+01,1.904506998817767993e+01,1.728338623046875000e+03,7.387453913688659668e-01,2.595000000000000084e-01,7.548170089721679688e-01,4.928226172924041748e-01
-2.567476483245045316e+01,1.906413762438510773e+01,1.399968505859375000e+03,7.504028677940368652e-01,2.595100000000000184e-01,9.649313688278198242e-01,5.952094793319702148e-01
-2.567243961663133334e+01,1.908714184694819593e+01,2.052845214843750000e+03,7.930487990379333496e-01,2.595200000000000284e-01,1.053280115127563477e+00,7.145336866378784180e-01
-2.567407882051966439e+01,1.911502539613210416e+01,1.241671752929687500e+03,1.021968841552734375e+00,2.595300000000000384e-01,1.074642419815063477e+00,6.380868554115295410e-01
-2.567314274861213264e+01,1.913396600902148492e+01,1.408583740234375000e+03,1.392470121383666992e+00,2.595400000000000484e-01,9.747732877731323242e-01,6.023811697959899902e-01
-2.567638668399159840e+01,1.914874927495221613e+01,1.560330078125000000e+03,1.229241609573364258e+00,2.595500000000000029e-01,1.055187463760375977e+00,6.711985468864440918e-01
-2.567875881089949175e+01,1.917871571633067518e+01,1.588688598632812500e+03,1.218475818634033203e+00,2.595600000000000129e-01,9.116779565811157227e-01,5.826972126960754395e-01
-2.567558933562834511e+01,1.919973450197989706e+01,1.819329833984375000e+03,1.323666095733642578e+00,2.595700000000000229e-01,9.396779537200927734e-01,6.209969520568847656e-01
-2.567572381629503653e+01,1.922715823154026893e+01,1.818844116210937500e+03,1.143873453140258789e+00,2.595800000000000329e-01,1.015819668769836426e+00,6.712748408317565918e-01
-2.567695693996590478e+01,1.924638705862525256e+01,1.873390625000000000e+03,1.220422506332397461e+00,2.595900000000000429e-01,9.522665143013000488e-01,6.335092186927795410e-01
-2.567698200284366550e+01,1.926476762164765333e+01,1.586589599609375000e+03,1.374614953994750977e+00,2.595999999999999974e-01,9.611929655075073242e-01,6.141304373741149902e-01
-2.568103644433015020e+01,1.928761238658205812e+01,1.362674194335937500e+03,1.239180088043212891e+00,2.596100000000000074e-01,8.783373832702636719e-01,5.373784303665161133e-01
-2.568184330270183935e+01,1.931947982635589867e+01,1.910724121093750000e+03,1.177199602127075195e+00,2.596200000000000174e-01,9.688986539840698242e-01,6.473947167396545410e-01
-2.568293047198905299e+01,1.933809738838975889e+01,1.573280151367187500e+03,1.042704105377197266e+00,2.596300000000000274e-01,7.930404543876647949e-01,5.055637359619140625e-01
-2.567800018631312753e+01,1.936610855552389765e+01,9.040139770507812500e+02,1.159458875656127930e+00,2.596400000000000374e-01,8.723101615905761719e-01,4.566591382026672363e-01
-2.567440710143710092e+01,1.939040939013463571e+01,1.498070068359375000e+03,9.477574229240417480e-01,2.596500000000000474e-01,8.485826253890991211e-01,5.337926149368286133e-01
-2.568005982965537726e+01,1.941428320284444453e+01,1.322031494140625000e+03,1.002971649169921875e+00,2.596600000000000019e-01,1.011928558349609375e+00,6.132912039756774902e-01
-2.568558989144885985e+01,1.944141479919962379e+01,1.467889648437500000e+03,1.074940681457519531e+00,2.596700000000000119e-01,7.762557268142700195e-01,4.854983687400817871e-01
-2.567986933598283272e+01,1.946015715424060133e+01,1.169723022460937500e+03,1.082896709442138672e+00,2.596800000000000219e-01,7.918960452079772949e-01,4.605501592159271240e-01
-2.568827935648526406e+01,1.948090015583583678e+01,1.082399291992187500e+03,9.396857619285583496e-01,2.596900000000000319e-01,9.183918833732604980e-01,5.189152359962463379e-01
-2.568806768748718383e+01,1.950955357186857597e+01,1.243264282226562500e+03,8.784360289573669434e-01,2.597000000000000419e-01,9.293019175529479980e-01,5.520269274711608887e-01
-2.569092377799398363e+01,1.952778324674898869e+01,1.615961059570312500e+03,1.063508510589599609e+00,2.597099999999999964e-01,8.901630043983459473e-01,5.714820027351379395e-01
-2.568597538344287301e+01,1.955551853760808712e+01,9.923193359375000000e+02,1.127862453460693359e+00,2.597200000000000064e-01,7.712202668190002441e-01,4.207245707511901855e-01
-2.569473574168759811e+01,1.958023225349202079e+01,1.119840087890625000e+03,9.376818537712097168e-01,2.597300000000000164e-01,7.386426329612731934e-01,4.227845072746276855e-01
-2.568856665165534281e+01,1.959905716003697762e+01,1.560953247070312500e+03,7.173342108726501465e-01,2.597400000000000264e-01,7.924301028251647949e-01,5.041141510009765625e-01
-2.569468102860421155e+01,1.962369441002403647e+01,1.222755371093750000e+03,7.986015677452087402e-01,2.597500000000000364e-01,8.462175130844116211e-01,4.998416900634765625e-01
-2.568794295884848466e+01,1.964927102061061959e+01,1.046797485351562500e+03,8.441132903099060059e-01,2.597600000000000464e-01,9.711874723434448242e-01,5.415746569633483887e-01
-2.569214877484915860e+01,1.967995459313369011e+01,1.930739135742187500e+03,9.617657065391540527e-01,2.597700000000000009e-01,8.774981498718261719e-01,5.876563787460327148e-01
-2.569361005238374673e+01,1.970716258214071104e+01,1.032516479492187500e+03,1.152500629425048828e+00,2.597800000000000109e-01,8.134109973907470703e-01,4.510896801948547363e-01
-2.569273638395219805e+01,1.972052403261405473e+01,1.182037719726562500e+03,9.731919169425964355e-01,2.597900000000000209e-01,8.433183431625366211e-01,4.922885596752166748e-01
-2.569108802090038424e+01,1.974081750391239964e+01,1.255108886718750000e+03,8.714861273765563965e-01,2.598000000000000309e-01,8.103592395782470703e-01,4.829043745994567871e-01
-2.569417566433182998e+01,1.977168737445941815e+01,1.307220458984375000e+03,9.310562014579772949e-01,2.598100000000000409e-01,8.391984701156616211e-01,5.067844390869140625e-01
-2.569416709649117436e+01,1.979143639668595256e+01,1.513875732421875000e+03,9.743291735649108887e-01,2.598199999999999954e-01,9.028278589248657227e-01,5.695745944976806641e-01
-2.569793753712273698e+01,1.981176246485945214e+01,1.395141967773437500e+03,9.543532729148864746e-01,2.598300000000000054e-01,7.919723391532897949e-01,4.880160689353942871e-01
-2.569725564093142367e+01,1.984420939749483281e+01,1.045165161132812500e+03,9.857851862907409668e-01,2.598400000000000154e-01,7.560377120971679688e-01,4.213349223136901855e-01
-2.569790082302446876e+01,1.986248578120212116e+01,1.092651489257812500e+03,7.907790541648864746e-01,2.598500000000000254e-01,8.208878636360168457e-01,4.655092954635620117e-01
-2.569602136468288478e+01,1.988466496928802840e+01,1.272332641601562500e+03,7.901126742362976074e-01,2.598600000000000354e-01,7.909042239189147949e-01,4.734438955783843994e-01
-2.569637324694057412e+01,1.991444803472714398e+01,9.490500488281250000e+02,8.175022006034851074e-01,2.598700000000000454e-01,8.104355335235595703e-01,4.336946010589599609e-01
-2.569844666386289589e+01,1.993052274237170707e+01,1.042746826171875000e+03,7.945973277091979980e-01,2.598799999999999999e-01,7.709913849830627441e-01,4.292695224285125732e-01
-2.569748901064258106e+01,1.995713657278239594e+01,1.414181030273437500e+03,7.524973750114440918e-01,2.598900000000000099e-01,8.935962319374084473e-01,5.528661608695983887e-01
-2.569747431073650645e+01,1.998557761541859534e+01,1.097950805664062500e+03,7.686228156089782715e-01,2.599000000000000199e-01,7.516889572143554688e-01,4.270569980144500732e-01
-2.569838773520564601e+01,2.001011916965073212e+01,1.049040161132812500e+03,1.044893980026245117e+00,2.599100000000000299e-01,7.275800108909606934e-01,4.060760736465454102e-01
-2.569436737341675681e+01,2.002808026422896504e+01,1.459512329101562500e+03,7.392246127128601074e-01,2.599200000000000399e-01,6.906535625457763672e-01,4.312531650066375732e-01
-2.568983241589695865e+01,2.005686619880875909e+01,1.789210937500000000e+03,6.720561385154724121e-01,2.599299999999999944e-01,7.680922150611877441e-01,5.056400299072265625e-01
-2.569997224470246877e+01,2.007652459953885682e+01,1.052481201171875000e+03,7.470554709434509277e-01,2.599400000000000044e-01,7.983047366142272949e-01,4.461305439472198486e-01
-2.569136420503226859e+01,2.010421118664040918e+01,1.311012695312500000e+03,8.975381255149841309e-01,2.599500000000000144e-01,7.748061418533325195e-01,4.683321714401245117e-01
-2.569367932755530148e+01,2.012477542307525269e+01,1.161481567382812500e+03,8.232147097587585449e-01,2.599600000000000244e-01,8.298142552375793457e-01,4.813784956932067871e-01
-2.568659528519135193e+01,2.015249928653340561e+01,1.086017578125000000e+03,8.976001143455505371e-01,2.599700000000000344e-01,7.904464602470397949e-01,4.471986591815948486e-01
-2.569481166397799399e+01,2.017464249192031644e+01,1.259155639648437500e+03,7.623035311698913574e-01,2.599800000000000444e-01,8.543810248374938965e-01,5.096836686134338379e-01
-2.569204782091045303e+01,2.019706144470373843e+01,1.251532836914062500e+03,8.345014452934265137e-01,2.599899999999999989e-01,7.639723420143127441e-01,4.548280835151672363e-01
-2.568772533347417664e+01,2.022720048044708818e+01,1.429094726562500000e+03,9.257490038871765137e-01,2.600000000000000089e-01,7.661848664283752441e-01,4.755038321018218994e-01
-2.568343488414778619e+01,2.024609107398542918e+01,1.572126953125000000e+03,7.350654006004333496e-01,2.600100000000000189e-01,7.740432024002075195e-01,4.933566749095916748e-01
-2.569307140206100826e+01,2.027286821915253512e+01,1.331796020507812500e+03,7.702750563621520996e-01,2.600200000000000289e-01,8.190567493438720703e-01,4.975528717041015625e-01
-2.568750409561824100e+01,2.028955715265657034e+01,1.157140991210937500e+03,8.275205492973327637e-01,2.600300000000000389e-01,7.865554094314575195e-01,4.556673169136047363e-01
-2.568580372710569648e+01,2.032057825812944785e+01,1.245944091796875000e+03,8.606798052787780762e-01,2.600400000000000489e-01,7.675581574440002441e-01,4.562776684761047363e-01
-2.569249330287974686e+01,2.034381523803726566e+01,1.027764160156250000e+03,6.839925646781921387e-01,2.600500000000000034e-01,7.771712541580200195e-01,4.301850497722625732e-01
-2.569740923201755578e+01,2.036496660101656886e+01,1.650900756835937500e+03,8.166951537132263184e-01,2.600600000000000134e-01,7.909805178642272949e-01,5.105991959571838379e-01
-2.568950187423950737e+01,2.038574771210180359e+01,1.170537841796875000e+03,6.865555644035339355e-01,2.600700000000000234e-01,8.908496499061584473e-01,5.182285904884338379e-01
-2.569089564874352405e+01,2.041208067693494499e+01,1.290831542968750000e+03,8.589274287223815918e-01,2.600800000000000334e-01,7.838851213455200195e-01,4.714602231979370117e-01
-2.569644562363308538e+01,2.043750998417646869e+01,1.269103149414062500e+03,9.109706282615661621e-01,2.600900000000000434e-01,9.364736080169677734e-01,5.601141452789306641e-01
-2.569406714399426406e+01,2.045877862773150468e+01,2.051645507812500000e+03,8.804864287376403809e-01,2.600999999999999979e-01,8.224900364875793457e-01,5.579016208648681641e-01
-2.569111982634945690e+01,2.047459592861171984e+01,1.473464233398437500e+03,9.574109911918640137e-01,2.601100000000000079e-01,8.537706732749938965e-01,5.345555543899536133e-01
-2.569731053024906586e+01,2.050863523330751903e+01,1.341343994140625000e+03,9.872586131095886230e-01,2.601200000000000179e-01,8.673510551452636719e-01,5.280705690383911133e-01
-2.569854176092220044e+01,2.052749744688123101e+01,1.702803222656250000e+03,9.804267287254333496e-01,2.601300000000000279e-01,8.931384682655334473e-01,5.810187458992004395e-01
-2.569158286642514000e+01,2.054930867704507946e+01,1.107161987304687500e+03,9.771067500114440918e-01,2.601400000000000379e-01,9.231984019279479980e-01,5.261632204055786133e-01
-2.569688088809599336e+01,2.057264297290098298e+01,2.084342285156250000e+03,1.037696123123168945e+00,2.601500000000000479e-01,8.973346352577209473e-01,6.106209158897399902e-01
-2.569481428292899139e+01,2.059683127418485071e+01,1.386317504882812500e+03,1.045383930206298828e+00,2.601600000000000024e-01,8.955798745155334473e-01,5.508062243461608887e-01
-2.570126638211582204e+01,2.062066677609503884e+01,1.271684204101562500e+03,1.208544492721557617e+00,2.601700000000000124e-01,1.024440884590148926e+00,6.131386160850524902e-01
-2.569983751453136378e+01,2.064205597923509572e+01,1.438383666992187500e+03,1.158082008361816406e+00,2.601800000000000224e-01,9.692801237106323242e-01,6.026863455772399902e-01
-2.570300623946909013e+01,2.066528241659814924e+01,1.274451782226562500e+03,1.396842718124389648e+00,2.601900000000000324e-01,8.337815403938293457e-01,4.993839263916015625e-01
-2.570213156951092515e+01,2.069128286069604528e+01,1.191163208007812500e+03,1.153497219085693359e+00,2.602000000000000424e-01,7.659559845924377441e-01,4.483430683612823486e-01
-2.570521113832740312e+01,2.071749724465328768e+01,1.883871093750000000e+03,9.331364035606384277e-01,2.602099999999999969e-01,7.304791808128356934e-01,4.865664839744567871e-01
-2.570336760408534005e+01,2.073216058510200810e+01,1.162981567382812500e+03,7.677072882652282715e-01,2.602200000000000069e-01,8.839831948280334473e-01,5.130406022071838379e-01
-2.570778572462734246e+01,2.075721380723520326e+01,1.228130737304687500e+03,8.844036459922790527e-01,2.602300000000000169e-01,7.976180911064147949e-01,4.718416929244995117e-01
-2.569867921038598979e+01,2.078133072603719000e+01,1.597416015625000000e+03,9.484035372734069824e-01,2.602400000000000269e-01,1.040767788887023926e+00,6.661631464958190918e-01
-2.570651744347978251e+01,2.080268090794443481e+01,1.513367797851562500e+03,1.073460102081298828e+00,2.602500000000000369e-01,9.283100962638854980e-01,5.855963826179504395e-01
-2.570714108381611140e+01,2.082558938441432517e+01,1.410324584960937500e+03,1.259525537490844727e+00,2.602600000000000469e-01,1.029705166816711426e+00,6.365609765052795410e-01
-2.570456041988698459e+01,2.084681959337732238e+01,1.851651733398437500e+03,1.194478988647460938e+00,2.602700000000000014e-01,1.071361780166625977e+00,7.108715176582336426e-01
-2.570461523646070745e+01,2.087068723819845673e+01,1.794995971679687500e+03,1.316538572311401367e+00,2.602800000000000114e-01,1.424604177474975586e+00,9.385335445404052734e-01
-2.570208853619122280e+01,2.090308684317425048e+01,1.805325439453125000e+03,1.715685844421386719e+00,2.602900000000000214e-01,1.228985667228698730e+00,8.107407093048095703e-01
-2.570084929814577634e+01,2.091880171558306145e+01,1.724177368164062500e+03,2.194238424301147461e+00,2.603000000000000314e-01,9.915580153465270996e-01,6.470132470130920410e-01
-2.569737578955343693e+01,2.094999724818747566e+01,1.159257080078125000e+03,1.771703481674194336e+00,2.603100000000000414e-01,8.292039036750793457e-01,4.806918501853942871e-01
-2.570625631211439099e+01,2.096882958253999263e+01,1.701493652343750000e+03,1.201022386550903320e+00,2.603199999999999958e-01,9.286152720451354980e-01,6.039833426475524902e-01
-2.569812430572146411e+01,2.099391032768611254e+01,1.263257080078125000e+03,9.436125159263610840e-01,2.603300000000000058e-01,8.765826225280761719e-01,5.234929323196411133e-01
-2.570012196741829058e+01,2.101212617572963737e+01,1.405353027343750000e+03,1.072228670120239258e+00,2.603400000000000158e-01,7.851821184158325195e-01,4.848880171775817871e-01
-2.570278205705481511e+01,2.103481810438774602e+01,1.263730224609375000e+03,9.092468619346618652e-01,2.603500000000000258e-01,7.829695940017700195e-01,4.676455259323120117e-01
-2.570221840369276123e+01,2.106127157414440987e+01,1.382339477539062500e+03,9.388095736503601074e-01,2.603600000000000358e-01,8.327897191047668457e-01,5.117436051368713379e-01
-2.569280696846021428e+01,2.108100585456004694e+01,1.093987548828125000e+03,8.816213011741638184e-01,2.603700000000000458e-01,9.943809509277343750e-01,5.641577243804931641e-01
-2.569375382746137504e+01,2.110682667883958530e+01,1.485925781250000000e+03,1.046738147735595703e+00,2.603800000000000003e-01,1.052440881729125977e+00,6.605173349380493164e-01
-2.569210808080130093e+01,2.112952003456139494e+01,1.984114013671875000e+03,1.202818870544433594e+00,2.603900000000000103e-01,1.125759601593017578e+00,7.583265900611877441e-01
-2.569175473679859323e+01,2.115543194790333459e+01,1.204673339843750000e+03,1.506419897079467773e+00,2.604000000000000203e-01,9.080921411514282227e-01,5.336400270462036133e-01
-2.568160140906103805e+01,2.117428770020877238e+01,1.200744384765625000e+03,1.482611417770385742e+00,2.604100000000000303e-01,8.861194252967834473e-01,5.201359391212463379e-01
-2.568885079663422033e+01,2.119437602163661793e+01,1.037811889648437500e+03,9.929675459861755371e-01,2.604200000000000403e-01,8.555254340171813965e-01,4.754275381565093994e-01
-2.567970645041678424e+01,2.122491939593162158e+01,1.092202758789062500e+03,9.498400092124938965e-01,2.604299999999999948e-01,7.331494688987731934e-01,4.156891405582427979e-01
-2.569225708460439606e+01,2.125410559132700428e+01,1.252160766601562500e+03,8.061081767082214355e-01,2.604400000000000048e-01,7.639723420143127441e-01,4.549043774604797363e-01
-2.568726212939747100e+01,2.127035997762180486e+01,1.639597167968750000e+03,7.251543402671813965e-01,2.604500000000000148e-01,9.382283687591552734e-01,6.045936942100524902e-01
-2.568615931302502275e+01,2.129449280718797510e+01,1.729697509765625000e+03,7.842809557914733887e-01,2.604600000000000248e-01,9.985008239746093750e-01,6.520487070083618164e-01
-2.568467161838727719e+01,2.131881327096581913e+01,1.677213256835937500e+03,1.267461299896240234e+00,2.604700000000000348e-01,9.567678570747375488e-01,6.200814247131347656e-01
-2.568672880580762197e+01,2.133999140380018389e+01,1.438938598632812500e+03,1.126125574111938477e+00,2.604800000000000448e-01,1.075786828994750977e+00,6.689860224723815918e-01
-2.568962366388624119e+01,2.135968250899217935e+01,1.576676147460937500e+03,1.298191070556640625e+00,2.604899999999999993e-01,9.417378902435302734e-01,6.007026433944702148e-01
-2.568403901417924118e+01,2.138605237666832792e+01,1.547272583007812500e+03,1.307242631912231445e+00,2.605000000000000093e-01,9.338796138763427734e-01,5.926917791366577148e-01
-2.568462821372413885e+01,2.141270839384035440e+01,2.093659179687500000e+03,1.326344728469848633e+00,2.605100000000000193e-01,8.612474799156188965e-01,5.865882635116577148e-01
-2.569123291225779226e+01,2.143609037390596583e+01,1.389949951171875000e+03,1.068433046340942383e+00,2.605200000000000293e-01,1.210827708244323730e+00,7.452802658081054688e-01
-2.568751461955918458e+01,2.145771318135400918e+01,1.539969970703125000e+03,1.256920814514160156e+00,2.605300000000000393e-01,1.108288168907165527e+00,7.024791836738586426e-01
-2.569061617670741526e+01,2.148021055580221272e+01,1.742778076171875000e+03,1.578921794891357422e+00,2.605399999999999938e-01,1.093716025352478027e+00,7.155255079269409180e-01
-2.569328529132347683e+01,2.150523515754007775e+01,9.744284667968750000e+02,1.535578489303588867e+00,2.605500000000000038e-01,9.624136686325073242e-01,5.209751725196838379e-01
-2.568685056993513527e+01,2.153044250364805379e+01,1.889676391601562500e+03,1.486174583435058594e+00,2.605600000000000138e-01,9.575307965278625488e-01,6.382394433021545410e-01
-2.569345286122869965e+01,2.154790718226626822e+01,9.720762329101562500e+02,1.233627319335937500e+00,2.605700000000000238e-01,9.298360347747802734e-01,5.028171539306640625e-01
-2.568690149284610413e+01,2.157047414567209387e+01,1.359674682617187500e+03,1.298745393753051758e+00,2.605800000000000338e-01,8.179123401641845703e-01,5.000705718994140625e-01
-2.569515245952125682e+01,2.159303595380459484e+01,1.476316162109375000e+03,8.671135306358337402e-01,2.605900000000000438e-01,8.224900364875793457e-01,5.152531266212463379e-01
-2.569249657942474485e+01,2.162148928473074605e+01,1.076305419921875000e+03,8.257121443748474121e-01,2.605999999999999983e-01,8.040267825126647949e-01,4.533022046089172363e-01
-2.569978249003565907e+01,2.163886199342546135e+01,1.368990966796875000e+03,7.693619132041931152e-01,2.606100000000000083e-01,7.869368791580200195e-01,4.821414351463317871e-01
-2.569596688646793936e+01,2.166433346701134610e+01,1.191115356445312500e+03,8.481401801109313965e-01,2.606200000000000183e-01,7.946426272392272949e-01,4.651278257369995117e-01
-2.569622904434447719e+01,2.169276368866527704e+01,1.242909301757812500e+03,7.878775000572204590e-01,2.606300000000000283e-01,8.218796849250793457e-01,4.881686568260192871e-01
-2.568861070319571738e+01,2.170817864942026532e+01,1.274622802734375000e+03,8.794636130332946777e-01,2.606400000000000383e-01,8.697924613952636719e-01,5.209751725196838379e-01
-2.569580265530614227e+01,2.173813160744881046e+01,1.382604492187500000e+03,8.624822497367858887e-01,2.606500000000000483e-01,8.538469672203063965e-01,5.247136354446411133e-01
-2.569135013044413540e+01,2.175647646659749412e+01,1.292223510742187500e+03,9.420472979545593262e-01,2.606600000000000028e-01,7.950240969657897949e-01,4.783267080783843994e-01
-2.569785810972729578e+01,2.179326919157906417e+01,1.102203857421875000e+03,1.073297977447509766e+00,2.606700000000000128e-01,6.750895380973815918e-01,3.841033279895782471e-01
-2.569564173907834359e+01,2.180951580472361684e+01,1.258115722656250000e+03,7.588273882865905762e-01,2.606800000000000228e-01,8.198196887969970703e-01,4.889316260814666748e-01
-2.570290722709860987e+01,2.182959446663134528e+01,2.125770019531250000e+03,5.099553465843200684e-01,2.606900000000000328e-01,1.285824894905090332e+00,8.784136772155761719e-01
-2.569850156037010791e+01,2.185590129743260590e+01,1.764942993164062500e+03,1.199455976486206055e+00,2.607000000000000428e-01,1.207852244377136230e+00,7.925826907157897949e-01
-2.570031749378873798e+01,2.187926903798448919e+01,2.120785644531250000e+03,1.975978136062622070e+00,2.607099999999999973e-01,1.010555267333984375e+00,6.900432109832763672e-01
-2.569924698389817408e+01,2.190426673462072671e+01,1.788064086914062500e+03,1.704239368438720703e+00,2.607200000000000073e-01,1.074795007705688477e+00,7.074382901191711426e-01
-2.569523547256912011e+01,2.191952980037927290e+01,1.537857421875000000e+03,1.442486763000488281e+00,2.607300000000000173e-01,1.221890330314636230e+00,7.741957902908325195e-01
-2.569508962577326727e+01,2.194381160234299344e+01,1.601685546875000000e+03,1.470349550247192383e+00,2.607400000000000273e-01,1.013835906982421875e+00,6.493784189224243164e-01
-2.569011504302170223e+01,2.197069991762785790e+01,1.401874145507812500e+03,1.611730575561523438e+00,2.607500000000000373e-01,1.101650595664978027e+00,6.798198223114013672e-01
-2.569218208306613960e+01,2.199081024356265601e+01,1.491012207031250000e+03,1.408189058303833008e+00,2.607600000000000473e-01,1.240887641906738281e+00,7.795363664627075195e-01
-2.569089244163479080e+01,2.201723318188361134e+01,1.665410156250000000e+03,1.440844058990478516e+00,2.607700000000000018e-01,1.034053921699523926e+00,6.689860224723815918e-01
-2.569633925029468813e+01,2.204033515569890511e+01,1.935025634765625000e+03,1.763777256011962891e+00,2.607800000000000118e-01,1.005748748779296875e+00,6.738688349723815918e-01
-2.569042989868531990e+01,2.207190604470908113e+01,1.381051513671875000e+03,1.486014842987060547e+00,2.607900000000000218e-01,9.782065749168395996e-01,6.009315252304077148e-01
-2.569109396321364969e+01,2.209209304978028143e+01,1.219337158203125000e+03,1.316070079803466797e+00,2.608000000000000318e-01,1.001399993896484375e+00,5.909370183944702148e-01
-2.568912408272026227e+01,2.210915209895152600e+01,1.475758422851562500e+03,1.103479385375976562e+00,2.608100000000000418e-01,1.226467967033386230e+00,7.682448029518127441e-01
-2.569241065481084618e+01,2.213438733382050216e+01,1.647922851562500000e+03,1.341132640838623047e+00,2.608199999999999963e-01,1.144299149513244629e+00,7.383374571800231934e-01
-2.568399533778568511e+01,2.215822553430473008e+01,1.524504516601562500e+03,1.694108963012695312e+00,2.608300000000000063e-01,1.075863122940063477e+00,6.800487041473388672e-01
-2.568691627982767045e+01,2.218576762027821303e+01,1.387427978515625000e+03,1.768403768539428711e+00,2.608400000000000163e-01,8.586534857749938965e-01,5.282231569290161133e-01
-2.568019340584105592e+01,2.220404779134971207e+01,1.242436279296875000e+03,1.408737421035766602e+00,2.608500000000000263e-01,9.289967417716979980e-01,5.517217516899108887e-01
-2.568402025624149587e+01,2.223159363024291224e+01,1.564329589843750000e+03,1.098728895187377930e+00,2.608600000000000363e-01,8.721575736999511719e-01,5.551550388336181641e-01
-2.567696048397688457e+01,2.225273978407511066e+01,1.162243652343750000e+03,1.079678058624267578e+00,2.608700000000000463e-01,9.653128385543823242e-01,5.601141452789306641e-01
-2.567977050943633444e+01,2.227291126935634935e+01,1.162249633789062500e+03,1.090272188186645508e+00,2.608800000000000008e-01,9.923973083496093750e-01,5.758307576179504395e-01
-2.567981229577586078e+01,2.230154218013456102e+01,1.894423828125000000e+03,1.132981300354003906e+00,2.608900000000000108e-01,9.638632535934448242e-01,6.428170800209045410e-01
-2.568510562781406392e+01,2.232027519578911523e+01,1.619238891601562500e+03,1.254709482192993164e+00,2.609000000000000208e-01,9.944572448730468750e-01,6.387735009193420410e-01
-2.567754564700285513e+01,2.234360984133030925e+01,2.167250732421875000e+03,1.141618013381958008e+00,2.609100000000000308e-01,9.290730357170104980e-01,6.370950341224670410e-01
-2.568044964447330614e+01,2.236027954541360785e+01,1.305795288085937500e+03,1.274246692657470703e+00,2.609200000000000408e-01,7.919723391532897949e-01,4.780978262424468994e-01
-2.567252782293172686e+01,2.238457351219269853e+01,1.034892333984375000e+03,1.276965856552124023e+00,2.609299999999999953e-01,7.517652511596679688e-01,4.172913134098052979e-01
-2.567811480580648364e+01,2.241530594503004892e+01,1.102588989257812500e+03,8.420748114585876465e-01,2.609400000000000053e-01,8.517107367515563965e-01,4.846591353416442871e-01
-2.568076855255313973e+01,2.243568083654779599e+01,1.524071655273437500e+03,8.275420069694519043e-01,2.609500000000000153e-01,8.113510608673095703e-01,5.128117203712463379e-01
-2.568155065309706586e+01,2.245695909754305575e+01,1.621858032226562500e+03,8.835584521293640137e-01,2.609600000000000253e-01,9.294545054435729980e-01,5.972694158554077148e-01
-2.568382903839237485e+01,2.248539312748075503e+01,1.256568359375000000e+03,9.649915099143981934e-01,2.609700000000000353e-01,9.024463891983032227e-01,5.379887819290161133e-01
-2.568347014802933259e+01,2.250976749995373183e+01,1.196905883789062500e+03,1.155772924423217773e+00,2.609800000000000453e-01,8.190567493438720703e-01,4.802340567111968994e-01
-2.568741747035713630e+01,2.253164240659461726e+01,1.202526733398437500e+03,1.058320522308349609e+00,2.609899999999999998e-01,8.148605823516845703e-01,4.785555899143218994e-01
-2.567992187755620037e+01,2.254940046508820828e+01,1.540426879882812500e+03,9.039980769157409668e-01,2.610000000000000098e-01,7.887679338455200195e-01,4.999942779541015625e-01
-2.569027624004193555e+01,2.257457832328579528e+01,1.564434082031250000e+03,8.032006621360778809e-01,2.610100000000000198e-01,1.127438068389892578e+00,7.176617383956909180e-01
-2.568390059311885665e+01,2.260220874601380814e+01,1.645162475585937500e+03,1.194606542587280273e+00,2.610200000000000298e-01,9.177815318107604980e-01,5.919288396835327148e-01
-2.569858403775830169e+01,2.261556304500224002e+01,1.242317016601562500e+03,1.476006031036376953e+00,2.610300000000000398e-01,9.186207652091979980e-01,5.455419421195983887e-01
-2.568461032437470948e+01,2.264340317331275898e+01,1.202507568359375000e+03,1.321033954620361328e+00,2.610399999999999943e-01,8.638414740562438965e-01,5.073184967041015625e-01
-2.569482696487018814e+01,2.266820393552817947e+01,1.064250732421875000e+03,1.055320024490356445e+00,2.610500000000000043e-01,8.203538060188293457e-01,4.604738652706146240e-01
-2.568464564765343283e+01,2.269542638882079544e+01,1.237071777343750000e+03,8.858663439750671387e-01,2.610600000000000143e-01,7.851058244705200195e-01,4.655855894088745117e-01
-2.568972634095002050e+01,2.271603558043084448e+01,1.528243530273437500e+03,8.382899165153503418e-01,2.610700000000000243e-01,8.591112494468688965e-01,5.434057116508483887e-01
-2.569188110945071912e+01,2.273968092613150205e+01,1.321146484375000000e+03,8.441061377525329590e-01,2.610800000000000343e-01,7.895309329032897949e-01,4.784030020236968994e-01
-2.569350339244663672e+01,2.276541742449479244e+01,1.475455444335937500e+03,9.584278464317321777e-01,2.610900000000000443e-01,7.585554718971252441e-01,4.751223623752593994e-01
-2.569356823290474878e+01,2.278940289496136273e+01,1.266455566406250000e+03,8.072025179862976074e-01,2.610999999999999988e-01,8.549150824546813965e-01,5.109806656837463379e-01
-2.569909467347049414e+01,2.280898674049002395e+01,1.033831054687500000e+03,8.776122927665710449e-01,2.611100000000000088e-01,8.307297825813293457e-01,4.609316289424896240e-01
-2.569838424017611089e+01,2.283566880433795276e+01,1.475797729492187500e+03,8.734614253044128418e-01,2.611200000000000188e-01,8.319504857063293457e-01,5.211277604103088379e-01
-2.569743808279230990e+01,2.285489136621660577e+01,1.342712768554687500e+03,8.724493384361267090e-01,2.611300000000000288e-01,8.910022377967834473e-01,5.426427721977233887e-01
-2.569439759305054238e+01,2.288291547667147441e+01,1.309631103515625000e+03,9.379488825798034668e-01,2.611400000000000388e-01,8.586534857749938965e-01,5.188389420509338379e-01
-2.569796664317274093e+01,2.290744209872730863e+01,9.711116333007812500e+02,9.269422888755798340e-01,2.611500000000000488e-01,7.214764356613159180e-01,3.899779915809631348e-01
-2.569439611348752450e+01,2.291958246188841741e+01,1.076913452148437500e+03,7.912165522575378418e-01,2.611600000000000033e-01,7.302502989768981934e-01,4.117981493473052979e-01
-2.569230592293736848e+01,2.294829269377359893e+01,1.140895385742187500e+03,6.261247992515563965e-01,2.611700000000000133e-01,8.172256946563720703e-01,4.710024595260620117e-01
-2.569699192665380139e+01,2.297275133552281901e+01,1.259873779296875000e+03,6.928045153617858887e-01,2.611800000000000233e-01,8.604845404624938965e-01,5.134220719337463379e-01
-2.569091672743372001e+01,2.299642649660963656e+01,1.384127807617187500e+03,8.845097422599792480e-01,2.611900000000000333e-01,9.693564176559448242e-01,5.958961248397827148e-01
-2.568944569360050778e+01,2.301853206066303059e+01,1.242405151367187500e+03,9.737140536308288574e-01,2.612000000000000433e-01,9.457052350044250488e-01,5.616400241851806641e-01
-2.568853014899956122e+01,2.304199854357470301e+01,1.472548706054687500e+03,1.271776676177978516e+00,2.612099999999999977e-01,1.005290985107421875e+00,6.293129920959472656e-01
-2.568655379533356609e+01,2.306604539283195621e+01,1.550099731445312500e+03,1.124788045883178711e+00,2.612200000000000077e-01,1.019329190254211426e+00,6.472421288490295410e-01
-2.568257207535171105e+01,2.309007416552118030e+01,1.176918457031250000e+03,1.332392215728759766e+00,2.612300000000000177e-01,1.012691497802734375e+00,5.902503728866577148e-01
-2.569439823681845780e+01,2.311177944440231968e+01,1.539573852539062500e+03,1.537215232849121094e+00,2.612400000000000277e-01,9.729422330856323242e-01,6.166481375694274902e-01
-2.567731706321459839e+01,2.314157755934254013e+01,1.429989990234375000e+03,1.377555847167968750e+00,2.612500000000000377e-01,1.043209195137023926e+00,6.475473046302795410e-01
-2.568345982096094460e+01,2.316534032943960142e+01,2.000906738281250000e+03,1.358675479888916016e+00,2.612600000000000477e-01,1.013759613037109375e+00,6.840922832489013672e-01
-2.567201184911640865e+01,2.318219351937245776e+01,1.753878295898437500e+03,1.426804780960083008e+00,2.612700000000000022e-01,1.104397177696228027e+00,7.236126661300659180e-01
-2.568264445206859747e+01,2.320365396531337154e+01,1.404887451171875000e+03,1.405273199081420898e+00,2.612800000000000122e-01,1.061901330947875977e+00,6.557108163833618164e-01
-2.567337500306392073e+01,2.322903845556800917e+01,1.713969970703125000e+03,1.436132907867431641e+00,2.612900000000000222e-01,1.042522549629211426e+00,6.792857050895690918e-01
-2.567515116684388943e+01,2.326445335943152415e+01,1.329709472656250000e+03,1.562617540359497070e+00,2.613000000000000322e-01,8.234818577766418457e-01,4.999942779541015625e-01
-2.567071340918109357e+01,2.327697170757863887e+01,1.490935302734375000e+03,1.271117448806762695e+00,2.613100000000000422e-01,7.883864641189575195e-01,4.952640235424041748e-01
-2.567044495748957189e+01,2.330030236908283925e+01,1.397582153320312500e+03,9.315175414085388184e-01,2.613199999999999967e-01,7.478742599487304688e-01,4.610842168331146240e-01
-2.567137066145262381e+01,2.332798794608316584e+01,1.393275146484375000e+03,9.122092127799987793e-01,2.613300000000000067e-01,8.683428764343261719e-01,5.348607301712036133e-01
-2.567400321236655358e+01,2.334584630805539973e+01,1.351197509765625000e+03,8.762652277946472168e-01,2.613400000000000167e-01,8.526262640953063965e-01,5.202885270118713379e-01
-2.567044135315315856e+01,2.337057542058732196e+01,1.707529174804687500e+03,9.195513129234313965e-01,2.613500000000000267e-01,1.307416200637817383e+00,8.511003255844116211e-01
-2.567103309444542347e+01,2.339596715337939159e+01,1.780841064453125000e+03,1.280028343200683594e+00,2.613600000000000367e-01,1.065258264541625977e+00,7.004955410957336426e-01
-2.567392320057123456e+01,2.342061485514039632e+01,1.348662109375000000e+03,1.933702945709228516e+00,2.613700000000000467e-01,9.189259409904479980e-01,5.604193210601806641e-01
-2.567223946055627337e+01,2.343587538807284787e+01,1.235902832031250000e+03,1.565628767013549805e+00,2.613800000000000012e-01,8.643755316734313965e-01,5.124302506446838379e-01
-2.567047013792854315e+01,2.345892529375002411e+01,1.353765747070312500e+03,1.197254180908203125e+00,2.613900000000000112e-01,8.222611546516418457e-01,5.020542144775390625e-01
-2.567103637342595945e+01,2.348853017282146638e+01,1.462907836914062500e+03,1.070266485214233398e+00,2.614000000000000212e-01,8.087570667266845703e-01,5.053348541259765625e-01
-2.567207099553008831e+01,2.350722617572308693e+01,1.421338012695312500e+03,9.088940024375915527e-01,2.614100000000000312e-01,9.759939908981323242e-01,6.047462821006774902e-01
-2.567155085918435020e+01,2.353299693939282022e+01,1.416857421875000000e+03,9.071153998374938965e-01,2.614200000000000412e-01,1.023983120918273926e+00,6.338906884193420410e-01
-2.566991421515157512e+01,2.354488389435786289e+01,1.429245361328125000e+03,1.217343330383300781e+00,2.614299999999999957e-01,9.725607633590698242e-01,6.036018729209899902e-01
-2.566634428051305150e+01,2.356508355961610590e+01,1.185665405273437500e+03,1.420136213302612305e+00,2.614400000000000057e-01,9.947624206542968750e-01,5.813239216804504395e-01
-2.568282131127752166e+01,2.358875385904044464e+01,1.616307861328125000e+03,1.189066886901855469e+00,2.614500000000000157e-01,7.304028868675231934e-01,4.689425230026245117e-01
-2.567283992450543550e+01,2.358971859994927911e+01,-2.945526123046875000e+03,1.262638092041015625e+00,2.614600000000000257e-01,6.313347816467285156e-02,6.053947657346725464e-02
-2.567700503766282338e+01,2.360343986253081994e+01,-3.682196289062500000e+03,7.184631228446960449e-01,2.614700000000000357e-01,3.704085201025009155e-02,3.452314063906669617e-02
-2.567227888680463010e+01,2.361722559983712699e+01,-5.655093994140625000e+02,2.216202169656753540e-01,2.614800000000000457e-01,2.101906202733516693e-02,3.665938228368759155e-02
