# x_coordinates, y_coordinates, TEP, TED, times, high, low
-3.647660594293412828e+01,1.791093752275113715e+01,1.394172973632812500e+03,1.212996318936347961e-01,1.185700000000000087e-01,4.888553321361541748e-01,3.011715114116668701e-01
-3.646501227200838713e+01,1.790858851142476738e+01,1.551990844726562500e+03,2.742821276187896729e-01,1.185800000000000048e-01,5.439397692680358887e-01,3.454984426498413086e-01
-3.647322334178341663e+01,1.789857188531660626e+01,1.557342651367187500e+03,4.558950960636138916e-01,1.185900000000000148e-01,6.275582313537597656e-01,3.989807069301605225e-01
-3.646623494549027811e+01,1.790248479088352695e+01,2.024649047851562500e+03,5.451840758323669434e-01,1.186000000000000110e-01,6.034492850303649902e-01,4.082123041152954102e-01
-3.647311377534828125e+01,1.790451491903104397e+01,2.141075683593750000e+03,6.441945433616638184e-01,1.186100000000000071e-01,7.513837814331054688e-01,5.140324234962463379e-01
-3.646351778556282852e+01,1.790948638395787640e+01,1.492061401367187500e+03,8.620435595512390137e-01,1.186200000000000032e-01,5.708716511726379395e-01,3.586973547935485840e-01
-3.646171684765207033e+01,1.790955902615933226e+01,2.392946777343750000e+03,7.900971770286560059e-01,1.186300000000000132e-01,7.286481261253356934e-01,5.088444352149963379e-01
-3.646624364255907835e+01,1.791991605210980509e+01,1.738905395507812500e+03,7.332569956779479980e-01,1.186400000000000093e-01,6.923320293426513672e-01,4.526918530464172363e-01
-3.646661077593223865e+01,1.793256867534266519e+01,1.592425170898437500e+03,9.364694952964782715e-01,1.186500000000000055e-01,5.714820027351379395e-01,3.654875457286834717e-01
-3.646059135928371120e+01,1.794756801665331380e+01,1.590654907226562500e+03,8.916551470756530762e-01,1.186600000000000155e-01,6.234383583068847656e-01,3.985992372035980225e-01
-3.646229217304322390e+01,1.796148334122147006e+01,1.666816650390625000e+03,7.166344523429870605e-01,1.186700000000000116e-01,5.424138903617858887e-01,3.509916365146636963e-01
-3.646195805943558099e+01,1.797597004000703080e+01,1.836246704101562500e+03,6.720358729362487793e-01,1.186800000000000077e-01,6.729533076286315918e-01,4.456727802753448486e-01
-3.646198424755387890e+01,1.800196428265014248e+01,2.247019287109375000e+03,7.083887457847595215e-01,1.186900000000000038e-01,7.458143234252929688e-01,5.149479508399963379e-01
-3.646468917838604540e+01,1.801253826064507990e+01,2.473022216796875000e+03,8.576530814170837402e-01,1.187000000000000138e-01,6.760813593864440918e-01,4.748171865940093994e-01
-3.645894825911722847e+01,1.803705106441865169e+01,2.279344482421875000e+03,1.073492288589477539e+00,1.187100000000000100e-01,7.770186662673950195e-01,5.379124879837036133e-01
-3.646621089903904078e+01,1.806482374938438440e+01,1.934831665039062500e+03,9.963983893394470215e-01,1.187200000000000061e-01,7.661848664283752441e-01,5.133457779884338379e-01
-3.644990718464136847e+01,1.807790276948912833e+01,2.198054687500000000e+03,1.197810888290405273e+00,1.187300000000000161e-01,7.614546418190002441e-01,5.235692262649536133e-01
-3.645754349266854888e+01,1.809723081869790917e+01,2.100886962890625000e+03,9.739536643028259277e-01,1.187400000000000122e-01,7.863265275955200195e-01,5.359288454055786133e-01
-3.644365784667155594e+01,1.812485219819674143e+01,2.359177246093750000e+03,1.161151647567749023e+00,1.187500000000000083e-01,6.148170828819274902e-01,4.282777011394500732e-01
-3.645455864603727747e+01,1.814887997614810544e+01,2.550293212890625000e+03,1.008505344390869141e+00,1.187600000000000044e-01,6.657053828239440918e-01,4.699343442916870117e-01
-3.644711404542807998e+01,1.817099290185774763e+01,1.982310302734375000e+03,7.802242636680603027e-01,1.187700000000000145e-01,7.479505538940429688e-01,5.037326812744140625e-01
-3.646053261007336488e+01,1.819076666721342761e+01,1.756540283203125000e+03,9.739906191825866699e-01,1.187800000000000106e-01,6.789042353630065918e-01,4.449861347675323486e-01
-3.645024580918547485e+01,1.821392829879783548e+01,1.629466430664062500e+03,1.110547304153442383e+00,1.187900000000000067e-01,6.131386160850524902e-01,3.944793343544006348e-01
-3.645980622837497975e+01,1.824198134564768026e+01,2.040920166015625000e+03,8.538991808891296387e-01,1.188000000000000028e-01,7.910568118095397949e-01,5.360051393508911133e-01
-3.645542045310280344e+01,1.826176297102491830e+01,2.025818237304687500e+03,8.350247740745544434e-01,1.188100000000000128e-01,7.915908694267272949e-01,5.355473756790161133e-01
-3.646144858539008737e+01,1.828480776449533352e+01,1.956184570312500000e+03,1.164667129516601562e+00,1.188200000000000089e-01,7.262066602706909180e-01,4.877108931541442871e-01
-3.645434737498803202e+01,1.830242559075392350e+01,1.475598876953125000e+03,9.386498332023620605e-01,1.188300000000000051e-01,6.932475566864013672e-01,4.342286586761474609e-01
-3.646005736562554489e+01,1.832427809194655310e+01,1.680478515625000000e+03,9.778816103935241699e-01,1.188400000000000151e-01,6.653239130973815918e-01,4.314057528972625732e-01
-3.645925827236515460e+01,1.834151674472112248e+01,2.107152343750000000e+03,9.563035368919372559e-01,1.188500000000000112e-01,6.774546504020690918e-01,4.619997441768646240e-01
-3.645690155565481660e+01,1.835742426273505501e+01,2.289513427734375000e+03,7.704562544822692871e-01,1.188600000000000073e-01,6.475473046302795410e-01,4.486482441425323486e-01
-3.646169149583730729e+01,1.837725510678904328e+01,1.963425659179687500e+03,9.425372481346130371e-01,1.188700000000000034e-01,6.275582313537597656e-01,4.217926859855651855e-01
-3.646253944667013513e+01,1.840126883107027211e+01,1.863902099609375000e+03,9.095520377159118652e-01,1.188800000000000134e-01,7.481794357299804688e-01,4.971714019775390625e-01
-3.646082871331365993e+01,1.841449047950381512e+01,1.368215698242187500e+03,8.820051550865173340e-01,1.188900000000000096e-01,7.049968838691711426e-01,4.318635165691375732e-01
-3.646148506321106453e+01,1.843585459627704992e+01,1.186421875000000000e+03,8.604890704154968262e-01,1.189000000000000057e-01,6.691386103630065918e-01,3.911224007606506348e-01
-3.646677015627560081e+01,1.846265987444510870e+01,1.558849609375000000e+03,7.406372427940368652e-01,1.189100000000000157e-01,6.267952919006347656e-01,3.985992372035980225e-01
-3.646402339682854432e+01,1.848479712266083297e+01,2.188119140625000000e+03,6.517857909202575684e-01,1.189200000000000118e-01,6.486154794692993164e-01,4.455964863300323486e-01
-3.647033356245243851e+01,1.849970466089204280e+01,1.796449829101562500e+03,7.814974188804626465e-01,1.189300000000000079e-01,5.569860935211181641e-01,3.670134246349334717e-01
-3.646958360002396660e+01,1.850618859028826080e+01,1.627906982421875000e+03,7.123870253562927246e-01,1.189400000000000041e-01,7.760268449783325195e-01,4.991550445556640625e-01
-3.647809814059288414e+01,1.853766827813440088e+01,1.641865356445312500e+03,8.568508028984069824e-01,1.189500000000000141e-01,6.144356131553649902e-01,3.960815370082855225e-01
-3.646599879709702918e+01,1.855731079620799306e+01,1.253373168945312500e+03,9.739333987236022949e-01,1.189600000000000102e-01,6.052803397178649902e-01,3.605284094810485840e-01
-3.647237896689302517e+01,1.857363676136875696e+01,1.202673828125000000e+03,7.089573740959167480e-01,1.189700000000000063e-01,5.603430271148681641e-01,3.290951848030090332e-01
-3.646812851152998292e+01,1.859643601100543009e+01,1.432868896484375000e+03,6.267101168632507324e-01,1.189800000000000163e-01,5.794928669929504395e-01,3.599180579185485840e-01
-3.647947720952771533e+01,1.862034083385173133e+01,1.820514526367187500e+03,6.024426817893981934e-01,1.189900000000000124e-01,5.949805974960327148e-01,3.932586312294006348e-01
-3.646486387911635063e+01,1.864542109096787215e+01,4.102132812500000000e+03,7.522565722465515137e-01,1.190000000000000085e-01,6.888988018035888672e-01,5.174656510353088379e-01
-3.647242448050844388e+01,1.866491001319041487e+01,3.466297119140625000e+03,7.244724631309509277e-01,1.190100000000000047e-01,6.901195049285888672e-01,5.087681412696838379e-01
-3.646592993887814060e+01,1.868817294657897676e+01,2.921858398437500000e+03,1.018661975860595703e+00,1.190200000000000147e-01,6.413674950599670410e-01,4.623049199581146240e-01
-3.646988812162478411e+01,1.871676977860436963e+01,2.449593994140625000e+03,9.501916766166687012e-01,1.190300000000000108e-01,6.740214228630065918e-01,4.726046323776245117e-01
-3.646944258083885160e+01,1.873885791386119593e+01,2.233054443359375000e+03,8.974630236625671387e-01,1.190400000000000069e-01,7.608442902565002441e-01,5.247136354446411133e-01
-3.647015575849294322e+01,1.875912354721140218e+01,1.210257690429687500e+03,9.348875880241394043e-01,1.190500000000000030e-01,5.711768269538879395e-01,3.361905515193939209e-01
-3.645713454465395387e+01,1.878413631744151857e+01,1.528941772460937500e+03,9.173602461814880371e-01,1.190600000000000130e-01,5.565283298492431641e-01,3.520597517490386963e-01
-3.645985778468072169e+01,1.880600779784123588e+01,2.197442138671875000e+03,6.134635806083679199e-01,1.190700000000000092e-01,5.704138875007629395e-01,3.921905159950256348e-01
-3.645954497804945760e+01,1.882227194245989921e+01,4.363620117187500000e+03,6.346482634544372559e-01,1.190800000000000053e-01,5.847571492195129395e-01,4.419343769550323486e-01
-3.645971273867321116e+01,1.884519277814057858e+01,1.920674194335937500e+03,6.814605593681335449e-01,1.190900000000000153e-01,6.671549677848815918e-01,4.462831318378448486e-01
-3.646302926734679772e+01,1.886675692242286928e+01,4.711972656250000000e+03,7.099229693412780762e-01,1.191000000000000114e-01,7.355908751487731934e-01,5.598852634429931641e-01
-3.645861271180345398e+01,1.889188007645667255e+01,2.420157470703125000e+03,8.591050505638122559e-01,1.191100000000000075e-01,6.837108135223388672e-01,4.784030020236968994e-01
-3.646061849959480128e+01,1.891259812782555727e+01,3.082204833984375000e+03,9.632415175437927246e-01,1.191200000000000037e-01,7.498579025268554688e-01,5.445501208305358887e-01
-3.645473060087268635e+01,1.892975444323669620e+01,1.706042846679687500e+03,9.158248305320739746e-01,1.191300000000000137e-01,6.563974618911743164e-01,4.272095859050750732e-01
-3.646130923192232842e+01,1.894746518331154661e+01,1.362831298828125000e+03,1.057900905609130859e+00,1.191400000000000098e-01,5.943702459335327148e-01,3.636564910411834717e-01
-3.645315428529284674e+01,1.897645463038621827e+01,4.374930175781250000e+03,7.793683409690856934e-01,1.191500000000000059e-01,6.689860224723815918e-01,5.057163238525390625e-01
-3.645177618587119639e+01,1.899350667397446912e+01,2.254936035156250000e+03,6.971878409385681152e-01,1.191600000000000159e-01,7.224682569503784180e-01,4.991550445556640625e-01
-3.644621486376097863e+01,1.901467611203655395e+01,3.134628662109375000e+03,9.649581313133239746e-01,1.191700000000000120e-01,7.670240998268127441e-01,5.582830905914306641e-01
-3.646091826370769695e+01,1.903579488575753587e+01,2.294242919921875000e+03,1.219857454299926758e+00,1.191800000000000082e-01,7.373456358909606934e-01,5.110569596290588379e-01
-3.645014994514988871e+01,1.905181736424134442e+01,4.185924804687500000e+03,1.182233810424804688e+00,1.191900000000000043e-01,6.925609111785888672e-01,5.212803483009338379e-01
-3.645642344994696060e+01,1.907588660256677215e+01,2.294064208984375000e+03,1.113495349884033203e+00,1.192000000000000143e-01,7.539777755737304688e-01,5.225773453712463379e-01
-3.644956982879419627e+01,1.909400537153896948e+01,2.341390380859375000e+03,1.242300987243652344e+00,1.192100000000000104e-01,5.487462878227233887e-01,3.817382156848907471e-01
-3.645892966248185729e+01,1.911509646727414591e+01,1.766034545898437500e+03,1.080615043640136719e+00,1.192200000000000065e-01,5.966590642929077148e-01,3.915801644325256348e-01
-3.645128721527421334e+01,1.913828605087436330e+01,1.560489257812500000e+03,7.104713320732116699e-01,1.192300000000000165e-01,7.703047394752502441e-01,4.899997413158416748e-01
-3.646725052853507520e+01,1.915819425761455363e+01,1.330848999023437500e+03,9.338075518608093262e-01,1.192400000000000126e-01,5.325719118118286133e-01,3.234494030475616455e-01
-3.645747724395966571e+01,1.917931343085252038e+01,2.134663574218750000e+03,9.317190051078796387e-01,1.192500000000000088e-01,6.452584862709045410e-01,4.411714076995849609e-01
-3.646063700646503491e+01,1.920077036969811601e+01,1.830563598632812500e+03,5.251294970512390137e-01,1.192600000000000049e-01,5.664465427398681641e-01,3.748717308044433594e-01
-3.645488900870564919e+01,1.922177265519329481e+01,1.631701904296875000e+03,8.630401492118835449e-01,1.192700000000000149e-01,5.585119724273681641e-01,3.594602942466735840e-01
-3.646648215558689543e+01,1.924571366450782151e+01,1.784711669921875000e+03,6.233364939689636230e-01,1.192800000000000110e-01,6.409860253334045410e-01,4.217163920402526855e-01
-3.646565269366062978e+01,1.926152085675384384e+01,1.493552734375000000e+03,7.727140784263610840e-01,1.192900000000000071e-01,7.134655714035034180e-01,4.484193623065948486e-01
-3.646732073599263657e+01,1.929163731291883010e+01,2.225546142578125000e+03,7.657570242881774902e-01,1.193000000000000033e-01,7.484846115112304688e-01,5.158634781837463379e-01
-3.647543176569271139e+01,1.931453185032105324e+01,2.872235839843750000e+03,1.068567752838134766e+00,1.193100000000000133e-01,6.364846825599670410e-01,4.576509892940521240e-01
-3.647327927938908942e+01,1.933787927525396455e+01,2.683252197265625000e+03,8.590168356895446777e-01,1.193200000000000094e-01,8.256180882453918457e-01,5.875800848007202148e-01
-3.647870334711404894e+01,1.935678770841395746e+01,1.759065429687500000e+03,1.137136936187744141e+00,1.193300000000000055e-01,6.372476220130920410e-01,4.178253710269927979e-01
-3.647648376873558362e+01,1.937836914222647167e+01,1.566174194335937500e+03,1.129831790924072266e+00,1.193400000000000155e-01,6.036018729209899902e-01,3.843322098255157471e-01
-3.648322727306231172e+01,1.940528042779173390e+01,1.467034423828125000e+03,7.485062479972839355e-01,1.193500000000000116e-01,5.884956121444702148e-01,3.680052459239959717e-01
-3.647401243718873332e+01,1.941969676357002683e+01,2.025940795898437500e+03,7.685727477073669434e-01,1.193600000000000078e-01,5.774329304695129395e-01,3.906646370887756348e-01
-3.648519481542520282e+01,1.944289878114105363e+01,1.496499145507812500e+03,6.840688586235046387e-01,1.193700000000000039e-01,5.404302477836608887e-01,3.398526906967163086e-01
-3.647947791895436609e+01,1.946444655702288173e+01,1.741045532226562500e+03,7.090348601341247559e-01,1.193800000000000139e-01,6.142067313194274902e-01,4.017272889614105225e-01
-3.648343377936033960e+01,1.948482425299139820e+01,2.729518798828125000e+03,5.195111632347106934e-01,1.193900000000000100e-01,6.547189950942993164e-01,4.671877622604370117e-01
-3.647819468202224158e+01,1.950783420454064654e+01,2.044686767578125000e+03,8.881039023399353027e-01,1.194000000000000061e-01,6.067299246788024902e-01,4.112640917301177979e-01
-3.648813791582307431e+01,1.952754433021072344e+01,1.892532714843750000e+03,8.536607623100280762e-01,1.194100000000000161e-01,6.154274344444274902e-01,4.103485643863677979e-01
-3.647234755370149628e+01,1.955379204186920461e+01,2.439390625000000000e+03,7.750648856163024902e-01,1.194200000000000123e-01,6.316018104553222656e-01,4.425447285175323486e-01
-3.648275547542846908e+01,1.957849655741734907e+01,3.375159912109375000e+03,7.417899966239929199e-01,1.194300000000000084e-01,6.136726737022399902e-01,4.509370923042297363e-01
-3.647478131837358006e+01,1.959401140532978758e+01,1.728594238281250000e+03,8.108336329460144043e-01,1.194400000000000045e-01,6.080269217491149902e-01,3.969970643520355225e-01
-3.647973695098612268e+01,1.962045490189599306e+01,1.578021240234375000e+03,7.636720538139343262e-01,1.194500000000000145e-01,7.539014816284179688e-01,4.809970259666442871e-01
-3.647107792970396645e+01,1.964842273110524573e+01,1.728313110351562500e+03,7.996219992637634277e-01,1.194600000000000106e-01,8.119614124298095703e-01,5.301305055618286133e-01
-3.647898059524179359e+01,1.966713453957372337e+01,1.975633666992187500e+03,9.526378512382507324e-01,1.194700000000000067e-01,6.481576561927795410e-01,4.362123012542724609e-01
-3.646570302437655897e+01,1.968879361390699501e+01,2.403240966796875000e+03,1.119783639907836914e+00,1.194800000000000029e-01,5.943702459335327148e-01,4.153839647769927979e-01
-3.647081397750482523e+01,1.971046557759654760e+01,2.240779541015625000e+03,8.824223875999450684e-01,1.194900000000000129e-01,5.563757419586181641e-01,3.839507400989532471e-01
-3.646766413250610128e+01,1.973665906906873602e+01,1.770348754882812500e+03,7.660967707633972168e-01,1.195000000000000090e-01,6.599832773208618164e-01,4.333893954753875732e-01
-3.647347074987013826e+01,1.975193837378643735e+01,1.652381958007812500e+03,7.981557250022888184e-01,1.195100000000000051e-01,7.710676789283752441e-01,4.978580474853515625e-01
-3.646204036232486345e+01,1.977138856252134858e+01,1.644075805664062500e+03,9.513682723045349121e-01,1.195200000000000151e-01,8.199722766876220703e-01,5.287572145462036133e-01
-3.646144150382198745e+01,1.979741574372452106e+01,1.416729858398437500e+03,1.166882038116455078e+00,1.195300000000000112e-01,7.241467237472534180e-01,4.482667744159698486e-01
-3.646438612161695403e+01,1.982377334083847131e+01,1.926102172851562500e+03,1.141319990158081055e+00,1.195400000000000074e-01,7.166699171066284180e-01,4.796999990940093994e-01
-3.645508958208861827e+01,1.984228191317306411e+01,2.261244140625000000e+03,9.640688300132751465e-01,1.195500000000000035e-01,6.219887733459472656e-01,4.299561679363250732e-01
-3.646320154095393917e+01,1.986191151967767965e+01,1.608940917968750000e+03,8.279997706413269043e-01,1.195600000000000135e-01,5.963538885116577148e-01,3.824248611927032471e-01
-3.645436335584851406e+01,1.988448662267391498e+01,2.501225830078125000e+03,8.600801825523376465e-01,1.195700000000000096e-01,5.759070515632629395e-01,4.052368402481079102e-01
-3.645396089879916701e+01,1.990878228197723132e+01,1.866952392578125000e+03,6.581587195396423340e-01,1.195800000000000057e-01,6.840922832489013672e-01,4.547517895698547363e-01
-3.644267074565551923e+01,1.992790759421908220e+01,1.656286743164062500e+03,7.769364714622497559e-01,1.195900000000000157e-01,6.151985526084899902e-01,3.974548280239105225e-01
-3.645286885927037446e+01,1.995256558040291850e+01,2.805491699218750000e+03,8.246762156486511230e-01,1.196000000000000119e-01,6.672312617301940918e-01,4.780978262424468994e-01
-3.644862455428044967e+01,1.997658136207150292e+01,1.631776977539062500e+03,7.867080569267272949e-01,1.196100000000000080e-01,6.612802743911743164e-01,4.256073832511901855e-01
-3.645682681376652567e+01,1.999701284814409163e+01,2.540636474609375000e+03,8.955532908439636230e-01,1.196200000000000041e-01,7.623701691627502441e-01,5.378361940383911133e-01
-3.644688950542972350e+01,2.002678524983353014e+01,2.225529785156250000e+03,9.745747447013854980e-01,1.196300000000000141e-01,6.819560527801513672e-01,4.700106382369995117e-01
-3.646305367406800002e+01,2.004440922535623670e+01,2.177336669921875000e+03,1.077379703521728516e+00,1.196400000000000102e-01,6.299996376037597656e-01,4.323975741863250732e-01
-3.645021357186865174e+01,2.006874071213923827e+01,2.565547363281250000e+03,9.248334765434265137e-01,1.196500000000000064e-01,6.332040429115295410e-01,4.474275410175323486e-01
-3.645390700524889382e+01,2.008823857588640394e+01,2.112992919921875000e+03,9.003276228904724121e-01,1.196600000000000164e-01,7.294110655784606934e-01,4.977054595947265625e-01
-3.645101033248877798e+01,2.011065927452964175e+01,2.745195800781250000e+03,9.328872561454772949e-01,1.196700000000000125e-01,7.220867872238159180e-01,5.157108902931213379e-01
-3.645474664975463952e+01,2.013389768624295328e+01,1.862333496093750000e+03,1.042857885360717773e+00,1.196800000000000086e-01,7.515363693237304688e-01,4.993076324462890625e-01
-3.644968918744641684e+01,2.015551194189884399e+01,2.849156250000000000e+03,8.833474516868591309e-01,1.196900000000000047e-01,8.227189183235168457e-01,5.908607244491577148e-01
-3.646280955392556677e+01,2.017674971439842935e+01,2.572458984375000000e+03,1.246206283569335938e+00,1.197000000000000147e-01,6.258034706115722656e-01,4.423921406269073486e-01
-3.646262414718260914e+01,2.018639596988838036e+01,2.544303710937500000e+03,1.186090230941772461e+00,1.197100000000000108e-01,7.329968810081481934e-01,5.172367691993713379e-01
-3.646669711467497166e+01,2.021730009740268130e+01,3.526933837890625000e+03,8.812744021415710449e-01,1.197200000000000070e-01,7.146099805831909180e-01,5.279179811477661133e-01
-3.646504992258293498e+01,2.023525288147978429e+01,2.059330078125000000e+03,1.167627096176147461e+00,1.197300000000000031e-01,7.687025666236877441e-01,5.218144059181213379e-01
-3.647730136477260743e+01,2.026149304888825853e+01,3.608664550781250000e+03,1.045433998107910156e+00,1.197400000000000131e-01,6.744791865348815918e-01,4.996128082275390625e-01
-3.646842689402235749e+01,2.027849986171494123e+01,1.672662841796875000e+03,1.193284511566162109e+00,1.197500000000000092e-01,6.790568232536315918e-01,4.397981166839599609e-01
-3.647528063842266732e+01,2.030742598522849462e+01,1.649770629882812500e+03,9.817499518394470215e-01,1.197600000000000053e-01,6.360269188880920410e-01,4.105011522769927979e-01
-3.648087092135976661e+01,2.033019223734508074e+01,1.546416992187500000e+03,9.194416403770446777e-01,1.197700000000000153e-01,6.808116436004638672e-01,4.320161044597625732e-01
-3.648104980444001910e+01,2.034748102669762559e+01,1.620663696289062500e+03,8.506233096122741699e-01,1.197800000000000115e-01,6.860759258270263672e-01,4.407899379730224609e-01
-3.648654435471916457e+01,2.037281174828206076e+01,1.675017944335937500e+03,7.955784201622009277e-01,1.197900000000000076e-01,5.572912693023681641e-01,3.610624670982360840e-01
-3.648315985731240829e+01,2.039381851655397426e+01,1.639401977539062500e+03,8.310717940330505371e-01,1.198000000000000037e-01,6.281685829162597656e-01,4.047790765762329102e-01
-3.649178393581976820e+01,2.041900459968125148e+01,1.887726562500000000e+03,7.498854994773864746e-01,1.198100000000000137e-01,7.011821866035461426e-01,4.672640562057495117e-01
-3.647607533837273763e+01,2.043957754122834913e+01,2.446679687500000000e+03,8.067471385002136230e-01,1.198200000000000098e-01,5.524846911430358887e-01,3.873077034950256348e-01
-3.649375083767142058e+01,2.045496194445577487e+01,1.179812011718750000e+03,8.347112536430358887e-01,1.198300000000000060e-01,5.575964450836181641e-01,3.252804875373840332e-01
-3.648502085168357922e+01,2.048234758265835254e+01,1.944671386718750000e+03,6.595808863639831543e-01,1.198400000000000160e-01,6.842448711395263672e-01,4.589479863643646240e-01
-3.649573409555044634e+01,2.050128159664802041e+01,2.255786621093750000e+03,6.726819872856140137e-01,1.198500000000000121e-01,7.828170061111450195e-01,5.408880114555358887e-01
-3.647906547382758191e+01,2.052342025099001077e+01,2.307828857421875000e+03,9.267157912254333496e-01,1.198600000000000082e-01,7.274274230003356934e-01,5.047245025634765625e-01
-3.649219229015572807e+01,2.054914975772968688e+01,6.911635742187500000e+03,1.148083925247192383e+00,1.198700000000000043e-01,5.603430271148681641e-01,4.387300014495849609e-01
-3.647883573289494308e+01,2.056828326978518717e+01,2.830157958984375000e+03,9.887785315513610840e-01,1.198800000000000143e-01,7.045391201972961426e-01,5.054874420166015625e-01
-3.648698393050693056e+01,2.058996748606252325e+01,3.918931640625000000e+03,8.135086894035339355e-01,1.198900000000000104e-01,7.350568175315856934e-01,5.495092272758483887e-01
-3.648122524240046261e+01,2.061093258828234909e+01,2.768137939453125000e+03,1.148731231689453125e+00,1.199000000000000066e-01,6.839396953582763672e-01,4.890842139720916748e-01
-3.648642674350399062e+01,2.063607742477279672e+01,1.628791992187500000e+03,1.258745908737182617e+00,1.199100000000000166e-01,5.612585544586181641e-01,3.610624670982360840e-01
-3.647840254012322703e+01,2.065625209070413248e+01,1.304713867187500000e+03,8.281797766685485840e-01,1.199200000000000127e-01,7.283429503440856934e-01,4.395692348480224609e-01
-3.647960345523947723e+01,2.068365063798919934e+01,1.984986694335937500e+03,7.779127955436706543e-01,1.199300000000000088e-01,7.093456387519836426e-01,4.778689444065093994e-01
-3.647550112150325674e+01,2.070159744226810261e+01,1.951091918945312500e+03,8.968407511711120605e-01,1.199400000000000049e-01,6.462503075599670410e-01,4.337708950042724609e-01
-3.647316944691925755e+01,2.071890271428262764e+01,2.110936767578125000e+03,8.930391669273376465e-01,1.199500000000000149e-01,6.554056406021118164e-01,4.471223652362823486e-01
-3.646575899941633025e+01,2.074386278591810395e+01,2.308458007812500000e+03,8.237535357475280762e-01,1.199600000000000111e-01,7.265118360519409180e-01,5.041141510009765625e-01
-3.646933935819078698e+01,2.076786870499978832e+01,2.083588623046875000e+03,9.632593989372253418e-01,1.199700000000000072e-01,7.250622510910034180e-01,4.933566749095916748e-01
-3.647239338903818151e+01,2.078303607787122331e+01,2.793220214843750000e+03,1.048761129379272461e+00,1.199800000000000033e-01,7.878524065017700195e-01,5.641577243804931641e-01
-3.645397769647042452e+01,2.080589965964118804e+01,1.606271240234375000e+03,1.133028984069824219e+00,1.199900000000000133e-01,6.275582313537597656e-01,4.022613465785980225e-01
-3.645875787547785762e+01,2.083251341410781166e+01,1.736325195312500000e+03,9.776563048362731934e-01,1.200000000000000094e-01,7.716017365455627441e-01,5.043430328369140625e-01
-3.645740455216631659e+01,2.084741202491744616e+01,1.519732910156250000e+03,8.863217234611511230e-01,1.200100000000000056e-01,7.941085696220397949e-01,5.015201568603515625e-01
-3.645760287537245148e+01,2.086875906033528949e+01,2.054240722656250000e+03,1.055550098419189453e+00,1.200200000000000156e-01,7.242230176925659180e-01,4.913730323314666748e-01
-3.644071788464841433e+01,2.089187964534012920e+01,3.529644042968750000e+03,1.071799516677856445e+00,1.200300000000000117e-01,7.410840392112731934e-01,5.475255846977233887e-01
-3.645687218075667602e+01,2.091788792701832023e+01,2.361605957031250000e+03,1.029103517532348633e+00,1.200400000000000078e-01,6.782175898551940918e-01,4.725283384323120117e-01
-3.644647689910271282e+01,2.093623554776431561e+01,1.542120483398437500e+03,1.190278053283691406e+00,1.200500000000000039e-01,5.927680730819702148e-01,3.758635520935058594e-01
-3.645522307600365508e+01,2.095504537390419486e+01,2.481812744140625000e+03,9.052438139915466309e-01,1.200600000000000139e-01,5.884956121444702148e-01,4.135529100894927979e-01
-3.644893939351317158e+01,2.097561193538950164e+01,1.308095703125000000e+03,7.508093714714050293e-01,1.200700000000000101e-01,6.034492850303649902e-01,3.644957244396209717e-01
-3.645176739869815208e+01,2.100742864197507842e+01,1.796598266601562500e+03,7.490271925926208496e-01,1.200800000000000062e-01,5.579016208648681641e-01,3.676237761974334717e-01
-3.644582792255538095e+01,2.102407422761681133e+01,1.161222534179687500e+03,5.993873476982116699e-01,1.200900000000000162e-01,5.715582966804504395e-01,3.315365910530090332e-01
-3.645848963140130650e+01,2.103593606632533763e+01,2.579710693359375000e+03,5.909687876701354980e-01,1.201000000000000123e-01,5.957435369491577148e-01,4.213349223136901855e-01
-3.644928832326363022e+01,2.106354767439122000e+01,2.100812744140625000e+03,5.772358775138854980e-01,1.201100000000000084e-01,5.474492907524108887e-01,3.731169700622558594e-01
-3.646453484326639938e+01,2.109036300324591906e+01,1.929411376953125000e+03,8.068210482597351074e-01,1.201200000000000045e-01,6.382394433021545410e-01,4.273621737957000732e-01
-3.645414411976763347e+01,2.111562941388132586e+01,1.459614379882812500e+03,7.712478041648864746e-01,1.201300000000000145e-01,5.728552937507629395e-01,3.577055335044860840e-01
-3.646317837701826647e+01,2.113309691377122945e+01,1.054096435546875000e+03,8.128208518028259277e-01,1.201400000000000107e-01,6.184029579162597656e-01,3.458036184310913086e-01
-3.645459217554234499e+01,2.116003426737471571e+01,1.540391967773437500e+03,6.150991320610046387e-01,1.201500000000000068e-01,5.745337605476379395e-01,3.641905486583709717e-01
-3.646330901854194195e+01,2.117393156022183476e+01,1.320254394531250000e+03,6.632406115531921387e-01,1.201600000000000029e-01,6.967571377754211426e-01,4.220978617668151855e-01
-3.646828148267560010e+01,2.120296332757595792e+01,3.188695312500000000e+03,6.947273612022399902e-01,1.201700000000000129e-01,7.654982209205627441e-01,5.584356784820556641e-01
-3.646849778728985569e+01,2.121735271296228476e+01,2.764820312500000000e+03,9.377629160881042480e-01,1.201800000000000090e-01,8.458360433578491211e-01,6.047462821006774902e-01
-3.646609741633244539e+01,2.124100770163540020e+01,3.951358398437500000e+03,1.177535772323608398e+00,1.201900000000000052e-01,6.948497295379638672e-01,5.199070572853088379e-01
-3.647491995591026637e+01,2.126608515925341081e+01,2.297918212890625000e+03,1.405479431152343750e+00,1.202000000000000152e-01,5.761359333992004395e-01,3.994384706020355225e-01
-3.647885108883285454e+01,2.128364362832463641e+01,5.145860351562500000e+03,9.901720881462097168e-01,1.202100000000000113e-01,6.499124765396118164e-01,4.983921051025390625e-01
-3.647126963185176862e+01,2.130440500748250443e+01,1.849228027343750000e+03,7.050735354423522949e-01,1.202200000000000074e-01,8.180649280548095703e-01,5.426427721977233887e-01
-3.648124402496443253e+01,2.132963022254595131e+01,1.289443237304687500e+03,1.098463058471679688e+00,1.202300000000000035e-01,7.440595626831054688e-01,4.473512470722198486e-01
-3.647764745496790795e+01,2.135635730727575066e+01,2.594647705078125000e+03,1.185373783111572266e+00,1.202400000000000135e-01,6.984356045722961426e-01,4.944247901439666748e-01
-3.648203133771836093e+01,2.137125976094429092e+01,1.555630004882812500e+03,1.090833663940429688e+00,1.202500000000000097e-01,7.333783507347106934e-01,4.661196470260620117e-01
-3.647587139194963868e+01,2.139512581513972478e+01,2.920113281250000000e+03,8.663720488548278809e-01,1.202600000000000058e-01,7.756453752517700195e-01,5.590460300445556641e-01
-3.649368042941976853e+01,2.142064311639813923e+01,4.383073242187500000e+03,1.051301479339599609e+00,1.202700000000000158e-01,7.012584805488586426e-01,5.302067995071411133e-01
-3.648140391237828339e+01,2.143818057519096598e+01,3.556497070312500000e+03,1.193311929702758789e+00,1.202800000000000119e-01,7.895309329032897949e-01,5.838416218757629395e-01
-3.649122576461443401e+01,2.146214995336412557e+01,2.278507568359375000e+03,1.064252376556396484e+00,1.202900000000000080e-01,7.625227570533752441e-01,5.278416872024536133e-01
-3.647686614674152139e+01,2.148173189321650156e+01,1.845352661132812500e+03,1.177075624465942383e+00,1.203000000000000042e-01,5.250188112258911133e-01,3.480924665927886963e-01
-3.649337427293007607e+01,2.150845867532031974e+01,1.438903808593750000e+03,8.353132605552673340e-01,1.203100000000000142e-01,5.167027115821838379e-01,3.213131725788116455e-01
-3.647796454255200871e+01,2.152864576748086023e+01,1.482839599609375000e+03,6.519288420677185059e-01,1.203200000000000103e-01,5.562994480133056641e-01,3.489316999912261963e-01
-3.649487996045227334e+01,2.155084014894902467e+01,2.599399414062500000e+03,5.353087782859802246e-01,1.203300000000000064e-01,5.243321657180786133e-01,3.712859153747558594e-01
-3.647970148757829634e+01,2.156765972777239071e+01,1.441490356445312500e+03,5.025596022605895996e-01,1.203400000000000164e-01,5.153294205665588379e-01,3.206265270709991455e-01
-3.648262772780560681e+01,2.158937903619021981e+01,1.510883422851562500e+03,5.394143462181091309e-01,1.203500000000000125e-01,5.662176609039306641e-01,3.570188879966735840e-01
-3.647719384571839640e+01,2.161872073546203410e+01,1.488889038085937500e+03,5.234176516532897949e-01,1.203600000000000086e-01,6.014655828475952148e-01,3.776946067810058594e-01
-3.647720274117217798e+01,2.163762844364216065e+01,1.461707397460937500e+03,6.003410220146179199e-01,1.203700000000000048e-01,5.551550388336181641e-01,3.467954397201538086e-01
-3.647489201132586345e+01,2.165835214106739670e+01,1.855419799804687500e+03,5.832952857017517090e-01,1.203800000000000148e-01,5.864356756210327148e-01,3.892913460731506348e-01
-3.647523084201797872e+01,2.168146639585838287e+01,1.462335083007812500e+03,5.603665709495544434e-01,1.203900000000000109e-01,5.737708210945129395e-01,3.584684729576110840e-01
-3.647600932451444322e+01,2.170154444308965225e+01,1.489601684570312500e+03,6.965834498405456543e-01,1.204000000000000070e-01,5.534002184867858887e-01,3.475583791732788086e-01
-3.647674171321115466e+01,2.172036113769489063e+01,1.961311157226562500e+03,5.782276988029479980e-01,1.204100000000000031e-01,6.458688378334045410e-01,4.339997768402099609e-01
-3.646372460930484038e+01,2.174215983923825135e+01,1.905326171875000000e+03,6.248123049736022949e-01,1.204200000000000131e-01,5.692694187164306641e-01,3.801360428333282471e-01
-3.646326672368243749e+01,2.176785312294922647e+01,2.000631958007812500e+03,7.038564085960388184e-01,1.204300000000000093e-01,5.527135729789733887e-01,3.729643821716308594e-01
-3.646658311231821159e+01,2.178383530140497726e+01,1.940511230468750000e+03,6.069368720054626465e-01,1.204400000000000054e-01,5.511876940727233887e-01,3.695311248302459717e-01
-3.646311713187632364e+01,2.180468720311060338e+01,1.763915161132812500e+03,5.723661780357360840e-01,1.204500000000000154e-01,6.486917734146118164e-01,4.256073832511901855e-01
-3.645711285436173910e+01,2.183046629246913284e+01,2.203939453125000000e+03,7.437068819999694824e-01,1.204600000000000115e-01,6.114601492881774902e-01,4.206482768058776855e-01
-3.645891308757622795e+01,2.185300028939239070e+01,2.161571777343750000e+03,8.123690485954284668e-01,1.204700000000000076e-01,6.433511376380920410e-01,4.409425258636474609e-01
-3.645924209321220388e+01,2.186933677792144337e+01,1.620624389648437500e+03,7.331115603446960449e-01,1.204800000000000038e-01,6.502176523208618164e-01,4.177490770816802979e-01
-3.645226933163836236e+01,2.188934746476785875e+01,1.895565795898437500e+03,9.407681822776794434e-01,1.204900000000000138e-01,6.367135643959045410e-01,4.246918559074401855e-01
-3.646304691867441505e+01,2.191256341418376152e+01,1.734978637695312500e+03,8.551389575004577637e-01,1.205000000000000099e-01,6.658579707145690918e-01,4.351441860198974609e-01
-3.645336943436959132e+01,2.193431106366899641e+01,2.250454345703125000e+03,8.774036765098571777e-01,1.205100000000000060e-01,6.219887733459472656e-01,4.295746982097625732e-01
-3.646042766264054080e+01,2.196443392832391694e+01,2.400638671875000000e+03,9.524745345115661621e-01,1.205200000000000160e-01,6.467843651771545410e-01,4.519289135932922363e-01
-3.645316774912679136e+01,2.197932986317882609e+01,2.692310546875000000e+03,8.495313525199890137e-01,1.205300000000000121e-01,6.950023174285888672e-01,4.948825538158416748e-01
-3.646046556505673664e+01,2.199881372937790758e+01,1.946138305664062500e+03,9.198815226554870605e-01,1.205400000000000083e-01,5.933784246444702148e-01,3.980651795864105225e-01
-3.645042316726513576e+01,2.202542036167530171e+01,2.259460205078125000e+03,9.389311671257019043e-01,1.205500000000000044e-01,7.512311935424804688e-01,5.192204117774963379e-01
-3.646221432042225530e+01,2.204248265884735858e+01,1.820451538085937500e+03,9.462506175041198730e-01,1.205600000000000144e-01,5.855200886726379395e-01,3.870025277137756348e-01
-3.645922020745700820e+01,2.206336580719226959e+01,2.782818603515625000e+03,8.507508635520935059e-01,1.205700000000000105e-01,6.380868554115295410e-01,4.566591382026672363e-01
-3.646433554693441437e+01,2.208868884035309677e+01,1.365187744140625000e+03,7.318574786186218262e-01,1.205800000000000066e-01,6.287026405334472656e-01,3.848662674427032471e-01
-3.645821718545185774e+01,2.210621200439821266e+01,2.071669189453125000e+03,7.832199931144714355e-01,1.205900000000000166e-01,6.749369502067565918e-01,4.587191045284271240e-01
-3.646463273933498783e+01,2.213031808003601597e+01,2.065179931640625000e+03,7.702667117118835449e-01,1.206000000000000127e-01,7.589369416236877441e-01,5.154820084571838379e-01
-3.646201012174772416e+01,2.215270645083749201e+01,1.956841064453125000e+03,9.066719412803649902e-01,1.206100000000000089e-01,6.884410381317138672e-01,4.623812139034271240e-01
-3.646725928866165134e+01,2.217849311243350385e+01,1.658560913085937500e+03,1.109500646591186523e+00,1.206200000000000050e-01,6.481576561927795410e-01,4.188935160636901855e-01
-3.646362910268433666e+01,2.219901432948161712e+01,1.857104858398437500e+03,8.449787497520446777e-01,1.206300000000000150e-01,7.569532394409179688e-01,5.025882720947265625e-01
-3.647136946070843777e+01,2.221728326656322849e+01,2.464642089843750000e+03,9.154219031333923340e-01,1.206400000000000111e-01,6.232094764709472656e-01,4.374330043792724609e-01
-3.646461248858966542e+01,2.224522643235046715e+01,2.249357177734375000e+03,1.043880701065063477e+00,1.206500000000000072e-01,6.129860281944274902e-01,4.233185648918151855e-01
-3.647964904076179948e+01,2.226799417313773333e+01,2.756489013671875000e+03,9.217244982719421387e-01,1.206600000000000034e-01,6.432748436927795410e-01,4.597109258174896240e-01
-3.647587087258948202e+01,2.228811035592462275e+01,1.685744995117187500e+03,8.477932810783386230e-01,1.206700000000000134e-01,6.584573984146118164e-01,4.272858798503875732e-01
-3.647548364415033717e+01,2.231225747162438466e+01,1.697276000976562500e+03,8.721727728843688965e-01,1.206800000000000095e-01,6.208443641662597656e-01,4.035583734512329102e-01
-3.647751363752577447e+01,2.232928278456073201e+01,1.794282226562500000e+03,8.420080542564392090e-01,1.206900000000000056e-01,5.888770818710327148e-01,3.879180550575256348e-01
-3.647996337783411747e+01,2.235174513593387857e+01,1.829795776367187500e+03,8.155733942985534668e-01,1.207000000000000156e-01,6.673838496208190918e-01,4.416292011737823486e-01
-3.648477887953543330e+01,2.237434186577782214e+01,2.599915283203125000e+03,7.701868414878845215e-01,1.207100000000000117e-01,7.601576447486877441e-01,5.382939577102661133e-01
-3.648469577601400005e+01,2.239366191811072326e+01,2.093099365234375000e+03,8.735353350639343262e-01,1.207200000000000079e-01,6.566263437271118164e-01,4.471986591815948486e-01
-3.648286876066634221e+01,2.241419732207208781e+01,1.567673706054687500e+03,9.287924170494079590e-01,1.207300000000000040e-01,7.059887051582336426e-01,4.496400952339172363e-01
-3.647798612780810146e+01,2.244022424473655164e+01,1.641366333007812500e+03,9.898776412010192871e-01,1.207400000000000140e-01,7.051494717597961426e-01,4.545229077339172363e-01
-3.648499184631270964e+01,2.246658111755377973e+01,1.636405151367187500e+03,9.123260378837585449e-01,1.207500000000000101e-01,6.715800166130065918e-01,4.325501620769500732e-01
-3.647854946963276745e+01,2.248624839450685897e+01,2.019826782226562500e+03,8.500427603721618652e-01,1.207600000000000062e-01,6.113075613975524902e-01,4.133240282535552979e-01
-3.648222237547366831e+01,2.250788387414014124e+01,2.641136230468750000e+03,8.086473345756530762e-01,1.207700000000000162e-01,5.812476277351379395e-01,4.126373827457427979e-01
-3.647773161993899294e+01,2.252804087381575116e+01,2.647471679687500000e+03,8.102423548698425293e-01,1.207800000000000124e-01,5.928443670272827148e-01,4.210297465324401855e-01
-3.648754196100338731e+01,2.255293350405922226e+01,1.626669799804687500e+03,8.105809092521667480e-01,1.207900000000000085e-01,7.049968838691711426e-01,4.533784985542297363e-01
-3.648386735488773525e+01,2.257759243532175475e+01,1.706717529296875000e+03,8.359009623527526855e-01,1.208000000000000046e-01,7.203320264816284180e-01,4.688662290573120117e-01
-3.648470676375822563e+01,2.259112730683481374e+01,2.215539794921875000e+03,9.076673388481140137e-01,1.208100000000000146e-01,9.514272809028625488e-01,6.551767587661743164e-01
-3.647893505992585972e+01,2.261968426697889356e+01,1.632259765625000000e+03,1.158092737197875977e+00,1.208200000000000107e-01,7.975417971611022949e-01,5.133457779884338379e-01
-3.648715554505311331e+01,2.263978078303313168e+01,3.061230468750000000e+03,1.371745586395263672e+00,1.208300000000000068e-01,8.133347034454345703e-01,5.900977849960327148e-01
-3.647660394436455533e+01,2.266358326435499038e+01,1.613191528320312500e+03,1.128720760345458984e+00,1.208400000000000030e-01,7.016399502754211426e-01,4.502504467964172363e-01
-3.648070295605210589e+01,2.269001380773181609e+01,1.602856933593750000e+03,1.288913011550903320e+00,1.208500000000000130e-01,6.522012948989868164e-01,4.178253710269927979e-01
-3.647067020717079799e+01,2.271743487427903219e+01,1.683677490234375000e+03,1.011644124984741211e+00,1.208600000000000091e-01,7.206372022628784180e-01,4.674929380416870117e-01
-3.647648620623473903e+01,2.272803375178934004e+01,1.626666381835937500e+03,1.017928838729858398e+00,1.208700000000000052e-01,6.596781015396118164e-01,4.242340922355651855e-01
-3.647505139242829841e+01,2.274995924230895739e+01,1.543371704101562500e+03,9.526640772819519043e-01,1.208800000000000152e-01,6.799724102020263672e-01,4.312531650066375732e-01
-3.647890531995181362e+01,2.276899001589297100e+01,1.469706420898437500e+03,8.507735133171081543e-01,1.208900000000000113e-01,6.607462167739868164e-01,4.134003221988677979e-01
-3.647124889451981034e+01,2.279471240139070787e+01,2.879630859375000000e+03,7.734948992729187012e-01,1.209000000000000075e-01,6.979778409004211426e-01,5.020542144775390625e-01
-3.647455422597908381e+01,2.281367635994793375e+01,1.377962036132812500e+03,9.966999888420104980e-01,1.209100000000000036e-01,6.552530527114868164e-01,4.022613465785980225e-01
-3.647098683488800930e+01,2.283260384396247744e+01,1.754188842773437500e+03,1.069150686264038086e+00,1.209200000000000136e-01,6.397653222084045410e-01,4.191986918449401855e-01
-3.647814857375475128e+01,2.285489240900034957e+01,1.972968994140625000e+03,7.832986712455749512e-01,1.209300000000000097e-01,6.146644949913024902e-01,4.135529100894927979e-01
-3.647300011730229130e+01,2.287764789448900160e+01,1.876650390625000000e+03,8.226293921470642090e-01,1.209400000000000058e-01,7.226208448410034180e-01,4.809207320213317871e-01
-3.646213246583590717e+01,2.289973109170224319e+01,1.809243530273437500e+03,8.778161406517028809e-01,1.209500000000000158e-01,5.906318426132202148e-01,3.898254036903381348e-01
-3.646261083121910929e+01,2.291725284221437065e+01,1.293624877929687500e+03,9.063393473625183105e-01,1.209600000000000120e-01,6.065010428428649902e-01,3.650297820568084717e-01
-3.646152543195389484e+01,2.294750373272425747e+01,2.656937011718750000e+03,7.194609045982360840e-01,1.209700000000000081e-01,5.862830877304077148e-01,4.166046679019927979e-01
-3.646847343574827960e+01,2.297006426566175108e+01,1.906207763671875000e+03,7.511705756187438965e-01,1.209800000000000042e-01,7.329205870628356934e-01,4.894656836986541748e-01
-3.646142986568153788e+01,2.299206886596870802e+01,1.902934082031250000e+03,7.052785754203796387e-01,1.209900000000000142e-01,6.846263408660888672e-01,4.570406377315521240e-01
-3.647165336784332368e+01,2.300687573887113757e+01,2.003383789062500000e+03,1.041713476181030273e+00,1.210000000000000103e-01,6.805064678192138672e-01,4.593294560909271240e-01
-3.645954206826557709e+01,2.303272026863782429e+01,1.937624511718750000e+03,8.678550124168395996e-01,1.210100000000000064e-01,1.000789642333984375e+00,6.707407832145690918e-01
-3.646490332504055942e+01,2.305675757202753573e+01,2.052673095703125000e+03,1.145672321319580078e+00,1.210200000000000164e-01,7.090404629707336426e-01,4.809970259666442871e-01
-3.646026371763047536e+01,2.308223548198432340e+01,1.395893310546875000e+03,1.592217206954956055e+00,1.210300000000000126e-01,6.486154794692993164e-01,3.997436463832855225e-01
-3.646557769542798155e+01,2.310010055019643715e+01,1.122254272460937500e+03,1.131417274475097656e+00,1.210400000000000087e-01,6.753184199333190918e-01,3.868499398231506348e-01
-3.646414193355688127e+01,2.311703232829324506e+01,1.539565063476562500e+03,8.691448569297790527e-01,1.210500000000000048e-01,6.673075556755065918e-01,4.229370951652526855e-01
-3.647523934695909986e+01,2.314085868252819722e+01,1.946802978515625000e+03,7.557577490806579590e-01,1.210600000000000148e-01,6.766917109489440918e-01,4.539888501167297363e-01
-3.646848565663743358e+01,2.315919683608182922e+01,2.406785156250000000e+03,9.182268977165222168e-01,1.210700000000000109e-01,6.020759940147399902e-01,4.208771586418151855e-01
-3.646739986396814714e+01,2.317994518129740555e+01,1.371666992187500000e+03,9.153789877891540527e-01,1.210800000000000071e-01,6.338906884193420410e-01,3.886047005653381348e-01
-3.647206615620767423e+01,2.320857890558987080e+01,1.966986572265625000e+03,8.246034979820251465e-01,1.210900000000000032e-01,5.856726765632629395e-01,3.937926888465881348e-01
-3.647310757805344394e+01,2.322077593900051085e+01,1.590149536132812500e+03,7.250589728355407715e-01,1.211000000000000132e-01,6.324410438537597656e-01,4.043213129043579102e-01
-3.646677228901372558e+01,2.325053376807028371e+01,1.913082031250000000e+03,6.867105364799499512e-01,1.211100000000000093e-01,6.547189950942993164e-01,4.375855922698974609e-01
-3.647205943032649600e+01,2.326736982207776805e+01,2.768708007812500000e+03,7.993871569633483887e-01,1.211200000000000054e-01,7.439832687377929688e-01,5.320378541946411133e-01
-3.646799839915749430e+01,2.329070633179472338e+01,1.731434936523437500e+03,8.190686106681823730e-01,1.211300000000000154e-01,8.649858832359313965e-01,5.649969577789306641e-01
-3.647310160931537837e+01,2.331178999012785624e+01,2.182624267578125000e+03,1.178419113159179688e+00,1.211400000000000116e-01,6.542612314224243164e-01,4.492586255073547363e-01
-3.647144440901489304e+01,2.333326129442579600e+01,2.347026123046875000e+03,1.232037067413330078e+00,1.211500000000000077e-01,7.419995665550231934e-01,5.163975358009338379e-01
-3.647431428556303956e+01,2.335554125651216495e+01,1.730404785156250000e+03,1.046741724014282227e+00,1.211600000000000038e-01,6.753947138786315918e-01,4.410951137542724609e-01
-3.647316662901769035e+01,2.338027874488829738e+01,2.219991210937500000e+03,9.656829237937927246e-01,1.211700000000000138e-01,6.209206581115722656e-01,4.277436435222625732e-01
-3.647342205539584370e+01,2.340181519900394491e+01,1.643863647460937500e+03,7.447785735130310059e-01,1.211800000000000099e-01,5.991004705429077148e-01,3.863158524036407471e-01
-3.647646402580591740e+01,2.342272335243969650e+01,1.859588500976562500e+03,8.365017771720886230e-01,1.211900000000000061e-01,6.853892803192138672e-01,4.552095532417297363e-01
-3.647044788414917349e+01,2.344428640866579983e+01,1.426365844726562500e+03,7.459754347801208496e-01,1.212000000000000161e-01,5.910896062850952148e-01,3.666319549083709717e-01
-3.647763884070392493e+01,2.346911603116658185e+01,1.233167480468750000e+03,7.659847140312194824e-01,1.212100000000000122e-01,7.236126661300659180e-01,4.286591708660125732e-01
-3.647450714964763563e+01,2.349244708504024715e+01,1.391275878906250000e+03,7.333571314811706543e-01,1.212200000000000083e-01,5.864356756210327148e-01,3.610624670982360840e-01
-3.648062820645610316e+01,2.350931197985685372e+01,1.554176879882812500e+03,8.216137290000915527e-01,1.212300000000000044e-01,5.579016208648681641e-01,3.545011579990386963e-01
-3.647180751687461964e+01,2.352986663576855975e+01,1.655587768554687500e+03,5.716616511344909668e-01,1.212400000000000144e-01,6.217598915100097656e-01,4.016509950160980225e-01
-3.646551287663669427e+01,2.354711474400696858e+01,1.674189575195312500e+03,7.554430365562438965e-01,1.212500000000000105e-01,5.630133152008056641e-01,3.647246062755584717e-01
-3.647302811386646937e+01,2.356521883400943196e+01,2.271540283203125000e+03,7.268888354301452637e-01,1.212600000000000067e-01,5.278416872024536133e-01,3.651823699474334717e-01
-3.647851888502122364e+01,2.357698916460731198e+01,1.324612304687500000e+03,6.441969275474548340e-01,1.212700000000000167e-01,6.069588065147399902e-01,3.680815398693084717e-01
-3.646837532932211445e+01,2.359442831846168076e+01,1.664034423828125000e+03,6.336504817008972168e-01,1.212800000000000128e-01,2.069481164216995239e-01,1.338582336902618408e-01
-3.646811660320600623e+01,2.360639639992021088e+01,8.991659179687500000e+03,6.189412474632263184e-01,1.212900000000000089e-01,5.481740832328796387e-02,4.352586343884468079e-02
-3.646655669789905829e+01,2.362031542395763495e+01,-1.435497680664062500e+03,3.142088949680328369e-01,1.213000000000000050e-01,3.292096406221389771e-02,3.665938228368759155e-02
-3.646609900868787690e+01,2.362074004011694939e+01,-1.126531005859375000e+03,1.364857107400894165e-01,1.213100000000000150e-01,3.032695874571800232e-02,3.658308461308479309e-02
