# x_coordinates, y_coordinates, TEP, TED, times, high, low
-5.076449845184329845e+00,1.804939906462454502e+01,1.187898925781250000e+03,-1.494944188743829727e-02,6.304100000000000259e-01,8.988605737686157227e-01,5.256291627883911133e-01
-5.079815438464778232e+00,1.803831000330539069e+01,1.173684082031250000e+03,1.084141254425048828e+00,6.304200000000000914e-01,6.863811016082763672e-01,3.996673524379730225e-01
-5.076203012032000750e+00,1.802877222635745369e+01,1.722535278320312500e+03,1.188917875289916992e+00,6.304300000000000459e-01,8.423265218734741211e-01,5.495092272758483887e-01
-5.078329223561024897e+00,1.802092724490169218e+01,1.371615722656250000e+03,7.542759776115417480e-01,6.304400000000000004e-01,8.647570013999938965e-01,5.301305055618286133e-01
-5.071425695616748719e+00,1.802237351129260645e+01,1.405283325195312500e+03,1.183372259140014648e+00,6.304500000000000659e-01,8.021194338798522949e-01,4.953403174877166748e-01
-5.072643268202551070e+00,1.801599124790938689e+01,1.292625610351562500e+03,9.725493788719177246e-01,6.304600000000000204e-01,1.052211999893188477e+00,6.331277489662170410e-01
-5.071025743004423880e+00,1.801000661346622422e+01,1.310044433593750000e+03,1.148888587951660156e+00,6.304700000000000859e-01,8.819231986999511719e-01,5.329533815383911133e-01
-5.072765265526391509e+00,1.802070459222088417e+01,1.385558959960937500e+03,1.614647626876831055e+00,6.304800000000000404e-01,7.994491457939147949e-01,4.916019141674041748e-01
-5.071976005046238356e+00,1.802185214421039916e+01,1.660856933593750000e+03,1.102110862731933594e+00,6.304900000000001059e-01,1.363187313079833984e+00,8.813128471374511719e-01
-5.074627009282520973e+00,1.802395071859726983e+01,1.391766479492187500e+03,1.155917167663574219e+00,6.305000000000000604e-01,7.999832034111022949e-01,4.925937354564666748e-01
-5.078863265153529483e+00,1.802708630910798249e+01,1.635833374023437500e+03,1.719294309616088867e+00,6.305100000000000149e-01,7.844191789627075195e-01,5.051822662353515625e-01
-5.073570866976877092e+00,1.803109626385174025e+01,1.440812744140625000e+03,9.560317397117614746e-01,6.305200000000000804e-01,8.971820473670959473e-01,5.581305027008056641e-01
-5.077349168297824455e+00,1.804568265678791050e+01,1.198101074218750000e+03,1.045721292495727539e+00,6.305300000000000349e-01,9.515798687934875488e-01,5.581305027008056641e-01
-5.075920240650408033e+00,1.805364435380286281e+01,1.674764160156250000e+03,1.193174839019775391e+00,6.305400000000001004e-01,1.249051094055175781e+00,8.092148303985595703e-01
-5.074238242716003988e+00,1.806194951246926550e+01,1.281089599609375000e+03,1.512821435928344727e+00,6.305500000000000549e-01,1.113399982452392578e+00,6.679942011833190918e-01
-5.076533606383926589e+00,1.807016348207250900e+01,1.516308837890625000e+03,1.891232252120971680e+00,6.305600000000000094e-01,1.131252765655517578e+00,7.139996290206909180e-01
-5.074420531392932254e+00,1.807881627166131722e+01,1.463560913085937500e+03,1.760999679565429688e+00,6.305700000000000749e-01,8.882556557655334473e-01,5.550787448883056641e-01
-5.080755644958426132e+00,1.808579206899758063e+01,1.606998535156250000e+03,1.528034925460815430e+00,6.305800000000000294e-01,7.913619875907897949e-01,5.073184967041015625e-01
-5.072369194792903713e+00,1.809901254904682233e+01,1.695316650390625000e+03,1.271835088729858398e+00,6.305900000000000949e-01,7.967788577079772949e-01,5.177708268165588379e-01
-5.072593579180711743e+00,1.811087509760016800e+01,1.457747314453125000e+03,1.054080247879028320e+00,6.306000000000000494e-01,8.128769397735595703e-01,5.073947906494140625e-01
-5.076417161688158153e+00,1.813235286709447891e+01,1.180949096679687500e+03,1.016423225402832031e+00,6.306100000000000039e-01,9.068714380264282227e-01,5.292149782180786133e-01
-5.074387907540128140e+00,1.813701504903978901e+01,1.379221435546875000e+03,1.103761911392211914e+00,6.306200000000000694e-01,7.850295305252075195e-01,4.820651412010192871e-01
-5.072976903176655838e+00,1.814389032869742024e+01,8.365789184570312500e+02,1.083338975906372070e+00,6.306300000000000239e-01,7.809859514236450195e-01,3.938689827919006348e-01
-5.072540332888682002e+00,1.816600877972318528e+01,9.762072143554687500e+02,8.534736037254333496e-01,6.306400000000000894e-01,8.274491429328918457e-01,4.482667744159698486e-01
-5.069481782235289558e+00,1.817294546055060778e+01,1.383977905273437500e+03,7.322639822959899902e-01,6.306500000000000439e-01,1.010097503662109375e+00,6.209206581115722656e-01
-5.068325668975774967e+00,1.818531387136076205e+01,1.924260498046875000e+03,1.041521549224853516e+00,6.306599999999999984e-01,8.360704183578491211e-01,5.595037937164306641e-01
-5.072353302421202415e+00,1.819625412222376681e+01,1.662646484375000000e+03,1.211710691452026367e+00,6.306700000000000639e-01,8.749804496765136719e-01,5.658361911773681641e-01
-5.070452684320295056e+00,1.820317815763627323e+01,1.512900634765625000e+03,9.523171782493591309e-01,6.306800000000000184e-01,7.037761807441711426e-01,4.439180195331573486e-01
-5.067276335530087827e+00,1.820972710204275202e+01,1.188886962890625000e+03,1.017499685287475586e+00,6.306900000000000839e-01,8.229478001594543457e-01,4.813784956932067871e-01
-5.069087935304768422e+00,1.822282545471091098e+01,1.449490356445312500e+03,9.274548888206481934e-01,6.307000000000000384e-01,7.973129153251647949e-01,4.968662261962890625e-01
-5.073115719650330036e+00,1.823409320969684444e+01,1.775522949218750000e+03,1.043051004409790039e+00,6.307100000000001039e-01,9.523428082466125488e-01,6.258034706115722656e-01
-5.069821409012510216e+00,1.824033119509752865e+01,1.293951171875000000e+03,1.035041332244873047e+00,6.307200000000000584e-01,9.981193542480468750e-01,6.007789373397827148e-01
-5.070526730774018276e+00,1.825048157488089728e+01,1.737772094726562500e+03,1.377517700195312500e+00,6.307300000000000129e-01,9.292256236076354980e-01,6.074928641319274902e-01
-5.067103549179024391e+00,1.825453433464043940e+01,2.058801269531250000e+03,1.395493268966674805e+00,6.307400000000000784e-01,1.056255578994750977e+00,7.169750928878784180e-01
-5.064378236632425256e+00,1.826536872493220898e+01,1.534193481445312500e+03,1.403984546661376953e+00,6.307500000000000329e-01,8.072311878204345703e-01,5.111332535743713379e-01
-5.069520812614353389e+00,1.828341034486375349e+01,1.591530883789062500e+03,1.425039291381835938e+00,6.307600000000000984e-01,9.441792964935302734e-01,6.037544608116149902e-01
-5.070438717461309253e+00,1.829163813856371235e+01,1.515471801757812500e+03,1.105632305145263672e+00,6.307700000000000529e-01,1.021770596504211426e+00,6.448007225990295410e-01
-5.066432836527043015e+00,1.829039143634584264e+01,1.342488403320312500e+03,1.526659250259399414e+00,6.307800000000000074e-01,9.857596755027770996e-01,6.003211736679077148e-01
-5.070768679396613798e+00,1.830419234940458040e+01,1.532251220703125000e+03,1.451766014099121094e+00,6.307900000000000729e-01,9.310567378997802734e-01,5.893348455429077148e-01
-5.065914964820080080e+00,1.831783902334504077e+01,1.262050170898437500e+03,1.563616514205932617e+00,6.308000000000000274e-01,7.650404572486877441e-01,4.567354321479797363e-01
-5.066721832519959889e+00,1.832252848005115453e+01,1.557199707031250000e+03,1.185910224914550781e+00,6.308100000000000929e-01,1.087078452110290527e+00,6.911113262176513672e-01
-5.071208876190331338e+00,1.832821448187265290e+01,1.163153808593750000e+03,1.276883602142333984e+00,6.308200000000000474e-01,1.069149255752563477e+00,6.205391883850097656e-01
-5.070613917842427654e+00,1.835060124124332503e+01,1.430983154296875000e+03,1.575427770614624023e+00,6.308300000000000018e-01,9.783591628074645996e-01,6.074165701866149902e-01
-5.065115906344980878e+00,1.835999866680360526e+01,1.456320190429687500e+03,1.659500122070312500e+00,6.308400000000000674e-01,7.254437208175659180e-01,4.526918530464172363e-01
-5.070241850738531397e+00,1.836581400948467646e+01,1.079545166015625000e+03,1.343227148056030273e+00,6.308500000000000218e-01,7.721357941627502441e-01,4.358308315277099609e-01
-5.067859856695528187e+00,1.838387528841894181e+01,1.308771850585937500e+03,9.178573489189147949e-01,6.308600000000000874e-01,7.036235928535461426e-01,4.250733256340026855e-01
-5.068191195338748400e+00,1.838905386383162011e+01,1.177394531250000000e+03,1.056791067123413086e+00,6.308700000000000419e-01,7.458143234252929688e-01,4.347627162933349609e-01
-5.069197158613446774e+00,1.840624590786125481e+01,1.244585693359375000e+03,9.357864260673522949e-01,6.308799999999999963e-01,7.438306808471679688e-01,4.420106709003448486e-01
-5.069529470417940331e+00,1.841876851889946565e+01,1.394359497070312500e+03,8.818930983543395996e-01,6.308900000000000619e-01,8.577379584312438965e-01,5.284520387649536133e-01
-5.075345888216230783e+00,1.842922974404563163e+01,1.281241943359375000e+03,9.188086390495300293e-01,6.309000000000000163e-01,8.571276068687438965e-01,5.142613053321838379e-01
-5.071765997918821434e+00,1.843756837406528604e+01,1.642066284179687500e+03,1.181551933288574219e+00,6.309100000000000819e-01,8.968005776405334473e-01,5.781195759773254395e-01
-5.068570964326702288e+00,1.845455578888726222e+01,1.436824951171875000e+03,1.125330448150634766e+00,6.309200000000000363e-01,8.855090737342834473e-01,5.504247546195983887e-01
-5.070451499690845409e+00,1.845759323955622477e+01,1.486119750976562500e+03,1.459682703018188477e+00,6.309300000000001019e-01,8.400377035140991211e-01,5.272313356399536133e-01
-5.071345907173626877e+00,1.847200265421579601e+01,1.202446777343750000e+03,1.050321578979492188e+00,6.309400000000000563e-01,9.710348844528198242e-01,5.702612400054931641e-01
-5.071656478136835844e+00,1.848093442190103630e+01,1.188904174804687500e+03,1.115248918533325195e+00,6.309500000000000108e-01,8.687243461608886719e-01,5.081577897071838379e-01
-5.072289867319872414e+00,1.849216076427768840e+01,1.248243164062500000e+03,1.276561737060546875e+00,6.309600000000000763e-01,1.057857751846313477e+00,6.292366981506347656e-01
-5.071362772675504615e+00,1.850403784129286322e+01,1.433151855468750000e+03,1.401531219482421875e+00,6.309700000000000308e-01,8.507951498031616211e-01,5.284520387649536133e-01
-5.068410605678683289e+00,1.851039691211320104e+01,1.385689453125000000e+03,1.351490736007690430e+00,6.309800000000000963e-01,8.577379584312438965e-01,5.274602174758911133e-01
-5.067877360855660207e+00,1.852656427261647920e+01,1.244382080078125000e+03,1.169317483901977539e+00,6.309900000000000508e-01,8.133347034454345703e-01,4.832858443260192871e-01
-5.072969200860326211e+00,1.853705911820272689e+01,1.349112548828125000e+03,1.100214242935180664e+00,6.310000000000000053e-01,1.003765106201171875e+00,6.122230887413024902e-01
-5.070197767077950779e+00,1.854206080919479405e+01,1.278669677734375000e+03,1.177577495574951172e+00,6.310100000000000708e-01,8.145554065704345703e-01,4.883975684642791748e-01
-5.075896653180989482e+00,1.855408689567489589e+01,1.264497436523437500e+03,1.347232580184936523e+00,6.310200000000000253e-01,8.599504828453063965e-01,5.137272477149963379e-01
-5.070751884606207405e+00,1.856598498775584360e+01,1.217926391601562500e+03,9.852618575096130371e-01,6.310300000000000908e-01,9.148823618888854980e-01,5.396673083305358887e-01
-5.064057739431973459e+00,1.858052929739457326e+01,1.119644531250000000e+03,9.661919474601745605e-01,6.310400000000000453e-01,9.357106685638427734e-01,5.355473756790161133e-01
-5.066387274129184881e+00,1.859141678141625320e+01,1.519595214843750000e+03,1.184314012527465820e+00,6.310499999999999998e-01,9.667624235153198242e-01,6.105446219444274902e-01
-5.070860365234133305e+00,1.859058019158063857e+01,1.616058715820312500e+03,1.263335466384887695e+00,6.310600000000000653e-01,1.022533535957336426e+00,6.564737558364868164e-01
-5.075734874736249402e+00,1.860837207294518691e+01,1.677620239257812500e+03,1.520758390426635742e+00,6.310700000000000198e-01,9.011493921279907227e-01,5.840705037117004395e-01
-5.069219194487612157e+00,1.862322764293874755e+01,1.437807006835937500e+03,1.552391767501831055e+00,6.310800000000000853e-01,8.607897162437438965e-01,5.351659059524536133e-01
-5.069278993208699013e+00,1.862298927756022593e+01,1.273437255859375000e+03,1.143670797348022461e+00,6.310900000000000398e-01,8.768115043640136719e-01,5.250188112258911133e-01
-5.073134058940830471e+00,1.864781146893168540e+01,1.009533996582031250e+03,1.341771602630615234e+00,6.311000000000001053e-01,8.023483157157897949e-01,4.408662319183349609e-01
-5.073263888720584092e+00,1.866050963627972692e+01,1.076349731445312500e+03,1.072849750518798828e+00,6.311100000000000598e-01,8.278306126594543457e-01,4.667299985885620117e-01
-5.068526220943799565e+00,1.866907073841144893e+01,9.789575805664062500e+02,1.101542234420776367e+00,6.311200000000000143e-01,7.796126604080200195e-01,4.228608012199401855e-01
-5.075078355932214791e+00,1.867997122144110023e+01,1.262124023437500000e+03,9.481150507926940918e-01,6.311300000000000798e-01,8.192093372344970703e-01,4.890842139720916748e-01
-5.075750015418982741e+00,1.868839510528443171e+01,1.240668457031250000e+03,1.102644920349121094e+00,6.311400000000000343e-01,7.635145783424377441e-01,4.532259106636047363e-01
-5.071074768476022676e+00,1.870566704737123942e+01,1.493526367187500000e+03,1.090671539306640625e+00,6.311500000000000998e-01,6.460977196693420410e-01,4.060760736465454102e-01
-5.066748948946515618e+00,1.871748868240680252e+01,2.065635986328125000e+03,8.083695769309997559e-01,6.311600000000000543e-01,7.166699171066284180e-01,4.867953658103942871e-01
-5.068541408221221012e+00,1.872170280154114508e+01,1.529844848632812500e+03,7.540506720542907715e-01,6.311700000000000088e-01,7.918197512626647949e-01,5.009860992431640625e-01
-5.067496284046928423e+00,1.873642563948473239e+01,1.137157958984375000e+03,9.245974421501159668e-01,6.311800000000000743e-01,7.838851213455200195e-01,4.512422680854797363e-01
-5.071376655876538742e+00,1.874670054836997579e+01,1.042114257812500000e+03,9.677440524101257324e-01,6.311900000000000288e-01,8.361467123031616211e-01,4.654330015182495117e-01
-5.075148357442458291e+00,1.876101196566162699e+01,1.005325439453125000e+03,9.643859267234802246e-01,6.312000000000000943e-01,6.828715801239013672e-01,3.745665550231933594e-01
-5.073190934963591303e+00,1.876936335773637765e+01,1.038835571289062500e+03,8.379442095756530762e-01,6.312100000000000488e-01,6.925609111785888672e-01,3.850188553333282471e-01
-5.071652010240187636e+00,1.877587235970403512e+01,1.070879272460937500e+03,5.678791403770446777e-01,6.312200000000000033e-01,7.294110655784606934e-01,4.104248583316802979e-01
-5.074085137792516242e+00,1.879189314009334311e+01,1.113285644531250000e+03,7.819170355796813965e-01,6.312300000000000688e-01,6.927134990692138672e-01,3.956237733364105225e-01
-5.071735395987358785e+00,1.880557404157802992e+01,1.003758728027343750e+03,7.246190905570983887e-01,6.312400000000000233e-01,7.164410352706909180e-01,3.927245736122131348e-01
-5.068189081983414113e+00,1.881295964671023313e+01,1.112310180664062500e+03,8.200485110282897949e-01,6.312500000000000888e-01,7.155255079269409180e-01,4.085174798965454102e-01
-5.066731830620719634e+00,1.882639023737803541e+01,1.026030151367187500e+03,7.373339533805847168e-01,6.312600000000000433e-01,7.985336184501647949e-01,4.417054951190948486e-01
-5.069821726453320743e+00,1.884170058647358204e+01,1.199812255859375000e+03,7.601971030235290527e-01,6.312699999999999978e-01,8.372148275375366211e-01,4.912967383861541748e-01
-5.068428099517150898e+00,1.885198780921617612e+01,1.140275390625000000e+03,9.152454733848571777e-01,6.312800000000000633e-01,1.007122039794921875e+00,5.803321003913879395e-01
-5.072195148185961067e+00,1.886053453107958688e+01,1.403241333007812500e+03,1.050055742263793945e+00,6.312900000000000178e-01,7.262066602706909180e-01,4.482667744159698486e-01
-5.071994950624174159e+00,1.886725417779470604e+01,1.274081787109375000e+03,1.149479866027832031e+00,6.313000000000000833e-01,7.775527238845825195e-01,4.656618833541870117e-01
-5.077671125650550010e+00,1.888529726384863494e+01,1.534944824218750000e+03,9.205967783927917480e-01,6.313100000000000378e-01,8.001357913017272949e-01,5.067081451416015625e-01
-5.068472664581900489e+00,1.889582553897187012e+01,1.108709472656250000e+03,8.876282572746276855e-01,6.313200000000001033e-01,7.448987960815429688e-01,4.247681498527526855e-01
-5.072497193257651915e+00,1.890075622039626779e+01,1.071120971679687500e+03,1.250756502151489258e+00,6.313300000000000578e-01,6.546427011489868164e-01,3.683867156505584717e-01
-5.073391612504181580e+00,1.891428917252098429e+01,1.327842163085937500e+03,8.875436186790466309e-01,6.313400000000000123e-01,6.963756680488586426e-01,4.226319193840026855e-01
-5.070965186185382834e+00,1.893408078063746913e+01,9.588568725585937500e+02,6.884557604789733887e-01,6.313500000000000778e-01,7.206372022628784180e-01,3.873839974403381348e-01
-5.075601854297258519e+00,1.893716521087063498e+01,1.223361816406250000e+03,7.540828585624694824e-01,6.313600000000000323e-01,7.263592481613159180e-01,4.291169345378875732e-01
-5.076968139341010655e+00,1.895747546553566920e+01,1.238342163085937500e+03,7.676107287406921387e-01,6.313700000000000978e-01,7.796889543533325195e-01,4.625338017940521240e-01
-5.076312893579308039e+00,1.895866737595356710e+01,1.501005859375000000e+03,8.807832598686218262e-01,6.313800000000000523e-01,7.254437208175659180e-01,4.565828442573547363e-01
-5.072839162587349904e+00,1.897013476569675916e+01,1.428131103515625000e+03,9.051508307456970215e-01,6.313900000000000068e-01,7.960922122001647949e-01,4.939670264720916748e-01
-5.078661389548667415e+00,1.898078469936526602e+01,1.627006103515625000e+03,9.177953600883483887e-01,6.314000000000000723e-01,8.983264565467834473e-01,5.777381062507629395e-01
-5.071466869481252360e+00,1.899734284718038779e+01,1.355923461914062500e+03,9.743387103080749512e-01,6.314100000000000268e-01,9.187733530998229980e-01,5.612585544586181641e-01
-5.074180503146505039e+00,1.901087751038453533e+01,1.504873413085937500e+03,1.243619441986083984e+00,6.314200000000000923e-01,7.957870364189147949e-01,5.012149810791015625e-01
-5.075245370829396307e+00,1.902190221715159879e+01,1.006800598144531250e+03,1.102232456207275391e+00,6.314300000000000468e-01,7.523756027221679688e-01,4.129425585269927979e-01
-5.075834914660425135e+00,1.903268439187430872e+01,1.220023559570312500e+03,8.924109339714050293e-01,6.314400000000000013e-01,6.665446162223815918e-01,3.934112191200256348e-01
-5.071901129129038566e+00,1.904663738117760730e+01,1.271221923828125000e+03,8.112496733665466309e-01,6.314500000000000668e-01,8.112747669219970703e-01,4.854983687400817871e-01
-5.072731492038063728e+00,1.905293399150378875e+01,1.433596923828125000e+03,6.953079104423522949e-01,6.314600000000000213e-01,7.109478712081909180e-01,4.416292011737823486e-01
-5.067548116344108067e+00,1.906809491803847934e+01,1.120336914062500000e+03,9.124619364738464355e-01,6.314700000000000868e-01,7.029369473457336426e-01,4.024139642715454102e-01
-5.070489804320944316e+00,1.907986038820975949e+01,1.406135131835937500e+03,8.719999194145202637e-01,6.314800000000000413e-01,8.895526528358459473e-01,5.494329333305358887e-01
-5.077449314692076499e+00,1.909340182585902213e+01,1.815377929687500000e+03,8.850318789482116699e-01,6.314900000000001068e-01,8.931384682655334473e-01,5.899451971054077148e-01
-5.079605547259425258e+00,1.909917789648184794e+01,1.607154418945312500e+03,1.265446662902832031e+00,6.315000000000000613e-01,8.385881185531616211e-01,5.376073122024536133e-01
-5.076508457288920084e+00,1.910903769717586442e+01,1.501351562500000000e+03,1.272763729095458984e+00,6.315100000000000158e-01,9.235798716545104980e-01,5.813239216804504395e-01
-5.069452773158826808e+00,1.912109836705926824e+01,1.438184936523437500e+03,1.126782417297363281e+00,6.315200000000000813e-01,1.038402676582336426e+00,6.456399559974670410e-01
-5.072084801880837546e+00,1.913484860002858667e+01,2.046875732421875000e+03,1.301561117172241211e+00,6.315300000000000358e-01,8.953509926795959473e-01,6.070351004600524902e-01
-5.073958893008075677e+00,1.914716390486130493e+01,1.660016113281250000e+03,1.403307437896728516e+00,6.315400000000001013e-01,8.160812854766845703e-01,5.275365114212036133e-01
-5.070788526377718597e+00,1.915273166978165165e+01,1.417019531250000000e+03,1.218761920928955078e+00,6.315500000000000558e-01,8.363755941390991211e-01,5.177708268165588379e-01
-5.076950065649472599e+00,1.916739321937869889e+01,1.372291137695312500e+03,1.101618528366088867e+00,6.315600000000000103e-01,8.610185980796813965e-01,5.279179811477661133e-01
-5.073482111803622630e+00,1.916819182460925575e+01,1.448458496093750000e+03,1.063676595687866211e+00,6.315700000000000758e-01,7.938033938407897949e-01,4.945773780345916748e-01
-5.075120157762599504e+00,1.918480350396163558e+01,1.279363403320312500e+03,1.115374088287353516e+00,6.315800000000000303e-01,7.490186691284179688e-01,4.491823017597198486e-01
-5.066413485396235039e+00,1.919896102746210786e+01,1.062771240234375000e+03,9.446853995323181152e-01,6.315900000000000958e-01,7.219341993331909180e-01,4.050079584121704102e-01
-5.069808915998967436e+00,1.921074404085825904e+01,1.062599487304687500e+03,8.696169257164001465e-01,6.316000000000000503e-01,7.642775177955627441e-01,4.287354648113250732e-01
-5.066476319565656361e+00,1.922307744307957478e+01,1.272435058593750000e+03,8.206946253776550293e-01,6.316100000000000048e-01,8.778033256530761719e-01,5.254765748977661133e-01
-5.060896206902333994e+00,1.923679192521309389e+01,9.963365478515625000e+02,1.026013612747192383e+00,6.316200000000000703e-01,7.623701691627502441e-01,4.166046679019927979e-01
-5.070739617355785711e+00,1.924682043320374447e+01,1.353625122070312500e+03,1.095455408096313477e+00,6.316300000000000248e-01,6.474710106849670410e-01,3.953185975551605225e-01
-5.065799661627964134e+00,1.925764554347638224e+01,1.471621459960937500e+03,7.921535372734069824e-01,6.316400000000000903e-01,8.316453099250793457e-01,5.205174088478088379e-01
-5.066560505776686263e+00,1.926257278993657707e+01,1.389373413085937500e+03,8.520037531852722168e-01,6.316500000000000448e-01,8.540758490562438965e-01,5.256291627883911133e-01
-5.067235468076960458e+00,1.927706677070593244e+01,1.832160766601562500e+03,1.111568927764892578e+00,6.316599999999999993e-01,8.451493978500366211e-01,5.594274997711181641e-01
-5.069548050136150508e+00,1.928878908486058918e+01,1.411490234375000000e+03,1.166599512100219727e+00,6.316700000000000648e-01,8.839831948280334473e-01,5.466100573539733887e-01
-5.063698200255320359e+00,1.929428265495108619e+01,1.007219543457031250e+03,1.181843996047973633e+00,6.316800000000000193e-01,6.862285137176513672e-01,3.767027854919433594e-01
-5.069125119454680473e+00,1.930880771939914808e+01,1.281490234375000000e+03,8.715791106224060059e-01,6.316900000000000848e-01,7.576398849487304688e-01,4.545992016792297363e-01
-5.073344058280906843e+00,1.931771816125483809e+01,1.356621215820312500e+03,7.502622008323669434e-01,6.317000000000000393e-01,7.326917052268981934e-01,4.476564228534698486e-01
-5.065515329935728950e+00,1.932688863846990657e+01,9.626906127929687500e+02,9.549743533134460449e-01,6.317100000000001048e-01,7.427625656127929688e-01,3.999725282192230225e-01
-5.064582373631841605e+00,1.933676221411706564e+01,1.553839843750000000e+03,8.363932967185974121e-01,6.317200000000000593e-01,6.921794414520263672e-01,4.397981166839599609e-01
-5.066794832874720100e+00,1.935093002155886666e+01,1.296889648437500000e+03,8.033472895622253418e-01,6.317300000000000137e-01,7.135418653488159180e-01,4.298035800457000732e-01
-5.068263734152094635e+00,1.936558248309266261e+01,1.517181030273437500e+03,7.731313109397888184e-01,6.317400000000000793e-01,8.083755970001220703e-01,5.102940201759338379e-01
-5.066063996380427703e+00,1.937271907970865215e+01,1.337202636718750000e+03,8.195931315422058105e-01,6.317500000000000338e-01,7.367352843284606934e-01,4.481141865253448486e-01
-5.068410249504038845e+00,1.938377084150805629e+01,1.272096069335937500e+03,8.576876521110534668e-01,6.317600000000000993e-01,8.240922093391418457e-01,4.932803809642791748e-01
-5.069315496066025162e+00,1.939929207984769022e+01,1.400320678710937500e+03,7.802087664604187012e-01,6.317700000000000538e-01,7.047680020332336426e-01,4.347627162933349609e-01
-5.064453803678560462e+00,1.941170981603630352e+01,9.325726928710937500e+02,1.091840982437133789e+00,6.317800000000000082e-01,8.255417943000793457e-01,4.383485317230224609e-01
-5.067530175055289909e+00,1.942100793524463498e+01,1.571978149414062500e+03,7.882363200187683105e-01,6.317900000000000738e-01,1.141552567481994629e+00,7.275800108909606934e-01
-5.065881598187884194e+00,1.942714249805774429e+01,1.259761596679687500e+03,1.167050123214721680e+00,6.318000000000000282e-01,9.060322046279907227e-01,5.405828356742858887e-01
-5.071762540945610631e+00,1.943979303902758815e+01,1.646538085937500000e+03,1.593044519424438477e+00,6.318100000000000938e-01,1.102795004844665527e+00,7.114056348800659180e-01
-5.070480583948867803e+00,1.945538987186464652e+01,1.519435913085937500e+03,1.279434680938720703e+00,6.318200000000000482e-01,1.136288166046142578e+00,7.175854444503784180e-01
-5.065443686406751134e+00,1.947032155036750112e+01,1.560049804687500000e+03,1.833770990371704102e+00,6.318300000000000027e-01,8.779559135437011719e-01,5.584356784820556641e-01
-5.063678173286928264e+00,1.947818596003571656e+01,1.434841430664062500e+03,1.656131267547607422e+00,6.318400000000000682e-01,7.936508059501647949e-01,4.931277930736541748e-01
-5.063926447360910466e+00,1.948810487762095889e+01,1.094226928710937500e+03,1.161506891250610352e+00,6.318500000000000227e-01,7.683973908424377441e-01,4.359834194183349609e-01
-5.068836950504445049e+00,1.949585617214948741e+01,1.097202148437500000e+03,9.516019225120544434e-01,6.318600000000000882e-01,8.902392983436584473e-01,5.056400299072265625e-01
-5.069223537474428554e+00,1.950902485100111861e+01,1.894732788085937500e+03,8.515364527702331543e-01,6.318700000000000427e-01,1.064724206924438477e+00,7.101085782051086426e-01
-5.068416879374562534e+00,1.952081855313137737e+01,1.435438598632812500e+03,1.481014013290405273e+00,6.318799999999999972e-01,7.837325334548950195e-01,4.870242476463317871e-01
-5.063601788155754235e+00,1.953280781503034547e+01,1.601582641601562500e+03,1.337935447692871094e+00,6.318900000000000627e-01,9.025989770889282227e-01,5.781195759773254395e-01
-5.068309169026042227e+00,1.954384907739672883e+01,1.112120483398437500e+03,1.082130193710327148e+00,6.319000000000000172e-01,9.531820416450500488e-01,5.441686511039733887e-01
-5.064074818019840940e+00,1.955506263302161685e+01,1.204072387695312500e+03,1.401409626007080078e+00,6.319100000000000827e-01,9.888877272605895996e-01,5.810187458992004395e-01
-5.065084677999340812e+00,1.956436762671214424e+01,1.312748535156250000e+03,1.218940734863281250e+00,6.319200000000000372e-01,8.884082436561584473e-01,5.372258424758911133e-01
-5.068499514863949784e+00,1.957758257110530309e+01,1.101096679687500000e+03,1.271800518035888672e+00,6.319300000000001027e-01,8.969531655311584473e-01,5.101414322853088379e-01
-5.068110280984110538e+00,1.958788904711636292e+01,1.245915649414062500e+03,1.164680242538452148e+00,6.319400000000000572e-01,7.861739397048950195e-01,4.673403501510620117e-01
-5.064392850247648070e+00,1.959487509076696199e+01,1.186447143554687500e+03,1.189071655273437500e+00,6.319500000000000117e-01,8.487352132797241211e-01,4.961032867431640625e-01
-5.061281611645831902e+00,1.960939547232272062e+01,1.420295166015625000e+03,9.273797869682312012e-01,6.319600000000000772e-01,8.104355335235595703e-01,5.020542144775390625e-01
-5.065209760375171122e+00,1.962594514850189498e+01,1.094377929687500000e+03,1.002485275268554688e+00,6.319700000000000317e-01,8.421739339828491211e-01,4.778689444065093994e-01
-5.059867353794554212e+00,1.963276440999481309e+01,1.751833374023437500e+03,1.015901088714599609e+00,6.319800000000000972e-01,7.287244200706481934e-01,4.773348867893218994e-01
-5.067934966372509287e+00,1.963451143361199058e+01,1.019857971191406250e+03,9.882993102073669434e-01,6.319900000000000517e-01,8.490403890609741211e-01,4.684847593307495117e-01
-5.059324512286809572e+00,1.965994518149750903e+01,1.029250488281250000e+03,9.463006854057312012e-01,6.320000000000000062e-01,1.035274624824523926e+00,5.733893513679504395e-01
-5.066283338758569066e+00,1.966751569447255221e+01,1.752578247070312500e+03,1.137482643127441406e+00,6.320100000000000717e-01,1.047176599502563477e+00,6.859996318817138672e-01
-5.060054266234276454e+00,1.967957654094783848e+01,1.666742919921875000e+03,1.429581165313720703e+00,6.320200000000000262e-01,1.386380672454833984e+00,8.971057534217834473e-01
-5.064680314185687315e+00,1.968220249146182610e+01,1.283101684570312500e+03,1.474490880966186523e+00,6.320300000000000917e-01,8.592638373374938965e-01,5.157871842384338379e-01
-5.063646015412794910e+00,1.969800509518711706e+01,1.165349487304687500e+03,2.008194446563720703e+00,6.320400000000000462e-01,6.985118985176086426e-01,4.056946039199829102e-01
-5.062414607583463955e+00,1.971143905406131225e+01,1.067619506835937500e+03,1.160621166229248047e+00,6.320500000000000007e-01,6.936290264129638672e-01,3.898254036903381348e-01
-5.066101083791192394e+00,1.972281870376999890e+01,1.211183715820312500e+03,6.294543147087097168e-01,6.320600000000000662e-01,1.071361780166625977e+00,6.307625770568847656e-01
-5.066980949395827771e+00,1.973198175075543759e+01,1.462368408203125000e+03,9.448367953300476074e-01,6.320700000000000207e-01,8.250840306282043457e-01,5.154820084571838379e-01
-5.072801981901585044e+00,1.973515793145598352e+01,1.185389038085937500e+03,1.362165927886962891e+00,6.320800000000000862e-01,8.777270317077636719e-01,5.128880143165588379e-01
-5.066874858104868373e+00,1.974887183494102061e+01,1.175666259765625000e+03,1.187500476837158203e+00,6.320900000000000407e-01,9.567678570747375488e-01,5.574438571929931641e-01
-5.070810935323157409e+00,1.976574800465027693e+01,1.107442871093750000e+03,1.162850379943847656e+00,6.321000000000001062e-01,8.597978949546813965e-01,4.900760352611541748e-01
-5.070321672510381461e+00,1.977596492060523659e+01,9.695688476562500000e+02,1.185028076171875000e+00,6.321100000000000607e-01,7.822829484939575195e-01,4.225556254386901855e-01
-5.070618970773699274e+00,1.978387045723629711e+01,1.589934326171875000e+03,9.840435385704040527e-01,6.321200000000000152e-01,9.346425533294677734e-01,5.974982976913452148e-01
-5.064063677761738269e+00,1.980458377477602738e+01,1.390478149414062500e+03,9.905654788017272949e-01,6.321300000000000807e-01,8.411058187484741211e-01,5.177708268165588379e-01
-5.064820219741401175e+00,1.981055762424610478e+01,1.459261596679687500e+03,1.329149723052978516e+00,6.321400000000000352e-01,1.011318206787109375e+00,6.314492225646972656e-01
-5.070192917055516446e+00,1.982042201764943101e+01,1.377652465820312500e+03,9.986824393272399902e-01,6.321500000000001007e-01,1.180157423019409180e+00,7.244518995285034180e-01
-5.071719646813999560e+00,1.983921985286503542e+01,1.621949340820312500e+03,1.518861770629882812e+00,6.321600000000000552e-01,8.758959770202636719e-01,5.628607273101806641e-01
-5.071401638669703615e+00,1.984457865820466793e+01,1.963913574218750000e+03,1.579397439956665039e+00,6.321700000000000097e-01,1.559873819351196289e+00,1.048473596572875977e+00
-5.068332432762098883e+00,1.985431685847401440e+01,1.880848022460937500e+03,1.621989727020263672e+00,6.321800000000000752e-01,7.356671690940856934e-01,4.898471534252166748e-01
-5.074246500540718685e+00,1.986560776849326970e+01,1.196784179687500000e+03,2.170625448226928711e+00,6.321900000000000297e-01,7.777053117752075195e-01,4.559724926948547363e-01
-5.078779788176936982e+00,1.987991261434845569e+01,1.346451538085937500e+03,1.073956012725830078e+00,6.322000000000000952e-01,7.683210968971252441e-01,4.683321714401245117e-01
-5.068717093693568820e+00,1.989095635582409827e+01,1.169047119140625000e+03,1.135379791259765625e+00,6.322100000000000497e-01,8.394273519515991211e-01,4.880923628807067871e-01
-5.075710654119229837e+00,1.989684017033479080e+01,1.695223999023437500e+03,9.099013209342956543e-01,6.322200000000000042e-01,8.642992377281188965e-01,5.616400241851806641e-01
-5.070045724970536405e+00,1.990631005411070120e+01,1.007470642089843750e+03,1.041386842727661133e+00,6.322300000000000697e-01,7.866317033767700195e-01,4.318635165691375732e-01
-5.070151052728335550e+00,1.992144067188695544e+01,1.374587768554687500e+03,9.922284483909606934e-01,6.322400000000000242e-01,8.273728489875793457e-01,5.075473785400390625e-01
-5.078661067160784803e+00,1.993151571929041665e+01,1.486512695312500000e+03,8.752304911613464355e-01,6.322500000000000897e-01,7.647352814674377441e-01,4.800051748752593994e-01
-5.069807956686127604e+00,1.993596471844996643e+01,1.422653442382812500e+03,1.187533855438232422e+00,6.322600000000000442e-01,7.294110655784606934e-01,4.520815014839172363e-01
-5.068106419399110329e+00,1.994998683727799005e+01,1.419233520507812500e+03,9.952659010887145996e-01,6.322699999999999987e-01,7.199505567550659180e-01,4.459016621112823486e-01
-5.075771182037041029e+00,1.996204130420853673e+01,1.373018310546875000e+03,8.297962546348571777e-01,6.322800000000000642e-01,7.207897901535034180e-01,4.420106709003448486e-01
-5.070099104810589452e+00,1.997502268709896001e+01,9.322510375976562500e+02,8.613461852073669434e-01,6.322900000000000187e-01,6.993511319160461426e-01,3.712859153747558594e-01
-5.065585947690067314e+00,1.997874641520650130e+01,1.630376220703125000e+03,7.766384482383728027e-01,6.323000000000000842e-01,7.789260149002075195e-01,5.012149810791015625e-01
-5.066303518629410974e+00,2.000030994363220316e+01,1.092872680664062500e+03,8.443076014518737793e-01,6.323100000000000387e-01,9.533346295356750488e-01,5.406591296195983887e-01
-5.068165271009856809e+00,2.000568540814879270e+01,1.847466674804687500e+03,9.042436480522155762e-01,6.323200000000001042e-01,1.149334549903869629e+00,7.622175812721252441e-01
-5.066224721122482677e+00,2.001235626575880744e+01,1.480328735351562500e+03,1.475603103637695312e+00,6.323300000000000587e-01,8.395036458969116211e-01,5.263158082962036133e-01
-5.069293556124312872e+00,2.003104736572059963e+01,1.404636718750000000e+03,1.605203866958618164e+00,6.323400000000000132e-01,8.689532279968261719e-01,5.365391969680786133e-01
-5.062613450370929691e+00,2.004050029508007924e+01,1.792619995117187500e+03,1.220557212829589844e+00,6.323500000000000787e-01,9.473074078559875488e-01,6.238961219787597656e-01
-5.067576907492842508e+00,2.005197081581690455e+01,1.816769531250000000e+03,1.242422580718994141e+00,6.323600000000000332e-01,9.442555904388427734e-01,6.238198280334472656e-01
-5.065147841031358844e+00,2.006064974561823888e+01,1.170528564453125000e+03,1.467083215713500977e+00,6.323700000000000987e-01,8.899341225624084473e-01,5.176945328712463379e-01
-5.065608337971006847e+00,2.006676795385063627e+01,1.508769287109375000e+03,1.475345611572265625e+00,6.323800000000000532e-01,7.294873595237731934e-01,4.597872197628021240e-01
-5.064088108124448873e+00,2.008197336698388114e+01,1.449254638671875000e+03,9.736079573631286621e-01,6.323900000000000077e-01,8.207352757453918457e-01,5.114384293556213379e-01
-5.064768425795412199e+00,2.010057400779208692e+01,1.452193603515625000e+03,9.971649050712585449e-01,6.324000000000000732e-01,7.333783507347106934e-01,4.572695195674896240e-01
-5.065212264267618281e+00,2.010592030534872876e+01,1.476487304687500000e+03,9.598154425621032715e-01,6.324100000000000277e-01,8.950458168983459473e-01,5.607244968414306641e-01
-5.063761201084170160e+00,2.011869701712548064e+01,1.142507568359375000e+03,9.500784277915954590e-01,6.324200000000000932e-01,8.289750218391418457e-01,4.780215322971343994e-01
-5.064165037011767012e+00,2.012639505891251446e+01,1.187410400390625000e+03,1.084715843200683594e+00,6.324300000000000477e-01,7.673292756080627441e-01,4.486482441425323486e-01
-5.064168300617405194e+00,2.014256661093066114e+01,9.453997192382812500e+02,9.706134200096130371e-01,6.324400000000000022e-01,6.915690898895263672e-01,3.694548308849334717e-01
-5.068937337812750243e+00,2.015394341633071207e+01,1.065819946289062500e+03,9.093553423881530762e-01,6.324500000000000677e-01,7.095745205879211426e-01,3.985229432582855225e-01
-5.067252261723041329e+00,2.016193959207959452e+01,9.838525390625000000e+02,8.001703619956970215e-01,6.324600000000000222e-01,8.666643500328063965e-01,4.710787534713745117e-01
-5.068870561048047563e+00,2.017986929804455087e+01,1.335167968750000000e+03,9.060615897178649902e-01,6.324700000000000877e-01,9.938468933105468750e-01,6.042122244834899902e-01
-5.064385326035051982e+00,2.019078191362800467e+01,9.379841918945312500e+02,1.322408437728881836e+00,6.324800000000000422e-01,9.483755230903625488e-01,5.048770904541015625e-01
-5.065453633543268275e+00,2.020254911175432611e+01,1.159000122070312500e+03,1.358106851577758789e+00,6.324899999999999967e-01,1.121334552764892578e+00,6.499887704849243164e-01
-5.062993443043305675e+00,2.020375240699192432e+01,1.048551269531250000e+03,1.291282892227172852e+00,6.325000000000000622e-01,8.893237709999084473e-01,4.962558746337890625e-01
-5.065897629952362813e+00,2.022314112163223143e+01,1.487521484375000000e+03,1.281110763549804688e+00,6.325100000000000167e-01,1.028789639472961426e+00,6.458688378334045410e-01
-5.067263963670405325e+00,2.023478708374881307e+01,1.551764038085937500e+03,1.217928647994995117e+00,6.325200000000000822e-01,9.679831266403198242e-01,6.148170828819274902e-01
-5.067532601745851295e+00,2.024233936068221240e+01,1.106579223632812500e+03,1.393349885940551758e+00,6.325300000000000367e-01,8.919177651405334473e-01,5.082340836524963379e-01
-5.067280408971857497e+00,2.025070769481538591e+01,1.109678466796875000e+03,1.284797906875610352e+00,6.325400000000001022e-01,8.951221108436584473e-01,5.105991959571838379e-01
-5.075969803643661571e+00,2.026729352515954119e+01,1.220841552734375000e+03,1.147413969039916992e+00,6.325500000000000567e-01,1.033672451972961426e+00,6.102394461631774902e-01
-5.069729195625520823e+00,2.027410033046241011e+01,1.502823730468750000e+03,1.170027971267700195e+00,6.325600000000000112e-01,1.198162794113159180e+00,7.543592453002929688e-01
-5.074040259323309598e+00,2.028815522162875951e+01,1.788939697265625000e+03,1.658880233764648438e+00,6.325700000000000767e-01,1.093563437461853027e+00,7.198742628097534180e-01
-5.073143093966116624e+00,2.029503631770234406e+01,1.312998657226562500e+03,1.897413253784179688e+00,6.325800000000000312e-01,8.429368734359741211e-01,5.097599625587463379e-01
-5.071158470507713290e+00,2.031083498956591882e+01,9.633394165039062500e+02,1.487318992614746094e+00,6.325900000000000967e-01,8.058578968048095703e-01,4.340760707855224609e-01
-5.079340871879398200e+00,2.032003778313895026e+01,1.062623413085937500e+03,1.055194854736328125e+00,6.326000000000000512e-01,7.917434573173522949e-01,4.441469013690948486e-01
-5.074448898355968574e+00,2.032990799339704324e+01,1.047411865234375000e+03,9.697872996330261230e-01,6.326100000000000056e-01,8.679614067077636719e-01,4.841250777244567871e-01
-5.073302635156582419e+00,2.034728677945455644e+01,1.012268005371093750e+03,9.640974402427673340e-01,6.326200000000000712e-01,7.345990538597106934e-01,4.040924310684204102e-01
-5.072977623114455881e+00,2.035700863452298037e+01,1.028028808593750000e+03,9.254855513572692871e-01,6.326300000000000257e-01,7.656508088111877441e-01,4.238526225090026855e-01
-5.071518839079200092e+00,2.036715046954098440e+01,1.129138671875000000e+03,7.401651740074157715e-01,6.326400000000000912e-01,7.642775177955627441e-01,4.388062953948974609e-01
-5.076458060373561842e+00,2.037424297714724375e+01,1.265688598632812500e+03,9.047002196311950684e-01,6.326500000000000457e-01,8.567461371421813965e-01,5.119724869728088379e-01
-5.077826112006280646e+00,2.038746035141963731e+01,1.354585937500000000e+03,8.538944125175476074e-01,6.326600000000000001e-01,1.016124844551086426e+00,6.205391883850097656e-01
-5.073205692364987307e+00,2.039939159693079418e+01,1.139137573242187500e+03,1.109396934509277344e+00,6.326700000000000657e-01,8.468278646469116211e-01,4.877871870994567871e-01
-5.073840064466827116e+00,2.040342434023652629e+01,1.414616455078125000e+03,1.332160949707031250e+00,6.326800000000000201e-01,7.184246778488159180e-01,4.445283710956573486e-01
-5.071384796431352093e+00,2.041585711459024211e+01,1.325951904296875000e+03,1.105767011642456055e+00,6.326900000000000857e-01,8.838306069374084473e-01,5.361577272415161133e-01
-5.073989132093465138e+00,2.043610959917317160e+01,1.337463989257812500e+03,9.493512511253356934e-01,6.327000000000000401e-01,1.050380945205688477e+00,6.389260888099670410e-01
-5.068083467422661137e+00,2.044770949244510305e+01,1.157094726562500000e+03,1.294580221176147461e+00,6.327100000000001057e-01,9.477651715278625488e-01,5.490514636039733887e-01
-5.074335939388060268e+00,2.045466457679789585e+01,1.587542846679687500e+03,1.438208341598510742e+00,6.327200000000000601e-01,1.054882287979125977e+00,6.740977168083190918e-01
-5.074544402318089453e+00,2.045436559650643105e+01,1.431576416015625000e+03,1.227172136306762695e+00,6.327300000000000146e-01,9.894217848777770996e-01,6.143593192100524902e-01
-5.073115534119612136e+00,2.047357493564466679e+01,1.378055908203125000e+03,1.773166179656982422e+00,6.327400000000000801e-01,1.036266446113586426e+00,6.361795067787170410e-01
-5.073819193036498199e+00,2.048319194496439266e+01,1.520187500000000000e+03,1.617127180099487305e+00,6.327500000000000346e-01,9.120594263076782227e-01,5.760596394538879395e-01
-5.068880793591414857e+00,2.049346687440514714e+01,1.220767333984375000e+03,1.503740072250366211e+00,6.327600000000001002e-01,1.122478961944580078e+00,6.626535654067993164e-01
-5.070241479611309110e+00,2.050329817257008713e+01,2.378847656250000000e+03,1.452743530273437500e+00,6.327700000000000546e-01,9.363210201263427734e-01,6.531931161880493164e-01
-5.065933695807528281e+00,2.051586440082586549e+01,1.748060180664062500e+03,1.449781179428100586e+00,6.327800000000000091e-01,1.145596146583557129e+00,7.500104904174804688e-01
-5.067416578059072307e+00,2.053623407620774799e+01,1.455368164062500000e+03,1.599918127059936523e+00,6.327900000000000746e-01,1.082653403282165527e+00,6.754710078239440918e-01
-5.069094534520578677e+00,2.053968909677826105e+01,1.877025146484375000e+03,1.660662412643432617e+00,6.328000000000000291e-01,1.449476003646850586e+00,9.647024869918823242e-01
-5.065422389632368905e+00,2.054886132783313357e+01,1.348214477539062500e+03,1.886690378189086914e+00,6.328100000000000946e-01,1.046260952949523926e+00,6.380105614662170410e-01
-5.062292889646770710e+00,2.056123397864978841e+01,1.428157470703125000e+03,2.362449884414672852e+00,6.328200000000000491e-01,9.299886226654052734e-01,5.770514607429504395e-01
-5.066796905355324121e+00,2.056732787150934882e+01,1.107456787109375000e+03,1.447215795516967773e+00,6.328300000000000036e-01,9.676779508590698242e-01,5.515691637992858887e-01
-5.064586990981482018e+00,2.058526892508271544e+01,1.342072265625000000e+03,1.227007627487182617e+00,6.328400000000000691e-01,8.402665853500366211e-01,5.116673111915588379e-01
-5.068136506876953717e+00,2.059203345752191794e+01,1.459166870117187500e+03,1.226444959640502930e+00,6.328500000000000236e-01,8.865771889686584473e-01,5.535528063774108887e-01
-5.063525895862865944e+00,2.060297176066095659e+01,1.460487426757812500e+03,1.276320934295654297e+00,6.328600000000000891e-01,1.051143884658813477e+00,6.564737558364868164e-01
-5.069286188086664424e+00,2.061974146966842270e+01,1.595756958007812500e+03,1.366126060485839844e+00,6.328700000000000436e-01,1.027340054512023926e+00,6.573892831802368164e-01
-5.068832021763375550e+00,2.063455926359542048e+01,1.460358398437500000e+03,1.418644905090332031e+00,6.328799999999999981e-01,1.115307331085205078e+00,6.965282559394836426e-01
-5.067417935388186301e+00,2.063729895330726904e+01,1.192375366210937500e+03,1.873367547988891602e+00,6.328900000000000636e-01,9.808005690574645996e-01,5.743048787117004395e-01
-5.069197777872881616e+00,2.064873463198743408e+01,1.224470703125000000e+03,1.677494764328002930e+00,6.329000000000000181e-01,9.706534147262573242e-01,5.736182332038879395e-01
-5.065414945386365275e+00,2.066451838083272818e+01,1.341382324218750000e+03,1.399192333221435547e+00,6.329100000000000836e-01,8.340104222297668457e-01,5.077762603759765625e-01
-5.069893420309572463e+00,2.067363055148265616e+01,1.153254394531250000e+03,1.285584688186645508e+00,6.329200000000000381e-01,1.000331878662109375e+00,5.788062214851379395e-01
-5.066679323859744066e+00,2.068084367006743207e+01,1.181780151367187500e+03,1.296712875366210938e+00,6.329300000000001036e-01,1.013301849365234375e+00,5.914710760116577148e-01
-5.068732295445259162e+00,2.069552431231385015e+01,1.412088989257812500e+03,1.391241073608398438e+00,6.329400000000000581e-01,9.887351393699645996e-01,6.114601492881774902e-01
-5.070497785905598853e+00,2.070782486453117954e+01,2.244750976562500000e+03,1.418348073959350586e+00,6.329500000000000126e-01,9.864463210105895996e-01,6.809642314910888672e-01
-5.065646883042769666e+00,2.071913986461749246e+01,1.541517822265625000e+03,1.407074451446533203e+00,6.329600000000000781e-01,8.976398110389709473e-01,5.691168308258056641e-01
-5.068260080735210060e+00,2.072935935627455351e+01,1.489918945312500000e+03,1.388248920440673828e+00,6.329700000000000326e-01,1.029781460762023926e+00,6.467843651771545410e-01
-5.078385157316812837e+00,2.074039035594906721e+01,1.314528076171875000e+03,1.457333087921142578e+00,6.329800000000000981e-01,9.123646020889282227e-01,5.519506335258483887e-01
-5.071341213316419960e+00,2.075343541166001060e+01,1.318206787109375000e+03,1.553819894790649414e+00,6.329900000000000526e-01,6.679942011833190918e-01,4.044739007949829102e-01
-5.074786629985994502e+00,2.076110489859005170e+01,1.242768920898437500e+03,1.091254472732543945e+00,6.330000000000000071e-01,7.331494688987731934e-01,4.354493618011474609e-01
-5.075472532719728314e+00,2.077088814830032248e+01,1.376038085937500000e+03,9.643942713737487793e-01,6.330100000000000726e-01,8.366807699203491211e-01,5.134220719337463379e-01
-5.076078253573665044e+00,2.078746445618217820e+01,1.114301391601562500e+03,9.616286158561706543e-01,6.330200000000000271e-01,8.352311253547668457e-01,4.771822988986968994e-01
-5.078089329615428582e+00,2.079471787458616205e+01,1.136687500000000000e+03,1.111495018005371094e+00,6.330300000000000926e-01,7.635908722877502441e-01,4.394929409027099609e-01
-5.076387302420837244e+00,2.080573817784622292e+01,1.239565795898437500e+03,9.555155634880065918e-01,6.330400000000000471e-01,8.147842884063720703e-01,4.835147261619567871e-01
-5.075268307676932267e+00,2.081738080566094595e+01,1.469017822265625000e+03,9.178192019462585449e-01,6.330500000000000016e-01,8.735308647155761719e-01,5.464574694633483887e-01
-5.079230172975072399e+00,2.083188775162782846e+01,1.451593017578125000e+03,1.112074375152587891e+00,6.330600000000000671e-01,7.838851213455200195e-01,4.887027442455291748e-01
-5.077587200703399084e+00,2.084284768149458600e+01,1.281161865234375000e+03,1.015767574310302734e+00,6.330700000000000216e-01,1.013301849365234375e+00,6.079506278038024902e-01
-5.073046663041198556e+00,2.085356986959831360e+01,1.141497436523437500e+03,1.066139459609985352e+00,6.330800000000000871e-01,7.925826907157897949e-01,4.568880200386047363e-01
-5.076207577873811161e+00,2.086123942703387968e+01,1.392699584960937500e+03,1.278165102005004883e+00,6.330900000000000416e-01,6.822612285614013672e-01,4.201905131340026855e-01
-5.075196536240917489e+00,2.087629728331896217e+01,1.287112182617187500e+03,9.877795577049255371e-01,6.331000000000001071e-01,7.829695940017700195e-01,4.704684019088745117e-01
-5.075082118534655073e+00,2.089211079797221871e+01,1.573046752929687500e+03,8.237606883049011230e-01,6.331100000000000616e-01,7.174328565597534180e-01,4.573458135128021240e-01
-5.073277709033538585e+00,2.089416825887122897e+01,1.465946899414062500e+03,9.276837706565856934e-01,6.331200000000000161e-01,7.399396300315856934e-01,4.626100957393646240e-01
-5.072454492575888985e+00,2.090471225373704911e+01,1.300466552734375000e+03,8.307117819786071777e-01,6.331300000000000816e-01,7.821303606033325195e-01,4.715365171432495117e-01
-5.077265308734278726e+00,2.091862125408869488e+01,1.500798217773437500e+03,8.897156119346618652e-01,6.331400000000000361e-01,8.169968128204345703e-01,5.141850113868713379e-01
-5.068814898502079558e+00,2.093295027947346298e+01,1.625298950195312500e+03,8.982164263725280762e-01,6.331500000000001016e-01,9.346425533294677734e-01,6.009315252304077148e-01
-5.077541903251081123e+00,2.093752264058538159e+01,2.163168945312500000e+03,1.057449102401733398e+00,6.331600000000000561e-01,8.305771946907043457e-01,5.693457126617431641e-01
-5.070323643816253778e+00,2.094593899721606078e+01,1.381671508789062500e+03,1.154516458511352539e+00,6.331700000000000106e-01,9.778251051902770996e-01,6.007789373397827148e-01
-5.069790836050038330e+00,2.096301838716540544e+01,1.087344482421875000e+03,1.162577390670776367e+00,6.331800000000000761e-01,1.061138391494750977e+00,6.006263494491577148e-01
-5.067249969239585816e+00,2.097442836594350268e+01,1.246238525390625000e+03,1.301728010177612305e+00,6.331900000000000306e-01,8.462938070297241211e-01,5.031223297119140625e-01
-5.073142232251246497e+00,2.098155973387841655e+01,1.018709350585937500e+03,1.316154718399047852e+00,6.332000000000000961e-01,8.836017251014709473e-01,4.873294234275817871e-01
-5.064703166763599995e+00,2.099424093952720938e+01,1.555494262695312500e+03,1.139093160629272461e+00,6.332100000000000506e-01,9.104572534561157227e-01,5.786536335945129395e-01
-5.065225966195546548e+00,2.100810349997881588e+01,1.479635864257812500e+03,1.076683521270751953e+00,6.332200000000000051e-01,9.131275415420532227e-01,5.723975300788879395e-01
-5.064275397309947913e+00,2.101303464964147594e+01,1.243849853515625000e+03,1.389265775680541992e+00,6.332300000000000706e-01,9.960594177246093750e-01,5.917762517929077148e-01
-5.062476318222200788e+00,2.102060138679919277e+01,1.694950439453125000e+03,1.292049407958984375e+00,6.332400000000000251e-01,1.034816861152648926e+00,6.724192500114440918e-01
-5.065504872760551613e+00,2.103153335738883101e+01,1.743195068359375000e+03,1.465339183807373047e+00,6.332500000000000906e-01,8.696398735046386719e-01,5.689642429351806641e-01
-5.065008881068901125e+00,2.104264475475331153e+01,1.907671752929687500e+03,1.476311206817626953e+00,6.332600000000000451e-01,8.875690102577209473e-01,5.928443670272827148e-01
-5.065217848599830930e+00,2.105661797890943276e+01,1.633451782226562500e+03,1.324038028717041016e+00,6.332699999999999996e-01,1.195111036300659180e+00,7.693892121315002441e-01
-5.066178252602773213e+00,2.107504187564752129e+01,1.098408447265625000e+03,1.372719526290893555e+00,6.332800000000000651e-01,1.061596155166625977e+00,6.032204031944274902e-01
-5.069698831428015140e+00,2.108517039470783416e+01,1.259923095703125000e+03,1.557543992996215820e+00,6.332900000000000196e-01,8.533129096031188965e-01,5.091496109962463379e-01
-5.068884803616775514e+00,2.109223282227111085e+01,1.466733764648437500e+03,1.310938119888305664e+00,6.333000000000000851e-01,8.227952122688293457e-01,5.144901871681213379e-01
-5.067985052604117691e+00,2.110301858211056114e+01,1.234044921875000000e+03,1.123039245605468750e+00,6.333100000000000396e-01,9.356343746185302734e-01,5.543920397758483887e-01
-5.070393185486778975e+00,2.110629597441850080e+01,2.006465698242187500e+03,1.193143844604492188e+00,6.333200000000001051e-01,9.851493239402770996e-01,6.651713252067565918e-01
-5.065727196307807212e+00,2.112916359718679971e+01,1.597357910156250000e+03,1.254231452941894531e+00,6.333300000000000596e-01,9.956016540527343750e-01,6.372476220130920410e-01
-5.063553226978800836e+00,2.113561701949224059e+01,1.522678710937500000e+03,1.783507585525512695e+00,6.333400000000000141e-01,7.996017336845397949e-01,5.052585601806640625e-01
-5.070579273177270530e+00,2.114135038686393386e+01,1.341031494140625000e+03,1.367920160293579102e+00,6.333500000000000796e-01,7.796889543533325195e-01,4.746645987033843994e-01
-5.068548247572812748e+00,2.115598293928188767e+01,9.273062133789062500e+02,1.173569679260253906e+00,6.333600000000000341e-01,8.400377035140991211e-01,4.449098408222198486e-01
-5.072308634650172898e+00,2.116685686567942426e+01,1.348065917968750000e+03,1.084978103637695312e+00,6.333700000000000996e-01,1.023525357246398926e+00,6.241250038146972656e-01
-5.070429022595990709e+00,2.118352806686649714e+01,1.550837036132812500e+03,9.081131815910339355e-01,6.333800000000000541e-01,1.219830393791198730e+00,7.746535539627075195e-01
-5.079319638691575989e+00,2.118668493139913878e+01,1.602733154296875000e+03,1.603451490402221680e+00,6.333900000000000086e-01,8.218033909797668457e-01,5.264683961868286133e-01
-5.076417798240048462e+00,2.119706990900350974e+01,1.053340332031250000e+03,1.647706747055053711e+00,6.334000000000000741e-01,9.128223657608032227e-01,5.102940201759338379e-01
-5.072591147062148309e+00,2.120874156561090729e+01,1.104477905273437500e+03,1.102616310119628906e+00,6.334100000000000286e-01,7.916671633720397949e-01,4.507845044136047363e-01
-5.071278785734048888e+00,2.122519173502415057e+01,1.562724609375000000e+03,1.158111810684204102e+00,6.334200000000000941e-01,8.738360404968261719e-01,5.560705661773681641e-01
-5.077499978739287378e+00,2.123229679077221377e+01,1.407417724609375000e+03,9.401304125785827637e-01,6.334300000000000486e-01,8.837543129920959473e-01,5.459997057914733887e-01
-5.070548401986052056e+00,2.124113673669464930e+01,1.024299194335937500e+03,1.163432121276855469e+00,6.334400000000000031e-01,8.382829427719116211e-01,4.633730351924896240e-01
-5.076901363486617136e+00,2.126004611740854955e+01,1.360764404296875000e+03,1.199796915054321289e+00,6.334500000000000686e-01,8.362993001937866211e-01,5.114384293556213379e-01
-5.075387069223069147e+00,2.126906125011800341e+01,1.655998168945312500e+03,1.014434814453125000e+00,6.334600000000000231e-01,8.164627552032470703e-01,5.274602174758911133e-01
-5.076166111354825539e+00,2.127128094305093953e+01,1.213933593750000000e+03,1.024665355682373047e+00,6.334700000000000886e-01,7.070568203926086426e-01,4.166046679019927979e-01
-5.075317962533552496e+00,2.128893030096991268e+01,1.412451538085937500e+03,1.034477472305297852e+00,6.334800000000000431e-01,7.912856936454772949e-01,4.893893897533416748e-01
-5.076540359741549935e+00,2.130098556721713621e+01,1.793251953125000000e+03,9.036666750907897949e-01,6.334899999999999975e-01,7.791548967361450195e-01,5.131931900978088379e-01
-5.077131196025298721e+00,2.130898902853678223e+01,1.452755981445312500e+03,1.045066833496093750e+00,6.335000000000000631e-01,8.231003880500793457e-01,5.132694840431213379e-01
-5.079265023363610965e+00,2.132123827391235338e+01,1.477494506835937500e+03,1.217867851257324219e+00,6.335100000000000176e-01,1.077999353408813477e+00,6.754710078239440918e-01
-5.078754498960355690e+00,2.133314593211358101e+01,1.931114379882812500e+03,1.174453020095825195e+00,6.335200000000000831e-01,1.127285480499267578e+00,7.549695968627929688e-01
-5.072168370479643862e+00,2.134915981777962557e+01,1.449950683593750000e+03,1.772378206253051758e+00,6.335300000000000376e-01,1.087612509727478027e+00,6.778361201286315918e-01
-5.070072624913595227e+00,2.135941512044247759e+01,1.390766113281250000e+03,1.863513708114624023e+00,6.335400000000001031e-01,9.767569899559020996e-01,6.013129949569702148e-01
-5.065497780575404896e+00,2.137036019694077638e+01,1.544610839843750000e+03,1.603350162506103516e+00,6.335500000000000576e-01,9.379231929779052734e-01,5.949805974960327148e-01
-5.070659768565144887e+00,2.137836150852161055e+01,1.827644042968750000e+03,1.515494108200073242e+00,6.335600000000000120e-01,1.002239227294921875e+00,6.630350351333618164e-01
-5.072860706033202050e+00,2.139769574798942031e+01,1.257349121093750000e+03,1.328494071960449219e+00,6.335700000000000776e-01,8.791003227233886719e-01,5.241795778274536133e-01
-5.071258317445516361e+00,2.140835640341659030e+01,1.118043579101562500e+03,1.510254859924316406e+00,6.335800000000000320e-01,7.797652482986450195e-01,4.460542500019073486e-01
-5.069651459732369858e+00,2.141469276585234383e+01,1.464963500976562500e+03,1.041099548339843750e+00,6.335900000000000976e-01,1.014827728271484375e+00,6.343484520912170410e-01
-5.070912650825383672e+00,2.142083678895090770e+01,1.111703979492187500e+03,1.034407138824462891e+00,6.336000000000000520e-01,7.565717697143554688e-01,4.318635165691375732e-01
-5.072406398112192072e+00,2.143517698305784336e+01,1.745519775390625000e+03,1.152442216873168945e+00,6.336100000000000065e-01,9.887351393699645996e-01,6.470895409584045410e-01
-5.077581640770177707e+00,2.145574487328319790e+01,1.859579833984375000e+03,9.014267325401306152e-01,6.336200000000000720e-01,1.142010331153869629e+00,7.584791779518127441e-01
-5.071546412791758662e+00,2.145589970546133785e+01,1.353929687500000000e+03,1.490747451782226562e+00,6.336300000000000265e-01,9.917868971824645996e-01,6.055855154991149902e-01
-5.071347490833346683e+00,2.146578381999184160e+01,1.516729125976562500e+03,1.704161882400512695e+00,6.336400000000000921e-01,1.127056598663330078e+00,7.114056348800659180e-01
-5.073565063526252139e+00,2.148652144617140536e+01,1.476466674804687500e+03,1.764449596405029297e+00,6.336500000000000465e-01,1.084179282188415527e+00,6.792094111442565918e-01
-5.068297482399353626e+00,2.149232815167499311e+01,1.456349609375000000e+03,1.821034669876098633e+00,6.336600000000000010e-01,1.070217370986938477e+00,6.678416132926940918e-01
-5.067055735003378025e+00,2.150503017287059038e+01,1.153388793945312500e+03,1.569711685180664062e+00,6.336700000000000665e-01,8.714709281921386719e-01,5.042667388916015625e-01
-5.068994789028940851e+00,2.151643487554268930e+01,9.269348144531250000e+02,1.548803567886352539e+00,6.336800000000000210e-01,7.652693390846252441e-01,4.052368402481079102e-01
-5.065628597242826991e+00,2.152622203991025529e+01,1.204033569335937500e+03,8.625680804252624512e-01,6.336900000000000865e-01,8.695635795593261719e-01,5.109043717384338379e-01
-5.067357272034043625e+00,2.153640538789588277e+01,1.358846557617187500e+03,1.063689708709716797e+00,6.337000000000000410e-01,7.477979660034179688e-01,4.571169316768646240e-01
-5.067882248947128687e+00,2.153840387571044701e+01,1.176804077148437500e+03,1.014480113983154297e+00,6.337100000000001065e-01,9.466207623481750488e-01,5.517217516899108887e-01
-5.071993677372232945e+00,2.155553321800372402e+01,1.313674560546875000e+03,9.491187930107116699e-01,6.337200000000000610e-01,8.508714437484741211e-01,5.146427750587463379e-01
-5.066643773811141394e+00,2.156846754390608467e+01,1.226310302734375000e+03,1.085150957107543945e+00,6.337300000000000155e-01,9.816398024559020996e-01,5.804083943367004395e-01
-5.064185407572134423e+00,2.157491240644424124e+01,1.068676513671875000e+03,1.128978252410888672e+00,6.337400000000000810e-01,8.806262016296386719e-01,4.951114356517791748e-01
-5.069144377908741284e+00,2.158803164821998166e+01,1.883478759765625000e+03,1.299119710922241211e+00,6.337500000000000355e-01,9.454000592231750488e-01,6.296944618225097656e-01
-5.067097458753339723e+00,2.160211315004345778e+01,1.163148437500000000e+03,1.137972593307495117e+00,6.337600000000001010e-01,9.733237028121948242e-01,5.649206638336181641e-01
-5.070320043095025930e+00,2.161196864246224791e+01,1.395184204101562500e+03,1.407398700714111328e+00,6.337700000000000555e-01,8.933673501014709473e-01,5.505010485649108887e-01
-5.070986217735409696e+00,2.162027273669654548e+01,1.144073486328125000e+03,1.293713569641113281e+00,6.337800000000000100e-01,9.280049204826354980e-01,5.353947877883911133e-01
-5.071954842022130094e+00,2.163198040531715804e+01,1.158830078125000000e+03,1.044125080108642578e+00,6.337900000000000755e-01,9.885825514793395996e-01,5.730078816413879395e-01
-5.069158154386689930e+00,2.164338060607587266e+01,1.354798828125000000e+03,1.281406402587890625e+00,6.338000000000000300e-01,7.671003937721252441e-01,4.684847593307495117e-01
-5.074448411830772443e+00,2.165855700629848357e+01,1.354066406250000000e+03,1.085273742675781250e+00,6.338100000000000955e-01,8.836780190467834473e-01,5.395910143852233887e-01
-5.073664408562647665e+00,2.166587982137928492e+01,1.180398315429687500e+03,1.093781709671020508e+00,6.338200000000000500e-01,6.533457040786743164e-01,3.812041580677032471e-01
-5.072151909734601283e+00,2.167654689151256875e+01,1.179101806640625000e+03,9.971875548362731934e-01,6.338300000000000045e-01,8.265336155891418457e-01,4.820651412010192871e-01
-5.072678936068016675e+00,2.169420654440149221e+01,1.221667358398437500e+03,7.312363982200622559e-01,6.338400000000000700e-01,7.707625031471252441e-01,4.551332592964172363e-01
-5.077433726184326979e+00,2.169751239008797228e+01,1.308062500000000000e+03,9.638721346855163574e-01,6.338500000000000245e-01,7.941848635673522949e-01,4.796999990940093994e-01
-5.067630088058162841e+00,2.170914468990028467e+01,1.542592895507812500e+03,9.591538310050964355e-01,6.338600000000000900e-01,8.774981498718261719e-01,5.564520359039306641e-01
-5.076202308574648825e+00,2.171925096955326140e+01,1.541885498046875000e+03,1.022303819656372070e+00,6.338700000000000445e-01,1.036800503730773926e+00,6.573892831802368164e-01
-5.073897521279067568e+00,2.172941414697006124e+01,1.240394775390625000e+03,1.168494939804077148e+00,6.338799999999999990e-01,7.867079973220825195e-01,4.669588804244995117e-01
-5.079926025084547270e+00,2.174960339470858273e+01,1.514258422851562500e+03,1.329986572265625000e+00,6.338900000000000645e-01,8.043319582939147949e-01,5.074710845947265625e-01
-5.069895625983248166e+00,2.175884920125966815e+01,1.128818481445312500e+03,9.769088625907897949e-01,6.339000000000000190e-01,7.201031446456909180e-01,4.134003221988677979e-01
-5.075988114335824974e+00,2.176912085300719468e+01,1.537897583007812500e+03,1.022045135498046875e+00,6.339100000000000845e-01,8.058578968048095703e-01,5.105991959571838379e-01
-5.074991766037544316e+00,2.178685835524552772e+01,1.553068847656250000e+03,7.712287306785583496e-01,6.339200000000000390e-01,8.905444741249084473e-01,5.657598972320556641e-01
-5.077609805211391603e+00,2.178979444436776802e+01,1.361741943359375000e+03,1.020218849182128906e+00,6.339300000000001045e-01,8.240159153938293457e-01,5.040378570556640625e-01
-5.076662289744380274e+00,2.179763364514148449e+01,1.465532592773437500e+03,1.190962314605712891e+00,6.339400000000000590e-01,8.621630072593688965e-01,5.389806032180786133e-01
-5.076807979035252494e+00,2.180765793376663808e+01,1.776607177734375000e+03,1.183881282806396484e+00,6.339500000000000135e-01,6.390023827552795410e-01,4.199616312980651855e-01
-5.081671099388200830e+00,2.182721146049522787e+01,1.495415405273437500e+03,9.254044890403747559e-01,6.339600000000000790e-01,6.740214228630065918e-01,4.237763285636901855e-01
-5.074853566096991564e+00,2.183682799588680723e+01,1.482311157226562500e+03,7.703072428703308105e-01,6.339700000000000335e-01,8.400377035140991211e-01,5.268498659133911133e-01
-5.072858177251656109e+00,2.184285939341857130e+01,1.020070129394531250e+03,8.455104231834411621e-01,6.339800000000000990e-01,8.438524007797241211e-01,4.656618833541870117e-01
-5.072775708396252803e+00,2.186231929199460922e+01,1.664196777343750000e+03,9.839553236961364746e-01,6.339900000000000535e-01,8.662828803062438965e-01,5.603430271148681641e-01
-5.072681068351569955e+00,2.187102918291234133e+01,1.032167114257812500e+03,1.103626012802124023e+00,6.340000000000000080e-01,8.348496556282043457e-01,4.629152715206146240e-01
-5.069940829721309328e+00,2.187898945995389610e+01,8.965177612304687500e+02,1.680478572845458984e+00,6.340100000000000735e-01,7.165173292160034180e-01,3.736510276794433594e-01
-5.078841435514171110e+00,2.188767984194052829e+01,1.315768188476562500e+03,1.090275764465332031e+00,6.340200000000000280e-01,7.112530469894409180e-01,4.304139316082000732e-01
-5.073411157005757843e+00,2.190809596522144886e+01,1.077861572265625000e+03,6.348628401756286621e-01,6.340300000000000935e-01,7.316235899925231934e-01,4.127136766910552979e-01
-5.076020350891126576e+00,2.191601739892520584e+01,1.189274780273437500e+03,7.878643870353698730e-01,6.340400000000000480e-01,7.899886965751647949e-01,4.621523320674896240e-01
-5.073131989287563925e+00,2.192497892803736192e+01,1.254493530273437500e+03,7.808572649955749512e-01,6.340500000000000025e-01,7.805281877517700195e-01,4.650515317916870117e-01
-5.074680991767238858e+00,2.193344871059194645e+01,1.403171508789062500e+03,9.875172972679138184e-01,6.340600000000000680e-01,8.547624945640563965e-01,5.276128053665161133e-01
-5.073669740800637484e+00,2.195024031800623021e+01,1.313998779296875000e+03,9.060615897178649902e-01,6.340700000000000225e-01,9.861411452293395996e-01,5.965064764022827148e-01
-5.075588083447674315e+00,2.195504483069806767e+01,1.566145385742187500e+03,1.237021207809448242e+00,6.340800000000000880e-01,9.322774410247802734e-01,5.936073064804077148e-01
-5.071673872980921871e+00,2.196827312543994992e+01,1.698559082031250000e+03,1.325215816497802734e+00,6.340900000000000425e-01,9.084736108779907227e-01,5.906318426132202148e-01
-5.074976000966352707e+00,2.198059671579502705e+01,1.212879028320312500e+03,1.232543706893920898e+00,6.340999999999999970e-01,8.974109292030334473e-01,5.286046266555786133e-01
-5.066811021532588555e+00,2.198790632875025253e+01,1.481902709960937500e+03,1.207174777984619141e+00,6.341100000000000625e-01,7.830458879470825195e-01,4.910678565502166748e-01
-5.072364390581220128e+00,2.200821020182290866e+01,1.349734497070312500e+03,1.039981365203857422e+00,6.341200000000000170e-01,7.436017990112304688e-01,4.536073803901672363e-01
-5.071187865243503623e+00,2.201148448618704734e+01,1.078829101562500000e+03,8.325476050376892090e-01,6.341300000000000825e-01,7.365064024925231934e-01,4.156128466129302979e-01
-5.072970487995620559e+00,2.202736328593795179e+01,1.102037963867187500e+03,8.771640658378601074e-01,6.341400000000000370e-01,7.711439728736877441e-01,4.387300014495849609e-01
-5.072820941745220580e+00,2.203945404127331642e+01,1.252231933593750000e+03,8.852583765983581543e-01,6.341500000000001025e-01,7.826644182205200195e-01,4.660433530807495117e-01
-5.076705129088624702e+00,2.205072902502501009e+01,1.385063476562500000e+03,8.363968729972839355e-01,6.341600000000000570e-01,7.876235246658325195e-01,4.842776656150817871e-01
-5.070988690953453393e+00,2.205623000964985891e+01,1.100200683593750000e+03,9.630066752433776855e-01,6.341700000000000115e-01,8.263810276985168457e-01,4.698580503463745117e-01
-5.070512462290340139e+00,2.206982876722215536e+01,1.029858886718750000e+03,9.079796671867370605e-01,6.341800000000000770e-01,8.044845461845397949e-01,4.456727802753448486e-01
-5.071528604955977571e+00,2.208177291496011918e+01,1.172327148437500000e+03,9.456402659416198730e-01,6.341900000000000315e-01,9.032093286514282227e-01,5.257054567337036133e-01
-5.068073678183530717e+00,2.209128537961198901e+01,1.268251708984375000e+03,9.519178271293640137e-01,6.342000000000000970e-01,8.902392983436584473e-01,5.323430299758911133e-01
-5.066477957531207110e+00,2.210568072068521772e+01,1.703738037109375000e+03,1.132010936737060547e+00,6.342100000000000515e-01,9.265553355216979980e-01,6.028389334678649902e-01
-5.065933590749887472e+00,2.211241431723723494e+01,1.465073608398437500e+03,1.296315908432006836e+00,6.342200000000000060e-01,8.677325248718261719e-01,5.424138903617858887e-01
-5.070474467955224718e+00,2.212257151571516545e+01,1.494365722656250000e+03,1.470312595367431641e+00,6.342300000000000715e-01,9.511221051216125488e-01,5.978797674179077148e-01
-5.071638594609041206e+00,2.213306618166328477e+01,1.206118652343750000e+03,1.393430948257446289e+00,6.342400000000000260e-01,7.966262698173522949e-01,4.683321714401245117e-01
-5.075291150129160656e+00,2.214949624117008753e+01,9.994698486328125000e+02,1.241998195648193359e+00,6.342500000000000915e-01,8.340104222297668457e-01,4.563539624214172363e-01
-5.074902200891474813e+00,2.216065413100555048e+01,1.133855834960937500e+03,1.075452089309692383e+00,6.342600000000000460e-01,8.757433891296386719e-01,5.035800933837890625e-01
-5.070758017791104244e+00,2.216845147260089632e+01,1.242513427734375000e+03,1.069342613220214844e+00,6.342700000000000005e-01,8.057816028594970703e-01,4.785555899143218994e-01
-5.069958201175692736e+00,2.218525014012850960e+01,1.448166870117187500e+03,9.934825301170349121e-01,6.342800000000000660e-01,7.937270998954772949e-01,4.945010840892791748e-01
-5.072511506030858541e+00,2.219493332941314634e+01,1.309160156250000000e+03,1.048081636428833008e+00,6.342900000000000205e-01,7.925826907157897949e-01,4.788607656955718994e-01
-5.069656843194755957e+00,2.220588544087896921e+01,1.046805419921875000e+03,1.079271554946899414e+00,6.343000000000000860e-01,8.851276040077209473e-01,4.935855567455291748e-01
-5.077364688794355985e+00,2.221459213458835436e+01,1.300375488281250000e+03,9.993595480918884277e-01,6.343100000000000405e-01,7.911331057548522949e-01,4.769534170627593994e-01
-5.076739935956682714e+00,2.222781808104189238e+01,1.307301025390625000e+03,1.052523374557495117e+00,6.343200000000001060e-01,7.623701691627502441e-01,4.603975713253021240e-01
-5.074616027351436465e+00,2.223747306916195754e+01,1.231217041015625000e+03,9.384173750877380371e-01,6.343300000000000605e-01,7.368878722190856934e-01,4.362885951995849609e-01
-5.071871763474167238e+00,2.224148898739912283e+01,1.052473999023437500e+03,8.287472128868103027e-01,6.343400000000000150e-01,7.522993087768554688e-01,4.204193949699401855e-01
-5.074423081517722700e+00,2.226028587847404339e+01,1.462110961914062500e+03,8.255047202110290527e-01,6.343500000000000805e-01,7.638197541236877441e-01,4.771822988986968994e-01
-5.075559539093238648e+00,2.227160543341557997e+01,1.785253295898437500e+03,8.966977000236511230e-01,6.343600000000000350e-01,6.999614834785461426e-01,4.605501592159271240e-01
-5.078335425245729340e+00,2.227966038544301952e+01,1.320022460937500000e+03,9.203869700431823730e-01,6.343700000000001005e-01,7.748824357986450195e-01,4.694002866744995117e-01
-5.075610744820464149e+00,2.228692248600185621e+01,1.077266845703125000e+03,9.069127440452575684e-01,6.343800000000000550e-01,7.783156633377075195e-01,4.389588832855224609e-01
-5.075139130552096312e+00,2.230227729834239625e+01,1.217748779296875000e+03,8.579248785972595215e-01,6.343900000000000095e-01,6.837871074676513672e-01,4.033294916152954102e-01
-5.078997187563330407e+00,2.231452894655011221e+01,1.528685668945312500e+03,8.308059573173522949e-01,6.344000000000000750e-01,7.954818606376647949e-01,5.031986236572265625e-01
-5.073364063534975266e+00,2.232569509100349592e+01,1.571225219726562500e+03,7.833427786827087402e-01,6.344100000000000295e-01,8.943591713905334473e-01,5.699560642242431641e-01
-5.072301947643977016e+00,2.233540269932936084e+01,1.371957885742187500e+03,9.701377749443054199e-01,6.344200000000000950e-01,7.112530469894409180e-01,4.360597133636474609e-01
-5.074185615447238007e+00,2.234622786567295449e+01,1.461371704101562500e+03,1.188938140869140625e+00,6.344300000000000495e-01,7.040813565254211426e-01,4.397981166839599609e-01
-5.071735258637061428e+00,2.235693928322086421e+01,1.528903808593750000e+03,7.387763857841491699e-01,6.344400000000000039e-01,8.669695258140563965e-01,5.484411120414733887e-01
-5.074791996965274166e+00,2.236244552407351094e+01,1.334654052734375000e+03,9.497362971305847168e-01,6.344500000000000695e-01,7.378033995628356934e-01,4.484956562519073486e-01
-5.074550604763535588e+00,2.238127918272488159e+01,1.399873291015625000e+03,9.869462847709655762e-01,6.344600000000000239e-01,9.611166715621948242e-01,5.928443670272827148e-01
-5.073593451456836156e+00,2.239092672966272701e+01,1.321897338867187500e+03,1.053927659988403320e+00,6.344700000000000895e-01,9.444844722747802734e-01,5.723975300788879395e-01
-5.072098743746784599e+00,2.240083480595902898e+01,1.465395629882812500e+03,1.229594469070434570e+00,6.344800000000000439e-01,9.708060026168823242e-01,6.068825125694274902e-01
-5.068259830584862513e+00,2.241213346414822638e+01,1.255199951171875000e+03,1.286837577819824219e+00,6.344899999999999984e-01,8.881793618202209473e-01,5.292912721633911133e-01
-5.071529395320589551e+00,2.241982024066130208e+01,1.616675415039062500e+03,1.336785078048706055e+00,6.345000000000000639e-01,8.556017279624938965e-01,5.493566393852233887e-01
-5.073512637333730702e+00,2.243662091881316911e+01,1.184178955078125000e+03,1.148467779159545898e+00,6.345100000000000184e-01,8.305009007453918457e-01,4.851168990135192871e-01
-5.076389198807230052e+00,2.244128891626177946e+01,1.500608154296875000e+03,1.156568050384521484e+00,6.345200000000000840e-01,8.321793675422668457e-01,5.237218141555786133e-01
-5.066975235117866738e+00,2.245199890826608069e+01,1.663920898437500000e+03,1.016196727752685547e+00,6.345300000000000384e-01,8.266862034797668457e-01,5.347081422805786133e-01
-5.076595404453870586e+00,2.246844561199798562e+01,1.247229980468750000e+03,1.009015560150146484e+00,6.345400000000001040e-01,7.457380294799804688e-01,4.434602558612823486e-01
-5.064504161760114087e+00,2.247769801687002200e+01,1.275252319335937500e+03,9.571451544761657715e-01,6.345500000000000584e-01,6.833293437957763672e-01,4.093567132949829102e-01
-5.065167157800717135e+00,2.249070859116655186e+01,1.065063842773437500e+03,6.958205103874206543e-01,6.345600000000000129e-01,7.970077395439147949e-01,4.475038349628448486e-01
-5.066082905486734234e+00,2.249330520282397217e+01,1.576439331054687500e+03,8.227986693382263184e-01,6.345700000000000784e-01,8.218033909797668457e-01,5.241795778274536133e-01
-5.074487029858621767e+00,2.251523144474189309e+01,1.717817749023437500e+03,8.733136057853698730e-01,6.345800000000000329e-01,1.015972256660461426e+00,6.623483896255493164e-01
-5.068382440214613815e+00,2.252960156598106067e+01,1.365334594726562500e+03,1.250982999801635742e+00,6.345900000000000984e-01,8.469041585922241211e-01,5.184574723243713379e-01
-5.071481717925264476e+00,2.253306156353978196e+01,1.594465942382812500e+03,1.371838569641113281e+00,6.346000000000000529e-01,8.662065863609313965e-01,5.541631579399108887e-01
-5.065998797404125398e+00,2.254358787059550551e+01,1.411248535156250000e+03,1.272434711456298828e+00,6.346100000000000074e-01,7.513837814331054688e-01,4.645937383174896240e-01
-5.066276154536673459e+00,2.255788554374586852e+01,1.065270751953125000e+03,1.291539192199707031e+00,6.346200000000000729e-01,9.930076599121093750e-01,5.575964450836181641e-01
-5.074737529896757415e+00,2.256832818180883393e+01,1.330077148437500000e+03,9.937042593955993652e-01,6.346300000000000274e-01,1.026577115058898926e+00,6.233620643615722656e-01
-5.071454036738017201e+00,2.258010359304075010e+01,1.846620239257812500e+03,1.339874982833862305e+00,6.346400000000000929e-01,9.624899625778198242e-01,6.382394433021545410e-01
-5.072045368492704931e+00,2.259414591241082704e+01,1.198803222656250000e+03,1.404399394989013672e+00,6.346500000000000474e-01,1.037868618965148926e+00,6.088661551475524902e-01
-5.074082975675004548e+00,2.260602062239842880e+01,1.343091674804687500e+03,1.496389627456665039e+00,6.346600000000000019e-01,9.395253658294677734e-01,5.722449421882629395e-01
-5.070485650071964834e+00,2.261756229297278509e+01,1.342274414062500000e+03,1.402818679809570312e+00,6.346700000000000674e-01,1.023143887519836426e+00,6.230568885803222656e-01
-5.069845802149497871e+00,2.261922180270848770e+01,1.803318237304687500e+03,1.257942438125610352e+00,6.346800000000000219e-01,1.050457239151000977e+00,6.927897930145263672e-01
-5.071561638464396893e+00,2.263501414145653001e+01,1.389378784179687500e+03,1.474405050277709961e+00,6.346900000000000874e-01,7.304791808128356934e-01,4.495638012886047363e-01
-5.061247300837404595e+00,2.265137468690465639e+01,1.204957519531250000e+03,1.230581521987915039e+00,6.347000000000000419e-01,1.164669632911682129e+00,6.844737529754638672e-01
-5.067232269545436374e+00,2.265517781130506947e+01,1.788252075195312500e+03,1.054642915725708008e+00,6.347099999999999964e-01,1.094936728477478027e+00,7.207134962081909180e-01
-5.072892548881401176e+00,2.266989641893644603e+01,1.414481323242187500e+03,1.635283946990966797e+00,6.347200000000000619e-01,9.235035777091979980e-01,5.714057087898254395e-01
-5.070978174647205350e+00,2.267765691743041501e+01,1.121758178710937500e+03,1.792269468307495117e+00,6.347300000000000164e-01,9.635580778121948242e-01,5.518743395805358887e-01
-5.074061509122542724e+00,2.269704415253687912e+01,1.371877441406250000e+03,1.253624677658081055e+00,6.347400000000000819e-01,1.071285486221313477e+00,6.567789316177368164e-01
-5.073263630939409019e+00,2.271052399861934035e+01,1.811953125000000000e+03,1.458132982254028320e+00,6.347500000000000364e-01,9.085499048233032227e-01,5.998634099960327148e-01
-5.070040421842668010e+00,2.271336921309455903e+01,1.912562255859375000e+03,1.424828290939331055e+00,6.347600000000001019e-01,8.862720131874084473e-01,5.923103094100952148e-01
-5.077441632906237956e+00,2.272327578014289529e+01,1.796943359375000000e+03,1.286330938339233398e+00,6.347700000000000564e-01,8.078415393829345703e-01,5.323430299758911133e-01
-5.071781575509905160e+00,2.273394426064088591e+01,1.698002563476562500e+03,1.287126064300537109e+00,6.347800000000000109e-01,7.951766848564147949e-01,5.169315934181213379e-01
-5.080811282064009227e+00,2.274338511778083927e+01,1.530823730468750000e+03,1.204026460647583008e+00,6.347900000000000764e-01,8.282120823860168457e-01,5.241032838821411133e-01
-5.071239459288595874e+00,2.275613461964384499e+01,1.285788940429687500e+03,1.040321111679077148e+00,6.348000000000000309e-01,1.151318192481994629e+00,6.915690898895263672e-01
-5.074641897634987409e+00,2.276938348949506619e+01,1.065270751953125000e+03,1.259811639785766602e+00,6.348100000000000964e-01,7.685499787330627441e-01,4.315583407878875732e-01
-5.079212016409226926e+00,2.278352611873265587e+01,1.332161376953125000e+03,1.339945316314697266e+00,6.348200000000000509e-01,6.632639169692993164e-01,4.029480218887329102e-01
-5.086804490948968471e+00,2.279139672263290350e+01,1.511658935546875000e+03,8.368760943412780762e-01,6.348300000000000054e-01,6.402993798255920410e-01,4.037872552871704102e-01
-5.080704702431894759e+00,2.280614725350309158e+01,1.157739257812500000e+03,7.895202040672302246e-01,6.348400000000000709e-01,6.260323524475097656e-01,3.627409338951110840e-01
-5.082065528464259074e+00,2.281433199528676425e+01,1.198288696289062500e+03,7.409293055534362793e-01,6.348500000000000254e-01,7.176617383956909180e-01,4.209534525871276855e-01
-5.079318804693529366e+00,2.282383187636364497e+01,1.175047973632812500e+03,6.761474013328552246e-01,6.348600000000000909e-01,1.047710657119750977e+00,6.103157401084899902e-01
-5.083007318412099629e+00,2.283760002101282893e+01,1.299936645507812500e+03,1.117609262466430664e+00,6.348700000000000454e-01,9.671438932418823242e-01,5.830023884773254395e-01
-5.083734474193438935e+00,2.284259071544940767e+01,1.658521362304687500e+03,1.405930042266845703e+00,6.348799999999999999e-01,9.386861324310302734e-01,6.066536307334899902e-01
-5.086906366748195296e+00,2.285190719329974485e+01,1.679212280273437500e+03,1.369436502456665039e+00,6.348900000000000654e-01,8.837543129920959473e-01,5.729315876960754395e-01
-5.088271841007090401e+00,2.286973658483509197e+01,1.543209350585937500e+03,1.501614570617675781e+00,6.349000000000000199e-01,6.678416132926940918e-01,4.235474467277526855e-01
-5.083933895383317747e+00,2.287544076237543322e+01,1.240816040039062500e+03,1.002103805541992188e+00,6.349100000000000854e-01,6.777598261833190918e-01,4.023376405239105225e-01
-5.078745345835455893e+00,2.288180396426952612e+01,1.724507446289062500e+03,8.106655478477478027e-01,6.349200000000000399e-01,6.927897930145263672e-01,4.520815014839172363e-01
-5.080500328710605196e+00,2.289975089589727375e+01,1.225428344726562500e+03,8.283395171165466309e-01,6.349300000000001054e-01,7.851821184158325195e-01,4.641359746456146240e-01
-5.079577487961657312e+00,2.290898825502729608e+01,2.290285644531250000e+03,8.138353228569030762e-01,6.349400000000000599e-01,9.045063257217407227e-01,6.267189979553222656e-01
-5.078659696388879929e+00,2.292063496253823374e+01,1.364039550781250000e+03,9.968323111534118652e-01,6.349500000000000144e-01,9.497488141059875488e-01,5.812476277351379395e-01
-5.081977986808856151e+00,2.293522876021049939e+01,1.326473876953125000e+03,1.500668048858642578e+00,6.349600000000000799e-01,1.017269253730773926e+00,6.171821951866149902e-01
-5.077372734770845497e+00,2.294873819177695040e+01,1.444693481445312500e+03,1.467623233795166016e+00,6.349700000000000344e-01,9.157215952873229980e-01,5.701086521148681641e-01
-5.076881937356962027e+00,2.295703413884207933e+01,1.285139038085937500e+03,1.604059457778930664e+00,6.349800000000000999e-01,8.198196887969970703e-01,4.923648536205291748e-01
-5.075168660106800900e+00,2.296676896819757374e+01,1.344668457031250000e+03,1.213527441024780273e+00,6.349900000000000544e-01,7.529859542846679688e-01,4.587953984737396240e-01
-5.078538861841533247e+00,2.298425146294954757e+01,1.046071533203125000e+03,9.588474631309509277e-01,6.350000000000000089e-01,7.680922150611877441e-01,4.282014071941375732e-01
-5.075707172025855307e+00,2.299502366614388293e+01,1.366455078125000000e+03,1.064898490905761719e+00,6.350100000000000744e-01,8.165390491485595703e-01,4.999942779541015625e-01
-5.076811169580453864e+00,2.300793238139775809e+01,1.164990844726562500e+03,9.308308959007263184e-01,6.350200000000000289e-01,7.888442277908325195e-01,4.581087529659271240e-01
-5.070508374281631703e+00,2.302380820520172477e+01,1.314486816406250000e+03,1.013196229934692383e+00,6.350300000000000944e-01,7.812148332595825195e-01,4.726046323776245117e-01
-5.078448184118112607e+00,2.303210059510457697e+01,1.573798950195312500e+03,9.197849631309509277e-01,6.350400000000000489e-01,7.849532365798950195e-01,5.004520416259765625e-01
-5.074993232592187375e+00,2.304462332647996803e+01,1.096089477539062500e+03,1.014791250228881836e+00,6.350500000000000034e-01,8.368333578109741211e-01,4.751223623752593994e-01
-5.076957582813822256e+00,2.305424463542640368e+01,1.187285766601562500e+03,9.092206358909606934e-01,6.350600000000000689e-01,7.941085696220397949e-01,4.642885625362396240e-01
-5.071942033442537578e+00,2.306386703325679832e+01,1.260535888671875000e+03,9.579533934593200684e-01,6.350700000000000234e-01,7.937270998954772949e-01,4.736727774143218994e-01
-5.069331187272013040e+00,2.307269662685956035e+01,1.307513305664062500e+03,9.112412333488464355e-01,6.350800000000000889e-01,8.997761011123657227e-01,5.434057116508483887e-01
-5.076942372840937523e+00,2.308750872370541884e+01,1.652694580078125000e+03,9.711307883262634277e-01,6.350900000000000434e-01,8.086044788360595703e-01,5.221195816993713379e-01
-5.067122958650694287e+00,2.310089608949414597e+01,1.355807373046875000e+03,1.110232591629028320e+00,6.350999999999999979e-01,9.440267086029052734e-01,5.766699910163879395e-01
-5.066962730641392021e+00,2.310929800764144915e+01,1.315857910156250000e+03,1.128081798553466797e+00,6.351100000000000634e-01,8.424791097640991211e-01,5.098362565040588379e-01
-5.072922254424180544e+00,2.312056879737583870e+01,1.351019042968750000e+03,1.327315092086791992e+00,6.351200000000000179e-01,7.185009717941284180e-01,4.384248256683349609e-01
-5.072419460038374517e+00,2.313590871865544329e+01,1.027241333007812500e+03,9.919912219047546387e-01,6.351300000000000834e-01,7.988387942314147949e-01,4.420869648456573486e-01
-5.067261438399762064e+00,2.314172319790722554e+01,9.447871704101562500e+02,8.437926173210144043e-01,6.351400000000000379e-01,8.760485649108886719e-01,4.678744077682495117e-01
-5.070078718631958914e+00,2.315134279784647475e+01,1.099489257812500000e+03,9.469527602195739746e-01,6.351500000000001034e-01,8.932910561561584473e-01,5.077762603759765625e-01
-5.072878523256973970e+00,2.316625654598838580e+01,1.485327514648437500e+03,1.038422107696533203e+00,6.351600000000000579e-01,8.562120795249938965e-01,5.373021364212036133e-01
-5.071744729199633817e+00,2.317992301305073966e+01,1.601151489257812500e+03,1.139337539672851562e+00,6.351700000000000124e-01,9.311330318450927734e-01,5.963538885116577148e-01
-5.065124952423426308e+00,2.318687774605683316e+01,1.454715454101562500e+03,1.270548820495605469e+00,6.351800000000000779e-01,8.140976428985595703e-01,5.078526139259338379e-01
-5.071574259771533200e+00,2.319638223066653637e+01,1.544939819335937500e+03,1.161262512207031250e+00,6.351900000000000324e-01,8.601793646812438965e-01,5.456945300102233887e-01
-5.067846771532319217e+00,2.320651417586066501e+01,1.732157836914062500e+03,1.058389663696289062e+00,6.352000000000000979e-01,6.398416161537170410e-01,4.179779887199401855e-01
-5.075930601921404772e+00,2.321826147151810815e+01,1.522437500000000000e+03,1.060741662979125977e+00,6.352100000000000524e-01,6.206917762756347656e-01,3.921905159950256348e-01
-5.075071575197397600e+00,2.322781779526888357e+01,1.315774658203125000e+03,6.876940131187438965e-01,6.352200000000000069e-01,8.059341907501220703e-01,4.877108931541442871e-01
-5.070387274669691635e+00,2.324393256105180683e+01,1.158760864257812500e+03,8.322865366935729980e-01,6.352300000000000724e-01,7.357434630393981934e-01,4.264466464519500732e-01
-5.066048421762831211e+00,2.324826107760901905e+01,1.560162231445312500e+03,9.024543166160583496e-01,6.352400000000000269e-01,8.192856311798095703e-01,5.211277604103088379e-01
-5.077050332607437433e+00,2.326760646215052120e+01,1.060300781250000000e+03,1.052393436431884766e+00,6.352500000000000924e-01,7.078960537910461426e-01,3.967681825160980225e-01
-5.075938951549980871e+00,2.327771941490904695e+01,1.309969604492187500e+03,8.643144965171813965e-01,6.352600000000000469e-01,8.593401312828063965e-01,5.192967057228088379e-01
-5.077861454133564933e+00,2.328162886711174906e+01,1.015802062988281250e+03,9.340483546257019043e-01,6.352700000000000014e-01,8.626207709312438965e-01,4.751986563205718994e-01
-5.076335914680163874e+00,2.329347126628558939e+01,1.415785644531250000e+03,1.008808135986328125e+00,6.352800000000000669e-01,1.074260950088500977e+00,6.648661494255065918e-01
-5.078756602725652769e+00,2.330554572388441059e+01,1.419503540039062500e+03,1.221622943878173828e+00,6.352900000000000214e-01,1.001247406005859375e+00,6.201577186584472656e-01
-5.076404047314396983e+00,2.331525258765943676e+01,1.633320678710937500e+03,1.510563611984252930e+00,6.353000000000000869e-01,1.008953094482421875e+00,6.495310068130493164e-01
-5.076899401059123740e+00,2.332832244902598262e+01,1.743737548828125000e+03,1.420164823532104492e+00,6.353100000000000414e-01,1.407819390296936035e+00,9.211384654045104980e-01
-5.080115862561059181e+00,2.333574107322802504e+01,1.976236328125000000e+03,1.498543739318847656e+00,6.353200000000001069e-01,1.245617866516113281e+00,8.383592367172241211e-01
-5.072123272578839881e+00,2.334907137626753482e+01,1.427953491210937500e+03,2.255638360977172852e+00,6.353300000000000614e-01,9.162556529045104980e-01,5.685064792633056641e-01
-5.075678568260285850e+00,2.336051335634076054e+01,1.403290161132812500e+03,1.870349168777465820e+00,6.353400000000000158e-01,1.036800503730773926e+00,6.399942040443420410e-01
-5.073525616995394394e+00,2.336618323245878059e+01,1.443490600585937500e+03,1.428797960281372070e+00,6.353500000000000814e-01,9.177815318107604980e-01,5.712531208992004395e-01
-5.081442021617137428e+00,2.338254467281659643e+01,1.323023559570312500e+03,1.346288442611694336e+00,6.353600000000000358e-01,1.027797818183898926e+00,6.230568885803222656e-01
-5.075445177914697403e+00,2.339890397962056667e+01,1.027242187500000000e+03,1.382752180099487305e+00,6.353700000000001014e-01,8.938251137733459473e-01,4.946536719799041748e-01
-5.082274084648810586e+00,2.339864340473480198e+01,2.024487792968750000e+03,1.645966291427612305e+00,6.353800000000000558e-01,8.665880560874938965e-01,5.862067937850952148e-01
-5.071956953548848901e+00,2.341437129454539701e+01,1.548064086914062500e+03,1.144732952117919922e+00,6.353900000000000103e-01,7.747298479080200195e-01,4.917545020580291748e-01
-5.072978378929569487e+00,2.342838028820816731e+01,1.758907836914062500e+03,1.163061380386352539e+00,6.354000000000000759e-01,9.482992291450500488e-01,6.217598915100097656e-01
-5.076488434365831637e+00,2.344552915290097417e+01,1.618408569335937500e+03,1.017899036407470703e+00,6.354100000000000303e-01,1.159710526466369629e+00,7.448225021362304688e-01
-5.077966662708000456e+00,2.345099687161883395e+01,1.377610595703125000e+03,1.473290443420410156e+00,6.354200000000000959e-01,9.647787809371948242e-01,5.922340154647827148e-01
-5.075809152912900579e+00,2.346064659277674380e+01,1.172740844726562500e+03,1.772090911865234375e+00,6.354300000000000503e-01,8.949695229530334473e-01,5.209751725196838379e-01
-5.075249274827696055e+00,2.347567024224626309e+01,1.529986816406250000e+03,1.348137378692626953e+00,6.354400000000000048e-01,1.076854944229125977e+00,6.813457012176513672e-01
-5.078288407114123437e+00,2.348382212049327222e+01,1.792638183593750000e+03,1.301264286041259766e+00,6.354500000000000703e-01,9.821738600730895996e-01,6.468606591224670410e-01
-5.076260140465265636e+00,2.349133355279253976e+01,1.317310791015625000e+03,1.636801481246948242e+00,6.354600000000000248e-01,1.002239227294921875e+00,6.067299246788024902e-01
-5.075832630843145843e+00,2.350546401253580342e+01,1.314711669921875000e+03,1.416723251342773438e+00,6.354700000000000903e-01,1.063274621963500977e+00,6.432748436927795410e-01
-5.075253039737933847e+00,2.351262576163605900e+01,1.088844238281250000e+03,1.649724960327148438e+00,6.354800000000000448e-01,8.205063939094543457e-01,4.646700322628021240e-01
-5.075815662489121749e+00,2.352826165872314235e+01,1.267140380859375000e+03,1.361834526062011719e+00,6.354899999999999993e-01,8.964954018592834473e-01,5.359288454055786133e-01
-5.077257223399215924e+00,2.353694154749247502e+01,1.285319458007812500e+03,1.141781330108642578e+00,6.355000000000000648e-01,7.320050597190856934e-01,4.396455287933349609e-01
-5.070551860940575750e+00,2.355022526173720010e+01,1.187288574218750000e+03,1.240481853485107422e+00,6.355100000000000193e-01,7.413892149925231934e-01,4.334656894207000732e-01
-5.076835677886259113e+00,2.356513480386514559e+01,1.798353271484375000e+03,8.316094279289245605e-01,6.355200000000000848e-01,9.515798687934875488e-01,6.271767616271972656e-01
-5.069190518288414715e+00,2.357307168429428401e+01,1.272294067382812500e+03,1.068086147308349609e+00,6.355300000000000393e-01,7.000377774238586426e-01,4.190461039543151855e-01
-5.071299111716564667e+00,2.358548470254656593e+01,1.829458374023437500e+03,1.044806957244873047e+00,6.355400000000001048e-01,8.224900364875793457e-01,5.442449450492858887e-01
-5.074373145640432625e+00,2.359565080166742135e+01,1.550138305664062500e+03,8.816093802452087402e-01,6.355500000000000593e-01,7.979995608329772949e-01,5.067081451416015625e-01
-5.070467741306128318e+00,2.361103393834603281e+01,1.881420532226562500e+03,1.020317792892456055e+00,6.355600000000000138e-01,9.447133541107177734e-01,6.290841102600097656e-01
-5.075745286012346646e+00,2.361815744962084551e+01,1.140424682617187500e+03,1.283254146575927734e+00,6.355700000000000793e-01,8.861957192420959473e-01,5.106754899024963379e-01
-5.072995590910513108e+00,2.362969501466221800e+01,1.278072021484375000e+03,1.249236583709716797e+00,6.355800000000000338e-01,9.690512418746948242e-01,5.809424519538879395e-01
-5.070244897185169464e+00,2.363496190708790934e+01,1.696421508789062500e+03,1.173475503921508789e+00,6.355900000000000993e-01,8.458360433578491211e-01,5.497381091117858887e-01
-5.071332429047194168e+00,2.365129552450181549e+01,1.262661132812500000e+03,1.231078624725341797e+00,6.356000000000000538e-01,8.746752738952636719e-01,5.222721695899963379e-01
-5.067892277048548166e+00,2.366153364715340857e+01,1.278533447265625000e+03,1.083725214004516602e+00,6.356100000000000083e-01,8.105118274688720703e-01,4.859561324119567871e-01
-5.072700327218939265e+00,2.367214177790812712e+01,9.943632202148437500e+02,1.093736410140991211e+00,6.356200000000000738e-01,7.632856965065002441e-01,4.167572557926177979e-01
-5.072120434160020785e+00,2.367323503218352343e+01,1.144391479492187500e+03,1.002480506896972656e+00,6.356300000000000283e-01,6.830241680145263672e-01,3.940978646278381348e-01
-5.070472725774236800e+00,2.369501701290707274e+01,1.445802368164062500e+03,8.789426684379577637e-01,6.356400000000000938e-01,6.871440410614013672e-01,4.278962314128875732e-01
-5.069906880282759154e+00,2.370748650248980383e+01,1.185161499023437500e+03,7.654065489768981934e-01,6.356500000000000483e-01,8.939777016639709473e-01,5.223484635353088379e-01
-5.069307414047054650e+00,2.371848780554030611e+01,1.581894165039062500e+03,9.525913596153259277e-01,6.356600000000000028e-01,8.748278617858886719e-01,5.585119724273681641e-01
-5.073996736508002314e+00,2.372958932075928118e+01,1.345940673828125000e+03,1.146218299865722656e+00,6.356700000000000683e-01,7.500104904174804688e-01,4.571169316768646240e-01
-5.069180825152557190e+00,2.373920409796753717e+01,1.220401367187500000e+03,1.219036102294921875e+00,6.356800000000000228e-01,7.839614152908325195e-01,4.627626836299896240e-01
-5.074333858869604086e+00,2.375061527475707024e+01,1.317812988281250000e+03,9.052366614341735840e-01,6.356900000000000883e-01,9.411275386810302734e-01,5.698034763336181641e-01
-5.072245253069818105e+00,2.375763150488431918e+01,1.319898559570312500e+03,1.010666608810424805e+00,6.357000000000000428e-01,8.568987250328063965e-01,5.190678238868713379e-01
-5.075974813263851360e+00,2.377335436441389760e+01,1.837296020507812500e+03,1.226521253585815430e+00,6.357099999999999973e-01,1.022228360176086426e+00,6.770731806755065918e-01
-5.070739778642604279e+00,2.378846970197739452e+01,1.650977783203125000e+03,1.174152612686157227e+00,6.357200000000000628e-01,8.538469672203063965e-01,5.511876940727233887e-01
-5.072336091920129242e+00,2.379357235069410237e+01,1.241292114257812500e+03,1.397143125534057617e+00,6.357300000000000173e-01,6.690623164176940918e-01,3.972259461879730225e-01
-5.072330764632392963e+00,2.379738412537859560e+01,1.407848876953125000e+03,1.019367694854736328e+00,6.357400000000000828e-01,7.836562395095825195e-01,4.842013716697692871e-01
-5.070389823257349882e+00,2.380369800502397126e+01,1.133862426757812500e+03,8.950514197349548340e-01,6.357500000000000373e-01,8.421739339828491211e-01,4.842776656150817871e-01
-5.078237617554248295e+00,2.381185101185932140e+01,1.409076171875000000e+03,9.405333399772644043e-01,6.357600000000001028e-01,8.249314427375793457e-01,5.098362565040588379e-01
-5.072717718116685148e+00,2.380867968357066644e+01,3.260569824218750000e+03,1.055160284042358398e+00,6.357700000000000573e-01,1.395803093910217285e-01,1.021198332309722900e-01
-5.077030174239368421e+00,2.381284159791310628e+01,4.565183105468750000e+03,9.084839224815368652e-01,6.357800000000000118e-01,6.488824635744094849e-02,4.924792796373367310e-02
-5.083235670994631583e+00,2.382143889326637876e+01,-1.121935546875000000e+03,3.456586897373199463e-01,6.357900000000000773e-01,3.849044069647789001e-02,4.650133848190307617e-02
