# x_coordinates, y_coordinates, TEP, TED, times, high, low
-9.868703922152347374e+00,1.808236590156015922e+01,7.645941772460937500e+02,1.112264469265937805e-01,5.702500000000000346e-01,1.989372223615646362e-01,9.571111947298049927e-02
-9.865385446575663408e+00,1.807679097512766475e+01,1.332269897460937500e+03,8.941591531038284302e-02,5.702600000000001002e-01,2.307519167661666870e-01,1.401906609535217285e-01
-9.875023577598401658e+00,1.807070488634908045e+01,1.986352294921875000e+03,1.692027002573013306e-01,5.702700000000000546e-01,4.097381830215454102e-01,2.760706841945648193e-01
-9.868153627833482489e+00,1.808148121605273673e+01,1.381534912109375000e+03,1.485282331705093384e-01,5.702800000000000091e-01,4.784030020236968994e-01,2.939235568046569824e-01
-9.872331789455449425e+00,1.808017496134299407e+01,1.430479003906250000e+03,5.940944552421569824e-01,5.702900000000000746e-01,4.132477343082427979e-01,2.565393745899200439e-01
-9.870854707172785680e+00,1.808308940969227763e+01,2.369389160156250000e+03,5.962306857109069824e-01,5.703000000000000291e-01,4.713076353073120117e-01,3.285611271858215332e-01
-9.861285961271237355e+00,1.808473545903457591e+01,1.408960693359375000e+03,5.388814806938171387e-01,5.703100000000000946e-01,4.064575433731079102e-01,2.511987686157226562e-01
-9.865865429864461689e+00,1.809980465496081337e+01,1.473589843750000000e+03,5.568427443504333496e-01,5.703200000000000491e-01,3.936401009559631348e-01,2.464685291051864624e-01
-9.865493165991974678e+00,1.811298837390101824e+01,1.001164489746093750e+03,4.659408628940582275e-01,5.703300000000000036e-01,3.396237790584564209e-01,1.859672069549560547e-01
-9.866183885269387943e+00,1.812883953073608012e+01,1.625472167968750000e+03,4.557961523532867432e-01,5.703400000000000691e-01,3.590025305747985840e-01,2.308282107114791870e-01
-9.864166641276945313e+00,1.813822360231194608e+01,2.204428955078125000e+03,2.996379435062408447e-01,5.703500000000000236e-01,4.518526196479797363e-01,3.108608722686767578e-01
-9.859943705129284197e+00,1.815540850332042311e+01,1.359939453125000000e+03,5.295044779777526855e-01,5.703600000000000891e-01,3.856292068958282471e-01,2.357873320579528809e-01
-9.868300479037285911e+00,1.817661450622044583e+01,1.178832153320312500e+03,5.288345217704772949e-01,5.703700000000000436e-01,3.322232663631439209e-01,1.937492191791534424e-01
-9.865306775723222898e+00,1.819516379457649080e+01,1.086891601562500000e+03,4.226738512516021729e-01,5.703799999999999981e-01,3.538145124912261963e-01,2.002342194318771362e-01
-9.870258170407446130e+00,1.821501858698691478e+01,1.160970458984375000e+03,3.457862436771392822e-01,5.703900000000000636e-01,3.206265270709991455e-01,1.859672069549560547e-01
-9.871279955727867872e+00,1.824619555141271121e+01,1.152549804687500000e+03,3.021627962589263916e-01,5.704000000000000181e-01,4.610079228878021240e-01,2.666864991188049316e-01
-9.870495509330218908e+00,1.827366045047214271e+01,1.593850585937500000e+03,3.279859125614166260e-01,5.704100000000000836e-01,6.727244257926940918e-01,4.303376376628875732e-01
-9.870721948955729630e+00,1.829269081966311816e+01,1.793855468750000000e+03,7.348782420158386230e-01,5.704200000000000381e-01,4.520052075386047363e-01,2.977382540702819824e-01
-9.867895450416545700e+00,1.832453822061803805e+01,1.143209838867187500e+03,1.139574766159057617e+00,5.704299999999999926e-01,4.742831289768218994e-01,2.735529839992523193e-01
-9.865276414675042460e+00,1.834453300249267471e+01,3.649715332031250000e+03,5.314225554466247559e-01,5.704400000000000581e-01,8.359177708625793457e-01,6.200051307678222656e-01
-9.869826417207603342e+00,1.837231413284881398e+01,2.930314208984375000e+03,9.802038073539733887e-01,5.704500000000000126e-01,5.846045613288879395e-01,4.215638041496276855e-01
-9.870229943731237299e+00,1.839173629270012000e+01,1.143101074218750000e+03,1.459011554718017578e+00,5.704600000000000781e-01,4.699343442916870117e-01,2.710352838039398193e-01
-9.870968978607665534e+00,1.842325816237367775e+01,1.331947387695312500e+03,9.805638194084167480e-01,5.704700000000000326e-01,4.562013745307922363e-01,2.771387994289398193e-01
-9.866836629715175278e+00,1.844783302849397444e+01,1.637459228515625000e+03,5.999249815940856934e-01,5.704800000000000981e-01,7.369641661643981934e-01,4.747408926486968994e-01
-9.865979611240121017e+00,1.847218353670542257e+01,1.167901977539062500e+03,8.868498206138610840e-01,5.704900000000000526e-01,4.664248228073120117e-01,2.711115777492523193e-01
-9.870409192628207151e+00,1.849174022399097339e+01,1.513604125976562500e+03,1.116191864013671875e+00,5.705000000000000071e-01,4.526155591011047363e-01,2.855311930179595947e-01
-9.875147959793926233e+00,1.851774800045045666e+01,1.608616088867187500e+03,6.166476607322692871e-01,5.705100000000000726e-01,5.805609822273254395e-01,3.722777366638183594e-01
-9.873138036061932965e+00,1.854147519492119045e+01,1.561546142578125000e+03,6.162423491477966309e-01,5.705200000000000271e-01,6.094765067100524902e-01,3.877654671669006348e-01
-9.868930729789607170e+00,1.856428550797267008e+01,1.393859497070312500e+03,9.523779749870300293e-01,5.705300000000000926e-01,3.664030730724334717e-01,2.257165014743804932e-01
-9.870851255421229098e+00,1.858694707873379670e+01,1.136315429687500000e+03,9.101135134696960449e-01,5.705400000000000471e-01,3.474057912826538086e-01,1.999290436506271362e-01
-9.868932805504764261e+00,1.860508056008945843e+01,1.373758422851562500e+03,4.733342230319976807e-01,5.705500000000000016e-01,3.330624997615814209e-01,2.042778134346008301e-01
-9.870299451190936324e+00,1.862861356995765760e+01,1.020950622558593750e+03,4.089850485324859619e-01,5.705600000000000671e-01,4.080597162246704102e-01,2.252587378025054932e-01
-9.868809283222395479e+00,1.865584651415619533e+01,1.114293334960937500e+03,3.733200132846832275e-01,5.705700000000000216e-01,4.362123012542724609e-01,2.492151260375976562e-01
-9.868500904381157568e+00,1.867540237686244708e+01,1.409480834960937500e+03,4.584735929965972900e-01,5.705800000000000871e-01,5.070133209228515625e-01,3.133785724639892578e-01
-9.866083891516362669e+00,1.869845132394662812e+01,1.306275634765625000e+03,5.427033305168151855e-01,5.705900000000000416e-01,4.189698100090026855e-01,2.529535293579101562e-01
-9.867448962019222947e+00,1.872441720180899694e+01,1.418249511718750000e+03,6.374580264091491699e-01,5.705999999999999961e-01,3.508390486240386963e-01,2.172478437423706055e-01
-9.869010251688406399e+00,1.874909340452898476e+01,1.991605468750000000e+03,4.657346308231353760e-01,5.706100000000000616e-01,4.198090434074401855e-01,2.830134630203247070e-01
-9.869782145498319892e+00,1.876792230479659551e+01,1.892165771484375000e+03,4.883688986301422119e-01,5.706200000000000161e-01,5.093784928321838379e-01,3.396237790584564209e-01
-9.873556830055754574e+00,1.879187403109745702e+01,1.299303466796875000e+03,6.660575270652770996e-01,5.706300000000000816e-01,4.610842168331146240e-01,2.779017686843872070e-01
-9.869873329207045742e+00,1.881746881800146909e+01,1.529547851562500000e+03,6.444389224052429199e-01,5.706400000000000361e-01,5.030460357666015625e-01,3.182614147663116455e-01
-9.867845490423013288e+00,1.883787304264611606e+01,2.271212890625000000e+03,5.755514502525329590e-01,5.706500000000001016e-01,7.374982237815856934e-01,5.102177262306213379e-01
-9.867772771493612538e+00,1.886517325293831959e+01,1.480735107421875000e+03,6.356627345085144043e-01,5.706600000000000561e-01,6.412149071693420410e-01,4.020324647426605225e-01
-9.873701478554266942e+00,1.888859155446963101e+01,1.878890991210937500e+03,1.230910539627075195e+00,5.706700000000000106e-01,6.444955468177795410e-01,4.290406405925750732e-01
-9.868312704860063178e+00,1.891257425407889059e+01,1.777263671875000000e+03,1.150696992874145508e+00,5.706800000000000761e-01,4.398744106292724609e-01,2.891170084476470947e-01
-9.866866396045704590e+00,1.893711156997490974e+01,1.369909545898437500e+03,9.480149149894714355e-01,5.706900000000000306e-01,4.086700677871704102e-01,2.504358291625976562e-01
-9.869515301898353243e+00,1.896309251487195269e+01,9.483518676757812500e+02,6.488711237907409668e-01,5.707000000000000961e-01,3.540433943271636963e-01,1.894004344940185547e-01
-9.869399968907313081e+00,1.898922488584399204e+01,1.289306396484375000e+03,5.168051123619079590e-01,5.707100000000000506e-01,3.657927215099334717e-01,2.199181318283081055e-01
-9.872215889322729865e+00,1.902119065350792937e+01,2.134062255859375000e+03,4.128247797489166260e-01,5.707200000000000051e-01,8.470567464828491211e-01,5.791113972663879395e-01
-9.872312737221241363e+00,1.904163369450490961e+01,1.460236206054687500e+03,5.888432860374450684e-01,5.707300000000000706e-01,4.116455614566802979e-01,2.570734322071075439e-01
-9.870438672287480841e+00,1.907170008095099689e+01,1.639073852539062500e+03,1.234913587570190430e+00,5.707400000000000251e-01,4.335419833660125732e-01,2.793513536453247070e-01
-9.868748623996888014e+00,1.909602001250205561e+01,1.423290527343750000e+03,5.104727149009704590e-01,5.707500000000000906e-01,5.160160660743713379e-01,3.198635876178741455e-01
-9.872690292289290070e+00,1.912798745243258125e+01,1.386613403320312500e+03,7.351095080375671387e-01,5.707600000000000451e-01,4.344575405120849609e-01,2.672205567359924316e-01
-9.874674985573422603e+00,1.914766026116868858e+01,2.667637451171875000e+03,6.016678214073181152e-01,5.707699999999999996e-01,8.182175159454345703e-01,5.817816853523254395e-01
-9.871276242110052834e+00,1.916955659346053054e+01,1.785629638671875000e+03,8.911973834037780762e-01,5.707800000000000651e-01,5.177708268165588379e-01,3.406919240951538086e-01
-9.871452788268827661e+00,1.919456608586226309e+01,1.054428955078125000e+03,1.237256050109863281e+00,5.707900000000000196e-01,4.052368402481079102e-01,2.266320288181304932e-01
-9.873953959434924599e+00,1.922006874193028025e+01,1.170108520507812500e+03,6.969899535179138184e-01,5.708000000000000851e-01,4.922122657299041748e-01,2.862941324710845947e-01
-9.878653290437748424e+00,1.923945370002038402e+01,1.362639160156250000e+03,5.852062106132507324e-01,5.708100000000000396e-01,5.440160632133483887e-01,3.328336179256439209e-01
-9.876511291506059109e+00,1.926072080539709930e+01,1.809269409179687500e+03,6.938619017601013184e-01,5.708199999999999941e-01,5.105229020118713379e-01,3.369534909725189209e-01
-9.878757176432507947e+00,1.928586776890388066e+01,1.859201782226562500e+03,8.553559184074401855e-01,5.708300000000000596e-01,5.265446901321411133e-01,3.496946394443511963e-01
-9.877047876908505941e+00,1.930847902609590960e+01,1.717270019531250000e+03,5.948120951652526855e-01,5.708400000000000141e-01,6.081795096397399902e-01,3.964630067348480225e-01
-9.875275535799222126e+00,1.933042494177335868e+01,3.212227050781250000e+03,1.037790298461914062e+00,5.708500000000000796e-01,9.439504146575927734e-01,6.892802715301513672e-01
-9.874221721187771195e+00,1.935727074921580382e+01,1.771923339843750000e+03,9.841508269309997559e-01,5.708600000000000341e-01,8.523210883140563965e-01,5.598089694976806641e-01
-9.870427379137163726e+00,1.938596082934405374e+01,1.784951171875000000e+03,1.785904884338378906e+00,5.708700000000000996e-01,5.230351090431213379e-01,3.441251516342163086e-01
-9.878304961423854280e+00,1.940560837283965867e+01,2.636279296875000000e+03,1.497053623199462891e+00,5.708800000000000541e-01,7.311658263206481934e-01,5.189152359962463379e-01
-9.872874331716655405e+00,1.942599327174212220e+01,2.249231689453125000e+03,9.349030852317810059e-01,5.708900000000000086e-01,6.206154823303222656e-01,4.285828769207000732e-01
-9.872901940167349011e+00,1.945960052152950581e+01,1.334088378906250000e+03,1.349130392074584961e+00,5.709000000000000741e-01,4.382722377777099609e-01,2.663813233375549316e-01
-9.876879256183876521e+00,1.948128840547615326e+01,2.442480224609375000e+03,9.625989794731140137e-01,5.709100000000000286e-01,3.756346702575683594e-01,2.632532715797424316e-01
-9.878287073149547126e+00,1.950909301880240321e+01,1.437006835937500000e+03,5.644077658653259277e-01,5.709200000000000941e-01,5.534765124320983887e-01,3.440488576889038086e-01
-9.875040124244833351e+00,1.952831812211698193e+01,1.346051513671875000e+03,5.577415823936462402e-01,5.709300000000000486e-01,5.157871842384338379e-01,3.143703937530517578e-01
-9.873255412918773288e+00,1.955117120961122623e+01,1.429268798828125000e+03,8.240074515342712402e-01,5.709400000000000031e-01,4.533022046089172363e-01,2.813349962234497070e-01
-9.871916548401355129e+00,1.958271774754428662e+01,1.389119873046875000e+03,6.083959937095642090e-01,5.709500000000000686e-01,4.973239898681640625e-01,3.060543239116668701e-01
-9.873622566153141378e+00,1.960077344470586169e+01,1.075517822265625000e+03,6.717628836631774902e-01,5.709600000000000231e-01,3.947845399379730225e-01,2.225121408700942993e-01
-9.873760331938139956e+00,1.962790782183250826e+01,1.122799072265625000e+03,5.648488402366638184e-01,5.709700000000000886e-01,4.996891021728515625e-01,2.862941324710845947e-01
-9.874483804452859559e+00,1.965184004210123803e+01,1.606928344726562500e+03,4.345459043979644775e-01,5.709800000000000431e-01,5.269261598587036133e-01,3.377927243709564209e-01
-9.873054091146688194e+00,1.967781420937274106e+01,1.484013183593750000e+03,6.314248442649841309e-01,5.709899999999999975e-01,3.550352156162261963e-01,2.227410227060317993e-01
-9.874352382946533169e+00,1.970443657981694940e+01,1.258912841796875000e+03,5.324215292930603027e-01,5.710000000000000631e-01,3.677763640880584717e-01,2.193840742111206055e-01
-9.878148950985451648e+00,1.972997539018492574e+01,1.361991699218750000e+03,4.299229681491851807e-01,5.710100000000000176e-01,3.242123425006866455e-01,1.983268707990646362e-01
-9.873960778780883629e+00,1.975269402624809700e+01,1.334423950195312500e+03,4.735690653324127197e-01,5.710200000000000831e-01,4.161469042301177979e-01,2.529535293579101562e-01
-9.875064506790300456e+00,1.977867926003101573e+01,1.164195312500000000e+03,3.962725698947906494e-01,5.710300000000000376e-01,3.443540334701538086e-01,1.999290436506271362e-01
-9.874373353872188730e+00,1.979986547428629962e+01,1.097749755859375000e+03,4.718941748142242432e-01,5.710399999999999920e-01,4.260651767253875732e-01,2.420434653759002686e-01
-9.869796040471685572e+00,1.982705647855986086e+01,1.537258666992187500e+03,3.974849283695220947e-01,5.710500000000000576e-01,4.540651440620422363e-01,2.876674234867095947e-01
-9.867180735839678363e+00,1.985740110724255914e+01,1.159558349609375000e+03,5.396241545677185059e-01,5.710600000000000120e-01,5.057926177978515625e-01,2.932369112968444824e-01
-9.871767720926424516e+00,1.988422319731274257e+01,1.628437988281250000e+03,6.431097388267517090e-01,5.710700000000000776e-01,5.049533843994140625e-01,3.248227238655090332e-01
-9.872576972407657081e+00,1.990753298064955956e+01,1.158068725585937500e+03,7.147509455680847168e-01,5.710800000000000320e-01,4.604738652706146240e-01,2.668390870094299316e-01
-9.872707794274353077e+00,1.992813971373970006e+01,1.382312500000000000e+03,6.650883555412292480e-01,5.710900000000000976e-01,3.180325329303741455e-01,1.954276859760284424e-01
-9.872278054509465051e+00,1.995652861593731586e+01,1.180778320312500000e+03,5.631524920463562012e-01,5.711000000000000520e-01,3.372586667537689209e-01,1.968009769916534424e-01
-9.875287121148101477e+00,1.998800182366767331e+01,1.441247924804687500e+03,3.193646967411041260e-01,5.711100000000000065e-01,5.098362565040588379e-01,3.171932995319366455e-01
-9.875853990852426989e+00,2.000476587506054571e+01,1.309587768554687500e+03,3.633171617984771729e-01,5.711200000000000720e-01,5.253239870071411133e-01,3.174221813678741455e-01
-9.879347922978880092e+00,2.003044425180804922e+01,1.288655151367187500e+03,6.699663996696472168e-01,5.711300000000000265e-01,4.944247901439666748e-01,2.972041964530944824e-01
-9.873640776651619433e+00,2.005930196304253244e+01,2.136276123046875000e+03,6.446689963340759277e-01,5.711400000000000921e-01,4.961032867431640625e-01,3.392423093318939209e-01
-9.874021146167510921e+00,2.008213589606246074e+01,1.846956176757812500e+03,5.643183588981628418e-01,5.711500000000000465e-01,5.877326726913452148e-01,3.897491097450256348e-01
-9.875008604556359870e+00,2.010789253643581276e+01,1.670160766601562500e+03,8.393043875694274902e-01,5.711600000000000010e-01,4.379670619964599609e-01,2.835475206375122070e-01
-9.871232763933441845e+00,2.012898636430906052e+01,1.882003295898437500e+03,8.299238085746765137e-01,5.711700000000000665e-01,4.759615957736968994e-01,3.169644176959991455e-01
-9.879180073176215160e+00,2.016109194768446500e+01,1.194856567382812500e+03,6.358391642570495605e-01,5.711800000000000210e-01,4.634493291378021240e-01,2.715693414211273193e-01
-9.878111172981226318e+00,2.018022301305426325e+01,9.421088867187500000e+02,6.774467825889587402e-01,5.711900000000000865e-01,4.117218554019927979e-01,2.196129560470581055e-01
-9.876825426497974902e+00,2.020487695365249436e+01,8.348404541015625000e+02,4.995602667331695557e-01,5.712000000000000410e-01,4.972476959228515625e-01,2.505121231079101562e-01
-9.876184960628100029e+00,2.023572643978874552e+01,1.718172729492187500e+03,5.390030741691589355e-01,5.712099999999999955e-01,4.195801615715026855e-01,2.735529839992523193e-01
-9.878302013668246673e+00,2.025328862950831166e+01,1.822221313476562500e+03,5.916530489921569824e-01,5.712200000000000610e-01,3.313840031623840332e-01,2.190788984298706055e-01
-9.879042350082839263e+00,2.028187496156991543e+01,1.615338745117187500e+03,5.009753108024597168e-01,5.712300000000000155e-01,4.333893954753875732e-01,2.782069444656372070e-01
-9.886348100362798874e+00,2.030350136692469221e+01,1.526434082031250000e+03,4.324406683444976807e-01,5.712400000000000810e-01,4.334656894207000732e-01,2.740870416164398193e-01
-9.883452165029558145e+00,2.032644822874953761e+01,1.543639160156250000e+03,5.827993750572204590e-01,5.712500000000000355e-01,4.695528745651245117e-01,2.978145480155944824e-01
-9.877580606253918205e+00,2.035094235237597715e+01,1.100418579101562500e+03,5.414325594902038574e-01,5.712600000000001010e-01,5.212040543556213379e-01,2.963649630546569824e-01
-9.878666792718133749e+00,2.037653568573426099e+01,1.254625732421875000e+03,6.831223368644714355e-01,5.712700000000000555e-01,4.288880527019500732e-01,2.555475533008575439e-01
-9.880849746838364922e+00,2.040857188597166072e+01,1.036628784179687500e+03,6.877464652061462402e-01,5.712800000000000100e-01,3.483976423740386963e-01,1.935203373432159424e-01
-9.878208129259036241e+00,2.042686736429364913e+01,1.071342773437500000e+03,4.285902082920074463e-01,5.712900000000000755e-01,3.381741940975189209e-01,1.903159767389297485e-01
-9.884862532349908193e+00,2.046042715213595997e+01,1.164750244140625000e+03,3.697377741336822510e-01,5.713000000000000300e-01,4.559724926948547363e-01,2.647791504859924316e-01
-9.886977382883145538e+00,2.047700257042479421e+01,1.424210693359375000e+03,3.485149443149566650e-01,5.713100000000000955e-01,4.938907325267791748e-01,3.062069118022918701e-01
-9.878685721134703002e+00,2.050174630865695846e+01,1.116346801757812500e+03,6.243748068809509277e-01,5.713200000000000500e-01,4.050842523574829102e-01,2.315911501646041870e-01
-9.882943255555165507e+00,2.052979895178429715e+01,1.221774536132812500e+03,6.479079127311706543e-01,5.713300000000000045e-01,4.005828797817230225e-01,2.365502864122390747e-01
-9.876636596864528883e+00,2.055871126518853487e+01,1.156220825195312500e+03,4.782647192478179932e-01,5.713400000000000700e-01,4.874820113182067871e-01,2.823268175125122070e-01
-9.878207590140723582e+00,2.057513031544883830e+01,1.393782958984375000e+03,4.923469126224517822e-01,5.713500000000000245e-01,5.009098052978515625e-01,3.085720241069793701e-01
-9.883098165616333475e+00,2.059627712900252661e+01,1.156076049804687500e+03,5.851799845695495605e-01,5.713600000000000900e-01,4.693239927291870117e-01,2.717982232570648193e-01
-9.878389307509216621e+00,2.063356455347935281e+01,1.227247680664062500e+03,7.333762049674987793e-01,5.713700000000000445e-01,4.800814688205718994e-01,2.839289903640747070e-01
-9.883857112590815674e+00,2.065450157388897878e+01,1.699489257812500000e+03,6.049508452415466309e-01,5.713799999999999990e-01,4.678744077682495117e-01,3.042232692241668701e-01
-9.881462466732079619e+00,2.067926236910783544e+01,1.704820312500000000e+03,5.915731787681579590e-01,5.713900000000000645e-01,6.548715829849243164e-01,4.261414706707000732e-01
-9.875868426626801977e+00,2.069768097638324278e+01,1.704058715820312500e+03,8.814818263053894043e-01,5.714000000000000190e-01,8.314164280891418457e-01,5.409643054008483887e-01
-9.877302692569427833e+00,2.073154944201732874e+01,2.155389160156250000e+03,1.398443698883056641e+00,5.714100000000000845e-01,5.318852663040161133e-01,3.643431365489959717e-01
-9.876277720229150958e+00,2.074779642103010957e+01,1.486797607421875000e+03,1.324078559875488281e+00,5.714200000000000390e-01,4.031006097793579102e-01,2.530298233032226562e-01
-9.870608914967736069e+00,2.077844109458064636e+01,1.065153076171875000e+03,7.385808825492858887e-01,5.714299999999999935e-01,3.737273216247558594e-01,2.098473012447357178e-01
-9.875068149835422915e+00,2.080393099285571168e+01,1.368083007812500000e+03,5.346674323081970215e-01,5.714400000000000590e-01,3.268826603889465332e-01,2.002342194318771362e-01
-9.876262472168624740e+00,2.082299211395600835e+01,1.604064086914062500e+03,3.582614958286285400e-01,5.714500000000000135e-01,3.971496522426605225e-01,2.544794380664825439e-01
-9.881195768032881688e+00,2.085216238744435202e+01,1.078480468750000000e+03,3.736883699893951416e-01,5.714600000000000790e-01,4.445283710956573486e-01,2.508172988891601562e-01
-9.884036275415951422e+00,2.087497804833989079e+01,1.502321166992187500e+03,4.932958185672760010e-01,5.714700000000000335e-01,4.003539979457855225e-01,2.520380020141601562e-01
-9.881896495582260798e+00,2.089929914051887749e+01,8.149537353515625000e+02,5.366880297660827637e-01,5.714800000000000990e-01,3.847136795520782471e-01,1.914603859186172485e-01
-9.881014237619110574e+00,2.092067214623045501e+01,1.749633300781250000e+03,4.567319452762603760e-01,5.714900000000000535e-01,4.394166469573974609e-01,2.877437174320220947e-01
-9.881271726029446256e+00,2.094398858014993081e+01,1.926282226562500000e+03,4.573089182376861572e-01,5.715000000000000080e-01,4.769534170627593994e-01,3.192532360553741455e-01
-9.880634187121605905e+00,2.096798150211209588e+01,9.573067626953125000e+02,6.075186133384704590e-01,5.715100000000000735e-01,4.571169316768646240e-01,2.455530017614364624e-01
-9.879048472324983621e+00,2.099629941636683483e+01,1.468998046875000000e+03,6.361991763114929199e-01,5.715200000000000280e-01,6.599832773208618164e-01,4.128662645816802979e-01
-9.881484792373624870e+00,2.102597635041460578e+01,1.346435302734375000e+03,7.583481669425964355e-01,5.715300000000000935e-01,6.151222586631774902e-01,3.749480247497558594e-01
-9.876642759612598965e+00,2.104936033132445417e+01,1.072711669921875000e+03,1.002323150634765625e+00,5.715400000000000480e-01,4.848880171775817871e-01,2.730189263820648193e-01
-9.878528395221676917e+00,2.106444930974527807e+01,1.432765136718750000e+03,8.774108290672302246e-01,5.715500000000000025e-01,5.313512086868286133e-01,3.300107121467590332e-01
-9.876243976906225797e+00,2.109162716798472559e+01,2.040938476562500000e+03,7.499188780784606934e-01,5.715600000000000680e-01,4.228608012199401855e-01,2.865230143070220947e-01
-9.879569183963647916e+00,2.111967101662183666e+01,1.379348266601562500e+03,7.177037596702575684e-01,5.715700000000000225e-01,3.920379281044006348e-01,2.407464683055877686e-01
-9.876496588010608590e+00,2.114009397987674177e+01,1.637825805664062500e+03,6.189078688621520996e-01,5.715800000000000880e-01,3.495420515537261963e-01,2.251824438571929932e-01
-9.879837408727121684e+00,2.116297750877490458e+01,1.134383666992187500e+03,4.525667726993560791e-01,5.715900000000000425e-01,4.607790410518646240e-01,2.650080323219299316e-01
-9.876725737626827595e+00,2.119160661579304872e+01,1.050503662109375000e+03,4.764992296695709229e-01,5.715999999999999970e-01,5.546209216117858887e-01,3.097164630889892578e-01
-9.875339936310005839e+00,2.122065166745255382e+01,1.974758300781250000e+03,6.211835741996765137e-01,5.716100000000000625e-01,4.560487866401672363e-01,3.068935573101043701e-01
-9.882890284516788526e+00,2.123858165094869577e+01,2.188978515625000000e+03,7.178003191947937012e-01,5.716200000000000170e-01,5.221958756446838379e-01,3.587736487388610840e-01
-9.881953691001058360e+00,2.126457986626851948e+01,2.828809082031250000e+03,6.091410517692565918e-01,5.716300000000000825e-01,5.699560642242431641e-01,4.088989496231079102e-01
-9.882151540798682632e+00,2.129112084283815065e+01,1.622173339843750000e+03,1.008656740188598633e+00,5.716400000000000370e-01,4.280488193035125732e-01,2.750788629055023193e-01
-9.882840082359997780e+00,2.131131720834665799e+01,1.144198608398437500e+03,9.562439322471618652e-01,5.716499999999999915e-01,5.217381119728088379e-01,3.010189235210418701e-01
-9.887392298252043688e+00,2.134268172538511266e+01,1.142189453125000000e+03,6.800550818443298340e-01,5.716600000000000570e-01,4.958743751049041748e-01,2.859126627445220947e-01
-9.879512859194903740e+00,2.135747270325368419e+01,1.239977294921875000e+03,7.800061106681823730e-01,5.716700000000000115e-01,4.502504467964172363e-01,2.672205567359924316e-01
-9.877742334894604070e+00,2.138633627900424017e+01,1.346366821289062500e+03,5.752975344657897949e-01,5.716800000000000770e-01,4.494112133979797363e-01,2.739344537258148193e-01
-9.877197251449253201e+00,2.141409850133605275e+01,9.375163574218750000e+02,6.343776583671569824e-01,5.716900000000000315e-01,4.774111807346343994e-01,2.540979683399200439e-01
-9.885130797758819199e+00,2.143941141413640139e+01,1.090872924804687500e+03,6.125409007072448730e-01,5.717000000000000970e-01,4.067627191543579102e-01,2.305230349302291870e-01
-9.875391502247776288e+00,2.145767365994709053e+01,1.982810424804687500e+03,6.225973963737487793e-01,5.717100000000000515e-01,4.323212802410125732e-01,2.911769449710845947e-01
-9.873444647978921296e+00,2.148231380136797952e+01,1.691986328125000000e+03,4.799181520938873291e-01,5.717200000000000060e-01,3.966155946254730225e-01,2.576074898242950439e-01
-9.882953720757495120e+00,2.151163569203534465e+01,1.101718627929687500e+03,5.551475882530212402e-01,5.717300000000000715e-01,4.539125561714172363e-01,2.582178413867950439e-01
-9.877065653828667635e+00,2.153684457372029115e+01,1.572446166992187500e+03,4.208201467990875244e-01,5.717400000000000260e-01,4.637545049190521240e-01,2.956020236015319824e-01
-9.880171587464010585e+00,2.155757714848478912e+01,1.253777587890625000e+03,5.472225546836853027e-01,5.717500000000000915e-01,4.083648920059204102e-01,2.432641685009002686e-01
-9.880123829469804164e+00,2.158467436784638949e+01,1.653255493164062500e+03,5.374855399131774902e-01,5.717600000000000460e-01,7.706099152565002441e-01,4.976291656494140625e-01
-9.882330313264004573e+00,2.161008626589077863e+01,2.118736816406250000e+03,6.292051672935485840e-01,5.717700000000000005e-01,5.335637331008911133e-01,3.642668426036834717e-01
-9.876047542435173909e+00,2.162877000135816630e+01,1.471855834960937500e+03,1.133995771408081055e+00,5.717800000000000660e-01,5.251713991165161133e-01,3.287137150764465332e-01
-9.880332455219399179e+00,2.165512348353105665e+01,1.128388183593750000e+03,8.505577445030212402e-01,5.717900000000000205e-01,3.915038704872131348e-01,2.247246801853179932e-01
-9.879456187464764838e+00,2.168062887407610617e+01,2.048893554687500000e+03,8.477622866630554199e-01,5.718000000000000860e-01,4.761904776096343994e-01,3.229153454303741455e-01
-9.878345767233017938e+00,2.171108521302709704e+01,1.633683471679687500e+03,6.719560027122497559e-01,5.718100000000000405e-01,4.288117587566375732e-01,2.760706841945648193e-01
-9.880021637455911332e+00,2.173400107504469148e+01,1.487166381835937500e+03,5.825025439262390137e-01,5.718199999999999950e-01,4.140106737613677979e-01,2.598963081836700439e-01
-9.874850213143785638e+00,2.175546989324465841e+01,1.427537475585937500e+03,5.945844054222106934e-01,5.718300000000000605e-01,4.439943134784698486e-01,2.754603326320648193e-01
-9.880761164400430729e+00,2.177816109336353989e+01,1.548259765625000000e+03,4.958445131778717041e-01,5.718400000000000150e-01,5.640051364898681641e-01,3.580107092857360840e-01
-9.876007462992488328e+00,2.180370939047222478e+01,1.018810058593750000e+03,6.586784720420837402e-01,5.718500000000000805e-01,4.569643139839172363e-01,2.520380020141601562e-01
-9.877589584128587674e+00,2.182482525815531460e+01,1.096848022460937500e+03,7.427448630332946777e-01,5.718600000000000350e-01,3.889861702919006348e-01,2.209099680185317993e-01
-9.878262002268277442e+00,2.184914929850301135e+01,1.587280883789062500e+03,4.806846678256988525e-01,5.718700000000001005e-01,5.501195788383483887e-01,3.515256941318511963e-01
-9.869365214666355968e+00,2.187624758832271610e+01,1.565773437500000000e+03,6.255990862846374512e-01,5.718800000000000550e-01,4.279725253582000732e-01,2.724848687648773193e-01
-9.868205143897425202e+00,2.189819222595744108e+01,1.203770385742187500e+03,7.893747687339782715e-01,5.718900000000000095e-01,4.039398431777954102e-01,2.373132258653640747e-01
-9.875378790024782916e+00,2.192500808906418541e+01,1.567269897460937500e+03,5.530483126640319824e-01,5.719000000000000750e-01,4.132477343082427979e-01,2.631769776344299316e-01
-9.875471741435712048e+00,2.194749614396895154e+01,1.713561889648437500e+03,5.968469977378845215e-01,5.719100000000000295e-01,4.245392680168151855e-01,2.766047418117523193e-01
-9.875068715683996246e+00,2.197079422694240591e+01,1.103635986328125000e+03,4.998487532138824463e-01,5.719200000000000950e-01,5.070896148681640625e-01,2.886592447757720947e-01
-9.872649138055361817e+00,2.200368251761511118e+01,1.361986206054687500e+03,5.933851599693298340e-01,5.719300000000000495e-01,3.385556638240814209e-01,2.071007043123245239e-01
-9.881393483703270419e+00,2.201655085030294501e+01,1.216700439453125000e+03,5.457193255424499512e-01,5.719400000000000039e-01,4.639070928096771240e-01,2.735529839992523193e-01
-9.872626530564337699e+00,2.204642066513081389e+01,1.411770263671875000e+03,3.964418470859527588e-01,5.719500000000000695e-01,3.784575462341308594e-01,2.340325713157653809e-01
-9.866328218464683886e+00,2.207469543827442138e+01,1.982271484375000000e+03,5.707973837852478027e-01,5.719600000000000239e-01,3.974548280239105225e-01,2.676783204078674316e-01
-9.871144961355732050e+00,2.209613980046036019e+01,2.433071777343750000e+03,4.399496614933013916e-01,5.719700000000000895e-01,4.578035771846771240e-01,3.206265270709991455e-01
-9.873039795300428523e+00,2.211984327016473628e+01,1.080518188476562500e+03,5.825263857841491699e-01,5.719800000000000439e-01,3.944793343544006348e-01,2.227410227060317993e-01
-9.870894876652021921e+00,2.214212023023196707e+01,1.443889770507812500e+03,6.301671862602233887e-01,5.719899999999999984e-01,4.670351743698120117e-01,2.907191812992095947e-01
-9.872292099077128569e+00,2.216878599252114768e+01,1.754638183593750000e+03,5.151242613792419434e-01,5.720000000000000639e-01,4.722994565963745117e-01,3.094875812530517578e-01
-9.871826252917658806e+00,2.219215901113041056e+01,2.985326416015625000e+03,5.980283617973327637e-01,5.720100000000000184e-01,4.759615957736968994e-01,3.441251516342163086e-01
-9.875150313183981510e+00,2.221597621105660991e+01,1.117917968750000000e+03,7.048899531364440918e-01,5.720200000000000840e-01,4.759615957736968994e-01,2.722559869289398193e-01
-9.869648655354012590e+00,2.224696172961878560e+01,2.196814941406250000e+03,6.898958086967468262e-01,5.720300000000000384e-01,4.226319193840026855e-01,2.905665934085845947e-01
-9.868665167012837358e+00,2.226503320102200334e+01,1.189884887695312500e+03,6.258470416069030762e-01,5.720399999999999929e-01,4.224030375480651855e-01,2.471551746129989624e-01
-9.874968578626001303e+00,2.228800062538328319e+01,9.443627929687500000e+02,6.365258097648620605e-01,5.720500000000000584e-01,4.452913105487823486e-01,2.377709895372390747e-01
-9.876584565403410565e+00,2.231125209803753506e+01,8.556840820312500000e+02,5.293971896171569824e-01,5.720600000000000129e-01,3.990570008754730225e-01,2.035148739814758301e-01
-9.874865758608988742e+00,2.233427150905550107e+01,2.049500732421875000e+03,4.889685213565826416e-01,5.720700000000000784e-01,3.705229461193084717e-01,2.512750625610351562e-01
-9.871404219669859259e+00,2.235830217843070145e+01,1.096440063476562500e+03,4.661935865879058838e-01,5.720800000000000329e-01,3.984466493129730225e-01,2.262505590915679932e-01
-9.870236786670652407e+00,2.238663605973197690e+01,1.097808959960937500e+03,5.088359713554382324e-01,5.720900000000000984e-01,4.668825864791870117e-01,2.652369141578674316e-01
-9.873987259467064348e+00,2.241294419232967527e+01,1.742079101562500000e+03,4.596454203128814697e-01,5.721000000000000529e-01,4.460542500019073486e-01,2.917872965335845947e-01
-9.876346840680882977e+00,2.243466786217289055e+01,1.426948852539062500e+03,4.975861608982086182e-01,5.721100000000000074e-01,4.388825893402099609e-01,2.722559869289398193e-01
-9.876372866414717677e+00,2.246508259781558792e+01,1.158356079101562500e+03,5.918938517570495605e-01,5.721200000000000729e-01,3.997436463832855225e-01,2.316674441099166870e-01
-9.868351442307183419e+00,2.248939147300575314e+01,1.158006225585937500e+03,5.125266909599304199e-01,5.721300000000000274e-01,4.475801289081573486e-01,2.593622505664825439e-01
-9.871217809041128888e+00,2.250816253629332309e+01,1.159043090820312500e+03,5.512649416923522949e-01,5.721400000000000929e-01,4.929752051830291748e-01,2.857600748538970947e-01
-9.875680605234585130e+00,2.253507502799399376e+01,1.213276489257812500e+03,5.523568987846374512e-01,5.721500000000000474e-01,4.647463262081146240e-01,2.737818658351898193e-01
-9.873705815668470720e+00,2.256066275492886319e+01,9.832620849609375000e+02,6.896108984947204590e-01,5.721600000000000019e-01,4.063812494277954102e-01,2.208336740732192993e-01
-9.869508665839244799e+00,2.258220477330560527e+01,1.211262939453125000e+03,5.502194762229919434e-01,5.721700000000000674e-01,4.901523292064666748e-01,2.885829508304595947e-01
-9.870151970471711778e+00,2.260801533536911023e+01,1.516438476562500000e+03,5.429190993309020996e-01,5.721800000000000219e-01,4.008880555629730225e-01,2.530298233032226562e-01
-9.871953071347935094e+00,2.263147626285136838e+01,1.184736816406250000e+03,6.402749419212341309e-01,5.721900000000000874e-01,4.681032896041870117e-01,2.734766900539398193e-01
-9.869515253967152901e+00,2.265680128481069033e+01,1.503642333984375000e+03,4.992920458316802979e-01,5.722000000000000419e-01,4.522340893745422363e-01,2.847682237625122070e-01
-9.868463679301326508e+00,2.267905848377675326e+01,1.704070434570312500e+03,5.583340525627136230e-01,5.722099999999999964e-01,4.105774462223052979e-01,2.671442627906799316e-01
-9.863385457765115660e+00,2.270077115362761688e+01,1.247703491210937500e+03,5.847496390342712402e-01,5.722200000000000619e-01,4.028717279434204102e-01,2.396020442247390747e-01
-9.872085195933401280e+00,2.272977263877897514e+01,1.250143676757812500e+03,4.947001039981842041e-01,5.722300000000000164e-01,4.413239955902099609e-01,2.626429200172424316e-01
-9.871015544479590176e+00,2.275016917130119154e+01,1.226017578125000000e+03,5.008262991905212402e-01,5.722400000000000819e-01,4.238526225090026855e-01,2.505884170532226562e-01
-9.866534242467743354e+00,2.277096292124244314e+01,1.085189453125000000e+03,4.895478785037994385e-01,5.722500000000000364e-01,5.010623931884765625e-01,2.833949327468872070e-01
-9.866706090755899439e+00,2.279870389095357197e+01,1.217530883789062500e+03,5.258507132530212402e-01,5.722600000000001019e-01,3.519071638584136963e-01,2.075584679841995239e-01
-9.868746615794197652e+00,2.282066162892780525e+01,1.555158447265625000e+03,5.534345507621765137e-01,5.722700000000000564e-01,3.066646754741668701e-01,1.948936283588409424e-01
-9.871745510098383747e+00,2.284659969872427254e+01,1.126064331054687500e+03,4.935330450534820557e-01,5.722800000000000109e-01,2.730189263820648193e-01,1.565939188003540039e-01
-9.871554372864993709e+00,2.286766123850589238e+01,1.088217651367187500e+03,3.771287500858306885e-01,5.722900000000000764e-01,2.780543565750122070e-01,1.574331521987915039e-01
-9.871767946715259257e+00,2.289333256932335203e+01,9.770034179687500000e+02,2.383953481912612915e-01,5.723000000000000309e-01,3.379453122615814209e-01,1.831443160772323608e-01
-9.866786181396479449e+00,2.291658724665580493e+01,1.455804931640625000e+03,2.583927214145660400e-01,5.723100000000000964e-01,4.343812465667724609e-01,2.710352838039398193e-01
-9.868098039208634376e+00,2.294175524511616970e+01,1.531686645507812500e+03,3.373724520206451416e-01,5.723200000000000509e-01,4.900760352611541748e-01,3.101742267608642578e-01
-9.863702803848608980e+00,2.296896047111902561e+01,1.291418334960937500e+03,5.500299334526062012e-01,5.723300000000000054e-01,4.191223978996276855e-01,2.521142959594726562e-01
-9.864959161772091534e+00,2.298998567918102509e+01,1.390496459960937500e+03,5.256111025810241699e-01,5.723400000000000709e-01,3.935638070106506348e-01,2.422723472118377686e-01
-9.865948283468718216e+00,2.301784620604485099e+01,1.329087036132812500e+03,5.283326506614685059e-01,5.723500000000000254e-01,3.770842552185058594e-01,2.289208620786666870e-01
-9.868618067857882536e+00,2.304308237721507524e+01,1.008112243652343750e+03,4.020041525363922119e-01,5.723600000000000909e-01,3.651823699474334717e-01,2.005393952131271362e-01
-9.867880267641188752e+00,2.306316786207467118e+01,1.205770874023437500e+03,4.278225004673004150e-01,5.723700000000000454e-01,3.424466848373413086e-01,2.013023495674133301e-01
-9.864044378505910871e+00,2.308512211040941509e+01,1.146405395507812500e+03,3.571707308292388916e-01,5.723799999999999999e-01,4.124847948551177979e-01,2.381524592638015747e-01
-9.878585982165906998e+00,2.311271264604665276e+01,9.834637451171875000e+02,4.102677404880523682e-01,5.723900000000000654e-01,3.673186004161834717e-01,1.996238678693771362e-01
-9.872831564570427432e+00,2.313701511431187896e+01,9.194937133789062500e+02,4.518264830112457275e-01,5.724000000000000199e-01,4.788607656955718994e-01,2.526483535766601562e-01
-9.865490932811598057e+00,2.316305792460750013e+01,1.737974121093750000e+03,4.154986441135406494e-01,5.724100000000000854e-01,3.818908035755157471e-01,2.496728897094726562e-01
-9.869229818150067501e+00,2.318907208600783676e+01,1.568657592773437500e+03,5.616349577903747559e-01,5.724200000000000399e-01,5.225010514259338379e-01,3.328336179256439209e-01
-9.873646940581272347e+00,2.321036832660767857e+01,1.638859863281250000e+03,5.046815276145935059e-01,5.724299999999999944e-01,5.549261569976806641e-01,3.575529456138610840e-01
-9.866936101949207227e+00,2.323695229942303797e+01,1.791040893554687500e+03,7.398957610130310059e-01,5.724400000000000599e-01,3.580870032310485840e-01,2.357873320579528809e-01
-9.870931039872145263e+00,2.325398454554425598e+01,1.338969116210937500e+03,7.058758139610290527e-01,5.724500000000000144e-01,3.215420544147491455e-01,1.956565678119659424e-01
-9.866382776223099782e+00,2.328208716386106758e+01,1.126387451171875000e+03,3.915852606296539307e-01,5.724600000000000799e-01,3.795256912708282471e-01,2.177056074142456055e-01
-9.875014228514928050e+00,2.330886380551303105e+01,9.076380615234375000e+02,3.308755457401275635e-01,5.724700000000000344e-01,4.808444380760192871e-01,2.521905899047851562e-01
-9.871576549599481609e+00,2.333682781488445457e+01,1.463525512695312500e+03,4.477829039096832275e-01,5.724800000000000999e-01,4.491060078144073486e-01,2.806483507156372070e-01
-9.872041695826869301e+00,2.335414623361055675e+01,2.012664062500000000e+03,5.762261748313903809e-01,5.724900000000000544e-01,4.779452383518218994e-01,3.229153454303741455e-01
-9.875773581015787173e+00,2.337708475565964505e+01,1.383878784179687500e+03,5.943781733512878418e-01,5.725000000000000089e-01,4.587953984737396240e-01,2.820216417312622070e-01
-9.873507210049375260e+00,2.339986542415494597e+01,1.669134765625000000e+03,6.818456053733825684e-01,5.725100000000000744e-01,4.159943163394927979e-01,2.692804932594299316e-01
-9.868083266687776245e+00,2.342935848165955548e+01,1.324802001953125000e+03,5.811912417411804199e-01,5.725200000000000289e-01,3.588499426841735840e-01,2.176293134689331055e-01
-9.866602599417889863e+00,2.345035450228809282e+01,8.596518554687500000e+02,5.260187983512878418e-01,5.725300000000000944e-01,3.783049583435058594e-01,1.933677494525909424e-01
-9.860843061826665590e+00,2.347918393625898403e+01,1.219933837890625000e+03,3.939670622348785400e-01,5.725400000000000489e-01,3.943267464637756348e-01,2.327355742454528809e-01
-9.863923818105089225e+00,2.350341758927216063e+01,9.521010742187500000e+02,4.414385855197906494e-01,5.725500000000000034e-01,4.001251161098480225e-01,2.144249528646469116e-01
-9.866663054326508586e+00,2.353253805877313809e+01,8.811549682617187500e+02,4.691440165042877197e-01,5.725600000000000689e-01,4.322449862957000732e-01,2.235802561044692993e-01
-9.865275400331519506e+00,2.355293635627224802e+01,1.378244262695312500e+03,4.136771261692047119e-01,5.725700000000000234e-01,3.677763640880584717e-01,2.257927954196929932e-01
-9.867786646328427835e+00,2.357457938725234214e+01,1.189111694335937500e+03,3.820318281650543213e-01,5.725800000000000889e-01,3.718962669372558594e-01,2.175530195236206055e-01
-9.866874430708975297e+00,2.360440310272734621e+01,1.203614746093750000e+03,4.356032907962799072e-01,5.725900000000000434e-01,3.665556609630584717e-01,2.153404802083969116e-01
-9.863667591464041706e+00,2.361961674597493044e+01,1.632636718750000000e+03,3.971129953861236572e-01,5.725999999999999979e-01,3.725829124450683594e-01,2.398309260606765747e-01
-9.860467822801307847e+00,2.364206544255492304e+01,1.643546264648437500e+03,4.467326700687408447e-01,5.726100000000000634e-01,3.726592063903808594e-01,2.402887046337127686e-01
-9.862779140205166328e+00,2.365962030453675169e+01,1.358214843750000000e+03,4.631620943546295166e-01,5.726200000000000179e-01,4.224793314933776855e-01,2.582178413867950439e-01
-9.864315851588404627e+00,2.367603719563328823e+01,1.020052429199218750e+03,4.738921225070953369e-01,5.726300000000000834e-01,4.317109286785125732e-01,2.382287532091140747e-01
-9.856719798365116247e+00,2.369330318626685283e+01,1.513693237304687500e+03,5.365688204765319824e-01,5.726400000000000379e-01,2.531824111938476562e-01,1.597219854593276978e-01
-9.856263320739405032e+00,2.370419882156067004e+01,2.151259765625000000e+03,3.892559111118316650e-01,5.726499999999999924e-01,5.977653339505195618e-02,4.093185812234878540e-02
-9.857489464041556460e+00,2.372373397851541910e+01,-1.394639404296875000e+03,2.495509535074234009e-01,5.726600000000000579e-01,3.284467011690139771e-02,3.688826411962509155e-02
-9.852074980157066619e+00,2.373415664237317202e+01,-6.588695678710937500e+02,1.515907198190689087e-01,5.726700000000000124e-01,2.140053361654281616e-02,3.360760957002639771e-02
