# x_coordinates, y_coordinates, TEP, TED, times, high, low
-2.674091970003347196e+00,1.803067292574214875e+01,1.466557861328125000e+03,1.269573122262954712e-01,6.574200000000000044e-01,6.435800194740295410e-01,4.024139642715454102e-01
-2.679016233308706418e+00,1.803310814582305355e+01,1.295790405273437500e+03,3.111619055271148682e-01,6.574300000000000699e-01,8.789477348327636719e-01,5.292912721633911133e-01
-2.668261524932088680e+00,1.802806302717140952e+01,1.103023315429687500e+03,6.966072916984558105e-01,6.574400000000000244e-01,7.695418000221252441e-01,4.379670619964599609e-01
-2.672070865939674800e+00,1.802447453626355056e+01,1.133480712890625000e+03,7.676667571067810059e-01,6.574500000000000899e-01,8.129532337188720703e-01,4.674166440963745117e-01
-2.667967035892363281e+00,1.803346636293642646e+01,1.286021972656250000e+03,7.584030032157897949e-01,6.574600000000000444e-01,9.009205102920532227e-01,5.411931872367858887e-01
-2.674122887738854981e+00,1.803043514180889773e+01,1.303352905273437500e+03,8.019024729728698730e-01,6.574699999999999989e-01,8.693346977233886719e-01,5.244847536087036133e-01
-2.668524515750370529e+00,1.804096216185880053e+01,1.188343383789062500e+03,9.075517058372497559e-01,6.574800000000000644e-01,7.483320236206054688e-01,4.376618862152099609e-01
-2.667038699593762718e+00,1.804074484690446312e+01,9.869273681640625000e+02,8.746356368064880371e-01,6.574900000000000189e-01,7.379559874534606934e-01,4.016509950160980225e-01
-2.668323635480625011e+00,1.804846012490223472e+01,9.074425048828125000e+02,6.942231059074401855e-01,6.575000000000000844e-01,7.708387970924377441e-01,4.042450189590454102e-01
-2.667348775828790153e+00,1.806803016606659895e+01,1.044089843750000000e+03,6.374616026878356934e-01,6.575100000000000389e-01,8.600267767906188965e-01,4.790896475315093994e-01
-2.664385219194476129e+00,1.807786848422607662e+01,1.263197387695312500e+03,6.574017405509948730e-01,6.575200000000001044e-01,9.170948863029479980e-01,5.476781725883483887e-01
-2.667869122903231194e+00,1.810074936353480624e+01,1.317830322265625000e+03,9.532231688499450684e-01,6.575300000000000589e-01,9.071003198623657227e-01,5.492040514945983887e-01
-2.662867638055897324e+00,1.811365095701120964e+01,1.380714233398437500e+03,1.097445011138916016e+00,6.575400000000000134e-01,9.011493921279907227e-01,5.535528063774108887e-01
-2.666471560620889747e+00,1.813624943167502579e+01,1.139314575195312500e+03,1.280096292495727539e+00,6.575500000000000789e-01,9.492910504341125488e-01,5.468389391899108887e-01
-2.663067353697485817e+00,1.815669993111551506e+01,1.488110351562500000e+03,1.243818521499633789e+00,6.575600000000000334e-01,8.405717611312866211e-01,5.277653932571411133e-01
-2.664894705901939886e+00,1.817471875506660339e+01,1.449639648437500000e+03,9.802479147911071777e-01,6.575700000000000989e-01,9.111438989639282227e-01,5.678198337554931641e-01
-2.665029704536173938e+00,1.820389328197193279e+01,1.177086791992187500e+03,1.093018770217895508e+00,6.575800000000000534e-01,8.254655003547668457e-01,4.811496138572692871e-01
-2.667400491405773622e+00,1.823199011925822788e+01,1.157479858398437500e+03,1.019488096237182617e+00,6.575900000000000079e-01,9.065662622451782227e-01,5.252476930618286133e-01
-2.663041562090082248e+00,1.825572594643369229e+01,1.132915893554687500e+03,9.797329306602478027e-01,6.576000000000000734e-01,9.302937984466552734e-01,5.347844362258911133e-01
-2.665913120929825908e+00,1.827592147121505661e+01,1.279134277343750000e+03,9.402174353599548340e-01,6.576100000000000279e-01,9.850730299949645996e-01,5.907081365585327148e-01
-2.664026267663756720e+00,1.830472651871064116e+01,1.617330322265625000e+03,1.160238504409790039e+00,6.576200000000000934e-01,9.128986597061157227e-01,5.862067937850952148e-01
-2.666767119755502069e+00,1.832717852382742407e+01,1.645688598632812500e+03,1.275975227355957031e+00,6.576300000000000479e-01,9.587514996528625488e-01,6.184029579162597656e-01
-2.666332506492727017e+00,1.835691845810216094e+01,1.252014282226562500e+03,1.134927988052368164e+00,6.576400000000000023e-01,8.800921440124511719e-01,5.240269899368286133e-01
-2.667855194262261698e+00,1.837615498668399283e+01,1.069052124023437500e+03,1.185615777969360352e+00,6.576500000000000679e-01,8.391221761703491211e-01,4.718416929244995117e-01
-2.665074926247849252e+00,1.840497841261237255e+01,1.257049926757812500e+03,1.048047065734863281e+00,6.576600000000000223e-01,7.106426358222961426e-01,4.237000346183776855e-01
-2.666421089102847475e+00,1.842090403175724234e+01,1.167624755859375000e+03,8.848888278007507324e-01,6.576700000000000879e-01,8.021194338798522949e-01,4.661959409713745117e-01
-2.664090913302211927e+00,1.844310332231195915e+01,1.364909667968750000e+03,6.904811263084411621e-01,6.576800000000000423e-01,9.756125211715698242e-01,5.971931219100952148e-01
-2.668220859716962767e+00,1.846435609688661827e+01,1.962307983398437500e+03,8.769733309745788574e-01,6.576900000000001079e-01,1.020778775215148926e+00,6.859996318817138672e-01
-2.664592116770440278e+00,1.848449599478072258e+01,1.152337524414062500e+03,1.227232933044433594e+00,6.577000000000000624e-01,1.027263760566711426e+00,5.942176580429077148e-01
-2.666757165115183792e+00,1.851182102098364268e+01,1.176170654296875000e+03,1.447616338729858398e+00,6.577100000000000168e-01,9.608114361763000488e-01,5.598852634429931641e-01
-2.674117769675431688e+00,1.853255908938794860e+01,1.247348999023437500e+03,1.140938520431518555e+00,6.577200000000000824e-01,9.692038297653198242e-01,5.763648152351379395e-01
-2.668672927669436756e+00,1.855580559228978288e+01,1.307707397460937500e+03,1.187619686126708984e+00,6.577300000000000368e-01,1.112713336944580078e+00,6.720377802848815918e-01
-2.667621590644053686e+00,1.857221298257407938e+01,1.467903442382812500e+03,1.073833227157592773e+00,6.577400000000001024e-01,1.208691477775573730e+00,7.559614181518554688e-01
-2.664114028506416876e+00,1.859471351473819922e+01,1.090300292968750000e+03,1.777101278305053711e+00,6.577500000000000568e-01,8.587297797203063965e-01,4.865664839744567871e-01
-2.668345030992421041e+00,1.861375171004977602e+01,1.159477416992187500e+03,1.543583393096923828e+00,6.577600000000000113e-01,9.038959741592407227e-01,5.240269899368286133e-01
-2.662227127682657457e+00,1.863756765796357584e+01,1.004509338378906250e+03,9.419233202934265137e-01,6.577700000000000768e-01,8.378251791000366211e-01,4.594057500362396240e-01
-2.664168987572375524e+00,1.865626899635717351e+01,1.383432861328125000e+03,9.394223093986511230e-01,6.577800000000000313e-01,9.265553355216979980e-01,5.694983005523681641e-01
-2.669069889882911273e+00,1.867529030220027764e+01,1.072372680664062500e+03,9.082073569297790527e-01,6.577900000000000968e-01,8.385118246078491211e-01,4.720705747604370117e-01
-2.667892133246178688e+00,1.870470782714700420e+01,1.221574096679687500e+03,1.070820808410644531e+00,6.578000000000000513e-01,8.160049915313720703e-01,4.818362593650817871e-01
-2.671747391113999281e+00,1.871302718939173815e+01,1.233853393554687500e+03,8.231419920921325684e-01,6.578100000000000058e-01,8.340867161750793457e-01,4.941959083080291748e-01
-2.667773642489553509e+00,1.873646418476896969e+01,1.265897216796875000e+03,9.439761042594909668e-01,6.578200000000000713e-01,8.939777016639709473e-01,5.342503786087036133e-01
-2.665054739611611545e+00,1.876758989834454283e+01,1.012084594726562500e+03,8.758551478385925293e-01,6.578300000000000258e-01,8.998523950576782227e-01,4.949588477611541748e-01
-2.670087640959065034e+00,1.878716451942435128e+01,1.292807006835937500e+03,9.615201354026794434e-01,6.578400000000000913e-01,8.951984047889709473e-01,5.386754274368286133e-01
-2.665890152456200202e+00,1.880779411511404930e+01,1.212362548828125000e+03,9.205693602561950684e-01,6.578500000000000458e-01,8.489640951156616211e-01,4.999942779541015625e-01
-2.666276729574709847e+00,1.883401490550524571e+01,1.213627197265625000e+03,1.092360734939575195e+00,6.578600000000000003e-01,8.289750218391418457e-01,4.883975684642791748e-01
-2.659135139206189713e+00,1.886291034720017024e+01,1.617278808593750000e+03,8.654708266258239746e-01,6.578700000000000658e-01,8.536180853843688965e-01,5.481359362602233887e-01
-2.665039188433590667e+00,1.888109871700850562e+01,1.387695068359375000e+03,9.913010001182556152e-01,6.578800000000000203e-01,7.984573245048522949e-01,4.912204444408416748e-01
-2.662697883352044936e+00,1.890541600800183630e+01,1.210656250000000000e+03,8.995754122734069824e-01,6.578900000000000858e-01,9.566915631294250488e-01,5.631659030914306641e-01
-2.667394945354925273e+00,1.893281471521817494e+01,1.293913085937500000e+03,1.042814970016479492e+00,6.579000000000000403e-01,8.409532308578491211e-01,5.061740875244140625e-01
-2.668324687621415059e+00,1.896074510527915891e+01,1.792171752929687500e+03,1.030237197875976562e+00,6.579100000000001058e-01,8.424028158187866211e-01,5.547735691070556641e-01
-2.666830794485260725e+00,1.897654757991331209e+01,1.185650512695312500e+03,9.448606371879577637e-01,6.579200000000000603e-01,8.881030678749084473e-01,5.189915299415588379e-01
-2.667724421802923462e+00,1.900584496158679926e+01,1.213501342773437500e+03,1.141047000885009766e+00,6.579300000000000148e-01,9.130512475967407227e-01,5.379124879837036133e-01
-2.660844915423445034e+00,1.902714981872700761e+01,1.240176269531250000e+03,9.257609248161315918e-01,6.579400000000000803e-01,8.649095892906188965e-01,5.133457779884338379e-01
-2.661897286280498598e+00,1.904572477096990823e+01,1.340373046875000000e+03,1.005680084228515625e+00,6.579500000000000348e-01,8.635362982749938965e-01,5.256291627883911133e-01
-2.661137605071614676e+00,1.906950155847601991e+01,1.140857055664062500e+03,9.836823344230651855e-01,6.579600000000001003e-01,8.073074817657470703e-01,4.652804136276245117e-01
-2.665036525019431668e+00,1.909637393216875978e+01,1.098852783203125000e+03,1.018101692199707031e+00,6.579700000000000548e-01,8.189804553985595703e-01,4.654330015182495117e-01
-2.664617275903693461e+00,1.911770097692696879e+01,1.257691894531250000e+03,8.835167288780212402e-01,6.579800000000000093e-01,8.837543129920959473e-01,5.270024538040161133e-01
-2.665665211102024035e+00,1.913739384435528024e+01,1.281876464843750000e+03,9.781188368797302246e-01,6.579900000000000748e-01,7.705336213111877441e-01,4.623812139034271240e-01
-2.665821428890837286e+00,1.916584597488395048e+01,1.767143676757812500e+03,9.972471594810485840e-01,6.580000000000000293e-01,8.521685004234313965e-01,5.593512058258056641e-01
-2.662182349897499911e+00,1.918221813137656184e+01,1.142968505859375000e+03,8.238179087638854980e-01,6.580100000000000948e-01,8.752856254577636719e-01,5.048007965087890625e-01
-2.661741954389257536e+00,1.920501772761291193e+01,1.094499145507812500e+03,1.015300273895263672e+00,6.580200000000000493e-01,7.706099152565002441e-01,4.372804164886474609e-01
-2.666229818258768702e+00,1.923080903998407720e+01,1.164593383789062500e+03,8.534664511680603027e-01,6.580300000000000038e-01,7.630568146705627441e-01,4.430787861347198486e-01
-2.667480110469648835e+00,1.924904887560737166e+01,1.388764526367187500e+03,7.767958045005798340e-01,6.580400000000000693e-01,8.874164223670959473e-01,5.460759997367858887e-01
-2.669414692898425923e+00,1.927661081302252555e+01,1.278007324218750000e+03,8.831638693809509277e-01,6.580500000000000238e-01,8.909259438514709473e-01,5.340977907180786133e-01
-2.668344130509178402e+00,1.929770457124422833e+01,1.401830566406250000e+03,1.014798402786254883e+00,6.580600000000000893e-01,8.224900364875793457e-01,5.075473785400390625e-01
-2.663131024981252981e+00,1.932260532045458490e+01,9.649041748046875000e+02,1.010999202728271484e+00,6.580700000000000438e-01,7.941085696220397949e-01,4.280488193035125732e-01
-2.664635689593433110e+00,1.933779932635209065e+01,1.369897949218750000e+03,8.592814803123474121e-01,6.580800000000001093e-01,7.292584776878356934e-01,4.468934834003448486e-01
-2.668271393352322551e+00,1.936814313993108883e+01,1.347976318359375000e+03,6.597334742546081543e-01,6.580900000000000638e-01,1.013912200927734375e+00,6.182503700256347656e-01
-2.670544714819965026e+00,1.938779146319571112e+01,1.027336547851562500e+03,9.110099673271179199e-01,6.581000000000000183e-01,7.228497266769409180e-01,4.000488221645355225e-01
-2.661327411234433171e+00,1.941264246622522904e+01,1.332941650390625000e+03,1.050192832946777344e+00,6.581100000000000838e-01,6.675364375114440918e-01,4.056183099746704102e-01
-2.669674408276510036e+00,1.943290940341386630e+01,1.191635498046875000e+03,5.416459441184997559e-01,6.581200000000000383e-01,7.817488908767700195e-01,4.576509892940521240e-01
-2.667851903878871056e+00,1.945926434518347747e+01,1.329599243164062500e+03,6.863195300102233887e-01,6.581300000000001038e-01,7.762557268142700195e-01,4.713076353073120117e-01
-2.667950100435330096e+00,1.948266678359581050e+01,1.291960449218750000e+03,7.516867518424987793e-01,6.581400000000000583e-01,7.198742628097534180e-01,4.330842196941375732e-01
-2.669190857768771963e+00,1.950390772652715299e+01,9.510599975585937500e+02,6.970149874687194824e-01,6.581500000000000128e-01,8.269150853157043457e-01,4.429261982440948486e-01
-2.668866327839965358e+00,1.953197668461830361e+01,1.306957031250000000e+03,6.625885367393493652e-01,6.581600000000000783e-01,7.249096632003784180e-01,4.377381801605224609e-01
-2.661200843847723263e+00,1.955012341218490945e+01,9.576453857421875000e+02,7.686347365379333496e-01,6.581700000000000328e-01,7.673292756080627441e-01,4.122559130191802979e-01
-2.668656490281272831e+00,1.957087224548987336e+01,1.056878417968750000e+03,6.110090613365173340e-01,6.581800000000000983e-01,8.542284369468688965e-01,4.781741201877593994e-01
-2.662289392785071485e+00,1.959178416387692323e+01,1.173412963867187500e+03,7.172245383262634277e-01,6.581900000000000528e-01,8.356888890266418457e-01,4.865664839744567871e-01
-2.665303404142310928e+00,1.961996997572770951e+01,1.302359497070312500e+03,8.191341757774353027e-01,6.582000000000000073e-01,1.097607016563415527e+00,6.620432138442993164e-01
-2.666197010948530899e+00,1.964624354494969438e+01,1.219788085937500000e+03,9.191507697105407715e-01,6.582100000000000728e-01,8.893237709999084473e-01,5.248662233352661133e-01
-2.669910907680639767e+00,1.966835031054639060e+01,1.354574829101562500e+03,1.230521917343139648e+00,6.582200000000000273e-01,9.520376324653625488e-01,5.814002156257629395e-01
-2.660715020643501294e+00,1.969583528861552679e+01,1.195826782226562500e+03,1.085220098495483398e+00,6.582300000000000928e-01,9.545553326606750488e-01,5.595037937164306641e-01
-2.666470874664569557e+00,1.971137293403825552e+01,1.294315795898437500e+03,1.237929582595825195e+00,6.582400000000000473e-01,9.081684350967407227e-01,5.466863512992858887e-01
-2.665372046794110439e+00,1.973744176866009781e+01,1.077643798828125000e+03,1.065685272216796875e+00,6.582500000000000018e-01,9.965171813964843750e-01,5.620977878570556641e-01
-2.660981623553449360e+00,1.976340874626290756e+01,1.670067382812500000e+03,1.120270013809204102e+00,6.582600000000000673e-01,8.603319525718688965e-01,5.569860935211181641e-01
-2.661632439513642368e+00,1.977810882072532195e+01,1.250798950195312500e+03,1.140192270278930664e+00,6.582700000000000218e-01,9.371602535247802734e-01,5.578253269195556641e-01
-2.656408855520862033e+00,1.980742092000924970e+01,1.329757324218750000e+03,1.099172353744506836e+00,6.582800000000000873e-01,8.184463977813720703e-01,4.969425201416015625e-01
-2.656977392512507752e+00,1.983102361704457550e+01,1.931576904296875000e+03,1.054549932479858398e+00,6.582900000000000418e-01,9.171711802482604980e-01,6.142830252647399902e-01
-2.660647573946006705e+00,1.985434342395178575e+01,1.373637084960937500e+03,8.975560069084167480e-01,6.583000000000001073e-01,9.855307936668395996e-01,6.044411063194274902e-01
-2.656306300952799848e+00,1.987646178123146612e+01,9.985526123046875000e+02,1.262437820434570312e+00,6.583100000000000618e-01,9.132801294326782227e-01,4.995365142822265625e-01
-2.665339308495234150e+00,1.990074958201583755e+01,1.481893798828125000e+03,1.087392091751098633e+00,6.583200000000000163e-01,9.405934810638427734e-01,5.898689031600952148e-01
-2.664492729593780584e+00,1.992503855379895938e+01,1.281358032226562500e+03,9.938449263572692871e-01,6.583300000000000818e-01,1.132015705108642578e+00,6.792094111442565918e-01
-2.654006180880031263e+00,1.994874236222228348e+01,1.012471252441406250e+03,1.142397642135620117e+00,6.583400000000000363e-01,1.001781463623046875e+00,5.511114001274108887e-01
-2.659821330130784034e+00,1.997353530305911562e+01,9.239342041015625000e+02,1.250646829605102539e+00,6.583500000000001018e-01,8.522447943687438965e-01,4.506319165229797363e-01
-2.653644921631338249e+00,1.999314804668566481e+01,1.180232177734375000e+03,1.090821743011474609e+00,6.583600000000000563e-01,7.774764299392700195e-01,4.536073803901672363e-01
-2.656309892076122114e+00,2.001231155534220818e+01,1.464093994140625000e+03,8.322615027427673340e-01,6.583700000000000108e-01,9.109913110733032227e-01,5.693457126617431641e-01
-2.654088178264491837e+00,2.004215262040986190e+01,1.551723754882812500e+03,8.371812701225280762e-01,6.583800000000000763e-01,9.073292016983032227e-01,5.762885212898254395e-01
-2.656876566370007797e+00,2.006070875940398324e+01,1.064419433593750000e+03,1.061700105667114258e+00,6.583900000000000308e-01,9.237324595451354980e-01,5.185337662696838379e-01
-2.656986150189760476e+00,2.008587137153990199e+01,1.281230468750000000e+03,1.166363477706909180e+00,6.584000000000000963e-01,7.789260149002075195e-01,4.673403501510620117e-01
-2.660292415711583480e+00,2.011742316864931723e+01,1.088969604492187500e+03,9.470219016075134277e-01,6.584100000000000508e-01,9.081684350967407227e-01,5.143375992774963379e-01
-2.654131063673054847e+00,2.013389973892663320e+01,1.096669799804687500e+03,8.633584380149841309e-01,6.584200000000000053e-01,8.331711888313293457e-01,4.731387197971343994e-01
-2.661616548623787271e+00,2.015714531894268191e+01,1.527515747070312500e+03,9.237236380577087402e-01,6.584300000000000708e-01,7.827407121658325195e-01,4.950351417064666748e-01
-2.647595719757585897e+00,2.019002727380032880e+01,8.789451293945312500e+02,8.676487803459167480e-01,6.584400000000000253e-01,8.518633246421813965e-01,4.401032924652099609e-01
-2.660362929910104146e+00,2.021324871060782513e+01,1.230116577148437500e+03,7.951087355613708496e-01,6.584500000000000908e-01,8.935962319374084473e-01,5.289098024368286133e-01
-2.651656834032949384e+00,2.023280622721748401e+01,1.346664916992187500e+03,1.006414413452148438e+00,6.584600000000000453e-01,8.694109916687011719e-01,5.299779176712036133e-01
-2.657400992522197303e+00,2.024836367456407160e+01,1.009073425292968750e+03,1.077821969985961914e+00,6.584699999999999998e-01,8.573564887046813965e-01,4.710024595260620117e-01
-2.660243233980163602e+00,2.027905436529554706e+01,1.212279907226562500e+03,9.386367201805114746e-01,6.584800000000000653e-01,1.000942230224609375e+00,5.894874334335327148e-01
-2.658724850916951432e+00,2.030346422202003254e+01,9.243834228515625000e+02,9.607405066490173340e-01,6.584900000000000198e-01,8.448442220687866211e-01,4.468171894550323486e-01
-2.660262592090059997e+00,2.032429152109203940e+01,1.246254028320312500e+03,1.201536178588867188e+00,6.585000000000000853e-01,8.466752767562866211e-01,5.033512115478515625e-01
-2.657528950186998085e+00,2.035133928125553382e+01,1.243332275390625000e+03,8.786172270774841309e-01,6.585100000000000398e-01,7.928878664970397949e-01,4.710024595260620117e-01
-2.660664105469109142e+00,2.037236337429285982e+01,1.030067138671875000e+03,1.018164873123168945e+00,6.585200000000001053e-01,7.395581603050231934e-01,4.097381830215454102e-01
-2.654521646432528303e+00,2.039795007126577886e+01,1.304731567382812500e+03,8.200270533561706543e-01,6.585300000000000598e-01,8.101303577423095703e-01,4.889316260814666748e-01
-2.653151236322070172e+00,2.041973683301271336e+01,1.292490356445312500e+03,8.434564471244812012e-01,6.585400000000000142e-01,8.663591742515563965e-01,5.212803483009338379e-01
-2.659499466742199392e+00,2.044459042014114658e+01,1.467543701171875000e+03,8.379573225975036621e-01,6.585500000000000798e-01,9.800376296043395996e-01,6.129097342491149902e-01
-2.658536505621492907e+00,2.047027269457678145e+01,1.137444580078125000e+03,1.197497367858886719e+00,6.585600000000000342e-01,7.893783450126647949e-01,4.544466137886047363e-01
-2.654731862922304231e+00,2.048908066017812857e+01,1.034938476562500000e+03,1.131652116775512695e+00,6.585700000000000998e-01,8.229478001594543457e-01,4.568117260932922363e-01
-2.659445680555612590e+00,2.051319461679820222e+01,1.341893310546875000e+03,8.564001917839050293e-01,6.585800000000000542e-01,7.844191789627075195e-01,4.776400625705718994e-01
-2.653085566196191625e+00,2.053374267207702886e+01,1.399551025390625000e+03,8.196098208427429199e-01,6.585900000000000087e-01,8.562883734703063965e-01,5.281468629837036133e-01
-2.656891559608857811e+00,2.056290348439235416e+01,1.185102172851562500e+03,9.171277880668640137e-01,6.586000000000000743e-01,8.836780190467834473e-01,5.163212418556213379e-01
-2.650789822446181887e+00,2.059243275601140510e+01,1.342236816406250000e+03,1.093806743621826172e+00,6.586100000000000287e-01,8.414872884750366211e-01,5.124302506446838379e-01
-2.657698257134896380e+00,2.060811274133371285e+01,1.381151733398437500e+03,9.758240580558776855e-01,6.586200000000000943e-01,7.228497266769409180e-01,4.440706074237823486e-01
-2.650844793236656116e+00,2.062997633949383669e+01,9.077648315429687500e+02,8.598381876945495605e-01,6.586300000000000487e-01,8.008224368095397949e-01,4.200379252433776855e-01
-2.657902803955239257e+00,2.065685729145085858e+01,9.586689453125000000e+02,7.042796015739440918e-01,6.586400000000000032e-01,8.649095892906188965e-01,4.648989439010620117e-01
-2.651132331081404114e+00,2.068206889642802082e+01,1.284394042968750000e+03,7.770318388938903809e-01,6.586500000000000687e-01,9.217488169670104980e-01,5.534765124320983887e-01
-2.653326346743457353e+00,2.070469076977785505e+01,1.082711181640625000e+03,8.653599619865417480e-01,6.586600000000000232e-01,8.776507377624511719e-01,4.959506690502166748e-01
-2.654358673111486322e+00,2.072720839870786946e+01,9.445073852539062500e+02,1.015394449234008789e+00,6.586700000000000887e-01,8.082993030548095703e-01,4.316346347332000732e-01
-2.661029895951688928e+00,2.075189294813880991e+01,1.135370849609375000e+03,8.122105002403259277e-01,6.586800000000000432e-01,7.417706847190856934e-01,4.267518222332000732e-01
-2.653468785199654789e+00,2.077486582663919634e+01,1.252547485351562500e+03,7.638878226280212402e-01,6.586900000000001087e-01,8.389695882797241211e-01,4.996128082275390625e-01
-2.653838715818277905e+00,2.079636261566242794e+01,1.264787841796875000e+03,8.943874239921569824e-01,6.587000000000000632e-01,9.049640893936157227e-01,5.406591296195983887e-01
-2.652943321506609387e+00,2.081726157099712538e+01,1.312500366210937500e+03,9.063059687614440918e-01,6.587100000000000177e-01,1.297269105911254883e+00,7.844191789627075195e-01
-2.652736744526870805e+00,2.084561483755945233e+01,1.221163330078125000e+03,1.097818136215209961e+00,6.587200000000000832e-01,1.033062100410461426e+00,6.099342703819274902e-01
-2.652450575826860835e+00,2.087058697937778362e+01,1.243148315429687500e+03,1.716527462005615234e+00,6.587300000000000377e-01,8.475145101547241211e-01,5.034275054931640625e-01
-2.657700455430137332e+00,2.088951883122734543e+01,1.116206542968750000e+03,1.269121885299682617e+00,6.587400000000001032e-01,7.463483810424804688e-01,4.266755282878875732e-01
-2.657287755231589443e+00,2.091294680910254300e+01,1.096011474609375000e+03,9.305137991905212402e-01,6.587500000000000577e-01,7.593184113502502441e-01,4.311005771160125732e-01
-2.653807681846675148e+00,2.094317305181177247e+01,9.439683837890625000e+02,8.835381865501403809e-01,6.587600000000000122e-01,7.461957931518554688e-01,3.983703553676605225e-01
-2.651155283104851712e+00,2.096081896833660352e+01,1.247371215820312500e+03,7.292813658714294434e-01,6.587700000000000777e-01,9.067188501358032227e-01,5.392095446586608887e-01
-2.653111803450528328e+00,2.098220245716484911e+01,1.270949829101562500e+03,7.418674826622009277e-01,6.587800000000000322e-01,8.945880532264709473e-01,5.353184938430786133e-01
-2.654255556502798097e+00,2.099867911499898554e+01,8.989179687500000000e+02,1.030020236968994141e+00,6.587900000000000977e-01,8.298905491828918457e-01,4.333131015300750732e-01
-2.657436459361740333e+00,2.102301846053686774e+01,1.109290893554687500e+03,8.805400729179382324e-01,6.588000000000000522e-01,8.933673501014709473e-01,5.095310807228088379e-01
-2.654108424414638900e+00,2.105014129781542565e+01,1.223634643554687500e+03,8.874303698539733887e-01,6.588100000000000067e-01,8.247025609016418457e-01,4.872531294822692871e-01
-2.653759392318064680e+00,2.107069446978634275e+01,1.434110229492187500e+03,8.661920428276062012e-01,6.588200000000000722e-01,9.672964811325073242e-01,6.009315252304077148e-01
-2.658002243807074283e+00,2.109889557948839212e+01,1.305729736328125000e+03,8.714300990104675293e-01,6.588300000000000267e-01,8.148605823516845703e-01,4.919070899486541748e-01
-2.646476932864542331e+00,2.111860514809866629e+01,1.178778564453125000e+03,1.074651002883911133e+00,6.588400000000000922e-01,8.935962319374084473e-01,5.211277604103088379e-01
-2.652994344275892757e+00,2.114474357709336516e+01,1.313560546875000000e+03,9.763140082359313965e-01,6.588500000000000467e-01,7.083538174629211426e-01,4.284302890300750732e-01
-2.646400952745497914e+00,2.115953600810206225e+01,1.233762329101562500e+03,9.067446589469909668e-01,6.588600000000000012e-01,7.979232668876647949e-01,4.727572500705718994e-01
-2.654306974662115515e+00,2.119039706859634720e+01,1.126449462890625000e+03,7.165390849113464355e-01,6.588700000000000667e-01,1.004222869873046875e+00,5.760596394538879395e-01
-2.646828568923258018e+00,2.121674911158467935e+01,1.231581542968750000e+03,8.891302943229675293e-01,6.588800000000000212e-01,1.008037567138671875e+00,5.968879461288452148e-01
-2.654717254535957416e+00,2.123197662992797419e+01,1.068238891601562500e+03,1.207299947738647461e+00,6.588900000000000867e-01,8.849750161170959473e-01,4.974765777587890625e-01
-2.651644828712516055e+00,2.126003833109127683e+01,1.095201904296875000e+03,1.202510118484497070e+00,6.589000000000000412e-01,8.723101615905761719e-01,4.951114356517791748e-01
-2.660293794711916959e+00,2.128409665257712646e+01,1.264128417968750000e+03,1.019770622253417969e+00,6.589100000000001067e-01,8.871112465858459473e-01,5.299016237258911133e-01
-2.657272617798113856e+00,2.130359789039670559e+01,1.119381347656250000e+03,1.003075361251831055e+00,6.589200000000000612e-01,8.640703558921813965e-01,4.945010840892791748e-01
-2.660341236878270177e+00,2.133084360785008116e+01,1.155155517578125000e+03,9.524530768394470215e-01,6.589300000000000157e-01,9.558523297309875488e-01,5.534002184867858887e-01
-2.653919130310880892e+00,2.135070105279383057e+01,1.256856079101562500e+03,1.032708406448364258e+00,6.589400000000000812e-01,9.452474117279052734e-01,5.635473728179931641e-01
-2.654633142564214676e+00,2.137055799495934849e+01,1.101641967773437500e+03,1.189114570617675781e+00,6.589500000000000357e-01,1.065639734268188477e+00,6.061958670616149902e-01
-2.655019016024187994e+00,2.140200701112472359e+01,1.325906738281250000e+03,1.181249141693115234e+00,6.589600000000001012e-01,1.029857754707336426e+00,6.247353553771972656e-01
-2.659272790206214321e+00,2.141904569733135943e+01,1.346681518554687500e+03,1.310963153839111328e+00,6.589700000000000557e-01,8.485063314437866211e-01,5.172367691993713379e-01
-2.647302809818977476e+00,2.145181322390113721e+01,1.443627319335937500e+03,1.308038949966430664e+00,6.589800000000000102e-01,7.484846115112304688e-01,4.658907651901245117e-01
-2.656052347456101081e+00,2.147929439312176925e+01,1.552299804687500000e+03,8.193547129631042480e-01,6.589900000000000757e-01,1.041759610176086426e+00,6.617380380630493164e-01
-2.658427908189346045e+00,2.149558806494306040e+01,1.223057373046875000e+03,1.094207286834716797e+00,6.590000000000000302e-01,8.688769340515136719e-01,5.132694840431213379e-01
-2.655521691705636123e+00,2.151935899095558113e+01,1.385436279296875000e+03,1.376224279403686523e+00,6.590100000000000957e-01,9.569204449653625488e-01,5.884193181991577148e-01
-2.658244393983785425e+00,2.154575858128751875e+01,1.428375854492187500e+03,1.117487668991088867e+00,6.590200000000000502e-01,1.067775964736938477e+00,6.625772714614868164e-01
-2.650506249022360539e+00,2.157394123029827071e+01,1.687264526367187500e+03,1.290578365325927734e+00,6.590300000000000047e-01,1.335721373558044434e+00,8.669695258140563965e-01
-2.649513591547636882e+00,2.159521722239297503e+01,1.413545532226562500e+03,1.601335525512695312e+00,6.590400000000000702e-01,1.034435391426086426e+00,6.399179100990295410e-01
-2.652073744682553524e+00,2.161569912801848048e+01,1.696139892578125000e+03,1.909908771514892578e+00,6.590500000000000247e-01,1.015972256660461426e+00,6.602884531021118164e-01
-2.650634214646327536e+00,2.163490801575701283e+01,1.445447875976562500e+03,1.436246156692504883e+00,6.590600000000000902e-01,9.691275358200073242e-01,6.034492850303649902e-01
-2.652901334044317494e+00,2.166324704023925207e+01,1.347362670898437500e+03,1.377745389938354492e+00,6.590700000000000447e-01,9.646261930465698242e-01,5.881141424179077148e-01
-2.654900657450730339e+00,2.169034210433708054e+01,1.912190795898437500e+03,1.189567565917968750e+00,6.590799999999999992e-01,9.018360376358032227e-01,6.026863455772399902e-01
-2.650628681976097134e+00,2.171006373835506054e+01,1.649765747070312500e+03,9.927911162376403809e-01,6.590900000000000647e-01,1.318097352981567383e+00,8.507188558578491211e-01
-2.659059933674810416e+00,2.173261050040305520e+01,1.268060791015625000e+03,1.498099088668823242e+00,6.591000000000000192e-01,1.271405339241027832e+00,7.602339386940002441e-01
-2.646887411039310134e+00,2.176322908098796916e+01,1.243853027343750000e+03,2.040624141693115234e+00,6.591100000000000847e-01,8.975635170936584473e-01,5.332585573196411133e-01
-2.656545213594543320e+00,2.178661571350114912e+01,1.171708740234375000e+03,1.686416387557983398e+00,6.591200000000000392e-01,8.960376381874084473e-01,5.214329361915588379e-01
-2.646270443045600995e+00,2.179686427896285750e+01,9.587637939453125000e+02,1.157258272171020508e+00,6.591300000000001047e-01,8.359177708625793457e-01,4.493349194526672363e-01
-2.656796967770022277e+00,2.182245332639453039e+01,1.147724243164062500e+03,8.614785075187683105e-01,6.591400000000000592e-01,8.870349526405334473e-01,5.123539566993713379e-01
-2.654473860096772331e+00,2.184622328989625117e+01,1.440599731445312500e+03,1.210293292999267578e+00,6.591500000000000137e-01,7.979995608329772949e-01,4.964084625244140625e-01
-2.654305573501808180e+00,2.187520101551075768e+01,1.269285766601562500e+03,1.053589105606079102e+00,6.591600000000000792e-01,8.195908069610595703e-01,4.902286231517791748e-01
-2.649249689915219808e+00,2.189443751613345412e+01,1.333617187500000000e+03,9.032208323478698730e-01,6.591700000000000337e-01,8.032638430595397949e-01,4.881686568260192871e-01
-2.652267016366025576e+00,2.191278313143733669e+01,1.608823364257812500e+03,9.881729483604431152e-01,6.591800000000000992e-01,1.062511682510375977e+00,6.813457012176513672e-01
-2.647145694277211803e+00,2.193947266059156220e+01,1.431142944335937500e+03,1.003467559814453125e+00,6.591900000000000537e-01,1.128735065460205078e+00,7.008007168769836426e-01
-2.649529535754764353e+00,2.196401644612694071e+01,1.597129272460937500e+03,1.567610025405883789e+00,6.592000000000000082e-01,9.813346266746520996e-01,6.280922889709472656e-01
-2.653714557005304009e+00,2.198368126438251124e+01,1.451949707031250000e+03,1.482865333557128906e+00,6.592100000000000737e-01,1.183361768722534180e+00,7.378033995628356934e-01
-2.652310121638951745e+00,2.200829844651045875e+01,1.565752929687500000e+03,1.405055046081542969e+00,6.592200000000000282e-01,8.401902914047241211e-01,5.349370241165161133e-01
-2.651893956161420096e+00,2.203478993889009629e+01,1.232351928710937500e+03,1.491273164749145508e+00,6.592300000000000937e-01,8.234818577766418457e-01,4.877108931541442871e-01
-2.649785004305606151e+00,2.205498276555710291e+01,1.552429687500000000e+03,9.425992369651794434e-01,6.592400000000000482e-01,9.451711177825927734e-01,6.003974676132202148e-01
-2.649625928057027124e+00,2.208234254450160350e+01,1.266513916015625000e+03,1.139795303344726562e+00,6.592500000000000027e-01,1.031307339668273926e+00,6.164192557334899902e-01
-2.651232675265894567e+00,2.210136934082451532e+01,9.643246459960937500e+02,1.355173110961914062e+00,6.592600000000000682e-01,9.038959741592407227e-01,4.871005415916442871e-01
-2.652508039054317646e+00,2.212853746774830910e+01,1.190188842773437500e+03,1.326492547988891602e+00,6.592700000000000227e-01,9.331929683685302734e-01,5.460759997367858887e-01
-2.653173785381831795e+00,2.214581485020135077e+01,1.346194458007812500e+03,1.114038944244384766e+00,6.592800000000000882e-01,1.048626184463500977e+00,6.391549706459045410e-01
-2.651436191581545643e+00,2.217228588167686709e+01,1.077509033203125000e+03,1.169802665710449219e+00,6.592900000000000427e-01,9.397542476654052734e-01,5.300542116165161133e-01
-2.643516813355857309e+00,2.219486066467426966e+01,1.968406250000000000e+03,1.304170608520507812e+00,6.593000000000001082e-01,9.252583384513854980e-01,6.222176551818847656e-01
-2.650714657249543915e+00,2.221845620474571703e+01,1.576775390625000000e+03,1.001687765121459961e+00,6.593100000000000627e-01,8.846698403358459473e-01,5.643103122711181641e-01
-2.646019401691672268e+00,2.224058741346251367e+01,1.487787719726562500e+03,1.361225366592407227e+00,6.593200000000000172e-01,8.148605823516845703e-01,5.115910172462463379e-01
-2.651553020798247395e+00,2.226737424350120520e+01,1.367562500000000000e+03,1.054093360900878906e+00,6.593300000000000827e-01,8.249314427375793457e-01,5.052585601806640625e-01
-2.647666600943645587e+00,2.229021519446450128e+01,8.703794555664062500e+02,1.022194147109985352e+00,6.593400000000000372e-01,9.107624292373657227e-01,4.683321714401245117e-01
-2.657401157740848952e+00,2.231197357029580886e+01,1.622149047851562500e+03,9.264368414878845215e-01,6.593500000000001027e-01,8.829913735389709473e-01,5.674383640289306641e-01
-2.648616861077856210e+00,2.233137821825138047e+01,1.050788208007812500e+03,1.019666910171508789e+00,6.593600000000000572e-01,8.494981527328491211e-01,4.744357168674468994e-01
-2.649882401142488408e+00,2.235538914566278379e+01,1.387318481445312500e+03,9.916025996208190918e-01,6.593700000000000117e-01,9.339559078216552734e-01,5.745337605476379395e-01
-2.653525154113899553e+00,2.238166090341623971e+01,1.383188476562500000e+03,9.922165274620056152e-01,6.593800000000000772e-01,9.401357173919677734e-01,5.778144001960754395e-01
-2.660799777502643071e+00,2.240283655402535601e+01,1.514479003906250000e+03,1.172672033309936523e+00,6.593900000000000317e-01,9.003101587295532227e-01,5.680487155914306641e-01
-2.658945678188673334e+00,2.243249645595080821e+01,1.703887451171875000e+03,1.158096313476562500e+00,6.594000000000000972e-01,1.025737881660461426e+00,6.673838496208190918e-01
-2.656992697629401157e+00,2.244883730846670744e+01,1.012421875000000000e+03,1.291386604309082031e+00,6.594100000000000517e-01,9.669913053512573242e-01,5.319615602493286133e-01
-2.657518203331329154e+00,2.247357275125112253e+01,1.365692382812500000e+03,1.362602233886718750e+00,6.594200000000000061e-01,1.018184781074523926e+00,6.233620643615722656e-01
-2.658147251108553100e+00,2.249737831066394023e+01,1.377879150390625000e+03,1.188563823699951172e+00,6.594300000000000717e-01,1.003993988037109375e+00,6.163429617881774902e-01
-2.658867625317045125e+00,2.251430616325416523e+01,1.620280151367187500e+03,1.252665042877197266e+00,6.594400000000000261e-01,9.484518170356750488e-01,6.093239188194274902e-01
-2.662597996475222217e+00,2.254378812806269039e+01,1.596415405273437500e+03,1.328262805938720703e+00,6.594500000000000917e-01,9.690512418746948242e-01,6.201577186584472656e-01
-2.656955511477943066e+00,2.257057840676000637e+01,1.396227050781250000e+03,1.368551969528198242e+00,6.594600000000000461e-01,9.968986511230468750e-01,6.144356131553649902e-01
-2.654940095004294065e+00,2.259082294999086926e+01,1.482141235351562500e+03,1.340012073516845703e+00,6.594700000000000006e-01,9.940757751464843750e-01,6.234383583068847656e-01
-2.657751103915650503e+00,2.262124003880022727e+01,1.525132934570312500e+03,1.317111968994140625e+00,6.594800000000000662e-01,9.586752057075500488e-01,6.060432791709899902e-01
-2.661006520313148105e+00,2.264299703672135777e+01,1.635886474609375000e+03,1.349718093872070312e+00,6.594900000000000206e-01,1.102489829063415527e+00,7.100322842597961426e-01
-2.658301090188111893e+00,2.266711969731738918e+01,1.732943847656250000e+03,1.364640712738037109e+00,6.595000000000000862e-01,8.567461371421813965e-01,5.597326755523681641e-01
-2.658428016649178272e+00,2.269001813789729383e+01,1.254563720703125000e+03,1.447958469390869141e+00,6.595100000000000406e-01,9.691275358200073242e-01,5.774329304695129395e-01
-2.666678718348317823e+00,2.270364144977663301e+01,1.165207031250000000e+03,1.200125932693481445e+00,6.595200000000001062e-01,7.610731720924377441e-01,4.420106709003448486e-01
-2.653958407373709694e+00,2.273067935339692980e+01,1.312414428710937500e+03,1.124644994735717773e+00,6.595300000000000606e-01,7.699995636940002441e-01,4.655855894088745117e-01
-2.658282313405551989e+00,2.275491188371401563e+01,1.165931884765625000e+03,7.863575816154479980e-01,6.595400000000000151e-01,1.008342742919921875e+00,5.857489705085754395e-01
-2.654632048959698398e+00,2.277519225978279138e+01,1.073222656250000000e+03,1.019944667816162109e+00,6.595500000000000806e-01,9.207569956779479980e-01,5.185337662696838379e-01
-2.656728959939547163e+00,2.279699929453007101e+01,1.504195190429687500e+03,1.090067148208618164e+00,6.595600000000000351e-01,9.794272780418395996e-01,6.168007254600524902e-01
-2.651908873246396681e+00,2.282016161851655767e+01,1.267550903320312500e+03,9.631282687187194824e-01,6.595700000000001006e-01,9.520376324653625488e-01,5.691931247711181641e-01
-2.661905390100689495e+00,2.284501944035869059e+01,1.120278564453125000e+03,1.319097995758056641e+00,6.595800000000000551e-01,9.631003141403198242e-01,5.513402819633483887e-01
-2.655260916027479823e+00,2.287151215024875839e+01,1.109971435546875000e+03,1.210540056228637695e+00,6.595900000000000096e-01,8.797869682312011719e-01,5.019016265869140625e-01
-2.651482117101008118e+00,2.289828889551031210e+01,1.531161010742187500e+03,1.136401414871215820e+00,6.596000000000000751e-01,9.201466441154479980e-01,5.823157429695129395e-01
-2.651386209082619683e+00,2.291290488765453404e+01,1.495145996093750000e+03,9.941524863243103027e-01,6.596100000000000296e-01,9.842337965965270996e-01,6.187844276428222656e-01
-2.657892125278690010e+00,2.294769338763855160e+01,1.126407836914062500e+03,1.256454706192016602e+00,6.596200000000000951e-01,9.929313659667968750e-01,5.695745944976806641e-01
-2.653837323655120706e+00,2.296508797858589901e+01,1.684167968750000000e+03,1.258323907852172852e+00,6.596300000000000496e-01,9.370839595794677734e-01,6.079506278038024902e-01
-2.653222529540397723e+00,2.298582024709592986e+01,1.164537963867187500e+03,1.282755851745605469e+00,6.596400000000000041e-01,7.815963029861450195e-01,4.538362622261047363e-01
-2.654025704676648445e+00,2.301211739323481709e+01,1.310314697265625000e+03,1.118505716323852539e+00,6.596500000000000696e-01,9.685934782028198242e-01,5.853675007820129395e-01
-2.645597242851277731e+00,2.304352185847927359e+01,1.512423828125000000e+03,1.033991098403930664e+00,6.596600000000000241e-01,1.066250085830688477e+00,6.724955439567565918e-01
-2.648614264818967445e+00,2.306087992977110090e+01,1.261888671875000000e+03,1.245431423187255859e+00,6.596700000000000896e-01,9.052692651748657227e-01,5.404302477836608887e-01
-2.646957081005222090e+00,2.308119672101518915e+01,1.307677368164062500e+03,1.183024168014526367e+00,6.596800000000000441e-01,8.595690131187438965e-01,5.191441178321838379e-01
-2.656191840503544288e+00,2.309780033668442201e+01,1.137728393554687500e+03,1.130234718322753906e+00,6.596899999999999986e-01,8.124954700469970703e-01,4.677981138229370117e-01
-2.652152750134315173e+00,2.312947675616318222e+01,1.348254760742187500e+03,1.039100408554077148e+00,6.597000000000000641e-01,1.002086639404296875e+00,6.110786795616149902e-01
-2.654501029113859101e+00,2.315712320221971510e+01,1.337199340820312500e+03,8.778519034385681152e-01,6.597100000000000186e-01,9.922447204589843750e-01,6.035255789756774902e-01
-2.650851227891834139e+00,2.316850853368054430e+01,1.607605224609375000e+03,1.411211013793945312e+00,6.597200000000000841e-01,9.466970562934875488e-01,6.069588065147399902e-01
-2.652813744981125321e+00,2.320129998441522190e+01,1.336858032226562500e+03,1.228457212448120117e+00,6.597300000000000386e-01,1.061443567276000977e+00,6.455636620521545410e-01
-2.648100708230852973e+00,2.322568890262941466e+01,1.122665039062500000e+03,1.469708204269409180e+00,6.597400000000001041e-01,8.446153402328491211e-01,4.838961958885192871e-01
-2.654992103060959785e+00,2.325053243902444677e+01,1.462962768554687500e+03,1.317657947540283203e+00,6.597500000000000586e-01,1.131710529327392578e+00,7.071331143379211426e-01
-2.653799126786598350e+00,2.326502122797761274e+01,1.183697509765625000e+03,1.243068695068359375e+00,6.597600000000000131e-01,1.081432700157165527e+00,6.316018104553222656e-01
-2.658227265869638867e+00,2.329344536116818531e+01,1.311782714843750000e+03,1.601808786392211914e+00,6.597700000000000786e-01,1.069835901260375977e+00,6.467843651771545410e-01
-2.651158915127719062e+00,2.332186076669842478e+01,1.542804199218750000e+03,1.515177011489868164e+00,6.597800000000000331e-01,8.585771918296813965e-01,5.444738268852233887e-01
-2.660802012336628941e+00,2.333434180336490726e+01,1.229961181640625000e+03,1.367630481719970703e+00,6.597900000000000986e-01,7.539014816284179688e-01,4.462068378925323486e-01
-2.657241955170725145e+00,2.335888322713202214e+01,1.208697021484375000e+03,1.026821851730346680e+00,6.598000000000000531e-01,8.302720189094543457e-01,4.884738624095916748e-01
-2.657697706766497081e+00,2.339375310078082038e+01,1.452198974609375000e+03,8.450383543968200684e-01,6.598100000000000076e-01,9.131275415420532227e-01,5.693457126617431641e-01
-2.656980631230855039e+00,2.340705874045045931e+01,1.257491577148437500e+03,9.241647124290466309e-01,6.598200000000000731e-01,8.309586644172668457e-01,4.954929053783416748e-01
-2.655193025162857712e+00,2.343029288258097864e+01,1.292239257812500000e+03,9.702402949333190918e-01,6.598300000000000276e-01,1.070827722549438477e+00,6.442666649818420410e-01
-2.656606882893717714e+00,2.344749486840142794e+01,1.367275146484375000e+03,1.057308435440063477e+00,6.598400000000000931e-01,8.937488198280334473e-01,5.473729968070983887e-01
-2.661508466282404228e+00,2.348642198108474233e+01,1.093890869140625000e+03,1.259476661682128906e+00,6.598500000000000476e-01,8.382829427719116211e-01,4.755801260471343994e-01
-2.658392305884570206e+00,2.350417290513778212e+01,1.435542846679687500e+03,9.502810835838317871e-01,6.598600000000000021e-01,8.266862034797668457e-01,5.137272477149963379e-01
-2.664427833520188305e+00,2.352516143536332294e+01,1.494893432617187500e+03,9.485024809837341309e-01,6.598700000000000676e-01,9.479940533638000488e-01,5.959724187850952148e-01
-2.665246819621758689e+00,2.355535329261917354e+01,1.069811523437500000e+03,9.733135104179382324e-01,6.598800000000000221e-01,9.011493921279907227e-01,5.068607330322265625e-01
-2.661475032849283551e+00,2.357280507114485246e+01,1.168100585937500000e+03,1.249776601791381836e+00,6.598900000000000876e-01,8.261521458625793457e-01,4.802340567111968994e-01
-2.664475606289637089e+00,2.359532944225964357e+01,1.071322265625000000e+03,1.046589136123657227e+00,6.599000000000000421e-01,8.717761039733886719e-01,4.906100928783416748e-01
-2.660628996684576641e+00,2.361671399976271246e+01,1.487921875000000000e+03,1.072618484497070312e+00,6.599100000000001076e-01,9.344136714935302734e-01,5.866645574569702148e-01
-2.663777279578911195e+00,2.364277569843576998e+01,1.124490234375000000e+03,9.353083968162536621e-01,6.599200000000000621e-01,8.749804496765136719e-01,5.015964508056640625e-01
-2.655919428991554643e+00,2.366785623980399933e+01,1.093233032226562500e+03,1.171421527862548828e+00,6.599300000000000166e-01,8.819231986999511719e-01,5.002231597900390625e-01
-2.662877691588630302e+00,2.369161966256541874e+01,1.245246826171875000e+03,1.057607650756835938e+00,6.599400000000000821e-01,8.440812826156616211e-01,5.016727447509765625e-01
-2.655359821607366388e+00,2.370308023911015738e+01,1.364343872070312500e+03,1.077227115631103516e+00,6.599500000000000366e-01,7.842665910720825195e-01,4.800051748752593994e-01
-2.659815152759915868e+00,2.371477086745520424e+01,1.037169677734375000e+03,8.478528857231140137e-01,6.599600000000001021e-01,8.610948920249938965e-01,4.784030020236968994e-01
-2.652919844998727239e+00,2.373334212105854846e+01,3.546563232421875000e+03,9.797818064689636230e-01,6.599700000000000566e-01,9.479559212923049927e-02,7.007625699043273926e-02
-2.658679355514422138e+00,2.374689053026461849e+01,-9.665379028320312500e+02,7.906336188316345215e-01,6.599800000000000111e-01,3.398908302187919617e-02,4.360215738415718079e-02
-2.647648356073231124e+00,2.374735955835560830e+01,4.571000000000000000e+03,2.361375242471694946e-01,6.599900000000000766e-01,5.161305144429206848e-02,3.917708992958068848e-02
