# x_coordinates, y_coordinates, TEP, TED, times, high, low
4.310303405641553454e+00,1.805018313957488374e+01,-1.503277099609375000e+03,1.697796732187271118e-01,1.099120000000000097e+00,5.779288336634635925e-02,6.351495534181594849e-02
4.307319500744000607e+00,1.805005211241400076e+01,3.067116455078125000e+03,1.542204767465591431e-01,1.099130000000000162e+00,1.763541251420974731e-01,1.279835850000381470e-01
4.305883790545498968e+00,1.804705705293259399e+01,1.339024780273437500e+03,1.815110594034194946e-01,1.099140000000000006e+00,1.974113434553146362e-01,1.201252788305282593e-01
4.314163826426094417e+00,1.804133982434296612e+01,1.396359497070312500e+03,2.102011591196060181e-01,1.099150000000000071e+00,2.125938832759857178e-01,1.310353577136993408e-01
4.309035608342025370e+00,1.803086736756802821e+01,1.549569335937500000e+03,2.450388818979263306e-01,1.099160000000000137e+00,2.862941324710845947e-01,1.817710250616073608e-01
4.317506699952661009e+00,1.802991029559300529e+01,1.835873046875000000e+03,2.424746900796890259e-01,1.099169999999999980e+00,3.986755311489105225e-01,2.640162110328674316e-01
4.318671439336664974e+00,1.803944602313591616e+01,1.372522216796875000e+03,5.278379321098327637e-01,1.099180000000000046e+00,3.025448024272918701e-01,1.855094283819198608e-01
4.317963443931469136e+00,1.803466236972190018e+01,1.300968627929687500e+03,5.549938082695007324e-01,1.099190000000000111e+00,3.451169729232788086e-01,2.080925256013870239e-01
4.318015369941937465e+00,1.804824768465339346e+01,1.290665527343750000e+03,3.686434328556060791e-01,1.099200000000000177e+00,3.342069089412689209e-01,2.009971588850021362e-01
4.323570806298289604e+00,1.805117039814378543e+01,1.285530029296875000e+03,5.222672820091247559e-01,1.099210000000000020e+00,2.397546321153640747e-01,1.440053731203079224e-01
4.321440700445613459e+00,1.806533944395577151e+01,1.362218139648437500e+03,4.531950056552886963e-01,1.099220000000000086e+00,2.817927598953247070e-01,1.723868250846862793e-01
4.318643035691002829e+00,1.806670218391862903e+01,1.443423706054687500e+03,3.660124838352203369e-01,1.099230000000000151e+00,2.273186743259429932e-01,1.414876580238342285e-01
4.314320019333519163e+00,1.808699544328617748e+01,9.568387451171875000e+02,3.540784418582916260e-01,1.099239999999999995e+00,3.020870387554168701e-01,1.622397005558013916e-01
4.322155262427937572e+00,1.809821768155875077e+01,1.011464843750000000e+03,3.134364187717437744e-01,1.099250000000000060e+00,3.015529811382293701e-01,1.658255159854888916e-01
4.317959058119191340e+00,1.811254772934406176e+01,8.777228393554687500e+02,3.674453794956207275e-01,1.099260000000000126e+00,2.470025867223739624e-01,1.275258213281631470e-01
4.319215183575611405e+00,1.812494162474463266e+01,1.020025329589843750e+03,3.965634405612945557e-01,1.099270000000000191e+00,2.087028771638870239e-01,1.151661500334739685e-01
4.316599084586790980e+00,1.813923800136315023e+01,8.687202758789062500e+02,3.234547674655914307e-01,1.099280000000000035e+00,2.289208620786666870e-01,1.176075637340545654e-01
4.322151034773354716e+00,1.815138169635061516e+01,1.325479003906250000e+03,2.279299646615982056e-01,1.099290000000000100e+00,3.395474851131439209e-01,2.059562951326370239e-01
4.326129934233257757e+00,1.817933872935090278e+01,1.394322631835937500e+03,3.575688898563385010e-01,1.099300000000000166e+00,2.190026044845581055e-01,1.349263638257980347e-01
4.323929800506093102e+00,1.819399174391380924e+01,1.853170776367187500e+03,4.521769583225250244e-01,1.099310000000000009e+00,2.145775407552719116e-01,1.424031853675842285e-01
4.321294682202282189e+00,1.820264293094151498e+01,7.909219360351562500e+02,2.811199724674224854e-01,1.099320000000000075e+00,2.299126833677291870e-01,1.126484423875808716e-01
4.322251456135880687e+00,1.822648572659585753e+01,1.344674926757812500e+03,2.178901582956314087e-01,1.099330000000000140e+00,2.378472834825515747e-01,1.449209004640579224e-01
4.321297490399651942e+00,1.824447312114353537e+01,1.250087890625000000e+03,2.348083406686782837e-01,1.099339999999999984e+00,5.436345934867858887e-01,3.235256969928741455e-01
4.322188549738609886e+00,1.825259916445880748e+01,1.559999023437500000e+03,2.679556906223297119e-01,1.099350000000000049e+00,4.083648920059204102e-01,2.597437202930450439e-01
4.328117922357803238e+00,1.827579288440790251e+01,3.085805664062500000e+03,1.027568101882934570e+00,1.099360000000000115e+00,2.146538347005844116e-01,1.559072732925415039e-01
4.322685399110349103e+00,1.828815955343247879e+01,5.011345214843750000e+03,6.493694186210632324e-01,1.099370000000000180e+00,2.329644560813903809e-01,1.782614886760711670e-01
4.332772041511634420e+00,1.829810035075648855e+01,1.386885375976562500e+03,2.742141783237457275e-01,1.099380000000000024e+00,2.192314863204956055e-01,1.348500698804855347e-01
4.328194643766330785e+00,1.831265703298149816e+01,1.000474487304687500e+03,3.829020559787750244e-01,1.099390000000000089e+00,2.393731623888015747e-01,1.310353577136993408e-01
4.326593034511144076e+00,1.833090905710664131e+01,1.357650146484375000e+03,2.346581369638442993e-01,1.099400000000000155e+00,3.046810328960418701e-01,1.861960887908935547e-01
4.327269509233947709e+00,1.834498558213760333e+01,1.622808593750000000e+03,3.218311369419097900e-01,1.099409999999999998e+00,2.933894991874694824e-01,1.885612010955810547e-01
4.329538485256403391e+00,1.835869722545863780e+01,1.672911010742187500e+03,3.607982695102691650e-01,1.099420000000000064e+00,2.726374566555023193e-01,1.765830069780349731e-01
4.322970574290914136e+00,1.837125039521325220e+01,1.925834350585937500e+03,4.115647375583648682e-01,1.099430000000000129e+00,2.630243897438049316e-01,1.760489493608474731e-01
4.328130666267389515e+00,1.837721495365699198e+01,1.407676147460937500e+03,3.466743528842926025e-01,1.099440000000000195e+00,2.461633533239364624e-01,1.520925611257553101e-01
4.325028210587055000e+00,1.839385783337356983e+01,1.710910522460937500e+03,3.402024805545806885e-01,1.099450000000000038e+00,2.225121408700942993e-01,1.449209004640579224e-01
4.329096698360940465e+00,1.840482949181997085e+01,1.311996459960937500e+03,2.679008543491363525e-01,1.099460000000000104e+00,2.390679866075515747e-01,1.445394307374954224e-01
4.327077872700209937e+00,1.841998110354637319e+01,1.079750122070312500e+03,3.128105700016021729e-01,1.099470000000000169e+00,3.055202662944793701e-01,1.724631190299987793e-01
4.324762326536050416e+00,1.843489253082482904e+01,1.590468383789062500e+03,2.823335230350494385e-01,1.099480000000000013e+00,3.242886662483215332e-01,2.073295861482620239e-01
4.328292994033112073e+00,1.845690049825786971e+01,1.370320190429687500e+03,4.707330763339996338e-01,1.099490000000000078e+00,3.060543239116668701e-01,1.875693798065185547e-01
4.326655180696317160e+00,1.846914407599560093e+01,1.091503784179687500e+03,4.460019171237945557e-01,1.099500000000000144e+00,2.679072022438049316e-01,1.518636792898178101e-01
4.329630038499197475e+00,1.847994739832525468e+01,1.616374389648437500e+03,3.883689939975738525e-01,1.099509999999999987e+00,2.566156685352325439e-01,1.647574007511138916e-01
4.323439155254154009e+00,1.848888490464189971e+01,1.596354614257812500e+03,3.167969286441802979e-01,1.099520000000000053e+00,2.508935928344726562e-01,1.605612188577651978e-01
4.323812611366301795e+00,1.850887278494709065e+01,1.794264770507812500e+03,3.287071287631988525e-01,1.099530000000000118e+00,2.647028565406799316e-01,1.743704825639724731e-01
4.321730344345622754e+00,1.851844452959694109e+01,2.829528808593750000e+03,3.017300665378570557e-01,1.099540000000000184e+00,2.446374744176864624e-01,1.755148917436599731e-01
4.325935731822879937e+00,1.853729224173692103e+01,1.045414428710937500e+03,3.583282530307769775e-01,1.099550000000000027e+00,2.271660864353179932e-01,1.266102790832519531e-01
4.330615324489152762e+00,1.855161153068516455e+01,9.550008544921875000e+02,2.757460176944732666e-01,1.099560000000000093e+00,2.568445503711700439e-01,1.378255337476730347e-01
4.327740075328064151e+00,1.857392140326275864e+01,7.975936279296875000e+02,2.585608065128326416e-01,1.099570000000000158e+00,2.837764024734497070e-01,1.396566033363342285e-01
4.320342964812524222e+00,1.858355269245905816e+01,1.241838745117187500e+03,2.896803915500640869e-01,1.099580000000000002e+00,2.458581775426864624e-01,1.459890156984329224e-01
4.325911858488973749e+00,1.859842759991577665e+01,1.232624145507812500e+03,3.009778559207916260e-01,1.099590000000000067e+00,2.357873320579528809e-01,1.396566033363342285e-01
4.315068919644018841e+00,1.861435056794061182e+01,1.733000244140625000e+03,2.874023020267486572e-01,1.099600000000000133e+00,2.354821562767028809e-01,1.538473218679428101e-01
4.325164338351333626e+00,1.863784792683863500e+01,1.945579223632812500e+03,2.979523241519927979e-01,1.099610000000000198e+00,1.997764557600021362e-01,1.340108215808868408e-01
4.328849666211623592e+00,1.865135699124138924e+01,9.255171508789062500e+02,2.727788984775543213e-01,1.099620000000000042e+00,2.399835139513015747e-01,1.269917637109756470e-01
4.322588089901015174e+00,1.866556319460176638e+01,1.491490478515625000e+03,2.180498987436294556e-01,1.099630000000000107e+00,2.526483535766601562e-01,1.587301641702651978e-01
4.319797402170528322e+00,1.868238392754473054e+01,1.116174804687500000e+03,3.002757132053375244e-01,1.099640000000000173e+00,2.402887046337127686e-01,1.373677700757980347e-01
4.322898465685508285e+00,1.868969959668029546e+01,1.122357299804687500e+03,2.787846624851226807e-01,1.099650000000000016e+00,2.473840564489364624e-01,1.417165398597717285e-01
4.322404239286224303e+00,1.870541822440079471e+01,1.156378662109375000e+03,2.632195055484771729e-01,1.099660000000000082e+00,2.396783381700515747e-01,1.388173699378967285e-01
4.321377412631763448e+00,1.871132471036763789e+01,2.438924072265625000e+03,2.366691976785659790e-01,1.099670000000000147e+00,2.533349990844726562e-01,1.774985343217849731e-01
4.322069165616222008e+00,1.873506673047679527e+01,1.179094604492187500e+03,2.972835600376129150e-01,1.099679999999999991e+00,2.284630835056304932e-01,1.332478821277618408e-01
4.323944943150561215e+00,1.875447055100931237e+01,2.039247558593750000e+03,3.219634592533111572e-01,1.099690000000000056e+00,2.578363716602325439e-01,1.746756583452224731e-01
4.316758826649325087e+00,1.876959080353757159e+01,1.914868164062500000e+03,2.984243929386138916e-01,1.099700000000000122e+00,2.994167208671569824e-01,2.001579254865646362e-01
4.320151617249477383e+00,1.878357842804581068e+01,7.929651489257812500e+02,4.133493006229400635e-01,1.099710000000000187e+00,2.788935899734497070e-01,1.368337124586105347e-01
4.322516476917005690e+00,1.879606919425093281e+01,1.428583862304687500e+03,3.791016638278961182e-01,1.099720000000000031e+00,2.495203018188476562e-01,1.548391580581665039e-01
4.317161317564661260e+00,1.881123151483065215e+01,9.203839111328125000e+02,2.980703413486480713e-01,1.099730000000000096e+00,2.391442805528640747e-01,1.262288093566894531e-01
4.319834842058025259e+00,1.882592000524900655e+01,1.323828613281250000e+03,3.114646971225738525e-01,1.099740000000000162e+00,2.075584679841995239e-01,1.258473396301269531e-01
4.322857004529099711e+00,1.883968646410988157e+01,1.108725708007812500e+03,2.377599626779556274e-01,1.099750000000000005e+00,2.153404802083969116e-01,1.227955743670463562e-01
4.323154376898447282e+00,1.885694627432751247e+01,1.532015014648437500e+03,2.273219972848892212e-01,1.099760000000000071e+00,2.009971588850021362e-01,1.272206455469131470e-01
4.312907209872923531e+00,1.887370210697051576e+01,1.144249023437500000e+03,2.241569906473159790e-01,1.099770000000000136e+00,2.550134956836700439e-01,1.471334397792816162e-01
4.320537937519250526e+00,1.888059749878248539e+01,4.043527587890625000e+03,2.637738287448883057e-01,1.099779999999999980e+00,2.460107654333114624e-01,1.845176070928573608e-01
4.319908451732469956e+00,1.889841570660864889e+01,1.787398803710937500e+03,3.322202265262603760e-01,1.099790000000000045e+00,2.553186714649200439e-01,1.680380553007125854e-01
4.322825178120720757e+00,1.891430210987352822e+01,9.617792968750000000e+02,3.149813711643218994e-01,1.099800000000000111e+00,2.466974109411239624e-01,1.327901184558868408e-01
4.315857921246591289e+00,1.892904300450119237e+01,1.060696289062500000e+03,3.054875433444976807e-01,1.099810000000000176e+00,2.534875869750976562e-01,1.420980095863342285e-01
4.317277067324042150e+00,1.894388966865962232e+01,9.913467407226562500e+02,2.919382154941558838e-01,1.099820000000000020e+00,2.555475533008575439e-01,1.393514275550842285e-01
4.321727327397085539e+00,1.895464359432673263e+01,1.144599243164062500e+03,2.514797747135162354e-01,1.099830000000000085e+00,2.656946778297424316e-01,1.533132642507553101e-01
4.320363676597558822e+00,1.897803740881834145e+01,1.233308105468750000e+03,2.724117338657379150e-01,1.099840000000000151e+00,3.337491452693939209e-01,1.977165192365646362e-01
4.322432956135435766e+00,1.899057991730718697e+01,1.603495605468750000e+03,3.513163626194000244e-01,1.099849999999999994e+00,2.747736871242523193e-01,1.760489493608474731e-01
4.319733312025823224e+00,1.900551704931783803e+01,2.433283447265625000e+03,4.254240095615386963e-01,1.099860000000000060e+00,1.965720951557159424e-01,1.376729458570480347e-01
4.322123053400836135e+00,1.901979812855764607e+01,1.060569213867187500e+03,2.905291616916656494e-01,1.099870000000000125e+00,2.378472834825515747e-01,1.333241760730743408e-01
4.324247192678517315e+00,1.904630568682746983e+01,1.050595947265625000e+03,2.476614862680435181e-01,1.099880000000000191e+00,2.783595323562622070e-01,1.554495096206665039e-01
4.326616991108893195e+00,1.905244777546219481e+01,1.113283691406250000e+03,3.067380487918853760e-01,1.099890000000000034e+00,3.017055690288543701e-01,1.723105311393737793e-01
4.322345579317334874e+00,1.907118729149456726e+01,2.720219970703125000e+03,3.447002470493316650e-01,1.099900000000000100e+00,2.199944257736206055e-01,1.568990945816040039e-01
4.319791412473909631e+00,1.908583555032083012e+01,1.520695312500000000e+03,3.803485929965972900e-01,1.099910000000000165e+00,2.684412598609924316e-01,1.695639342069625854e-01
4.323266626145561453e+00,1.910391987063963271e+01,1.208944458007812500e+03,3.432733118534088135e-01,1.099920000000000009e+00,2.138908952474594116e-01,1.258473396301269531e-01
4.323514389244171419e+00,1.911563049423595828e+01,1.225583374023437500e+03,3.166860640048980713e-01,1.099930000000000074e+00,2.136620134115219116e-01,1.263051033020019531e-01
4.328129830312729354e+00,1.913187676050529618e+01,3.519492431640625000e+03,2.273756414651870728e-01,1.099940000000000140e+00,2.109917104244232178e-01,1.558309793472290039e-01
4.326834317603598379e+00,1.914229955704826125e+01,1.130717529296875000e+03,2.553218901157379150e-01,1.099949999999999983e+00,2.549372017383575439e-01,1.464467793703079224e-01
4.326029828314687187e+00,1.916319808813099002e+01,1.424536987304687500e+03,2.405339628458023071e-01,1.099960000000000049e+00,2.216729074716567993e-01,1.374440640211105347e-01
4.324351134058981749e+00,1.918114001728622853e+01,9.596041259765625000e+02,2.770501673221588135e-01,1.099970000000000114e+00,2.360162138938903809e-01,1.269154548645019531e-01
4.328132804396277677e+00,1.918890402203554757e+01,1.157465209960937500e+03,2.756959497928619385e-01,1.099980000000000180e+00,2.419671714305877686e-01,1.401906609535217285e-01
4.322571733186993725e+00,1.920941428227490633e+01,1.225122558593750000e+03,2.785998880863189697e-01,1.099990000000000023e+00,2.067192345857620239e-01,1.221852228045463562e-01
4.325655570911124848e+00,1.922147237319068225e+01,7.221378784179687500e+02,2.332550436258316040e-01,1.100000000000000089e+00,2.363976985216140747e-01,1.101307272911071777e-01
4.324840982416125357e+00,1.924328725332685863e+01,1.418608276367187500e+03,2.247601896524429321e-01,1.100010000000000154e+00,2.288445681333541870e-01,1.417165398597717285e-01
4.330227764446918926e+00,1.925536108657160739e+01,1.449961425781250000e+03,2.245539575815200806e-01,1.100019999999999998e+00,2.403649985790252686e-01,1.498037278652191162e-01
4.327465758504366988e+00,1.927498402828480195e+01,1.575524047851562500e+03,2.847951948642730713e-01,1.100030000000000063e+00,2.264031469821929932e-01,1.443868428468704224e-01
4.327571031954438041e+00,1.928772518499683741e+01,2.248673339843750000e+03,2.919787466526031494e-01,1.100040000000000129e+00,2.497491836547851562e-01,1.724631190299987793e-01
4.326044927319099287e+00,1.930669838973454588e+01,1.321577026367187500e+03,2.967840731143951416e-01,1.100050000000000194e+00,2.672205567359924316e-01,1.619345098733901978e-01
4.323393827881642615e+00,1.932520517302959107e+01,1.739941650390625000e+03,3.167134821414947510e-01,1.100060000000000038e+00,2.731715142726898193e-01,1.786429584026336670e-01
4.330694659586701967e+00,1.933649414077709139e+01,8.967960205078125000e+02,3.448289930820465088e-01,1.100070000000000103e+00,2.468499988317489624e-01,1.287465244531631470e-01
4.332342256348487908e+00,1.936049492244850612e+01,1.222992431640625000e+03,3.211552202701568604e-01,1.100080000000000169e+00,2.794276475906372070e-01,1.650625765323638916e-01
4.328376501065547721e+00,1.936644789695863267e+01,1.062774047851562500e+03,2.860373556613922119e-01,1.100090000000000012e+00,2.566919624805450439e-01,1.440053731203079224e-01
4.329751799333693363e+00,1.937937129377341350e+01,1.077582885742187500e+03,3.366703093051910400e-01,1.100100000000000078e+00,3.153622150421142578e-01,1.778800189495086670e-01
4.328342549618670709e+00,1.940082603026066366e+01,1.361471069335937500e+03,3.168076574802398682e-01,1.100110000000000143e+00,2.253350317478179932e-01,1.378255337476730347e-01
4.330938684979491526e+00,1.941554488193107986e+01,9.755071411132812500e+02,3.859740793704986572e-01,1.100119999999999987e+00,2.711115777492523193e-01,1.468282639980316162e-01
4.331011437908483863e+00,1.942544180196190950e+01,1.109622802734375000e+03,2.814787924289703369e-01,1.100130000000000052e+00,2.630243897438049316e-01,1.500326097011566162e-01
4.328015305779761235e+00,1.944325132871459161e+01,2.491679199218750000e+03,3.119772970676422119e-01,1.100140000000000118e+00,2.349480986595153809e-01,1.652151644229888916e-01
4.326452855112102647e+00,1.946138042986428118e+01,1.391554199218750000e+03,2.664071619510650635e-01,1.100150000000000183e+00,3.172695934772491455e-01,1.953513920307159424e-01
4.334739886690429422e+00,1.947486541522086156e+01,2.370770019531250000e+03,3.430158197879791260e-01,1.100160000000000027e+00,1.919944435358047485e-01,1.338582336902618408e-01
4.325991961263940588e+00,1.948872613822790356e+01,1.207534423828125000e+03,4.137665331363677979e-01,1.100170000000000092e+00,2.430352866649627686e-01,1.429372578859329224e-01
4.332552576293650759e+00,1.950240807778151719e+01,2.380666503906250000e+03,2.675563395023345947e-01,1.100180000000000158e+00,2.215966135263442993e-01,1.546102762222290039e-01
4.328298984286443662e+00,1.952505176448634572e+01,2.413932373046875000e+03,3.067845404148101807e-01,1.100190000000000001e+00,2.621851563453674316e-01,1.833731979131698608e-01
4.326466910812546196e+00,1.953502880948208897e+01,1.361185180664062500e+03,3.098923265933990479e-01,1.100200000000000067e+00,3.457273244857788086e-01,2.114494740962982178e-01
4.333042376491501813e+00,1.954880333606166687e+01,1.296743896484375000e+03,4.099232256412506104e-01,1.100210000000000132e+00,3.077327907085418701e-01,1.853568404912948608e-01
4.328342660601137482e+00,1.956846476251418210e+01,8.911268310546875000e+02,4.627949297428131104e-01,1.100220000000000198e+00,2.773677110671997070e-01,1.442342549562454224e-01
4.327475809941863538e+00,1.958719430541046336e+01,1.083917724609375000e+03,3.624242842197418213e-01,1.100230000000000041e+00,2.601251900196075439e-01,1.470571458339691162e-01
4.331570072049448328e+00,1.959316901096905639e+01,1.614222167968750000e+03,3.214472830295562744e-01,1.100240000000000107e+00,2.543268501758575439e-01,1.632315218448638916e-01
4.333791643605432675e+00,1.961245565209483743e+01,1.313192138671875000e+03,3.157013952732086182e-01,1.100250000000000172e+00,2.142723649740219116e-01,1.295857578516006470e-01
4.330047566181232099e+00,1.962900967333422741e+01,1.056265502929687500e+03,3.391832411289215088e-01,1.100260000000000016e+00,2.446374744176864624e-01,1.369100064039230347e-01
4.329680394365587048e+00,1.963971552602798809e+01,1.045594238281250000e+03,2.817398607730865479e-01,1.100270000000000081e+00,2.316674441099166870e-01,1.291279941797256470e-01
4.327760548007739239e+00,1.965520301977544904e+01,9.219298095703125000e+02,2.952474653720855713e-01,1.100280000000000147e+00,2.370843440294265747e-01,1.252369880676269531e-01
4.333726789242223099e+00,1.966590433458040366e+01,1.091792358398437500e+03,2.463501840829849243e-01,1.100289999999999990e+00,2.568445503711700439e-01,1.456075459718704224e-01
4.323229104943793644e+00,1.968406743018407568e+01,9.847648315429687500e+02,2.940982878208160400e-01,1.100300000000000056e+00,2.488336563110351562e-01,1.353078335523605347e-01
4.329148381607788920e+00,1.970218170827503457e+01,2.183578857421875000e+03,3.284925520420074463e-01,1.100310000000000121e+00,1.933677494525909424e-01,1.327901184558868408e-01
4.324981396131265754e+00,1.971729021893149181e+01,1.403230957031250000e+03,2.223438173532485962e-01,1.100320000000000187e+00,2.412042319774627686e-01,1.488882005214691162e-01
4.323083102324604354e+00,1.973418437203223164e+01,1.651451904296875000e+03,2.316576391458511353e-01,1.100330000000000030e+00,2.430352866649627686e-01,1.568990945816040039e-01
4.327138580126173473e+00,1.975180018209225352e+01,1.091178588867187500e+03,3.169375956058502197e-01,1.100340000000000096e+00,2.219017893075942993e-01,1.257710456848144531e-01
4.328876954909262054e+00,1.976962251628028255e+01,7.411361083984375000e+02,3.457469046115875244e-01,1.100350000000000161e+00,2.634058594703674316e-01,1.245503425598144531e-01
4.324330518424075009e+00,1.978039763848168064e+01,1.209373291015625000e+03,2.379590421915054321e-01,1.100360000000000005e+00,2.904902994632720947e-01,1.709372401237487793e-01
4.331807838727832483e+00,1.979219610423234244e+01,1.058904785156250000e+03,3.468686640262603760e-01,1.100370000000000070e+00,2.702723443508148193e-01,1.514059156179428101e-01
4.330926572840962052e+00,1.981165400801115339e+01,1.597335571289062500e+03,3.742999136447906494e-01,1.100380000000000136e+00,2.270134985446929932e-01,1.453023701906204224e-01
4.331201466255366839e+00,1.982398030437635938e+01,1.287433227539062500e+03,2.949005663394927979e-01,1.100389999999999979e+00,2.307519167661666870e-01,1.386647671461105347e-01
4.328000067713460908e+00,1.983513040813745576e+01,3.122261962890625000e+03,2.496379762887954712e-01,1.100400000000000045e+00,2.273186743259429932e-01,1.653677523136138916e-01
4.333703186596224555e+00,1.986000693150274898e+01,1.921514160156250000e+03,2.572936117649078369e-01,1.100410000000000110e+00,2.235802561044692993e-01,1.495748460292816162e-01
4.331209857760916826e+00,1.986842315053586105e+01,2.092333740234375000e+03,2.763790190219879150e-01,1.100420000000000176e+00,2.580652534961700439e-01,1.757437735795974731e-01
4.333967038104707292e+00,1.988931555069630974e+01,1.874379882812500000e+03,3.354841768741607666e-01,1.100430000000000019e+00,2.017601132392883301e-01,1.342397034168243408e-01
4.333206769660440827e+00,1.990422738456304685e+01,1.391238037109375000e+03,3.146428167819976807e-01,1.100440000000000085e+00,2.052696496248245239e-01,1.263813972473144531e-01
4.332025616245530841e+00,1.991508986366606848e+01,8.014877319335937500e+02,2.392333894968032837e-01,1.100450000000000150e+00,2.396020442247390747e-01,1.182179227471351624e-01
4.334354741745872985e+00,1.993073423503521369e+01,2.409901123046875000e+03,2.267819792032241821e-01,1.100459999999999994e+00,2.528772354125976562e-01,1.768118888139724731e-01
4.328725654897640496e+00,1.994643833563052127e+01,1.033422973632812500e+03,2.962523996829986572e-01,1.100470000000000059e+00,3.207791149616241455e-01,1.779563128948211670e-01
4.333668635132785774e+00,1.995952040256082682e+01,1.691506469726562500e+03,3.224653303623199463e-01,1.100480000000000125e+00,2.979671359062194824e-01,1.935203373432159424e-01
4.331321113106194609e+00,1.997601979299185970e+01,1.364023925781250000e+03,4.574555456638336182e-01,1.100490000000000190e+00,2.123650014400482178e-01,1.299672275781631470e-01
4.335942389766603178e+00,1.999251997381118073e+01,2.526318847656250000e+03,4.017347395420074463e-01,1.100500000000000034e+00,1.796347796916961670e-01,1.266102790832519531e-01
4.331990395191186671e+00,2.001006132423818329e+01,1.651331542968750000e+03,2.512282431125640869e-01,1.100510000000000099e+00,2.139671891927719116e-01,1.381307095289230347e-01
4.339082590537710615e+00,2.002764254399748012e+01,1.334475097656250000e+03,2.498597055673599243e-01,1.100520000000000165e+00,2.739344537258148193e-01,1.665121763944625854e-01
4.330535198404804831e+00,2.003631162045969560e+01,1.202653442382812500e+03,2.695566713809967041e-01,1.100530000000000008e+00,2.344140410423278809e-01,1.376729458570480347e-01
4.334032378181346346e+00,2.005264830626103389e+01,8.249625244140625000e+02,3.270286619663238525e-01,1.100540000000000074e+00,2.685175538063049316e-01,1.344685852527618408e-01
4.331218794734597033e+00,2.006510849289629661e+01,1.140237182617187500e+03,2.558034956455230713e-01,1.100550000000000139e+00,2.194603681564331055e-01,1.264576911926269531e-01
4.342866956749839247e+00,2.008445825006476326e+01,1.810966186523437500e+03,2.770477831363677979e-01,1.100559999999999983e+00,2.247246801853179932e-01,1.483541429042816162e-01
4.337273023290105556e+00,2.009332647538431971e+01,1.330232666015625000e+03,2.593177855014801025e-01,1.100570000000000048e+00,2.505884170532226562e-01,1.521688550710678101e-01
4.335857620357783659e+00,2.011070149780902838e+01,1.594633056640625000e+03,3.281849920749664307e-01,1.100580000000000114e+00,2.113731801509857178e-01,1.352315396070480347e-01
4.336404787560984353e+00,2.012506352089218709e+01,1.913195068359375000e+03,2.549523413181304932e-01,1.100590000000000179e+00,2.470788806676864624e-01,1.651388704776763916e-01
4.335016192450429351e+00,2.013919406712863847e+01,1.722899658203125000e+03,2.563244402408599854e-01,1.100600000000000023e+00,3.022396266460418701e-01,1.971824467182159424e-01
4.331098469684787844e+00,2.015256946548366201e+01,1.349676635742187500e+03,3.762489855289459229e-01,1.100610000000000088e+00,4.697054624557495117e-01,2.865230143070220947e-01
4.327296774491874665e+00,2.016846959114588955e+01,1.616497924804687500e+03,5.292767882347106934e-01,1.100620000000000154e+00,2.877437174320220947e-01,1.847464889287948608e-01
4.324672459407744363e+00,2.018368060168733535e+01,1.338991943359375000e+03,6.043631434440612793e-01,1.100629999999999997e+00,2.262505590915679932e-01,1.376729458570480347e-01
4.327024708274077369e+00,2.020482806429561862e+01,1.782478149414062500e+03,3.668612539768218994e-01,1.100640000000000063e+00,2.659235596656799316e-01,1.749045401811599731e-01
4.330945740249877218e+00,2.021803896553617719e+01,2.131158203125000000e+03,3.306085169315338135e-01,1.100650000000000128e+00,2.682886719703674316e-01,1.833731979131698608e-01
4.325925203316253409e+00,2.023850605951991710e+01,1.222567993164062500e+03,4.129749834537506104e-01,1.100660000000000194e+00,2.708064019680023193e-01,1.599508672952651978e-01
4.330471037508022647e+00,2.025274735875060728e+01,1.239329223632812500e+03,4.331547319889068604e-01,1.100670000000000037e+00,2.077110558748245239e-01,1.232533380389213562e-01
4.330379472792876605e+00,2.025804509064853320e+01,1.108151245117187500e+03,3.406852781772613525e-01,1.100680000000000103e+00,2.303704470396041870e-01,1.313405334949493408e-01
4.330520928940475578e+00,2.028341710873129955e+01,9.767994384765625000e+02,2.179521471261978149e-01,1.100690000000000168e+00,3.255856633186340332e-01,1.764304190874099731e-01
4.317173570793015003e+00,2.029270494196149599e+01,1.321590820312500000e+03,3.231090605258941650e-01,1.100700000000000012e+00,2.391442805528640747e-01,1.449209004640579224e-01
4.329284099191722746e+00,2.030796576373032281e+01,1.546528686523437500e+03,3.930872976779937744e-01,1.100710000000000077e+00,2.246483862400054932e-01,1.425557732582092285e-01
4.326327826524159370e+00,2.032235615743838864e+01,1.121350219726562500e+03,2.998107969760894775e-01,1.100720000000000143e+00,2.065666466951370239e-01,1.182942166924476624e-01
4.331675723896555752e+00,2.034390308813309289e+01,1.390232543945312500e+03,2.661067545413970947e-01,1.100729999999999986e+00,2.296075075864791870e-01,1.413350701332092285e-01
4.324100385952040604e+00,2.035907768335721357e+01,1.217588378906250000e+03,2.564174234867095947e-01,1.100740000000000052e+00,2.563104927539825439e-01,1.511770337820053101e-01
4.333066901125363302e+00,2.037183929310822350e+01,2.274315185546875000e+03,3.020102083683013916e-01,1.100750000000000117e+00,2.073295861482620239e-01,1.434713155031204224e-01
4.327468828443769233e+00,2.038683523268387887e+01,1.112587890625000000e+03,2.956718504428863525e-01,1.100760000000000183e+00,2.345666289329528809e-01,1.339345276355743408e-01
4.332351108678686558e+00,2.040715548186049944e+01,1.608725708007812500e+03,2.647847235202789307e-01,1.100770000000000026e+00,2.186211347579956055e-01,1.401906609535217285e-01
4.329898918309955214e+00,2.042242799243746987e+01,1.133403808593750000e+03,2.721578180789947510e-01,1.100780000000000092e+00,2.338799834251403809e-01,1.344685852527618408e-01
4.336979376292511290e+00,2.043629194246830494e+01,1.846579223632812500e+03,2.430862337350845337e-01,1.100790000000000157e+00,2.323540896177291870e-01,1.540762037038803101e-01
4.335545137167875041e+00,2.044837175690146580e+01,1.682789794921875000e+03,2.957564890384674072e-01,1.100800000000000001e+00,2.560053169727325439e-01,1.660544127225875854e-01
4.340641974024281424e+00,2.046760500057058607e+01,1.677190063476562500e+03,3.074938356876373291e-01,1.100810000000000066e+00,2.677546143531799316e-01,1.735312342643737793e-01
4.328661213439764843e+00,2.047928514180833659e+01,2.000385253906250000e+03,3.855401575565338135e-01,1.100820000000000132e+00,2.118309438228607178e-01,1.429372578859329224e-01
4.331561131991342961e+00,2.049627788682577645e+01,1.093314453125000000e+03,3.405732214450836182e-01,1.100830000000000197e+00,2.261742651462554932e-01,1.282887607812881470e-01
4.338294956694654481e+00,2.050894663603034829e+01,1.111893798828125000e+03,2.556461393833160400e-01,1.100840000000000041e+00,2.177819013595581055e-01,1.243214607238769531e-01
4.336009909254245009e+00,2.053220387668069336e+01,1.099904907226562500e+03,2.540201246738433838e-01,1.100850000000000106e+00,2.524957656860351562e-01,1.435476094484329224e-01
4.339399522783119245e+00,2.054678800028324304e+01,1.526434082031250000e+03,2.515942156314849854e-01,1.100860000000000172e+00,3.135311603546142578e-01,1.982505768537521362e-01
4.343319612377012362e+00,2.055794634325874171e+01,1.917296264648437500e+03,2.901000082492828369e-01,1.100870000000000015e+00,3.603758215904235840e-01,2.409753501415252686e-01
4.348174989924790346e+00,2.057349165523626766e+01,1.897116088867187500e+03,4.494387209415435791e-01,1.100880000000000081e+00,3.041469752788543701e-01,2.029045224189758301e-01
4.340769274050387594e+00,2.059157001692137001e+01,9.671429443359375000e+02,6.425029635429382324e-01,1.100890000000000146e+00,2.800379991531372070e-01,1.511007398366928101e-01
4.343639731472412002e+00,2.060595529219419220e+01,1.027887695312500000e+03,4.608208239078521729e-01,1.100899999999999990e+00,2.710352838039398193e-01,1.500326097011566162e-01
4.337510148445830716e+00,2.061570390820005017e+01,1.602972534179687500e+03,4.146701395511627197e-01,1.100910000000000055e+00,2.087028771638870239e-01,1.337056457996368408e-01
4.348510062354222327e+00,2.063846149445219424e+01,1.681901977539062500e+03,3.178578913211822510e-01,1.100920000000000121e+00,2.225121408700942993e-01,1.443105489015579224e-01
4.339354572575794045e+00,2.065206468964187536e+01,1.270784790039062500e+03,2.619642317295074463e-01,1.100930000000000186e+00,2.716456353664398193e-01,1.625448763370513916e-01
4.347427533230580288e+00,2.066432328444063060e+01,1.564241577148437500e+03,3.089136183261871338e-01,1.100940000000000030e+00,3.083431422710418701e-01,1.962669193744659424e-01
4.344914738820070177e+00,2.068076999748546996e+01,1.860895263671875000e+03,3.886241018772125244e-01,1.100950000000000095e+00,2.490625381469726562e-01,1.654440462589263916e-01
4.346054754810696252e+00,2.069164999346425660e+01,1.265771118164062500e+03,4.074436724185943604e-01,1.100960000000000161e+00,2.343377470970153809e-01,1.400380730628967285e-01
4.335823612555651962e+00,2.070963627102774751e+01,1.351218017578125000e+03,3.317886888980865479e-01,1.100970000000000004e+00,2.358636260032653809e-01,1.439290791749954224e-01
4.348197184147584160e+00,2.072628163463381057e+01,1.113934936523437500e+03,3.269702494144439697e-01,1.100980000000000070e+00,2.101524770259857178e-01,1.200489774346351624e-01
4.342959698207778274e+00,2.074496681748960825e+01,1.734770629882812500e+03,2.846795618534088135e-01,1.100990000000000135e+00,2.595911324024200439e-01,1.696402281522750854e-01
4.346480447438428207e+00,2.075684094587214190e+01,1.147197143554687500e+03,3.055078089237213135e-01,1.101000000000000201e+00,2.340325713157653809e-01,1.351552456617355347e-01
4.335885987316770773e+00,2.077328885836658046e+01,1.106691162109375000e+03,3.402334749698638916e-01,1.101010000000000044e+00,2.509698867797851562e-01,1.430135518312454224e-01
4.343753348133049919e+00,2.078993560279198860e+01,9.673350830078125000e+02,2.173608690500259399e-01,1.101020000000000110e+00,2.180870771408081055e-01,1.176838576793670654e-01
4.337204351939451641e+00,2.079558726219834597e+01,1.167358154296875000e+03,3.382426798343658447e-01,1.101030000000000175e+00,2.089317589998245239e-01,1.214222759008407593e-01
4.334313112590136186e+00,2.081443561037621137e+01,1.209796142578125000e+03,2.438968569040298462e-01,1.101040000000000019e+00,2.165611833333969116e-01,1.274495273828506470e-01
4.340776936696407518e+00,2.082399764575562884e+01,1.747845214843750000e+03,2.600723803043365479e-01,1.101050000000000084e+00,2.045829892158508301e-01,1.339345276355743408e-01
4.331981974095032939e+00,2.084781148900173520e+01,1.726866577148437500e+03,2.630311548709869385e-01,1.101060000000000150e+00,2.900325357913970947e-01,1.893241405487060547e-01
4.333051606178246473e+00,2.085670814181611021e+01,1.055490966796875000e+03,3.957706987857818604e-01,1.101069999999999993e+00,2.267083227634429932e-01,1.268391609191894531e-01
4.332646280083665147e+00,2.087357455741378587e+01,1.911210205078125000e+03,4.350525438785552979e-01,1.101080000000000059e+00,2.384576350450515747e-01,1.593405157327651978e-01
4.337035441738588126e+00,2.089285412374800543e+01,1.423588500976562500e+03,3.022879660129547119e-01,1.101090000000000124e+00,2.276238501071929932e-01,1.411061882972717285e-01
4.332845771593841988e+00,2.090543919565289599e+01,1.765099609375000000e+03,3.157061636447906494e-01,1.101100000000000190e+00,2.953731417655944824e-01,1.938255131244659424e-01
4.334950215038929855e+00,2.092241849557057876e+01,1.338219116210937500e+03,3.489238321781158447e-01,1.101110000000000033e+00,2.856074869632720947e-01,1.737601161003112793e-01
4.333043310344031340e+00,2.093348809985590719e+01,1.510339721679687500e+03,3.869635164737701416e-01,1.101120000000000099e+00,2.118309438228607178e-01,1.335530579090118408e-01
4.332159441475006645e+00,2.095336706410983041e+01,1.782838745117187500e+03,3.318900167942047119e-01,1.101130000000000164e+00,1.955039799213409424e-01,1.285939365625381470e-01
4.325608174712503917e+00,2.097078691520757943e+01,1.586368408203125000e+03,2.416318804025650024e-01,1.101140000000000008e+00,2.459344714879989624e-01,1.571279764175415039e-01
4.333243402033506442e+00,2.097826221967623184e+01,2.191933105468750000e+03,2.823442518711090088e-01,1.101150000000000073e+00,3.210079967975616455e-01,2.206047773361206055e-01
4.328902806194576236e+00,2.099856721358154132e+01,1.198887573242187500e+03,3.219491541385650635e-01,1.101160000000000139e+00,2.814875841140747070e-01,1.651388704776763916e-01
4.331625971116965346e+00,2.102422464372587996e+01,9.004801635742187500e+02,5.113095641136169434e-01,1.101169999999999982e+00,2.866756021976470947e-01,1.498037278652191162e-01
4.324647853814563625e+00,2.102665364947123905e+01,2.493797363281250000e+03,2.875787317752838135e-01,1.101180000000000048e+00,5.723975300788879395e-01,4.025665521621704102e-01
4.334379666735117098e+00,2.104668690932208719e+01,1.170453247070312500e+03,6.322819590568542480e-01,1.101190000000000113e+00,2.602777779102325439e-01,1.514059156179428101e-01
4.329622075392077107e+00,2.106328751931439314e+01,1.548836547851562500e+03,9.077281355857849121e-01,1.101200000000000179e+00,2.440271079540252686e-01,1.549154520034790039e-01
4.334399826000495004e+00,2.106947392959218845e+01,1.300410400390625000e+03,3.314096033573150635e-01,1.101210000000000022e+00,3.339017331600189209e-01,2.013023495674133301e-01
4.332265227565216925e+00,2.109343658369534680e+01,8.487770996093750000e+02,4.364639818668365479e-01,1.101220000000000088e+00,2.515039443969726562e-01,1.277547031641006470e-01
4.338504741416164379e+00,2.110409728166652954e+01,9.246751708984375000e+02,5.113071799278259277e-01,1.101230000000000153e+00,2.628718018531799316e-01,1.390462517738342285e-01
4.331485189641468558e+00,2.112128237811682396e+01,2.093201416015625000e+03,2.295428663492202759e-01,1.101239999999999997e+00,5.432531237602233887e-01,3.699888885021209717e-01
4.337463930591065164e+00,2.113851801659317076e+01,2.210120849609375000e+03,6.357938647270202637e-01,1.101250000000000062e+00,3.637327849864959717e-01,2.503595352172851562e-01
4.334715205721290765e+00,2.115225557374450105e+01,1.517903686523437500e+03,8.786613345146179199e-01,1.101260000000000128e+00,3.466428518295288086e-01,2.188500165939331055e-01
4.337743192451620544e+00,2.116649288679900565e+01,2.060810546875000000e+03,6.178719401359558105e-01,1.101270000000000193e+00,3.516782820224761963e-01,2.387628108263015747e-01
4.338560187534605816e+00,2.118258064244415095e+01,1.749696411132812500e+03,5.805713534355163574e-01,1.101280000000000037e+00,3.213894665241241455e-01,2.104576528072357178e-01
4.341821187083787947e+00,2.120122352368109375e+01,2.252419921875000000e+03,5.616838335990905762e-01,1.101290000000000102e+00,2.728663384914398193e-01,1.884849071502685547e-01
4.341737958461052038e+00,2.121832362330592758e+01,2.097825439453125000e+03,4.939359724521636963e-01,1.101300000000000168e+00,3.002559542655944824e-01,2.045829892158508301e-01
4.341920657138223838e+00,2.122537833211709923e+01,1.302603027343750000e+03,3.890043795108795166e-01,1.101310000000000011e+00,2.522668838500976562e-01,1.521688550710678101e-01
4.340590205287826464e+00,2.125140076178345439e+01,1.715963012695312500e+03,4.984587728977203369e-01,1.101320000000000077e+00,2.022178769111633301e-01,1.317982971668243408e-01
4.339688520946261008e+00,2.126199916199600537e+01,1.715918334960937500e+03,3.540820181369781494e-01,1.101330000000000142e+00,2.482233047485351562e-01,1.617819219827651978e-01
4.343053035310530774e+00,2.127709352369210194e+01,1.231758300781250000e+03,2.557522356510162354e-01,1.101339999999999986e+00,4.319398105144500732e-01,2.557764351367950439e-01
4.345526447699334938e+00,2.129067881180905175e+01,1.135241455078125000e+03,4.714960157871246338e-01,1.101350000000000051e+00,2.328118681907653809e-01,1.339345276355743408e-01
4.342914885265138913e+00,2.130908548493571431e+01,3.825309082031250000e+03,5.098921656608581543e-01,1.101360000000000117e+00,3.071224391460418701e-01,2.289971560239791870e-01
4.340168589617847239e+00,2.132137071775085602e+01,5.513691406250000000e+03,3.267568647861480713e-01,1.101370000000000182e+00,4.475038349628448486e-01,3.450406789779663086e-01
4.348842353084373613e+00,2.133399881095735040e+01,2.806297119140625000e+03,7.394677996635437012e-01,1.101380000000000026e+00,3.243649601936340332e-01,2.324303984642028809e-01
4.345088742043888175e+00,2.135169900724257275e+01,1.701031005859375000e+03,9.207970499992370605e-01,1.101390000000000091e+00,2.426538169384002686e-01,1.578146219253540039e-01
4.347737194975266561e+00,2.136578949316345444e+01,1.481787597656250000e+03,5.065578818321228027e-01,1.101400000000000157e+00,3.635801970958709717e-01,2.280053198337554932e-01
4.341526019637340639e+00,2.138214648355424075e+01,1.410598144531250000e+03,3.608292639255523682e-01,1.101410000000000000e+00,3.121578693389892578e-01,1.929862648248672485e-01
4.350814989737889604e+00,2.140002891896071446e+01,1.892663452148437500e+03,6.084079146385192871e-01,1.101420000000000066e+00,3.358853757381439209e-01,2.239617258310317993e-01
4.341487577545658283e+00,2.141103438512139689e+01,1.430153320312500000e+03,4.237717688083648682e-01,1.101430000000000131e+00,3.442014455795288086e-01,2.136620134115219116e-01
4.342761837096765554e+00,2.143321977403666878e+01,1.086164062500000000e+03,5.282790064811706543e-01,1.101440000000000197e+00,2.693567872047424316e-01,1.523977369070053101e-01
4.338616379312478344e+00,2.144313643240474576e+01,3.806794433593750000e+03,5.090672373771667480e-01,1.101450000000000040e+00,2.416619956493377686e-01,1.800925433635711670e-01
4.341285135000068962e+00,2.146200226806427125e+01,1.934491699218750000e+03,3.836995661258697510e-01,1.101460000000000106e+00,2.496728897094726562e-01,1.672751158475875854e-01
4.333316702450768609e+00,2.147431484434570592e+01,1.408778198242187500e+03,3.527790606021881104e-01,1.101470000000000171e+00,2.798091173171997070e-01,1.729208827018737793e-01
4.345839016376117137e+00,2.148589461771847198e+01,1.172493408203125000e+03,4.327112734317779541e-01,1.101480000000000015e+00,3.097927570343017578e-01,1.803214251995086670e-01
4.342619898739250139e+00,2.150996340842959142e+01,1.157280883789062500e+03,4.667669832706451416e-01,1.101490000000000080e+00,2.319726198911666870e-01,1.343922913074493408e-01
4.336093719560141224e+00,2.152030851500460074e+01,1.386300170898437500e+03,3.652853071689605713e-01,1.101500000000000146e+00,2.203758955001831055e-01,1.355367153882980347e-01
4.339777436156196266e+00,2.153097183920981905e+01,1.873368286132812500e+03,2.827591001987457275e-01,1.101509999999999989e+00,2.445611804723739624e-01,1.626974642276763916e-01
4.337505712604856178e+00,2.154968173817325905e+01,1.555344238281250000e+03,3.197080194950103760e-01,1.101520000000000055e+00,2.463922351598739624e-01,1.565939188003540039e-01
4.341420415459807280e+00,2.156636902184204274e+01,4.210324218750000000e+03,3.548449575901031494e-01,1.101530000000000120e+00,2.413568198680877686e-01,1.817710250616073608e-01
4.335056640124768990e+00,2.157791182215294512e+01,1.544706542968750000e+03,3.045481741428375244e-01,1.101540000000000186e+00,2.783595323562622070e-01,1.765830069780349731e-01
4.337415789950900269e+00,2.159293499955060014e+01,1.212045654296875000e+03,4.027492105960845947e-01,1.101550000000000029e+00,2.967464327812194824e-01,1.747519522905349731e-01
4.334890597109779975e+00,2.161260141222754783e+01,1.265192382812500000e+03,4.077965319156646729e-01,1.101560000000000095e+00,2.991115450859069824e-01,1.787192523479461670e-01
4.338356333040093382e+00,2.162756320337527072e+01,1.508268554687500000e+03,4.733413755893707275e-01,1.101570000000000160e+00,3.200161755084991455e-01,2.016838192939758301e-01
4.337710774932904023e+00,2.164060279767885220e+01,1.679396240234375000e+03,4.473346769809722900e-01,1.101580000000000004e+00,3.262723088264465332e-01,2.115257680416107178e-01
4.337849823547538008e+00,2.165502593275647314e+01,1.432306518554687500e+03,5.156332850456237793e-01,1.101590000000000069e+00,3.462613821029663086e-01,2.150353044271469116e-01
4.340686958714291777e+00,2.167623772190607667e+01,3.311618896484375000e+03,5.645806193351745605e-01,1.101600000000000135e+00,3.092586994171142578e-01,2.267083227634429932e-01
4.339741334383871774e+00,2.168722781361343976e+01,5.653031250000000000e+03,5.320174098014831543e-01,1.101610000000000200e+00,3.135311603546142578e-01,2.421960532665252686e-01
4.340047981308877922e+00,2.170695280043364050e+01,2.137632568359375000e+03,5.090588927268981934e-01,1.101620000000000044e+00,3.608335852622985840e-01,2.467737048864364624e-01
4.341528915171601000e+00,2.172115351855057241e+01,1.030343505859375000e+03,6.242138743400573730e-01,1.101630000000000109e+00,2.894984781742095947e-01,1.604086309671401978e-01
4.339360312889617433e+00,2.173612531787363977e+01,1.192626464843750000e+03,6.135124564170837402e-01,1.101640000000000175e+00,2.859126627445220947e-01,1.674277037382125854e-01
4.340564162721001651e+00,2.175440491737353099e+01,1.395554687500000000e+03,4.329687654972076416e-01,1.101650000000000018e+00,2.318200320005416870e-01,1.428609639406204224e-01
4.338206351349202627e+00,2.176010922730707620e+01,1.205649169921875000e+03,3.704411089420318604e-01,1.101660000000000084e+00,3.042995631694793701e-01,1.788718402385711670e-01
4.338791539958799959e+00,2.178129004566325477e+01,2.223924560546875000e+03,3.310078680515289307e-01,1.101670000000000149e+00,2.463922351598739624e-01,1.697928160429000854e-01
4.335734100075841368e+00,2.179662743230126765e+01,2.082421630859375000e+03,4.250759184360504150e-01,1.101679999999999993e+00,2.479944080114364624e-01,1.687247008085250854e-01
4.342937228004411843e+00,2.181731149242774492e+01,1.381132080078125000e+03,3.384775221347808838e-01,1.101690000000000058e+00,2.310570925474166870e-01,1.419454216957092285e-01
4.339248856463155946e+00,2.182354868216285837e+01,2.822258056640625000e+03,3.561240732669830322e-01,1.101700000000000124e+00,2.036674618721008301e-01,1.460653096437454224e-01
4.341101668676182967e+00,2.184508719397080867e+01,1.413721191406250000e+03,2.969700396060943604e-01,1.101710000000000189e+00,2.840815782546997070e-01,1.757437735795974731e-01
4.337688929305201668e+00,2.186294906943738070e+01,1.532329956054687500e+03,3.270143568515777588e-01,1.101720000000000033e+00,2.359399199485778809e-01,1.493459641933441162e-01
4.337876228150780555e+00,2.187472939879146949e+01,1.240857055664062500e+03,3.489989340305328369e-01,1.101730000000000098e+00,2.804957628250122070e-01,1.665121763944625854e-01
4.343388935174050225e+00,2.189339297345996016e+01,9.049514770507812500e+02,3.316444456577301025e-01,1.101740000000000164e+00,2.063377648591995239e-01,1.080707833170890808e-01
4.342827083328960391e+00,2.191269225239151908e+01,1.719317260742187500e+03,3.373092710971832275e-01,1.101750000000000007e+00,2.326592803001403809e-01,1.517110913991928101e-01
4.340973731391683188e+00,2.192518126231265185e+01,2.094353271484375000e+03,2.237755209207534790e-01,1.101760000000000073e+00,2.416619956493377686e-01,1.646048128604888916e-01
4.341157982987565944e+00,2.193543788579946963e+01,1.551537963867187500e+03,3.272682726383209229e-01,1.101770000000000138e+00,2.076347619295120239e-01,1.318745911121368408e-01
4.340412251515402886e+00,2.194798196797789203e+01,2.092055175781250000e+03,3.492647707462310791e-01,1.101779999999999982e+00,1.731497645378112793e-01,1.179127395153045654e-01
4.332470028995889955e+00,2.196370273593142031e+01,8.324318359375000000e+03,2.662056982517242432e-01,1.101790000000000047e+00,1.851279586553573608e-01,1.464467793703079224e-01
4.342677188410727140e+00,2.197998207189815645e+01,1.497147338867187500e+03,2.245420366525650024e-01,1.101800000000000113e+00,2.267846167087554932e-01,1.426320821046829224e-01
4.336285018758368359e+00,2.199515457533625451e+01,1.052346435546875000e+03,2.719849646091461182e-01,1.101810000000000178e+00,2.467737048864364624e-01,1.379018276929855347e-01
4.340857652787084575e+00,2.200698918315491071e+01,1.394708129882812500e+03,2.616876661777496338e-01,1.101820000000000022e+00,3.430570363998413086e-01,2.113731801509857178e-01
4.337079963297961527e+00,2.202146075585911689e+01,1.229797241210937500e+03,3.333503305912017822e-01,1.101830000000000087e+00,2.486047744750976562e-01,1.471334397792816162e-01
4.338048613960297395e+00,2.204281223875565843e+01,1.260658203125000000e+03,4.535764753818511963e-01,1.101840000000000153e+00,1.996238678693771362e-01,1.191334500908851624e-01
4.339353891649897044e+00,2.205711860451493322e+01,1.055763549804687500e+03,2.944594919681549072e-01,1.101849999999999996e+00,2.681360840797424316e-01,1.500326097011566162e-01
4.338766040584405737e+00,2.206940403004971785e+01,1.012138610839843750e+03,2.817696630954742432e-01,1.101860000000000062e+00,2.358636260032653809e-01,1.297383457422256470e-01
4.338208940381714562e+00,2.208970726616216496e+01,8.124782104492187500e+02,3.610545694828033447e-01,1.101870000000000127e+00,2.392968684434890747e-01,1.189045682549476624e-01
4.341936544682561738e+00,2.210440596999331575e+01,1.500045043945312500e+03,2.519506514072418213e-01,1.101880000000000193e+00,2.132042497396469116e-01,1.341634094715118408e-01
4.335729531664254566e+00,2.211560929254364538e+01,1.692763793945312500e+03,2.430635839700698853e-01,1.101890000000000036e+00,1.898582130670547485e-01,1.233296319842338562e-01
4.333823823265262831e+00,2.212945072925533552e+01,9.094080200195312500e+02,2.711743414402008057e-01,1.101900000000000102e+00,2.270897924900054932e-01,1.192097440361976624e-01
4.333277538266155915e+00,2.214647909334957987e+01,9.921912231445312500e+02,2.522856295108795166e-01,1.101910000000000167e+00,2.225884348154067993e-01,1.214222759008407593e-01
4.336736675085118620e+00,2.216099688087992448e+01,1.760133422851562500e+03,2.192622572183609009e-01,1.101920000000000011e+00,1.948173344135284424e-01,1.277547031641006470e-01
4.335213734609435932e+00,2.216762628148159564e+01,1.514253051757812500e+03,2.723962366580963135e-01,1.101930000000000076e+00,2.230461984872817993e-01,1.407247185707092285e-01
4.336986394146067347e+00,2.218507391673247042e+01,1.407559326171875000e+03,2.662867605686187744e-01,1.101940000000000142e+00,1.950462162494659424e-01,1.205067485570907593e-01
4.335460849199272104e+00,2.220544372875665218e+01,1.351297851562500000e+03,2.940517961978912354e-01,1.101949999999999985e+00,2.147301286458969116e-01,1.310353577136993408e-01
4.334482662929069363e+00,2.221806026974057247e+01,7.888156127929687500e+02,2.360314279794692993e-01,1.101960000000000051e+00,2.648554444313049316e-01,1.295857578516006470e-01
4.334507951899241540e+00,2.223574795567192197e+01,1.393073486328125000e+03,2.904469072818756104e-01,1.101970000000000116e+00,1.887137889862060547e-01,1.162342727184295654e-01
4.341836232123410078e+00,2.225259190291689393e+01,1.655767089843750000e+03,2.687758505344390869e-01,1.101980000000000182e+00,2.135857194662094116e-01,1.379781216382980347e-01
4.345201671053599668e+00,2.226877812757386366e+01,7.388304199218750000e+03,2.147179991006851196e-01,1.101990000000000025e+00,2.310570925474166870e-01,1.816184222698211670e-01
4.332896837030062009e+00,2.227781160945875882e+01,1.139708862304687500e+03,2.892285883426666260e-01,1.102000000000000091e+00,3.099453449249267578e-01,1.785666644573211670e-01
4.335863016862262498e+00,2.229117435348653942e+01,3.314157958984375000e+03,3.720015585422515869e-01,1.102010000000000156e+00,2.381524592638015747e-01,1.745993643999099731e-01
4.337004519216442588e+00,2.231529848775695513e+01,1.490577392578125000e+03,4.446691572666168213e-01,1.102020000000000000e+00,2.552423775196075439e-01,1.603323370218276978e-01
4.335149397438944341e+00,2.232767694188733643e+01,9.029439086914062500e+02,3.554386198520660400e-01,1.102030000000000065e+00,2.949153780937194824e-01,1.543051004409790039e-01
4.339903582793225745e+00,2.234006217312374432e+01,1.565437866210937500e+03,3.500002920627593994e-01,1.102040000000000131e+00,2.893458902835845947e-01,1.842124313116073608e-01
4.341120997859099440e+00,2.235825843840578742e+01,1.649426269531250000e+03,4.228359758853912354e-01,1.102050000000000196e+00,2.861415445804595947e-01,1.846701949834823608e-01
4.335600727816828481e+00,2.237002088466448413e+01,1.609270019531250000e+03,4.767734110355377197e-01,1.102060000000000040e+00,2.792750597000122070e-01,1.791007220745086670e-01
4.335445735262395850e+00,2.238637072302465114e+01,2.025227294921875000e+03,4.119688570499420166e-01,1.102070000000000105e+00,2.287682741880416870e-01,1.547628641128540039e-01
4.335174555266693375e+00,2.239913892010775953e+01,2.591960937500000000e+03,4.080444872379302979e-01,1.102080000000000171e+00,2.347192168235778809e-01,1.661307066679000854e-01
4.338759335498301617e+00,2.241850059800883344e+01,1.770240356445312500e+03,3.872841894626617432e-01,1.102090000000000014e+00,2.426538169384002686e-01,1.593405157327651978e-01
4.332841731566843713e+00,2.243625514528178400e+01,2.766593261718750000e+03,3.287178575992584229e-01,1.102100000000000080e+00,2.752314507961273193e-01,1.968009769916534424e-01
4.344395462356565929e+00,2.244880508911143124e+01,1.894210083007812500e+03,3.856355249881744385e-01,1.102110000000000145e+00,2.716456353664398193e-01,1.811606585979461670e-01
4.336911814091193307e+00,2.247208283279319119e+01,1.262591674804687500e+03,4.462868273258209229e-01,1.102119999999999989e+00,2.257165014743804932e-01,1.347737759351730347e-01
4.336510255063996233e+00,2.248550769289663265e+01,1.653485107421875000e+03,3.140074312686920166e-01,1.102130000000000054e+00,2.989589571952819824e-01,1.930625587701797485e-01
4.333789485493984017e+00,2.249830511207741068e+01,1.737740234375000000e+03,3.606969416141510010e-01,1.102140000000000120e+00,3.221524059772491455e-01,2.106102406978607178e-01
4.339416079192036868e+00,2.252063074352513894e+01,1.010520446777343750e+03,4.702884256839752197e-01,1.102150000000000185e+00,2.790461778640747070e-01,1.533895581960678101e-01
4.338646588811542415e+00,2.253473742079490805e+01,2.043168945312500000e+03,4.445451796054840088e-01,1.102160000000000029e+00,2.424249351024627686e-01,1.642996370792388916e-01
4.344451542155532309e+00,2.254859112130400334e+01,1.214296264648437500e+03,3.386372625827789307e-01,1.102170000000000094e+00,3.100216388702392578e-01,1.826865524053573608e-01
4.345322222491842190e+00,2.257069576085379836e+01,1.770589111328125000e+03,4.290539324283599854e-01,1.102180000000000160e+00,2.637873291969299316e-01,1.732260584831237793e-01
4.341422690789354277e+00,2.258370381670385640e+01,1.021759094238281250e+03,4.017728865146636963e-01,1.102190000000000003e+00,2.553949654102325439e-01,1.410298943519592285e-01
4.340566563486818907e+00,2.259678368935189496e+01,2.125713867187500000e+03,3.472715914249420166e-01,1.102200000000000069e+00,1.890189647674560547e-01,1.291279941797256470e-01
4.346253388074985402e+00,2.260485008594480050e+01,1.479064453125000000e+03,2.858943045139312744e-01,1.102210000000000134e+00,2.056511193513870239e-01,1.288991123437881470e-01
4.350079977974965040e+00,2.262543006887174712e+01,9.693878173828125000e+02,2.482873350381851196e-01,1.102220000000000200e+00,3.162014484405517578e-01,1.707846522331237793e-01
4.338045690682736044e+00,2.263937377939953777e+01,1.171516357421875000e+03,2.379447370767593384e-01,1.102230000000000043e+00,4.096618890762329102e-01,2.383813410997390747e-01
4.347041834174004471e+00,2.265837939247884947e+01,1.323910888671875000e+03,4.765707552433013916e-01,1.102240000000000109e+00,3.252041935920715332e-01,1.971824467182159424e-01
4.342525305843098593e+00,2.266926907135472291e+01,1.098814819335937500e+03,6.600112318992614746e-01,1.102250000000000174e+00,2.560816109180450439e-01,1.455312520265579224e-01
4.342586739780336380e+00,2.268056533560663723e+01,1.005924377441406250e+03,4.283339083194732666e-01,1.102260000000000018e+00,2.222832590341567993e-01,1.219563335180282593e-01
4.335920861296889584e+00,2.270979070496017016e+01,2.014643798828125000e+03,2.850264608860015869e-01,1.102270000000000083e+00,2.388391047716140747e-01,1.614004522562026978e-01
4.347039583328380807e+00,2.271605510219007229e+01,1.688294921875000000e+03,3.083783686161041260e-01,1.102280000000000149e+00,2.666102051734924316e-01,1.730734705924987793e-01
4.346363971681251215e+00,2.272831360501273679e+01,1.585957397460937500e+03,3.213364183902740479e-01,1.102289999999999992e+00,3.781523704528808594e-01,2.415857017040252686e-01
4.343048654285966315e+00,2.274759606459788230e+01,1.739659057617187500e+03,5.493838191032409668e-01,1.102300000000000058e+00,2.186974287033081055e-01,1.430135518312454224e-01
4.340206446768301696e+00,2.276591345875670314e+01,3.275514404296875000e+03,5.522758364677429199e-01,1.102310000000000123e+00,1.822287887334823608e-01,1.334004700183868408e-01
4.345879108237880040e+00,2.277789352262574951e+01,1.365677612304687500e+03,2.791911661624908447e-01,1.102320000000000189e+00,2.146538347005844116e-01,1.314168274402618408e-01
4.337798945480890289e+00,2.279725473121277091e+01,1.316035400390625000e+03,2.819198668003082275e-01,1.102330000000000032e+00,2.000053375959396362e-01,1.210408061742782593e-01
4.346275670288685333e+00,2.280883825506275997e+01,2.215214843750000000e+03,2.866155207157135010e-01,1.102340000000000098e+00,1.918418556451797485e-01,1.321034729480743408e-01
4.342460982765455668e+00,2.282554645761359779e+01,1.417254150390625000e+03,2.486509233713150024e-01,1.102350000000000163e+00,2.285393923521041870e-01,1.414876580238342285e-01
4.345254554690101578e+00,2.283465264561751340e+01,1.262629150390625000e+03,3.083926737308502197e-01,1.102360000000000007e+00,2.367028743028640747e-01,1.413350701332092285e-01
4.336025262031570016e+00,2.285115669845887254e+01,1.499271972656250000e+03,3.076964914798736572e-01,1.102370000000000072e+00,2.520380020141601562e-01,1.585775762796401978e-01
4.337156913998805763e+00,2.286956143566182220e+01,9.850828247070312500e+02,3.243881762027740479e-01,1.102380000000000138e+00,2.388391047716140747e-01,1.298909336328506470e-01
4.334572540405472019e+00,2.289084862499892381e+01,1.132254882812500000e+03,3.145176470279693604e-01,1.102389999999999981e+00,2.095421254634857178e-01,1.204304546117782593e-01
4.334976347612540692e+00,2.289973789807103088e+01,1.563402954101562500e+03,2.653283178806304932e-01,1.102400000000000047e+00,2.098473012447357178e-01,1.335530579090118408e-01
4.340505308720769229e+00,2.291758477658277471e+01,1.594889160156250000e+03,2.503341734409332275e-01,1.102410000000000112e+00,3.024685084819793701e-01,1.935203373432159424e-01
4.331650773955940892e+00,2.293576548100756440e+01,1.043826538085937500e+03,3.451139032840728760e-01,1.102420000000000178e+00,2.452478259801864624e-01,1.366048306226730347e-01
4.332807632484394489e+00,2.294483714554819542e+01,1.417690917968750000e+03,5.542606711387634277e-01,1.102430000000000021e+00,2.095421254634857178e-01,1.297383457422256470e-01
4.337599171535247322e+00,2.296224937671760458e+01,1.016073913574218750e+03,3.389495909214019775e-01,1.102440000000000087e+00,2.093132436275482178e-01,1.153187379240989685e-01
4.335656727052503712e+00,2.296891465052280168e+01,8.744633178710937500e+02,2.202123552560806274e-01,1.102450000000000152e+00,2.468499988317489624e-01,1.272206455469131470e-01
4.331250065664947080e+00,2.299402566409441206e+01,1.468398559570312500e+03,3.033727705478668213e-01,1.102459999999999996e+00,2.393731623888015747e-01,1.497274339199066162e-01
4.335269577973028809e+00,2.300415826033631461e+01,1.548267578125000000e+03,3.046065866947174072e-01,1.102470000000000061e+00,3.950134217739105225e-01,2.507410049438476562e-01
4.335162758158028318e+00,2.301876505665073580e+01,2.073516113281250000e+03,4.057509005069732666e-01,1.102480000000000127e+00,4.900760352611541748e-01,3.331387937068939209e-01
4.337803705341197968e+00,2.303892103964433247e+01,2.423171875000000000e+03,7.168847918510437012e-01,1.102490000000000192e+00,7.120159864425659180e-01,4.983158111572265625e-01
4.330516346720103549e+00,2.305455507871718268e+01,3.127841308593750000e+03,1.246503114700317383e+00,1.102500000000000036e+00,4.935855567455291748e-01,3.591551184654235840e-01
4.336043898789908368e+00,2.306933844463960881e+01,3.176850097656250000e+03,1.427012205123901367e+00,1.102510000000000101e+00,5.859015583992004395e-01,4.272095859050750732e-01
4.334272789561415706e+00,2.308505929691413172e+01,2.222144531250000000e+03,1.035550355911254883e+00,1.102520000000000167e+00,6.606699228286743164e-01,4.552095532417297363e-01
4.338871264580840936e+00,2.309983893661445364e+01,1.347925903320312500e+03,1.584698677062988281e+00,1.102530000000000010e+00,4.721468687057495117e-01,2.878963053226470947e-01
4.331247665470894681e+00,2.311629103265878271e+01,1.456028076171875000e+03,1.347150325775146484e+00,1.102540000000000076e+00,4.179779887199401855e-01,2.608118355274200439e-01
4.341681755873788795e+00,2.312734186388389901e+01,1.326820800781250000e+03,7.867473959922790527e-01,1.102550000000000141e+00,3.546537458896636963e-01,2.151878923177719116e-01
4.336889520526266750e+00,2.314351227656727517e+01,1.716277709960937500e+03,7.848483920097351074e-01,1.102559999999999985e+00,2.351006865501403809e-01,1.532369703054428101e-01
4.338657858753459884e+00,2.315886275622307977e+01,7.121976074218750000e+03,5.368644595146179199e-01,1.102570000000000050e+00,1.762015372514724731e-01,1.382070034742355347e-01
4.337362755424018168e+00,2.317738574132891927e+01,1.905756958007812500e+03,3.600126802921295166e-01,1.102580000000000116e+00,2.367791682481765747e-01,1.581197977066040039e-01
4.333941502375801669e+00,2.319195545427443150e+01,1.414507934570312500e+03,2.745384275913238525e-01,1.102590000000000181e+00,3.191769421100616455e-01,1.974876374006271362e-01
4.334778872582678133e+00,2.320439690722998805e+01,1.276468505859375000e+03,4.328078329563140869e-01,1.102600000000000025e+00,2.846156358718872070e-01,1.705557703971862793e-01
4.344788428242911671e+00,2.322022740018521603e+01,9.214645996093750000e+02,5.179304480552673340e-01,1.102610000000000090e+00,2.530298233032226562e-01,1.336293518543243408e-01
4.341077055824575481e+00,2.323908604304400782e+01,2.191181884765625000e+03,3.624040186405181885e-01,1.102620000000000156e+00,2.907191812992095947e-01,1.997764557600021362e-01
4.342638189797577652e+00,2.325294600594446237e+01,2.336965087890625000e+03,3.042072355747222900e-01,1.102629999999999999e+00,2.640162110328674316e-01,1.836020797491073608e-01
4.342947867158732045e+00,2.326818779436056772e+01,1.046958251953125000e+03,5.532533526420593262e-01,1.102640000000000065e+00,2.238854318857192993e-01,1.248555183410644531e-01
4.343583862257623274e+00,2.328538386707339924e+01,2.083426757812500000e+03,3.806311190128326416e-01,1.102650000000000130e+00,1.876456737518310547e-01,1.276784092187881470e-01
4.345821492844183176e+00,2.329759377178226387e+01,1.685069335937500000e+03,2.641994059085845947e-01,1.102660000000000196e+00,1.948936283588409424e-01,1.264576911926269531e-01
4.347483227746456791e+00,2.330871401211901528e+01,9.505551147460937500e+02,2.615005075931549072e-01,1.102670000000000039e+00,1.949699223041534424e-01,1.044086590409278870e-01
4.343044260420826141e+00,2.332051411779557526e+01,9.844855346679687500e+02,2.605241835117340088e-01,1.102680000000000105e+00,1.959617435932159424e-01,1.065449044108390808e-01
4.345429868112542948e+00,2.334772884039439589e+01,1.222303100585937500e+03,2.518362104892730713e-01,1.102690000000000170e+00,1.980979889631271362e-01,1.169972121715545654e-01
4.345033290420814431e+00,2.336338643380327440e+01,1.949045166015625000e+03,2.269584089517593384e-01,1.102700000000000014e+00,1.881034374237060547e-01,1.262288093566894531e-01
4.347595363593901752e+00,2.337576024695211530e+01,1.522958496093750000e+03,2.075034528970718384e-01,1.102710000000000079e+00,1.826102584600448608e-01,1.153950318694114685e-01
4.348965300996213479e+00,2.338959336214201201e+01,1.203129760742187500e+03,2.132791429758071899e-01,1.102720000000000145e+00,2.250298559665679932e-01,1.321797668933868408e-01
4.344918279269560202e+00,2.340873988800506211e+01,1.521797729492187500e+03,1.977509409189224243e-01,1.102729999999999988e+00,2.409753501415252686e-01,1.522451490163803101e-01
4.346432497669378670e+00,2.341950508937744502e+01,3.150302978515625000e+03,3.746718466281890869e-01,1.102740000000000054e+00,2.047355771064758301e-01,1.491170823574066162e-01
4.340851263882479216e+00,2.343639495161616182e+01,1.076240844726562500e+03,3.896588385105133057e-01,1.102750000000000119e+00,2.371606379747390747e-01,1.337056457996368408e-01
4.343415475350626664e+00,2.345074290044442122e+01,9.004082031250000000e+02,2.845841944217681885e-01,1.102760000000000185e+00,2.395257502794265747e-01,1.251606941223144531e-01
4.335815728502897315e+00,2.346704859461386050e+01,1.581334960937500000e+03,2.711946070194244385e-01,1.102770000000000028e+00,2.529535293579101562e-01,1.614767462015151978e-01
4.342906245429817957e+00,2.348441740031976721e+01,8.580960693359375000e+02,2.884346544742584229e-01,1.102780000000000094e+00,2.907954752445220947e-01,1.485067307949066162e-01
4.338916660242123413e+00,2.350087018616384071e+01,1.357419555664062500e+03,3.454906046390533447e-01,1.102790000000000159e+00,2.532587051391601562e-01,1.547628641128540039e-01
4.341910251250535424e+00,2.351728681306913771e+01,1.937193115234375000e+03,3.585857450962066650e-01,1.102800000000000002e+00,2.063377648591995239e-01,1.382832974195480347e-01
4.340229900623667980e+00,2.353009653552384606e+01,1.847581298828125000e+03,3.510695993900299072e-01,1.102810000000000068e+00,1.939018070697784424e-01,1.285939365625381470e-01
4.340452674062667882e+00,2.354540410072689838e+01,1.728255126953125000e+03,2.745753824710845947e-01,1.102820000000000134e+00,1.929862648248672485e-01,1.259999275207519531e-01
4.338527933904119394e+00,2.356366909764086870e+01,9.710158081054687500e+02,2.733022272586822510e-01,1.102830000000000199e+00,2.585230171680450439e-01,1.397328972816467285e-01
4.345894811862464735e+00,2.357876223513111569e+01,1.709293212890625000e+03,3.060251772403717041e-01,1.102840000000000042e+00,3.219235241413116455e-01,2.096184194087982178e-01
4.341039788573499258e+00,2.359802914603965363e+01,1.488810791015625000e+03,3.778261244297027588e-01,1.102850000000000108e+00,2.604303658008575439e-01,1.635366976261138916e-01
4.339394815449340470e+00,2.361611811564688779e+01,1.286114990234375000e+03,4.197472631931304932e-01,1.102860000000000174e+00,2.944576144218444824e-01,1.768881827592849731e-01
4.341436574911582191e+00,2.362454912098951354e+01,1.998221557617187500e+03,3.453809320926666260e-01,1.102870000000000017e+00,2.766810357570648193e-01,1.866538524627685547e-01
4.340041921852201057e+00,2.364257866752014436e+01,1.661438354492187500e+03,4.159492552280426025e-01,1.102880000000000082e+00,3.004848361015319824e-01,1.942832767963409424e-01
4.338468500518754212e+00,2.365871112108586871e+01,1.841336791992187500e+03,4.005426466464996338e-01,1.102890000000000148e+00,2.967464327812194824e-01,1.966483891010284424e-01
4.334354506388958583e+00,2.366819470629388888e+01,1.384716674804687500e+03,4.798347055912017822e-01,1.102899999999999991e+00,2.822505235671997070e-01,1.735312342643737793e-01
4.339042998439196275e+00,2.368666047618153669e+01,1.103358154296875000e+03,4.615944921970367432e-01,1.102910000000000057e+00,2.461633533239364624e-01,1.401143670082092285e-01
4.344747512305501935e+00,2.370523857652997179e+01,1.142511108398437500e+03,3.776210844516754150e-01,1.102920000000000122e+00,2.560816109180450439e-01,1.476674973964691162e-01
4.343679485113884908e+00,2.371229696438761891e+01,2.488049072265625000e+03,3.685242235660552979e-01,1.102930000000000188e+00,2.836238145828247070e-01,1.993949860334396362e-01
4.343931394206903995e+00,2.372848391640312116e+01,1.403505615234375000e+03,3.444892466068267822e-01,1.102940000000000031e+00,2.733241021633148193e-01,1.687247008085250854e-01
4.344853444165958756e+00,2.373742921811617990e+01,1.591500976562500000e+03,4.707545340061187744e-01,1.102950000000000097e+00,2.340325713157653809e-01,1.496511399745941162e-01
4.338693046294415545e+00,2.374887239581753917e+01,1.253307983398437500e+03,3.617137968540191650e-01,1.102960000000000163e+00,2.582941353321075439e-01,1.538473218679428101e-01
4.342756620897401554e+00,2.376238963586230923e+01,2.939714599609375000e+03,3.403121531009674072e-01,1.102970000000000006e+00,1.325612366199493408e-01,9.563482552766799927e-02
4.333710436722523873e+00,2.376006455202611889e+01,-3.644064453125000000e+03,3.458041250705718994e-01,1.102980000000000071e+00,9.128605574369430542e-02,8.518251776695251465e-02
4.340657176488773139e+00,2.376962696095411331e+01,-4.423687500000000000e+03,3.016084730625152588e-01,1.102990000000000137e+00,9.540594369173049927e-02,8.724246174097061157e-02
4.339011495859113055e+00,2.377391318380144014e+01,9.669058227539062500e+02,2.880484163761138916e-01,1.102999999999999980e+00,1.337056457996368408e-01,7.213620096445083618e-02
