# x_coordinates, y_coordinates, TEP, TED, times, high, low
4.913033126635224512e+00,1.806400071089356629e+01,7.834244995117187500e+02,1.471990495920181274e-01,1.105980000000000185e+00,3.764739036560058594e-01,1.835257858037948608e-01
4.912262286740858741e+00,1.806065720208498959e+01,1.112298828125000000e+03,3.018194735050201416e-01,1.105990000000000029e+00,4.493349194526672363e-01,2.565393745899200439e-01
4.905235021218556923e+00,1.805306837122757457e+01,1.225549072265625000e+03,4.939073622226715088e-01,1.106000000000000094e+00,4.304902255535125732e-01,2.544794380664825439e-01
4.908937360190515520e+00,1.805195647604368858e+01,1.470513671875000000e+03,5.191904902458190918e-01,1.106010000000000160e+00,4.739779531955718994e-01,2.965938448905944824e-01
4.911261370733561726e+00,1.805852264398101781e+01,1.248703979492187500e+03,6.383354067802429199e-01,1.106020000000000003e+00,4.423921406269073486e-01,2.631769776344299316e-01
4.913818781783787060e+00,1.805883486243105551e+01,1.592604980468750000e+03,6.131333708763122559e-01,1.106030000000000069e+00,6.309914588928222656e-01,4.035583734512329102e-01
4.917220562884426549e+00,1.806527218439858729e+01,1.626530029296875000e+03,7.690805792808532715e-01,1.106040000000000134e+00,3.811278641223907471e-01,2.450952380895614624e-01
4.909507702500332194e+00,1.807914886428571677e+01,1.863144653320312500e+03,7.855910658836364746e-01,1.106050000000000200e+00,7.964736819267272949e-01,5.292149782180786133e-01
4.914181659853751327e+00,1.808871218634244826e+01,1.948298583984375000e+03,5.991417765617370605e-01,1.106060000000000043e+00,6.066536307334899902e-01,4.070678949356079102e-01
4.918058388207172449e+00,1.809836400951918733e+01,1.885475585937500000e+03,1.147870540618896484e+00,1.106070000000000109e+00,5.954383611679077148e-01,3.966918885707855225e-01
4.914295298754635333e+00,1.811586668923170507e+01,1.753623168945312500e+03,9.634549021720886230e-01,1.106080000000000174e+00,5.128880143165588379e-01,3.360379636287689209e-01
4.916718191461320941e+00,1.813541637606174817e+01,1.106982421875000000e+03,1.073845148086547852e+00,1.106090000000000018e+00,4.243103861808776855e-01,2.418145835399627686e-01
4.915946616031406258e+00,1.815412310983409583e+01,1.623301757812500000e+03,7.705683112144470215e-01,1.106100000000000083e+00,3.801360428333282471e-01,2.443322986364364624e-01
4.916838839219175306e+00,1.817174876712991960e+01,1.228807617187500000e+03,5.791360735893249512e-01,1.106110000000000149e+00,4.417054951190948486e-01,2.613458931446075439e-01
4.920712007903117247e+00,1.819703040986432896e+01,1.420271972656250000e+03,4.695660173892974854e-01,1.106119999999999992e+00,5.662176609039306641e-01,3.507627546787261963e-01
4.919505623788396065e+00,1.821963753405838915e+01,1.384744506835937500e+03,5.814999938011169434e-01,1.106130000000000058e+00,6.354165673255920410e-01,3.906646370887756348e-01
4.919079398252315549e+00,1.823623281857422640e+01,2.149302734375000000e+03,8.335918784141540527e-01,1.106140000000000123e+00,5.501195788383483887e-01,3.766264915466308594e-01
4.921718997112325411e+00,1.825974462068882787e+01,1.330313964843750000e+03,1.120261669158935547e+00,1.106150000000000189e+00,6.517435312271118164e-01,3.957763612270355225e-01
4.917044092121649612e+00,1.828492683012673581e+01,1.936834350585937500e+03,8.997423052787780762e-01,1.106160000000000032e+00,7.477979660034179688e-01,5.011386871337890625e-01
4.918789078764474354e+00,1.831192790765721767e+01,1.591638427734375000e+03,1.173074960708618164e+00,1.106170000000000098e+00,5.173893570899963379e-01,3.308499455451965332e-01
4.923708816882130357e+00,1.833618783174147993e+01,1.180447387695312500e+03,1.219954013824462891e+00,1.106180000000000163e+00,5.225773453712463379e-01,3.049099147319793701e-01
4.918672275759119472e+00,1.835430408371246713e+01,9.530395507812500000e+02,8.138746619224548340e-01,1.106190000000000007e+00,5.052585601806640625e-01,2.708826959133148193e-01
4.922289828445684634e+00,1.838310644752636236e+01,1.543181884765625000e+03,6.337983012199401855e-01,1.106200000000000072e+00,7.053783535957336426e-01,4.473512470722198486e-01
4.916346969615609019e+00,1.840774867384324764e+01,2.216405517578125000e+03,9.313780665397644043e-01,1.106210000000000138e+00,5.575201511383056641e-01,3.839507400989532471e-01
4.922502952621734984e+00,1.843097452518937374e+01,1.200527465820312500e+03,1.303003549575805664e+00,1.106219999999999981e+00,4.955691993236541748e-01,2.908717691898345947e-01
4.917890270105910844e+00,1.845302399240841851e+01,1.574380126953125000e+03,9.004063010215759277e-01,1.106230000000000047e+00,5.966590642929077148e-01,3.804412186145782471e-01
4.921009829831390014e+00,1.847181509746657468e+01,1.582205322265625000e+03,8.493918776512145996e-01,1.106240000000000112e+00,4.503267407417297363e-01,2.875148355960845947e-01
4.923852730399298494e+00,1.849123671747663877e+01,1.571144042968750000e+03,8.897454142570495605e-01,1.106250000000000178e+00,5.203648209571838379e-01,3.316128849983215332e-01
4.917824885750575525e+00,1.851334967022350142e+01,2.022729003906250000e+03,6.821996569633483887e-01,1.106260000000000021e+00,5.433294177055358887e-01,3.674711883068084717e-01
4.918175569286817428e+00,1.852545689160411513e+01,1.031640136718750000e+03,8.900219798088073730e-01,1.106270000000000087e+00,4.809207320213317871e-01,2.666102051734924316e-01
4.924201348209619411e+00,1.854125658716739977e+01,9.635840454101562500e+02,8.645588755607604980e-01,1.106280000000000152e+00,5.424901843070983887e-01,2.922450602054595947e-01
4.920152752652785288e+00,1.857096731943982704e+01,1.265027709960937500e+03,7.037777304649353027e-01,1.106289999999999996e+00,5.437871813774108887e-01,3.248990178108215332e-01
4.920003046229414423e+00,1.858829104133620902e+01,1.417469482421875000e+03,7.620353102684020996e-01,1.106300000000000061e+00,5.298253297805786133e-01,3.280270695686340332e-01
4.922613339389935838e+00,1.860555587694870994e+01,2.102860839843750000e+03,7.767493128776550293e-01,1.106310000000000127e+00,5.714057087898254395e-01,3.895202279090881348e-01
4.921684767864875631e+00,1.862339817056242808e+01,1.208334350585937500e+03,8.947069048881530762e-01,1.106320000000000192e+00,4.695528745651245117e-01,2.762232720851898193e-01
4.924104335851192893e+00,1.865336169426450041e+01,1.135386962890625000e+03,8.793420195579528809e-01,1.106330000000000036e+00,4.049316644668579102e-01,2.329644560813903809e-01
4.924492565883752171e+00,1.866665695713220074e+01,1.290865478515625000e+03,5.698317885398864746e-01,1.106340000000000101e+00,5.172367691993713379e-01,3.110897541046142578e-01
4.923055936171838454e+00,1.868583201583357933e+01,1.249677978515625000e+03,5.709332823753356934e-01,1.106350000000000167e+00,5.672857761383056641e-01,3.375638425350189209e-01
4.920575325046779191e+00,1.870812224836659610e+01,1.786296875000000000e+03,7.475406527519226074e-01,1.106360000000000010e+00,5.566809177398681641e-01,3.663267791271209717e-01
4.922920993474205531e+00,1.873290102632064702e+01,1.417241699218750000e+03,8.536452651023864746e-01,1.106370000000000076e+00,4.739016592502593994e-01,2.933894991874694824e-01
4.921674924073392354e+00,1.875921452930781896e+01,8.833282470703125000e+02,8.215350508689880371e-01,1.106380000000000141e+00,4.859561324119567871e-01,2.516565322875976562e-01
4.921235641666910965e+00,1.877720435611177408e+01,1.189516479492187500e+03,5.899173617362976074e-01,1.106389999999999985e+00,4.491823017597198486e-01,2.627955079078674316e-01
4.916896669665793418e+00,1.880201236935562648e+01,1.490929687500000000e+03,6.716579794883728027e-01,1.106400000000000050e+00,3.890624642372131348e-01,2.444085925817489624e-01
4.921306380810936965e+00,1.882139253351748565e+01,1.732373168945312500e+03,4.898065626621246338e-01,1.106410000000000116e+00,3.806701004505157471e-01,2.486810684204101562e-01
4.921128284321639512e+00,1.884851081403119721e+01,1.946546264648437500e+03,4.851121008396148682e-01,1.106420000000000181e+00,5.528661608695983887e-01,3.709044158458709717e-01
4.915393445873204037e+00,1.886683504805379030e+01,1.384780883789062500e+03,6.382030844688415527e-01,1.106430000000000025e+00,5.991767644882202148e-01,3.683867156505584717e-01
4.923563247119005837e+00,1.889315173229990563e+01,1.480166503906250000e+03,1.043375253677368164e+00,1.106440000000000090e+00,4.948825538158416748e-01,3.102505207061767578e-01
4.917528428052294842e+00,1.891312446253596136e+01,1.216725341796875000e+03,9.412843585014343262e-01,1.106450000000000156e+00,5.217381119728088379e-01,3.076564967632293701e-01
4.920850164887865752e+00,1.893567363117033509e+01,1.633977050781250000e+03,7.698220610618591309e-01,1.106459999999999999e+00,5.273839235305786133e-01,3.395474851131439209e-01
4.920285044773065941e+00,1.896717339405748248e+01,9.920833129882812500e+02,7.305890917778015137e-01,1.106470000000000065e+00,4.802340567111968994e-01,2.619562745094299316e-01
4.915263280039645188e+00,1.898129874877835377e+01,1.648989990234375000e+03,7.739598155021667480e-01,1.106480000000000130e+00,4.405610561370849609e-01,2.843104600906372070e-01
4.917799242061605902e+00,1.900324849084426049e+01,1.025342041015625000e+03,5.630010962486267090e-01,1.106490000000000196e+00,4.732913076877593994e-01,2.617273926734924316e-01
4.917569948507418687e+00,1.902671811752277620e+01,1.664309570312500000e+03,5.588168501853942871e-01,1.106500000000000039e+00,4.664248228073120117e-01,3.017055690288543701e-01
4.919246347352127735e+00,1.905055153567079884e+01,1.909796997070312500e+03,5.657762885093688965e-01,1.106510000000000105e+00,5.746863484382629395e-01,3.839507400989532471e-01
4.919134629016500782e+00,1.906899510237682094e+01,1.355639038085937500e+03,7.295805811882019043e-01,1.106520000000000170e+00,5.208988785743713379e-01,3.181851208209991455e-01
4.918946458760483864e+00,1.909693363492868201e+01,9.769923706054687500e+02,8.179611563682556152e-01,1.106530000000000014e+00,5.208225846290588379e-01,2.822505235671997070e-01
4.916708482265457647e+00,1.911516582841564471e+01,9.361071777343750000e+02,7.013911604881286621e-01,1.106540000000000079e+00,4.157654345035552979e-01,2.211388498544692993e-01
4.920136058645075749e+00,1.913327067772085499e+01,1.141791870117187500e+03,5.779809355735778809e-01,1.106550000000000145e+00,5.566809177398681641e-01,3.209317028522491455e-01
4.922600691821617858e+00,1.916319744188322716e+01,2.793327148437500000e+03,5.513173937797546387e-01,1.106559999999999988e+00,4.326264560222625732e-01,3.097927570343017578e-01
4.920806620851948310e+00,1.917918017971138056e+01,1.175444091796875000e+03,7.420796751976013184e-01,1.106570000000000054e+00,4.251496195793151855e-01,2.476892322301864624e-01
4.918989343494217792e+00,1.919872878910974379e+01,1.124593261718750000e+03,5.786854624748229980e-01,1.106580000000000119e+00,5.311986207962036133e-01,3.045284450054168701e-01
4.918068746257946877e+00,1.921771180545546187e+01,1.327443115234375000e+03,5.653423666954040527e-01,1.106590000000000185e+00,3.700651824474334717e-01,2.245720773935317993e-01
4.914876087243652769e+00,1.924425699024642356e+01,1.091831176757812500e+03,5.876607298851013184e-01,1.106600000000000028e+00,4.215638041496276855e-01,2.389916926622390747e-01
4.929816632373645646e+00,1.926307936623889461e+01,1.151387817382812500e+03,3.984314501285552979e-01,1.106610000000000094e+00,4.768771231174468994e-01,2.757655084133148193e-01
4.922491452504396570e+00,1.928451615389688811e+01,1.157342529296875000e+03,4.859847128391265869e-01,1.106620000000000159e+00,5.395910143852233887e-01,3.126156330108642578e-01
4.924213862600764990e+00,1.930388236678818004e+01,1.221686889648437500e+03,6.314892172813415527e-01,1.106630000000000003e+00,4.883212745189666748e-01,2.883540689945220947e-01
4.927103573574530770e+00,1.933359351727391129e+01,1.013933105468750000e+03,7.146269679069519043e-01,1.106640000000000068e+00,4.690951108932495117e-01,2.582178413867950439e-01
4.927326939950361862e+00,1.934650436046121058e+01,1.834699584960937500e+03,6.390494704246520996e-01,1.106650000000000134e+00,3.845610916614532471e-01,2.546320259571075439e-01
4.924558440912936597e+00,1.936756655570070862e+01,1.201052734375000000e+03,5.657536387443542480e-01,1.106660000000000199e+00,4.578035771846771240e-01,2.687464356422424316e-01
4.921664189659919586e+00,1.939238162902730167e+01,1.311315795898437500e+03,5.145484805107116699e-01,1.106670000000000043e+00,5.295201539993286133e-01,3.200924694538116455e-01
4.928612706830510781e+00,1.941489724600804934e+01,1.366744018554687500e+03,6.229681372642517090e-01,1.106680000000000108e+00,6.733347773551940918e-01,4.123322069644927979e-01
4.927279399870656995e+00,1.944433345232466337e+01,2.013137207031250000e+03,7.915694117546081543e-01,1.106690000000000174e+00,6.118416190147399902e-01,4.134003221988677979e-01
4.929923189571008280e+00,1.945745673176091728e+01,1.759748413085937500e+03,9.625727534294128418e-01,1.106700000000000017e+00,5.965827703475952148e-01,3.911986947059631348e-01
4.928144852718824964e+00,1.948658828432504819e+01,2.004155639648437500e+03,9.071225523948669434e-01,1.106710000000000083e+00,6.061958670616149902e-01,4.092041254043579102e-01
4.924588808266078921e+00,1.951201624783336541e+01,1.849880615234375000e+03,9.939236044883728027e-01,1.106720000000000148e+00,5.915473699569702148e-01,3.924193978309631348e-01
4.928490073016003059e+00,1.953600777955628942e+01,1.323849487304687500e+03,9.119064211845397949e-01,1.106729999999999992e+00,5.982612371444702148e-01,3.627409338951110840e-01
4.929922149673859444e+00,1.954637844771254152e+01,1.194909179687500000e+03,9.863502383232116699e-01,1.106740000000000057e+00,6.586099863052368164e-01,3.859343826770782471e-01
4.927850146815012877e+00,1.957856928049036327e+01,1.731188354492187500e+03,8.740169405937194824e-01,1.106750000000000123e+00,8.880267739295959473e-01,5.800269246101379395e-01
4.928734163737717999e+00,1.959632305381047956e+01,1.848505493164062500e+03,1.228018522262573242e+00,1.106760000000000188e+00,4.599398076534271240e-01,3.050625026226043701e-01
4.925490804042733650e+00,1.962510375924567541e+01,9.935098876953125000e+02,1.358545541763305664e+00,1.106770000000000032e+00,4.626100957393646240e-01,2.524957656860351562e-01
4.928250893002585897e+00,1.964076053727092486e+01,1.521478637695312500e+03,6.526011824607849121e-01,1.106780000000000097e+00,4.555910229682922363e-01,2.878200113773345947e-01
4.926299667362169288e+00,1.967118030943477791e+01,1.790768432617187500e+03,6.182844042778015137e-01,1.106790000000000163e+00,5.611059665679931641e-01,3.694548308849334717e-01
4.927470415853308694e+00,1.969285654352809445e+01,1.437748535156250000e+03,6.875998377799987793e-01,1.106800000000000006e+00,4.793948233127593994e-01,2.980434298515319824e-01
4.929589019320454568e+00,1.971522650877641780e+01,1.825002563476562500e+03,7.035226225852966309e-01,1.106810000000000072e+00,5.174656510353088379e-01,3.422178030014038086e-01
4.931785781870420493e+00,1.973582831873017795e+01,2.483713623046875000e+03,6.417912840843200684e-01,1.106820000000000137e+00,5.019016265869140625e-01,3.527463972568511963e-01
4.926330446287963127e+00,1.976532032567078545e+01,1.269114379882812500e+03,7.141739726066589355e-01,1.106829999999999981e+00,5.009860992431640625e-01,2.996456027030944824e-01
4.925130620940528559e+00,1.978024886137615468e+01,9.879169311523437500e+02,7.138985991477966309e-01,1.106840000000000046e+00,4.864138960838317871e-01,2.648554444313049316e-01
4.930873340439142716e+00,1.979928553594962892e+01,1.170083007812500000e+03,6.418556571006774902e-01,1.106850000000000112e+00,5.585882663726806641e-01,3.248990178108215332e-01
4.927850436549600310e+00,1.983133456642886117e+01,1.172067138671875000e+03,6.934232115745544434e-01,1.106860000000000177e+00,4.966373443603515625e-01,2.890407145023345947e-01
4.930603396024391571e+00,1.985148959296137861e+01,1.465667358398437500e+03,7.940585017204284668e-01,1.106870000000000021e+00,6.039070487022399902e-01,3.775420188903808594e-01
4.927623010203510567e+00,1.987813915380708707e+01,1.610160156250000000e+03,6.791419386863708496e-01,1.106880000000000086e+00,5.882667303085327148e-01,3.773131370544433594e-01
4.931637407777062165e+00,1.988906854299097660e+01,2.543733154296875000e+03,9.846443533897399902e-01,1.106890000000000152e+00,5.056400299072265625e-01,3.567900061607360840e-01
4.933080279849529681e+00,1.991265736627617144e+01,1.386346313476562500e+03,8.620626330375671387e-01,1.106899999999999995e+00,4.568117260932922363e-01,2.809535264968872070e-01
4.933335082051268472e+00,1.994032438599254320e+01,1.168082763671875000e+03,6.882161498069763184e-01,1.106910000000000061e+00,5.887244939804077148e-01,3.422178030014038086e-01
4.930120049676516736e+00,1.995950458951226736e+01,1.392877929687500000e+03,6.653446555137634277e-01,1.106920000000000126e+00,5.152531266212463379e-01,3.173458874225616455e-01
4.925490140774575032e+00,1.997631105673840679e+01,8.805374755859375000e+02,7.798213362693786621e-01,1.106930000000000192e+00,5.750678181648254395e-01,2.973567843437194824e-01
4.927143166556851916e+00,2.000366686486986723e+01,1.170747192382812500e+03,7.474882006645202637e-01,1.106940000000000035e+00,5.965064764022827148e-01,3.470243215560913086e-01
4.927096528222407734e+00,2.003061694000398063e+01,1.308027465820312500e+03,8.156878352165222168e-01,1.106950000000000101e+00,5.440923571586608887e-01,3.286374211311340332e-01
4.928089302682456818e+00,2.004791804627519269e+01,1.678730590820312500e+03,8.049029707908630371e-01,1.106960000000000166e+00,7.973129153251647949e-01,5.168552994728088379e-01
4.927833020042082346e+00,2.007175724057276156e+01,1.890021850585937500e+03,1.152866601943969727e+00,1.106970000000000010e+00,6.873729228973388672e-01,4.581850469112396240e-01
4.929083820982055997e+00,2.009612720826835996e+01,1.600936157226562500e+03,1.599016904830932617e+00,1.106980000000000075e+00,5.192204117774963379e-01,3.325284421443939209e-01
4.924345730404237287e+00,2.012084738944057705e+01,1.866662963867187500e+03,1.141088724136352539e+00,1.106990000000000141e+00,6.496835947036743164e-01,4.318635165691375732e-01
4.931637671597266959e+00,2.014677739727074979e+01,2.268522705078125000e+03,9.893769621849060059e-01,1.106999999999999984e+00,6.361795067787170410e-01,4.400269985198974609e-01
4.925985336133148706e+00,2.016338409905757700e+01,1.807991821289062500e+03,1.175313711166381836e+00,1.107010000000000050e+00,5.588171482086181641e-01,3.687681853771209717e-01
4.925600775031810485e+00,2.018301763798056925e+01,1.538048950195312500e+03,9.592301249504089355e-01,1.107020000000000115e+00,6.030678153038024902e-01,3.821196854114532471e-01
4.930115734110892767e+00,2.020868993866319840e+01,2.253167480468750000e+03,9.623140692710876465e-01,1.107030000000000181e+00,4.715365171432495117e-01,3.257382512092590332e-01
4.928654442328928020e+00,2.022859166039476975e+01,1.326382568359375000e+03,8.643717169761657715e-01,1.107040000000000024e+00,4.378144741058349609e-01,2.656183838844299316e-01
4.932019325136149490e+00,2.025469206712748260e+01,1.381905883789062500e+03,6.778401732444763184e-01,1.107050000000000090e+00,4.788607656955718994e-01,2.942287325859069824e-01
4.925045894704283000e+00,2.028176490555935985e+01,1.083545898437500000e+03,6.980080008506774902e-01,1.107060000000000155e+00,4.989261627197265625e-01,2.820216417312622070e-01
4.927410292351233956e+00,2.029999571498066402e+01,1.830843017578125000e+03,6.513912081718444824e-01,1.107069999999999999e+00,4.904575049877166748e-01,3.245938420295715332e-01
4.927790952677068681e+00,2.032284758388573920e+01,1.165983520507812500e+03,7.096344828605651855e-01,1.107080000000000064e+00,4.844302535057067871e-01,2.814112901687622070e-01
4.928730004354829219e+00,2.034538883938509812e+01,1.149797607421875000e+03,7.455105185508728027e-01,1.107090000000000130e+00,5.495855212211608887e-01,3.176510632038116455e-01
4.932298947120694166e+00,2.037179930471446454e+01,2.615882080078125000e+03,7.032436728477478027e-01,1.107100000000000195e+00,4.375855922698974609e-01,3.101742267608642578e-01
4.935237375848830155e+00,2.040220366402844121e+01,9.794500732421875000e+02,7.621068358421325684e-01,1.107110000000000039e+00,3.952423036098480225e-01,2.144249528646469116e-01
4.933027886566828890e+00,2.041496654132970434e+01,1.316872314453125000e+03,5.323261618614196777e-01,1.107120000000000104e+00,4.051605463027954102e-01,2.452478259801864624e-01
4.927284776459998739e+00,2.043836614950939889e+01,1.711345825195312500e+03,3.951448500156402588e-01,1.107130000000000170e+00,4.072204828262329102e-01,2.652369141578674316e-01
4.933472925918065854e+00,2.046405685323797385e+01,1.598994995117187500e+03,5.173916220664978027e-01,1.107140000000000013e+00,5.267735719680786133e-01,3.372586667537689209e-01
4.929946312063486324e+00,2.048852505491920439e+01,1.987194458007812500e+03,5.648071169853210449e-01,1.107150000000000079e+00,6.156563162803649902e-01,4.148499071598052979e-01
4.926394792264258804e+00,2.051104892465071927e+01,1.105941650390625000e+03,7.899982333183288574e-01,1.107160000000000144e+00,6.138252615928649902e-01,3.496946394443511963e-01
4.932674607670826106e+00,2.052549504541502401e+01,1.651138061523437500e+03,9.274894595146179199e-01,1.107169999999999987e+00,6.039833426475524902e-01,3.899016976356506348e-01
4.929009899698304054e+00,2.054931927401085190e+01,1.505989013671875000e+03,8.619624972343444824e-01,1.107180000000000053e+00,6.059669852256774902e-01,3.817382156848907471e-01
4.926522232349354269e+00,2.057580675496767597e+01,1.442614990234375000e+03,9.639579653739929199e-01,1.107190000000000119e+00,6.242012977600097656e-01,3.884521126747131348e-01
4.927797445634316098e+00,2.059947863032454052e+01,1.373187744140625000e+03,9.698182940483093262e-01,1.107200000000000184e+00,6.101631522178649902e-01,3.741850852966308594e-01
4.934407911688437842e+00,2.061889989011999447e+01,1.591060302734375000e+03,8.803040385246276855e-01,1.107210000000000027e+00,5.917762517929077148e-01,3.783812522888183594e-01
4.932447501541170176e+00,2.064193187250442918e+01,1.403952392578125000e+03,9.811002612113952637e-01,1.107220000000000093e+00,5.289860963821411133e-01,3.265774846076965332e-01
4.931132106762479594e+00,2.067079184584624585e+01,1.317715820312500000e+03,8.783954977989196777e-01,1.107230000000000159e+00,7.722883820533752441e-01,4.675692319869995117e-01
4.932804846984740976e+00,2.068519020885311122e+01,1.432073242187500000e+03,8.356506228446960449e-01,1.107240000000000002e+00,7.123974561691284180e-01,4.423921406269073486e-01
4.932552440775449298e+00,2.070137624880392124e+01,1.699931640625000000e+03,1.100980758666992188e+00,1.107250000000000068e+00,6.241250038146972656e-01,4.058471918106079102e-01
4.926334486502696564e+00,2.073328384057592899e+01,1.475095214843750000e+03,1.097690582275390625e+00,1.107260000000000133e+00,6.014655828475952148e-01,3.767027854919433594e-01
4.931875536248877090e+00,2.075205290722878360e+01,1.588647827148437500e+03,9.648961424827575684e-01,1.107270000000000199e+00,5.613348484039306641e-01,3.587736487388610840e-01
4.938095471873761966e+00,2.077785158682468136e+01,1.480719604492187500e+03,9.218949675559997559e-01,1.107280000000000042e+00,6.322121620178222656e-01,3.963867127895355225e-01
4.928190875745343646e+00,2.079735614165536717e+01,1.708266235351562500e+03,9.350747466087341309e-01,1.107290000000000108e+00,5.625555515289306641e-01,3.662504851818084717e-01
4.934307734309815174e+00,2.082019851005338751e+01,1.282736206054687500e+03,9.939128756523132324e-01,1.107300000000000173e+00,5.072422027587890625e-01,3.044521510601043701e-01
4.935703586751774452e+00,2.084332665577066734e+01,1.252599975585937500e+03,8.271486163139343262e-01,1.107310000000000016e+00,4.151550829410552979e-01,2.472314685583114624e-01
4.932162103196123581e+00,2.086439880158436466e+01,1.312959716796875000e+03,7.067603468894958496e-01,1.107320000000000082e+00,4.026428461074829102e-01,2.434930503368377686e-01
4.935955288582926315e+00,2.088256315651222650e+01,1.034966186523437500e+03,5.272812247276306152e-01,1.107330000000000148e+00,4.261414706707000732e-01,2.365502864122390747e-01
4.936881411544294274e+00,2.091418224402487169e+01,1.233871948242187500e+03,4.949206411838531494e-01,1.107339999999999991e+00,4.233185648918151855e-01,2.508172988891601562e-01
4.936366841977815945e+00,2.092920844093766775e+01,1.164256958007812500e+03,5.333668589591979980e-01,1.107350000000000056e+00,3.760161399841308594e-01,2.183159589767456055e-01
4.932455613905450065e+00,2.095091668231987825e+01,1.064702758789062500e+03,4.621106684207916260e-01,1.107360000000000122e+00,4.289643466472625732e-01,2.408227622509002686e-01
4.933909724583665835e+00,2.097529100740146291e+01,1.628130371093750000e+03,4.838770925998687744e-01,1.107370000000000188e+00,4.608553349971771240e-01,2.964412569999694824e-01
4.931703027084306079e+00,2.100332012677517568e+01,1.395442504882812500e+03,5.289537310600280762e-01,1.107380000000000031e+00,5.570623874664306641e-01,3.432859182357788086e-01
4.932397533198798811e+00,2.102283424768966213e+01,1.775203979492187500e+03,5.862039923667907715e-01,1.107390000000000096e+00,6.866099834442138672e-01,4.511659741401672363e-01
4.931114336853029911e+00,2.103860862740307169e+01,1.357626586914062500e+03,9.349662661552429199e-01,1.107400000000000162e+00,5.834601521492004395e-01,3.565611243247985840e-01
4.934736953541890792e+00,2.106471513418156505e+01,1.121031982421875000e+03,1.106794595718383789e+00,1.107410000000000005e+00,5.314275026321411133e-01,3.042995631694793701e-01
4.933818427880244606e+00,2.109242703096631288e+01,1.234054077148437500e+03,7.610184550285339355e-01,1.107420000000000071e+00,5.373784303665161133e-01,3.184140026569366455e-01
4.929573551961079936e+00,2.111476394015355140e+01,1.261671142578125000e+03,7.606584429740905762e-01,1.107430000000000136e+00,5.250951051712036133e-01,3.134548664093017578e-01
4.931294980280454432e+00,2.112622838552240978e+01,2.311185058593750000e+03,8.506936430931091309e-01,1.107439999999999980e+00,5.515691637992858887e-01,3.828063309192657471e-01
4.930879053529306333e+00,2.115165122289837996e+01,1.536815551757812500e+03,9.011799693107604980e-01,1.107450000000000045e+00,6.657053828239440918e-01,4.217163920402526855e-01
4.932774689565847304e+00,2.118083527987013071e+01,1.953444335937500000e+03,1.068517684936523438e+00,1.107460000000000111e+00,8.704028129577636719e-01,5.843756794929504395e-01
4.930604853801051846e+00,2.119904359801468985e+01,1.812734130859375000e+03,1.339679479598999023e+00,1.107470000000000176e+00,7.299451231956481934e-01,4.819888472557067871e-01
4.936901720546264194e+00,2.122160416485063550e+01,1.944597656250000000e+03,1.491277933120727539e+00,1.107480000000000020e+00,6.288552284240722656e-01,4.217926859855651855e-01
4.937373151084738510e+00,2.124072192233110812e+01,1.503107543945312500e+03,1.190633296966552734e+00,1.107490000000000085e+00,4.954166114330291748e-01,3.119289875030517578e-01
4.932051280596628118e+00,2.126709467141708743e+01,7.360709228515625000e+02,1.060555696487426758e+00,1.107500000000000151e+00,4.296509921550750732e-01,2.023704648017883301e-01
4.938363224901864967e+00,2.129158443219509422e+01,1.407250610351562500e+03,6.629759669303894043e-01,1.107509999999999994e+00,3.978362977504730225e-01,2.457818835973739624e-01
4.939426258895737831e+00,2.131283579198405675e+01,1.935805664062500000e+03,5.584651827812194824e-01,1.107520000000000060e+00,5.707190632820129395e-01,3.824248611927032471e-01
4.930523043257529991e+00,2.133218070720537796e+01,2.329814453125000000e+03,6.853742003440856934e-01,1.107530000000000125e+00,6.772257685661315918e-01,4.706972837448120117e-01
4.932148359747627886e+00,2.136639985354720039e+01,1.990996948242187500e+03,1.101246595382690430e+00,1.107540000000000191e+00,6.444955468177795410e-01,4.344575405120849609e-01
4.930635371715166748e+00,2.138050233477773787e+01,1.596172729492187500e+03,1.191762208938598633e+00,1.107550000000000034e+00,5.685064792633056641e-01,3.638090789318084717e-01
4.932737634252477577e+00,2.140085632958342998e+01,2.279166992187500000e+03,1.061200618743896484e+00,1.107560000000000100e+00,5.836127400398254395e-01,4.040161371231079102e-01
4.933182741432760032e+00,2.142597122371494933e+01,1.472687255859375000e+03,9.413022398948669434e-01,1.107570000000000165e+00,4.826754927635192871e-01,3.021633327007293701e-01
4.937374437086525347e+00,2.144507773160160724e+01,1.266353149414062500e+03,8.493811488151550293e-01,1.107580000000000009e+00,5.594274997711181641e-01,3.343594968318939209e-01
4.941050164982135229e+00,2.147788638232333014e+01,9.931124877929687500e+02,7.186931967735290527e-01,1.107590000000000074e+00,5.728552937507629395e-01,3.126156330108642578e-01
4.934819037590129298e+00,2.149587462147157524e+01,1.589752319335937500e+03,8.398932814598083496e-01,1.107600000000000140e+00,4.644411504268646240e-01,2.968990206718444824e-01
4.939994680980392516e+00,2.151468032763884608e+01,1.800160400390625000e+03,7.280284762382507324e-01,1.107609999999999983e+00,4.813784956932067871e-01,3.173458874225616455e-01
4.933464177496068359e+00,2.153873708548682231e+01,1.711934448242187500e+03,6.646448969841003418e-01,1.107620000000000049e+00,4.652804136276245117e-01,3.030788600444793701e-01
4.930650043907337299e+00,2.156266269597330165e+01,1.517659667968750000e+03,7.247752547264099121e-01,1.107630000000000114e+00,5.521032214164733887e-01,3.485502302646636963e-01
4.937624719283881802e+00,2.158272005235356517e+01,2.183908203125000000e+03,7.083136439323425293e-01,1.107640000000000180e+00,4.629915654659271240e-01,3.179562389850616455e-01
4.932110707140267003e+00,2.160855115647295221e+01,1.050918334960937500e+03,7.452852129936218262e-01,1.107650000000000023e+00,4.866427779197692871e-01,2.717982232570648193e-01
4.931552062537061687e+00,2.163398406059349810e+01,1.198338500976562500e+03,6.933552622795104980e-01,1.107660000000000089e+00,4.840487837791442871e-01,2.839289903640747070e-01
4.935188687354057357e+00,2.165450853771833906e+01,1.685256591796875000e+03,6.521577239036560059e-01,1.107670000000000154e+00,7.496290206909179688e-01,4.864138960838317871e-01
4.932564847554899323e+00,2.167347640139706755e+01,1.596340698242187500e+03,7.223946452140808105e-01,1.107679999999999998e+00,1.003993988037109375e+00,6.425119042396545410e-01
4.933856909883989061e+00,2.169642894863032012e+01,1.670671630859375000e+03,1.603925943374633789e+00,1.107690000000000063e+00,7.914382815361022949e-01,5.124302506446838379e-01
4.932152148719881168e+00,2.171951142100492049e+01,1.922047119140625000e+03,1.923976659774780273e+00,1.107700000000000129e+00,5.092259049415588379e-01,3.406919240951538086e-01
4.931952577459678189e+00,2.174357651881261688e+01,1.370614990234375000e+03,1.370081424713134766e+00,1.107710000000000194e+00,4.150787889957427979e-01,2.544031441211700439e-01
4.933468097169369848e+00,2.176070971437293622e+01,1.510772705078125000e+03,6.981057524681091309e-01,1.107720000000000038e+00,4.569643139839172363e-01,2.881251871585845947e-01
4.928226341578996639e+00,2.179015039912555096e+01,1.502940917968750000e+03,6.308037638664245605e-01,1.107730000000000103e+00,5.823157429695129395e-01,3.666319549083709717e-01
4.934309138026797825e+00,2.181443433114344899e+01,1.486745361328125000e+03,6.960970759391784668e-01,1.107740000000000169e+00,6.686808466911315918e-01,4.197327494621276855e-01
4.933535070340434814e+00,2.183227320600474997e+01,1.600061523437500000e+03,9.305853247642517090e-01,1.107750000000000012e+00,5.241795778274536133e-01,3.356564939022064209e-01
4.928897050409229763e+00,2.185286512765189570e+01,2.007339843750000000e+03,9.740812182426452637e-01,1.107760000000000078e+00,4.661196470260620117e-01,3.147518634796142578e-01
4.928409506533809825e+00,2.187758061431495804e+01,1.643664306640625000e+03,7.616061568260192871e-01,1.107770000000000143e+00,4.682558774948120117e-01,3.019344508647918701e-01
4.929750858589148521e+00,2.190269926715005155e+01,1.430752563476562500e+03,6.172198653221130371e-01,1.107779999999999987e+00,4.829043745994567871e-01,2.997981905937194824e-01
4.937020080811652889e+00,2.192462621149940105e+01,9.651546630859375000e+02,7.509035468101501465e-01,1.107790000000000052e+00,3.820433914661407471e-01,2.059562951326370239e-01
4.930619950091814196e+00,2.194404652548790580e+01,1.019082519531250000e+03,6.515950560569763184e-01,1.107800000000000118e+00,4.231659770011901855e-01,2.334222197532653809e-01
4.928766472437843049e+00,2.196578599526714015e+01,1.081457397460937500e+03,4.533309042453765869e-01,1.107810000000000183e+00,3.909698128700256348e-01,2.208336740732192993e-01
4.933895769095778761e+00,2.199105390836467322e+01,9.667106323242187500e+02,4.591840803623199463e-01,1.107820000000000027e+00,4.257599711418151855e-01,2.296838015317916870e-01
4.934516355236348240e+00,2.200896836712059113e+01,1.975394531250000000e+03,4.656786024570465088e-01,1.107830000000000092e+00,4.446809589862823486e-01,2.992641329765319824e-01
4.930473840630416049e+00,2.202838723679686694e+01,1.518786010742187500e+03,4.344708025455474854e-01,1.107840000000000158e+00,4.862613081932067871e-01,3.070461452007293701e-01
4.934701954383035272e+00,2.205667113260906831e+01,1.107870971679687500e+03,6.842893958091735840e-01,1.107850000000000001e+00,4.542940258979797363e-01,2.589807808399200439e-01
4.928559498672293593e+00,2.207303421776443386e+01,1.811671997070312500e+03,7.148618102073669434e-01,1.107860000000000067e+00,4.634493291378021240e-01,3.059780299663543701e-01
4.927189870581216269e+00,2.209906830809822154e+01,1.567648559570312500e+03,5.354577898979187012e-01,1.107870000000000132e+00,4.599398076534271240e-01,2.929317057132720947e-01
4.935262716580600895e+00,2.212203455398390517e+01,2.439537597656250000e+03,6.975693106651306152e-01,1.107880000000000198e+00,4.108826220035552979e-01,2.878963053226470947e-01
4.927497681104386906e+00,2.214460453149099095e+01,1.592284179687500000e+03,6.086546778678894043e-01,1.107890000000000041e+00,4.887027442455291748e-01,3.125393390655517578e-01
4.927140144831740010e+00,2.216636781699045144e+01,1.273867553710937500e+03,5.733281970024108887e-01,1.107900000000000107e+00,4.636782109737396240e-01,2.776728868484497070e-01
4.934467921575619087e+00,2.218083914600339313e+01,1.849673950195312500e+03,5.749101042747497559e-01,1.107910000000000172e+00,4.269807040691375732e-01,2.832423448562622070e-01
4.932740119035074144e+00,2.221256749945326803e+01,1.426762817382812500e+03,5.641550421714782715e-01,1.107920000000000016e+00,4.040924310684204102e-01,2.506647109985351562e-01
4.930181576342243410e+00,2.223896484801364437e+01,1.556115600585937500e+03,4.920572340488433838e-01,1.107930000000000081e+00,4.076782464981079102e-01,2.591333687305450439e-01
4.936754524941669331e+00,2.225357423920257816e+01,1.194585205078125000e+03,5.510026812553405762e-01,1.107940000000000147e+00,3.860106766223907471e-01,2.261742651462554932e-01
4.932404758301787595e+00,2.226937263823733915e+01,1.406085327148437500e+03,5.043882727622985840e-01,1.107949999999999990e+00,3.986755311489105225e-01,2.462396472692489624e-01
4.936589427849422229e+00,2.230204365650716980e+01,1.056251464843750000e+03,4.676837027072906494e-01,1.107960000000000056e+00,4.979343414306640625e-01,2.786647081375122070e-01
4.930201691006974585e+00,2.232555232099355536e+01,1.583556152343750000e+03,5.397874712944030762e-01,1.107970000000000121e+00,4.771060049533843994e-01,3.046810328960418701e-01
4.932580193493651954e+00,2.234389846320065587e+01,1.291209960937500000e+03,5.496842265129089355e-01,1.107980000000000187e+00,4.177490770816802979e-01,2.512750625610351562e-01
4.933290050796244053e+00,2.236752742748028666e+01,1.074386962890625000e+03,6.169647574424743652e-01,1.107990000000000030e+00,3.847899734973907471e-01,2.167900651693344116e-01
4.928581074391892969e+00,2.238522860322332519e+01,1.448747680664062500e+03,5.119914412498474121e-01,1.108000000000000096e+00,3.906646370887756348e-01,2.434167563915252686e-01
4.938662138045464722e+00,2.241191612593796378e+01,1.362927734375000000e+03,4.517489969730377197e-01,1.108010000000000161e+00,3.709044158458709717e-01,2.269372045993804932e-01
4.936858723556638573e+00,2.243403939183181706e+01,1.757065795898437500e+03,5.080563426017761230e-01,1.108020000000000005e+00,4.085937738418579102e-01,2.678309082984924316e-01
4.928957434157869244e+00,2.245345226599685873e+01,1.266042846679687500e+03,5.179685950279235840e-01,1.108030000000000070e+00,3.803649246692657471e-01,2.273186743259429932e-01
4.929955307928087116e+00,2.247953522707177854e+01,1.189178222656250000e+03,5.234331488609313965e-01,1.108040000000000136e+00,4.535310864448547363e-01,2.653132081031799316e-01
4.938332754849157347e+00,2.250705604037644747e+01,1.136906127929687500e+03,4.094869196414947510e-01,1.108050000000000201e+00,4.296509921550750732e-01,2.473077625036239624e-01
4.934783054188049967e+00,2.252518054454641927e+01,1.616658081054687500e+03,5.563229918479919434e-01,1.108060000000000045e+00,4.182068705558776855e-01,2.685175538063049316e-01
4.931687628380213795e+00,2.254866542428779397e+01,1.541849487304687500e+03,5.125302672386169434e-01,1.108070000000000110e+00,4.230133891105651855e-01,2.682123780250549316e-01
4.934083698762388615e+00,2.257082334905951626e+01,1.802519775390625000e+03,5.941826701164245605e-01,1.108080000000000176e+00,4.630678594112396240e-01,3.053676784038543701e-01
4.929138384235234760e+00,2.259624005653861900e+01,1.443431518554687500e+03,4.408318102359771729e-01,1.108090000000000019e+00,4.566591382026672363e-01,2.842341661453247070e-01
4.927518022852483526e+00,2.261422463998024313e+01,1.531050659179687500e+03,6.277794241905212402e-01,1.108100000000000085e+00,3.777709007263183594e-01,2.390679866075515747e-01
4.929394833075343207e+00,2.263426418331779999e+01,1.367234863281250000e+03,5.453509688377380371e-01,1.108110000000000150e+00,4.415529072284698486e-01,2.704249322414398193e-01
4.925951641916343604e+00,2.265832037773456875e+01,8.725602416992187500e+02,6.207770705223083496e-01,1.108119999999999994e+00,3.766264915466308594e-01,1.939018070697784424e-01
4.928222741041833110e+00,2.268079912816134680e+01,1.670845336914062500e+03,5.987555384635925293e-01,1.108130000000000059e+00,4.328553378582000732e-01,2.802668809890747070e-01
4.931291929263155183e+00,2.270102663333204163e+01,1.622333740234375000e+03,4.476064741611480713e-01,1.108140000000000125e+00,3.828063309192657471e-01,2.460107654333114624e-01
4.930238875655670761e+00,2.272234676338291592e+01,1.285465576171875000e+03,5.570763945579528809e-01,1.108150000000000190e+00,4.869479537010192871e-01,2.924739420413970947e-01
4.928160179610244107e+00,2.274884484543705199e+01,1.217102172851562500e+03,5.660755038261413574e-01,1.108160000000000034e+00,4.193512797355651855e-01,2.473077625036239624e-01
4.930395358544695128e+00,2.277207100472396917e+01,1.852535156250000000e+03,5.730587840080261230e-01,1.108170000000000099e+00,5.833075642585754395e-01,3.870788216590881348e-01
4.932159631111153075e+00,2.279253057233347590e+01,1.573395263671875000e+03,5.827087759971618652e-01,1.108180000000000165e+00,4.043213129043579102e-01,2.577600777149200439e-01
4.931673083448782968e+00,2.281685308575218230e+01,1.047465820312500000e+03,9.479386210441589355e-01,1.108190000000000008e+00,3.918090462684631348e-01,2.185448408126831055e-01
4.929660367229756091e+00,2.284347862204789337e+01,1.113969360351562500e+03,4.892057478427886963e-01,1.108200000000000074e+00,4.050079584121704102e-01,2.313622683286666870e-01
4.928158704836731907e+00,2.286195763880861875e+01,9.821923828125000000e+02,4.007274210453033447e-01,1.108210000000000139e+00,3.919616341590881348e-01,2.128990739583969116e-01
4.927232146795493151e+00,2.288032197740193041e+01,8.617457275390625000e+02,4.359382688999176025e-01,1.108219999999999983e+00,3.036129176616668701e-01,1.553732156753540039e-01
4.929696632591563876e+00,2.290234304079698902e+01,1.042508544921875000e+03,3.716486990451812744e-01,1.108230000000000048e+00,3.117001056671142578e-01,1.735312342643737793e-01
4.929063433529401017e+00,2.293022301583003042e+01,1.592400146484375000e+03,1.831418424844741821e-01,1.108240000000000114e+00,5.282994508743286133e-01,3.378690183162689209e-01
4.929999101298639275e+00,2.294660307642651276e+01,2.290250732421875000e+03,4.448813498020172119e-01,1.108250000000000179e+00,4.893893897533416748e-01,3.390897214412689209e-01
4.933453733527234597e+00,2.296808386458819129e+01,1.900994995117187500e+03,8.684629797935485840e-01,1.108260000000000023e+00,4.849643111228942871e-01,3.236782848834991455e-01
4.930918544221935207e+00,2.299644722567869337e+01,1.842475830078125000e+03,7.187075018882751465e-01,1.108270000000000088e+00,5.260106325149536133e-01,3.486265242099761963e-01
4.934230500305365474e+00,2.301571579540585688e+01,1.008082397460937500e+03,7.564777731895446777e-01,1.108280000000000154e+00,4.956454932689666748e-01,2.721796929836273193e-01
4.933552819024416891e+00,2.303768939332390531e+01,1.158984741210937500e+03,6.995851397514343262e-01,1.108289999999999997e+00,5.969642400741577148e-01,3.460325002670288086e-01
4.931263467408559364e+00,2.306285105427548743e+01,1.382894775390625000e+03,6.623679995536804199e-01,1.108300000000000063e+00,5.425664782524108887e-01,3.334439694881439209e-01
4.936861660057832779e+00,2.308601984003531626e+01,1.257629638671875000e+03,8.432216048240661621e-01,1.108310000000000128e+00,6.703593134880065918e-01,3.997436463832855225e-01
4.930343757501039370e+00,2.310661660779211601e+01,2.014353637695312500e+03,7.835549712181091309e-01,1.108320000000000194e+00,6.341195702552795410e-01,4.285065829753875732e-01
4.932264111337574697e+00,2.313391232759411764e+01,1.481794799804687500e+03,1.183423519134521484e+00,1.108330000000000037e+00,6.117653250694274902e-01,3.836455643177032471e-01
4.931416947091180170e+00,2.315513465097924595e+01,1.551472534179687500e+03,1.094516038894653320e+00,1.108340000000000103e+00,5.969642400741577148e-01,3.791442215442657471e-01
4.931132225304093453e+00,2.317582976895767644e+01,1.429022827148437500e+03,1.061133861541748047e+00,1.108350000000000168e+00,5.628607273101806641e-01,3.493131697177886963e-01
4.932160011829241242e+00,2.319868986569785463e+01,1.275998779296875000e+03,1.006304740905761719e+00,1.108360000000000012e+00,4.821414351463317871e-01,2.888881266117095947e-01
4.933614894241512339e+00,2.322380176139726160e+01,1.441989746093750000e+03,9.149450659751892090e-01,1.108370000000000077e+00,5.131931900978088379e-01,3.193295300006866455e-01
4.935044949322586305e+00,2.324419761124951478e+01,2.403350341796875000e+03,6.392032504081726074e-01,1.108380000000000143e+00,6.985118985176086426e-01,4.881686568260192871e-01
4.925494748404169343e+00,2.327149871078503551e+01,1.389304321289062500e+03,1.019134044647216797e+00,1.108389999999999986e+00,7.625990509986877441e-01,4.693239927291870117e-01
4.932515290308606914e+00,2.329609935213286676e+01,2.052567626953125000e+03,1.218356609344482422e+00,1.108400000000000052e+00,5.486699938774108887e-01,3.722014427185058594e-01
4.930690468097155055e+00,2.331281676557117422e+01,1.984107543945312500e+03,1.191666841506958008e+00,1.108410000000000117e+00,4.777926504611968994e-01,3.218472301959991455e-01
4.936783507725127862e+00,2.333566102227139893e+01,2.354666748046875000e+03,8.420867323875427246e-01,1.108420000000000183e+00,7.884627580642700195e-01,5.490514636039733887e-01
4.927565900762888695e+00,2.336206501148518200e+01,1.021974060058593750e+03,9.676391482353210449e-01,1.108430000000000026e+00,5.720160603523254395e-01,3.158962726593017578e-01
4.935989850314312477e+00,2.338599162638652373e+01,1.907593505859375000e+03,1.422893524169921875e+00,1.108440000000000092e+00,4.909915626049041748e-01,3.279507756233215332e-01
4.933756146028902556e+00,2.340082520933889754e+01,1.353108398437500000e+03,8.094484210014343262e-01,1.108450000000000157e+00,5.456945300102233887e-01,3.331387937068939209e-01
4.925264990355452177e+00,2.343091804079516294e+01,1.190180175781250000e+03,7.287425398826599121e-01,1.108460000000000001e+00,6.254982948303222656e-01,3.660216033458709717e-01
4.927720013068047855e+00,2.345139064991838040e+01,1.380102539062500000e+03,8.508736491203308105e-01,1.108470000000000066e+00,6.666209101676940918e-01,4.094330072402954102e-01
4.933521012854496846e+00,2.347548161850935244e+01,1.323008056640625000e+03,8.733100295066833496e-01,1.108480000000000132e+00,6.395364403724670410e-01,3.876891732215881348e-01
4.936464106957326514e+00,2.349308752921552923e+01,1.409109008789062500e+03,1.214148521423339844e+00,1.108490000000000197e+00,4.322449862957000732e-01,2.671442627906799316e-01
4.929308181668220712e+00,2.351509997878171632e+01,1.352875854492187500e+03,9.924036860466003418e-01,1.108500000000000041e+00,4.349915981292724609e-01,2.655420899391174316e-01
4.931542921606471452e+00,2.354054516513942730e+01,1.491513427734375000e+03,5.095810294151306152e-01,1.108510000000000106e+00,5.063266754150390625e-01,3.181088268756866455e-01
4.925289290018084465e+00,2.356065619657644561e+01,1.501352050781250000e+03,6.177741885185241699e-01,1.108520000000000172e+00,5.377599000930786133e-01,3.384793698787689209e-01
4.930252605498767871e+00,2.358422910296735964e+01,1.094954467773437500e+03,7.366759181022644043e-01,1.108530000000000015e+00,4.103485643863677979e-01,2.328881621360778809e-01
4.929793042273963088e+00,2.360387048564115986e+01,1.425886108398437500e+03,7.380957007408142090e-01,1.108540000000000081e+00,4.463594257831573486e-01,2.768336236476898193e-01
4.934609587855869783e+00,2.362710037937046081e+01,1.214623779296875000e+03,5.445820689201354980e-01,1.108550000000000146e+00,3.973785340785980225e-01,2.341851592063903809e-01
4.924852014422960167e+00,2.365282717214429908e+01,2.024279907226562500e+03,6.074947714805603027e-01,1.108559999999999990e+00,3.239834606647491455e-01,2.191551923751831055e-01
4.927813269574958355e+00,2.366765502317313263e+01,1.679949584960937500e+03,3.929168283939361572e-01,1.108570000000000055e+00,4.161469042301177979e-01,2.698145806789398193e-01
4.932837456445049007e+00,2.368365353527292427e+01,1.570250732421875000e+03,4.681414663791656494e-01,1.108580000000000121e+00,4.539888501167297363e-01,2.892695963382720947e-01
4.930464839519594911e+00,2.370243978093262527e+01,1.161726440429687500e+03,5.537492632865905762e-01,1.108590000000000186e+00,4.381196498870849609e-01,2.541742622852325439e-01
4.930892146042450186e+00,2.371345764555996283e+01,1.720882568359375000e+03,5.859238505363464355e-01,1.108600000000000030e+00,1.487356126308441162e-01,9.700812399387359619e-02
4.933264349357956213e+00,2.371955784332605432e+01,1.557298828125000000e+04,5.553430914878845215e-01,1.108610000000000095e+00,5.374928936362266541e-02,4.352586343884468079e-02
4.929080284610600771e+00,2.373280149537502126e+01,-6.019963378906250000e+03,2.889293730258941650e-01,1.108620000000000161e+00,5.146046355366706848e-02,4.589098319411277771e-02
4.932439772725871308e+00,2.374279312784631912e+01,-1.869631591796875000e+03,1.687210947275161743e-01,1.108630000000000004e+00,3.566755726933479309e-02,3.711714595556259155e-02
