# x_coordinates, y_coordinates, TEP, TED, times, high, low
1.453211387667744958e+01,1.807430993807596664e+01,1.004418273925781250e+03,1.676851660013198853e-01,1.233250000000000179e+00,8.681902885437011719e-01,4.760378897190093994e-01
1.453271659762815560e+01,1.806984104538721425e+01,1.048535888671875000e+03,7.003909945487976074e-01,1.233260000000000023e+00,7.006481289863586426e-01,3.909698128700256348e-01
1.453849049485152811e+01,1.805643923699646436e+01,1.054489501953125000e+03,8.348161578178405762e-01,1.233270000000000088e+00,7.346753478050231934e-01,4.108826220035552979e-01
1.453762154495715642e+01,1.805741678910874271e+01,1.347723754882812500e+03,6.661588549613952637e-01,1.233280000000000154e+00,8.341630101203918457e-01,5.086155533790588379e-01
1.453950630097943453e+01,1.805519597447265667e+01,1.443366210937500000e+03,8.029193282127380371e-01,1.233289999999999997e+00,1.126064777374267578e+00,7.008770108222961426e-01
1.453650266015268322e+01,1.805878074344428796e+01,1.413698730468750000e+03,1.157649278640747070e+00,1.233300000000000063e+00,9.432637691497802734e-01,5.835364460945129395e-01
1.453448423880735341e+01,1.806088838251177719e+01,1.416164184570312500e+03,1.496520757675170898e+00,1.233310000000000128e+00,9.362447261810302734e-01,5.794928669929504395e-01
1.453530099827716526e+01,1.806859730387000340e+01,1.339254882812500000e+03,1.060388803482055664e+00,1.233320000000000194e+00,1.104854941368103027e+00,6.723429560661315918e-01
1.454158547592217943e+01,1.807100580676607038e+01,1.411560668945312500e+03,1.359335899353027344e+00,1.233330000000000037e+00,1.043132901191711426e+00,6.450296044349670410e-01
1.453761344727134741e+01,1.808009859179690082e+01,1.525657958984375000e+03,1.388438463211059570e+00,1.233340000000000103e+00,1.235775947570800781e+00,7.812911272048950195e-01
1.453381590235959919e+01,1.809554032370367693e+01,1.282870117187500000e+03,1.615821838378906250e+00,1.233350000000000168e+00,1.188778638839721680e+00,7.135418653488159180e-01
1.453206838680916491e+01,1.810229610945027900e+01,1.776348876953125000e+03,1.631041288375854492e+00,1.233360000000000012e+00,1.152844071388244629e+00,7.576398849487304688e-01
1.454062265175466173e+01,1.811669331255676951e+01,1.445209106445312500e+03,1.876751899719238281e+00,1.233370000000000077e+00,9.852256178855895996e-01,6.134437918663024902e-01
1.453307284271776822e+01,1.813026822229907964e+01,1.672009399414062500e+03,1.777649641036987305e+00,1.233380000000000143e+00,9.675253629684448242e-01,6.265664100646972656e-01
1.453802986355635696e+01,1.814799868018164375e+01,1.288968261718750000e+03,1.518183469772338867e+00,1.233390000000000208e+00,1.001018524169921875e+00,6.017708182334899902e-01
1.454338154139480110e+01,1.816816845102878375e+01,1.205019409179687500e+03,1.336633682250976562e+00,1.233400000000000052e+00,8.813891410827636719e-01,5.179997086524963379e-01
1.454710771116395485e+01,1.818897125255113778e+01,1.458409790039062500e+03,1.334503412246704102e+00,1.233410000000000117e+00,9.572256207466125488e-01,5.975745916366577148e-01
1.453723163830031950e+01,1.820573306481685449e+01,1.827304443359375000e+03,8.935708403587341309e-01,1.233420000000000183e+00,1.723906397819519043e+00,1.140408039093017578e+00
1.453897134232033572e+01,1.822224258586221879e+01,1.886569946289062500e+03,1.963122606277465820e+00,1.233430000000000026e+00,1.297726869583129883e+00,8.646807074546813965e-01
1.454127605121141187e+01,1.824309830433673341e+01,1.283847412109375000e+03,2.618361234664916992e+00,1.233440000000000092e+00,1.445050954818725586e+00,8.675799369812011719e-01
1.453621873549317201e+01,1.826235349180777590e+01,1.546723999023437500e+03,2.125011205673217773e+00,1.233450000000000157e+00,1.795622944831848145e+00,1.139492511749267578e+00
1.453977407306379099e+01,1.827789941398620854e+01,1.652379516601562500e+03,2.686101913452148438e+00,1.233460000000000001e+00,1.525770306587219238e+00,9.851493239402770996e-01
1.453782286800086432e+01,1.828951127830515944e+01,1.443020629882812500e+03,3.047428846359252930e+00,1.233470000000000066e+00,1.169170975685119629e+00,7.276563048362731934e-01
1.454184363539326874e+01,1.831790351717364018e+01,1.164300415039062500e+03,2.608340501785278320e+00,1.233480000000000132e+00,1.238675117492675781e+00,7.191876173019409180e-01
1.453391760703545721e+01,1.833069108995265140e+01,1.302671386718750000e+03,1.848974943161010742e+00,1.233490000000000197e+00,1.214642405509948730e+00,7.326917052268981934e-01
1.453662561782255125e+01,1.834924969421713925e+01,1.433663818359375000e+03,1.772057533264160156e+00,1.233500000000000041e+00,1.301083803176879883e+00,8.082230091094970703e-01
1.454327434915388650e+01,1.836512446647863328e+01,1.498101562500000000e+03,1.904386997222900391e+00,1.233510000000000106e+00,1.210980296134948730e+00,7.617598176002502441e-01
1.453971242689130250e+01,1.838137977648180410e+01,1.466267944335937500e+03,1.879972934722900391e+00,1.233520000000000172e+00,1.297421693801879883e+00,8.111984729766845703e-01
1.454325857849194392e+01,1.840251140577379019e+01,1.195497558593750000e+03,1.924513101577758789e+00,1.233530000000000015e+00,1.029628872871398926e+00,6.034492850303649902e-01
1.454978408647357213e+01,1.841350065636454403e+01,1.336411743164062500e+03,1.833850860595703125e+00,1.233540000000000081e+00,1.223645091056823730e+00,7.441358566284179688e-01
1.454263085772587516e+01,1.842368620096513965e+01,1.343418945312500000e+03,1.699037075042724609e+00,1.233550000000000146e+00,1.108669638633728027e+00,6.753184199333190918e-01
1.454391413974289371e+01,1.844160444353098072e+01,1.502601318359375000e+03,2.173581838607788086e+00,1.233560000000000212e+00,1.196636915206909180e+00,7.533674240112304688e-01
1.454763128409578066e+01,1.846129324176377651e+01,1.612136474609375000e+03,1.758831262588500977e+00,1.233570000000000055e+00,1.075023889541625977e+00,6.897380352020263672e-01
1.454657379821686902e+01,1.846724392188432162e+01,1.779270751953125000e+03,1.910897016525268555e+00,1.233580000000000121e+00,1.184658765792846680e+00,7.788497209548950195e-01
1.454126458446636505e+01,1.848373708571997298e+01,1.522791992187500000e+03,1.808365106582641602e+00,1.233590000000000186e+00,1.229290843009948730e+00,7.767897844314575195e-01
1.454455740033902700e+01,1.850103076505052613e+01,1.321241577148437500e+03,2.170249938964843750e+00,1.233600000000000030e+00,9.057270288467407227e-01,5.488225817680358887e-01
1.454780609491721144e+01,1.851457195028239155e+01,1.408306396484375000e+03,1.620171785354614258e+00,1.233610000000000095e+00,9.333455562591552734e-01,5.767462849617004395e-01
1.454163999201200852e+01,1.853170811572838517e+01,1.351384033203125000e+03,1.387590885162353516e+00,1.233620000000000161e+00,9.517324566841125488e-01,5.807898640632629395e-01
1.454306696362125173e+01,1.854895735257536060e+01,1.384073852539062500e+03,1.447380304336547852e+00,1.233630000000000004e+00,1.279645085334777832e+00,7.866317033767700195e-01
1.454652726276569830e+01,1.855988316408960159e+01,1.190492431640625000e+03,1.560843706130981445e+00,1.233640000000000070e+00,1.092419028282165527e+00,6.393075585365295410e-01
1.454011719701879990e+01,1.858325789722330157e+01,1.030124633789062500e+03,2.047419071197509766e+00,1.233650000000000135e+00,8.410295248031616211e-01,4.659670591354370117e-01
1.453852691742238967e+01,1.859339903410902295e+01,1.130725341796875000e+03,1.535173177719116211e+00,1.233660000000000201e+00,9.451711177825927734e-01,5.429479479789733887e-01
1.454961335719536564e+01,1.861328448897719667e+01,1.213194335937500000e+03,1.178121089935302734e+00,1.233670000000000044e+00,8.891711831092834473e-01,5.237981081008911133e-01
1.454247683786303291e+01,1.862870171654948237e+01,1.493949584960937500e+03,1.165652990341186523e+00,1.233680000000000110e+00,8.945117592811584473e-01,5.622503757476806641e-01
1.454265623615167868e+01,1.864925713407157915e+01,1.520138427734375000e+03,1.101847410202026367e+00,1.233690000000000175e+00,1.186032056808471680e+00,7.490949630737304688e-01
1.454216537333013548e+01,1.866878740788333957e+01,2.568863525390625000e+03,1.266629219055175781e+00,1.233700000000000019e+00,1.151013016700744629e+00,8.134872913360595703e-01
1.454996082110140776e+01,1.868355104335050143e+01,1.811640869140625000e+03,1.907686710357666016e+00,1.233710000000000084e+00,1.054653406143188477e+00,6.962993741035461426e-01
1.454020436829844876e+01,1.870753155405589752e+01,1.306091918945312500e+03,1.935600757598876953e+00,1.233720000000000150e+00,9.997978210449218750e-01,6.036018729209899902e-01
1.453697565198898367e+01,1.871933386193060755e+01,1.028947998046875000e+03,1.629857540130615234e+00,1.233729999999999993e+00,8.911548256874084473e-01,4.935092628002166748e-01
1.453873621698386387e+01,1.873554383755060826e+01,1.152958740234375000e+03,1.325393438339233398e+00,1.233740000000000059e+00,8.092148303985595703e-01,4.681795835494995117e-01
1.453729477218001875e+01,1.875466916983510401e+01,1.157650512695312500e+03,1.021785259246826172e+00,1.233750000000000124e+00,9.153401255607604980e-01,5.303593873977661133e-01
1.454100582488317528e+01,1.877839591080361714e+01,1.294189941406250000e+03,1.044685363769531250e+00,1.233760000000000190e+00,1.089443564414978027e+00,6.557871103286743164e-01
1.454296875782571341e+01,1.879347778186942364e+01,1.369779296875000000e+03,1.428290128707885742e+00,1.233770000000000033e+00,1.357770323753356934e+00,8.320267796516418457e-01
1.453782691732122956e+01,1.880882307740377613e+01,1.778119628906250000e+03,2.110983848571777344e+00,1.233780000000000099e+00,1.264691352844238281e+00,8.313401341438293457e-01
1.454357085367577973e+01,1.883004306877556999e+01,1.682542846679687500e+03,2.279630422592163086e+00,1.233790000000000164e+00,1.181149244308471680e+00,7.661085724830627441e-01
1.453998363647738934e+01,1.884566172758508174e+01,1.337605957031250000e+03,2.375353097915649414e+00,1.233800000000000008e+00,9.614218473434448242e-01,5.848334431648254395e-01
1.453997770541780277e+01,1.886103386268747428e+01,1.363226196289062500e+03,1.793720245361328125e+00,1.233810000000000073e+00,9.612692594528198242e-01,5.881904363632202148e-01
1.453898070208549242e+01,1.887670226267632501e+01,1.103757446289062500e+03,1.351768493652343750e+00,1.233820000000000139e+00,9.672964811325073242e-01,5.506536364555358887e-01
1.453824006921697887e+01,1.889382623528600291e+01,9.051621093750000000e+02,1.376350641250610352e+00,1.233830000000000204e+00,1.038860440254211426e+00,5.441686511039733887e-01
1.454326610789812158e+01,1.891773315974540637e+01,1.321366943359375000e+03,1.278450012207031250e+00,1.233840000000000048e+00,8.850513100624084473e-01,5.363103151321411133e-01
1.453861051489750267e+01,1.893309607479270795e+01,1.405967529296875000e+03,1.223797321319580078e+00,1.233850000000000113e+00,8.015090823173522949e-01,4.950351417064666748e-01
1.453800936504742047e+01,1.895239296635276460e+01,1.208726928710937500e+03,1.033272266387939453e+00,1.233860000000000179e+00,8.777270317077636719e-01,5.163975358009338379e-01
1.454047687854125570e+01,1.896862884775522318e+01,1.482308715820312500e+03,1.071770906448364258e+00,1.233870000000000022e+00,8.445390462875366211e-01,5.296727418899536133e-01
1.453914639607958748e+01,1.898696918062293904e+01,1.187861572265625000e+03,1.047174453735351562e+00,1.233880000000000088e+00,1.146893143653869629e+00,6.706644892692565918e-01
1.454000833976524198e+01,1.900583390685048712e+01,1.747481689453125000e+03,1.257255792617797852e+00,1.233890000000000153e+00,1.068767786026000977e+00,6.996563076972961426e-01
1.454335666844171904e+01,1.901555824034846154e+01,1.390588989257812500e+03,1.748326539993286133e+00,1.233899999999999997e+00,1.057476282119750977e+00,6.509805917739868164e-01
1.454709275850628281e+01,1.903971682620822747e+01,1.340526855468750000e+03,1.645526409149169922e+00,1.233910000000000062e+00,9.156453013420104980e-01,5.573675632476806641e-01
1.453849065034960475e+01,1.905777719800992642e+01,1.864501342773437500e+03,1.478638172149658203e+00,1.233920000000000128e+00,8.856616616249084473e-01,5.885719060897827148e-01
1.453934635024997490e+01,1.907056805884236184e+01,1.420523681640625000e+03,1.196406602859497070e+00,1.233930000000000193e+00,8.060867786407470703e-01,4.993839263916015625e-01
1.454322031493426692e+01,1.908738741838237019e+01,9.820962524414062500e+02,1.184615612030029297e+00,1.233940000000000037e+00,9.695852994918823242e-01,5.266209840774536133e-01
1.453498030114327477e+01,1.910794392500079653e+01,1.070658325195312500e+03,1.039880037307739258e+00,1.233950000000000102e+00,8.694109916687011719e-01,4.891605079174041748e-01
1.453948859999024457e+01,1.912424874983145173e+01,1.205064086914062500e+03,1.084782600402832031e+00,1.233960000000000168e+00,6.956127285957336426e-01,4.088226556777954102e-01
1.454067619253994792e+01,1.913928154745976329e+01,1.095891967773437500e+03,1.004355669021606445e+00,1.233970000000000011e+00,7.691603302955627441e-01,4.366700649261474609e-01
1.454751305268914230e+01,1.916172561511408290e+01,9.122763671875000000e+02,8.110887408256530762e-01,1.233980000000000077e+00,8.065445423126220703e-01,4.240052103996276855e-01
1.454061023317814083e+01,1.917966947649819787e+01,1.129826904296875000e+03,8.450514674186706543e-01,1.233990000000000142e+00,8.826098442077636719e-01,5.068607330322265625e-01
1.454439768447184278e+01,1.919782726746481671e+01,1.159466674804687500e+03,8.204275965690612793e-01,1.234000000000000208e+00,8.503373861312866211e-01,4.929752051830291748e-01
1.454237815194709782e+01,1.921997275968885432e+01,1.202538696289062500e+03,9.563309550285339355e-01,1.234010000000000051e+00,7.597761750221252441e-01,4.462068378925323486e-01
1.454667183031673083e+01,1.923443135356452771e+01,1.213022583007812500e+03,9.810799956321716309e-01,1.234020000000000117e+00,9.147297739982604980e-01,5.388280153274536133e-01
1.454226358704999456e+01,1.925529494130635300e+01,1.154064575195312500e+03,9.380072951316833496e-01,1.234030000000000182e+00,1.167492508888244629e+00,6.756998896598815918e-01
1.454709380402522179e+01,1.927108081935526585e+01,1.215735351562500000e+03,1.233680963516235352e+00,1.234040000000000026e+00,9.412038326263427734e-01,5.548498630523681641e-01
1.454218694514485399e+01,1.928892470853523022e+01,1.216431884765625000e+03,1.638853073120117188e+00,1.234050000000000091e+00,9.238087534904479980e-01,5.447027087211608887e-01
1.453964155744218800e+01,1.930933282084393099e+01,1.243433837890625000e+03,1.279730319976806641e+00,1.234060000000000157e+00,8.053238391876220703e-01,4.784030020236968994e-01
1.454172614042307465e+01,1.932328387503566347e+01,1.260699707031250000e+03,1.170061349868774414e+00,1.234070000000000000e+00,7.572584152221679688e-01,4.519289135932922363e-01
1.454858874417732117e+01,1.934071838669282428e+01,1.367413940429687500e+03,9.108383059501647949e-01,1.234080000000000066e+00,7.246807813644409180e-01,4.438417255878448486e-01
1.454123888690441291e+01,1.935412039467686185e+01,1.100548950195312500e+03,8.540577292442321777e-01,1.234090000000000131e+00,8.466752767562866211e-01,4.814547896385192871e-01
1.454685149407178102e+01,1.936960982390699115e+01,1.312694702148437500e+03,8.988947272300720215e-01,1.234100000000000197e+00,8.509477376937866211e-01,5.145664811134338379e-01
1.454232672101956325e+01,1.939242182236691292e+01,1.197113769531250000e+03,1.038496017456054688e+00,1.234110000000000040e+00,1.021465420722961426e+00,5.989478826522827148e-01
1.454128370453991970e+01,1.941092700108055524e+01,1.284965332031250000e+03,1.139031171798706055e+00,1.234120000000000106e+00,1.108745932579040527e+00,6.658579707145690918e-01
1.454204670954316825e+01,1.942937912912240250e+01,1.266896362304687500e+03,1.502049684524536133e+00,1.234130000000000171e+00,9.222065806388854980e-01,5.512639880180358887e-01
1.453905368507177087e+01,1.944457160398462037e+01,1.128773925781250000e+03,1.421046972274780273e+00,1.234140000000000015e+00,8.705554008483886719e-01,4.997653961181640625e-01
1.454411769527852272e+01,1.946564788120413070e+01,1.775285522460937500e+03,1.210190773010253906e+00,1.234150000000000080e+00,8.997761011123657227e-01,5.912421941757202148e-01
1.453664627878203142e+01,1.947885757409218144e+01,1.289747436523437500e+03,1.055769443511962891e+00,1.234160000000000146e+00,1.147503495216369629e+00,6.899669170379638672e-01
1.454573562229161965e+01,1.949384571094186924e+01,1.206974731445312500e+03,1.453706741333007812e+00,1.234170000000000211e+00,1.086925864219665527e+00,6.391549706459045410e-01
1.453804521878339706e+01,1.951387246689014532e+01,1.444885742187500000e+03,1.633338451385498047e+00,1.234180000000000055e+00,1.072048425674438477e+00,6.674601435661315918e-01
1.453969512411444498e+01,1.953256500915252403e+01,1.306580444335937500e+03,1.612232446670532227e+00,1.234190000000000120e+00,9.164082407951354980e-01,5.533239245414733887e-01
1.454429097357346912e+01,1.955653589089957123e+01,1.209293701171875000e+03,1.475753307342529297e+00,1.234200000000000186e+00,9.772910475730895996e-01,5.750678181648254395e-01
1.453622512014399604e+01,1.956408541836184511e+01,1.310964355468750000e+03,1.216817617416381836e+00,1.234210000000000029e+00,9.443318843841552734e-01,5.707953572273254395e-01
1.454291972954204581e+01,1.958679835428304372e+01,1.252523559570312500e+03,1.291070699691772461e+00,1.234220000000000095e+00,9.400594234466552734e-01,5.598089694976806641e-01
1.454716001242008616e+01,1.960556844631058482e+01,1.118364990234375000e+03,1.265868663787841797e+00,1.234230000000000160e+00,9.034382104873657227e-01,5.168552994728088379e-01
1.454398159745199237e+01,1.961917401624661750e+01,1.117454589843750000e+03,1.136496782302856445e+00,1.234240000000000004e+00,1.089672446250915527e+00,6.232094764709472656e-01
1.454255157919442887e+01,1.963897532513861677e+01,1.273127563476562500e+03,1.274693727493286133e+00,1.234250000000000069e+00,1.096691489219665527e+00,6.566263437271118164e-01
1.454321088282786079e+01,1.965940524324031102e+01,1.489753784179687500e+03,1.656610488891601562e+00,1.234260000000000135e+00,1.126751422882080078e+00,7.076671719551086426e-01
1.454395724535442724e+01,1.967931949434476735e+01,1.276602539062500000e+03,1.604561328887939453e+00,1.234270000000000200e+00,8.990131616592407227e-01,5.387517213821411133e-01
1.454395488080907128e+01,1.969613632828908223e+01,1.161634643554687500e+03,1.774456024169921875e+00,1.234280000000000044e+00,7.833510637283325195e-01,4.544466137886047363e-01
1.454843335900340939e+01,1.971033164624445888e+01,1.187372314453125000e+03,1.235506057739257812e+00,1.234290000000000109e+00,7.381085753440856934e-01,4.315583407878875732e-01
1.454903688106405113e+01,1.972684332329374612e+01,1.421754150390625000e+03,8.707529902458190918e-01,1.234300000000000175e+00,7.709150910377502441e-01,4.777163565158843994e-01
1.453859916308413069e+01,1.975285355188156444e+01,1.276944213867187500e+03,8.127385973930358887e-01,1.234310000000000018e+00,7.660322785377502441e-01,4.591005742549896240e-01
1.454242806863311621e+01,1.977451176139540934e+01,1.161265991210937500e+03,8.835656046867370605e-01,1.234320000000000084e+00,9.483755230903625488e-01,5.501195788383483887e-01
1.454885638374248380e+01,1.978077544039258129e+01,1.224291137695312500e+03,9.790892004966735840e-01,1.234330000000000149e+00,8.581194281578063965e-01,5.070896148681640625e-01
1.454836197479169968e+01,1.980339098851767687e+01,1.728962280273437500e+03,1.249428510665893555e+00,1.234339999999999993e+00,8.266099095344543457e-01,5.397436022758483887e-01
1.455027553385006911e+01,1.982355895827100767e+01,1.282255004882812500e+03,9.752447009086608887e-01,1.234350000000000058e+00,1.112942218780517578e+00,6.679179072380065918e-01
1.454682265957000631e+01,1.983559009544226015e+01,1.284168579101562500e+03,1.282701015472412109e+00,1.234360000000000124e+00,1.102108359336853027e+00,6.617380380630493164e-01
1.455050629669386097e+01,1.985289418590643606e+01,1.301046508789062500e+03,1.569298028945922852e+00,1.234370000000000189e+00,9.081684350967407227e-01,5.476018786430358887e-01
1.455433930731902770e+01,1.987088010754581191e+01,1.403230957031250000e+03,1.451504945755004883e+00,1.234380000000000033e+00,9.321248531341552734e-01,5.753729939460754395e-01
1.454683173495082116e+01,1.989162406572729580e+01,1.360222778320312500e+03,1.337199926376342773e+00,1.234390000000000098e+00,1.090435385704040527e+00,6.667734980583190918e-01
1.454911676581436986e+01,1.991332628781017888e+01,1.638392700195312500e+03,1.422512054443359375e+00,1.234400000000000164e+00,8.877215981483459473e-01,5.719397664070129395e-01
1.455035920900196800e+01,1.992592981761221083e+01,1.546318359375000000e+03,1.414252042770385742e+00,1.234410000000000007e+00,8.793292045593261719e-01,5.579779148101806641e-01
1.454716235685237002e+01,1.994074109208944279e+01,1.060427856445312500e+03,1.296461343765258789e+00,1.234420000000000073e+00,9.672964811325073242e-01,5.421850085258483887e-01
1.454633212569265943e+01,1.996097994211243787e+01,1.179223999023437500e+03,1.189223051071166992e+00,1.234430000000000138e+00,8.941302895545959473e-01,5.215092301368713379e-01
1.455504579401581466e+01,1.997642130144852857e+01,1.041123657226562500e+03,1.171555042266845703e+00,1.234440000000000204e+00,9.623373746871948242e-01,5.354710817337036133e-01
1.454757480893352728e+01,1.999505862861415295e+01,1.011145507812500000e+03,1.148262739181518555e+00,1.234450000000000047e+00,1.131786823272705078e+00,6.222939491271972656e-01
1.455121500555402214e+01,2.001441329162007676e+01,1.376439819335937500e+03,1.295101165771484375e+00,1.234460000000000113e+00,1.030544400215148926e+00,6.324410438537597656e-01
1.455456783217934635e+01,2.003109394747661298e+01,1.255112670898437500e+03,1.351892471313476562e+00,1.234470000000000178e+00,1.180233716964721680e+00,7.033184170722961426e-01
1.455445053384365828e+01,2.004614889443051950e+01,1.140955200195312500e+03,1.636367559432983398e+00,1.234480000000000022e+00,9.569967389106750488e-01,5.515691637992858887e-01
1.454637071971204421e+01,2.006511775398272590e+01,1.239901489257812500e+03,1.567185640335083008e+00,1.234490000000000087e+00,7.841140031814575195e-01,4.653567075729370117e-01
1.454543843851825891e+01,2.008047067823218157e+01,1.239890502929687500e+03,1.093136787414550781e+00,1.234500000000000153e+00,1.034282803535461426e+00,6.138252615928649902e-01
1.454342269743287197e+01,2.010258224025130858e+01,1.284287841796875000e+03,1.039303064346313477e+00,1.234509999999999996e+00,9.891166090965270996e-01,5.939124822616577148e-01
1.454170506896243964e+01,2.011843920472069769e+01,9.227704467773437500e+02,1.517389535903930664e+00,1.234520000000000062e+00,8.787188529968261719e-01,4.643648564815521240e-01
1.454197032068377737e+01,2.013331891905664150e+01,1.060585449218750000e+03,1.387537240982055664e+00,1.234530000000000127e+00,8.369859457015991211e-01,4.691714048385620117e-01
1.454457343546634540e+01,2.015476841728773749e+01,1.147612304687500000e+03,9.481830000877380371e-01,1.234540000000000193e+00,9.502065777778625488e-01,5.488225817680358887e-01
1.455047211438778554e+01,2.017188599342958710e+01,1.133560913085937500e+03,9.427041411399841309e-01,1.234550000000000036e+00,8.463701009750366211e-01,4.866427779197692871e-01
1.454227320110240385e+01,2.018551073135604312e+01,1.338331665039062500e+03,1.160894155502319336e+00,1.234560000000000102e+00,8.243210911750793457e-01,5.015201568603515625e-01
1.454523057843892353e+01,2.020732112771043987e+01,1.548536376953125000e+03,1.053801298141479492e+00,1.234570000000000167e+00,8.669695258140563965e-01,5.503484606742858887e-01
1.454768351899089396e+01,2.022052290388204199e+01,1.149831542968750000e+03,9.372705817222595215e-01,1.234580000000000011e+00,8.298142552375793457e-01,4.796237051486968994e-01
1.454364283185778284e+01,2.024087070478957884e+01,1.178847900390625000e+03,1.016396999359130859e+00,1.234590000000000076e+00,8.806262016296386719e-01,5.135746598243713379e-01
1.454374971778240777e+01,2.026080802657745039e+01,1.097862670898437500e+03,1.097434282302856445e+00,1.234600000000000142e+00,8.890948891639709473e-01,5.051059722900390625e-01
1.455225214094261865e+01,2.027667917886055804e+01,1.051883544921875000e+03,1.074727296829223633e+00,1.234610000000000207e+00,8.221085667610168457e-01,4.593294560909271240e-01
1.453936171037395297e+01,2.029749728865610336e+01,1.415794189453125000e+03,9.018105864524841309e-01,1.234620000000000051e+00,7.989913821220397949e-01,4.945010840892791748e-01
1.454133914694055107e+01,2.031132572978237505e+01,1.276529296875000000e+03,9.351927638053894043e-01,1.234630000000000116e+00,8.441575765609741211e-01,5.058689117431640625e-01
1.454130923762042826e+01,2.033102739006373483e+01,1.040787231445312500e+03,9.736949801445007324e-01,1.234640000000000182e+00,7.313947081565856934e-01,4.069153070449829102e-01
1.454935344682495924e+01,2.034859357753226305e+01,1.187954711914062500e+03,1.012665748596191406e+00,1.234650000000000025e+00,8.533129096031188965e-01,4.990024566650390625e-01
1.453836595063933856e+01,2.036659328828807958e+01,1.185501953125000000e+03,8.788174986839294434e-01,1.234660000000000091e+00,8.856616616249084473e-01,5.175419449806213379e-01
1.454590581304519858e+01,2.038449866246880404e+01,1.542097290039062500e+03,1.101701974868774414e+00,1.234670000000000156e+00,8.198196887969970703e-01,5.198307633399963379e-01
1.454627545011390843e+01,2.040591400310994885e+01,9.814736938476562500e+02,1.025845527648925781e+00,1.234680000000000000e+00,8.469041585922241211e-01,4.598635137081146240e-01
1.454688142609656865e+01,2.042743120460697526e+01,1.063471435546875000e+03,9.484488368034362793e-01,1.234690000000000065e+00,8.774218559265136719e-01,4.923648536205291748e-01
1.454577420476858229e+01,2.044297549344917542e+01,1.083519165039062500e+03,9.831971526145935059e-01,1.234700000000000131e+00,8.672747611999511719e-01,4.902286231517791748e-01
1.455078802446199049e+01,2.045749058714865498e+01,1.316557006835937500e+03,8.797509074211120605e-01,1.234710000000000196e+00,9.623373746871948242e-01,5.824683308601379395e-01
1.454661071809868034e+01,2.047291302805333757e+01,1.420350341796875000e+03,1.041013717651367188e+00,1.234720000000000040e+00,8.790240287780761719e-01,5.445501208305358887e-01
1.454508678729773941e+01,2.048858776580657803e+01,1.060936035156250000e+03,1.190238714218139648e+00,1.234730000000000105e+00,8.416398763656616211e-01,4.718416929244995117e-01
1.454888484203716992e+01,2.050405561120259534e+01,9.920671386718750000e+02,1.068498611450195312e+00,1.234740000000000171e+00,9.668387174606323242e-01,5.273839235305786133e-01
1.454235499296234835e+01,2.052636495838185127e+01,1.186780151367187500e+03,1.040873050689697266e+00,1.234750000000000014e+00,1.003307342529296875e+00,5.865119695663452148e-01
1.454500509090654603e+01,2.053680799707453275e+01,1.124373168945312500e+03,1.310244321823120117e+00,1.234760000000000080e+00,9.757651090621948242e-01,5.593512058258056641e-01
1.454716257144416325e+01,2.055917867709472091e+01,1.021998535156250000e+03,1.248392581939697266e+00,1.234770000000000145e+00,1.120190143585205078e+00,6.186318397521972656e-01
1.454959567697093981e+01,2.057618093055818065e+01,1.075360961914062500e+03,1.360648393630981445e+00,1.234780000000000211e+00,1.066784143447875977e+00,6.012367010116577148e-01
1.454035782674922217e+01,2.059483383076036134e+01,1.313080078125000000e+03,1.398843050003051758e+00,1.234790000000000054e+00,1.139263629913330078e+00,6.889750957489013672e-01
1.454733955738996443e+01,2.060851953958173155e+01,1.177020996093750000e+03,1.631905555725097656e+00,1.234800000000000120e+00,8.872638344764709473e-01,5.171604752540588379e-01
1.454618525244474903e+01,2.063124759701067745e+01,1.633085571289062500e+03,1.543178081512451172e+00,1.234810000000000185e+00,1.078914999961853027e+00,6.945445537567138672e-01
1.454452249514179840e+01,2.065043539939984996e+01,1.336245239257812500e+03,1.219385385513305664e+00,1.234820000000000029e+00,1.106762290000915527e+00,6.730296015739440918e-01
1.453836158795963662e+01,2.066619860986918411e+01,1.322545166015625000e+03,1.612865447998046875e+00,1.234830000000000094e+00,1.084179282188415527e+00,6.571604013442993164e-01
1.455412777769858046e+01,2.068687783240450173e+01,1.198051147460937500e+03,1.585360288619995117e+00,1.234840000000000160e+00,1.127590656280517578e+00,6.613565683364868164e-01
1.454830373536324828e+01,2.069779347372384493e+01,1.518744628906250000e+03,1.605029821395874023e+00,1.234850000000000003e+00,1.239132881164550781e+00,7.824355363845825195e-01
1.455046411356357439e+01,2.071613444093414103e+01,1.294479858398437500e+03,1.798065423965454102e+00,1.234860000000000069e+00,1.103939414024353027e+00,6.645609736442565918e-01
1.454395841582855375e+01,2.073302699264022309e+01,1.430183715820312500e+03,1.951826333999633789e+00,1.234870000000000134e+00,1.011089324951171875e+00,6.276345252990722656e-01
1.455253990299071454e+01,2.074726545578918646e+01,1.600258911132812500e+03,1.549300670623779297e+00,1.234880000000000200e+00,1.301083803176879883e+00,8.331711888313293457e-01
1.454557232058078142e+01,2.076458934347756013e+01,1.332820434570312500e+03,1.802055358886718750e+00,1.234890000000000043e+00,1.053661584854125977e+00,6.402230858802795410e-01
1.454776037718032278e+01,2.078742169122535799e+01,1.290479370117187500e+03,1.908571243286132812e+00,1.234900000000000109e+00,9.129749536514282227e-01,5.490514636039733887e-01
1.455288384208749619e+01,2.080101681165200134e+01,1.643951782226562500e+03,1.490420818328857422e+00,1.234910000000000174e+00,9.022175073623657227e-01,5.817816853523254395e-01
1.454527800047123165e+01,2.082336881234009596e+01,1.323480712890625000e+03,1.317187070846557617e+00,1.234920000000000018e+00,9.244953989982604980e-01,5.604956150054931641e-01
1.454899323709574865e+01,2.084101130925762746e+01,1.075683959960937500e+03,1.139007329940795898e+00,1.234930000000000083e+00,9.817923903465270996e-01,5.534002184867858887e-01
1.455168652561823706e+01,2.086443678313165861e+01,9.896483764648437500e+02,1.172607660293579102e+00,1.234940000000000149e+00,9.109913110733032227e-01,4.964084625244140625e-01
1.454714970232407723e+01,2.087835471925089692e+01,1.171016845703125000e+03,1.196411371231079102e+00,1.234949999999999992e+00,8.404954671859741211e-01,4.890079200267791748e-01
1.454739275784378982e+01,2.089627411706052129e+01,1.307975097656250000e+03,1.161351919174194336e+00,1.234960000000000058e+00,7.510023117065429688e-01,4.536073803901672363e-01
1.454925280508260066e+01,2.091172822161806977e+01,9.956400756835937500e+02,9.755701422691345215e-01,1.234970000000000123e+00,8.498796224594116211e-01,4.642885625362396240e-01
1.454370940908122734e+01,2.093461729167770713e+01,1.240667114257812500e+03,8.285254836082458496e-01,1.234980000000000189e+00,8.446153402328491211e-01,5.013675689697265625e-01
1.455171376006044426e+01,2.094873398618176807e+01,1.363615112304687500e+03,9.944040179252624512e-01,1.234990000000000032e+00,8.279069066047668457e-01,5.066318511962890625e-01
1.454671807186550225e+01,2.096708285651757819e+01,1.157908813476562500e+03,9.118801951408386230e-01,1.235000000000000098e+00,9.493673443794250488e-01,5.501195788383483887e-01
1.455677166668984235e+01,2.098270574393148635e+01,1.066628784179687500e+03,1.002796411514282227e+00,1.235010000000000163e+00,1.071819543838500977e+00,6.021522879600524902e-01
1.454761912966702297e+01,2.099828825391218245e+01,1.295298706054687500e+03,1.208277463912963867e+00,1.235020000000000007e+00,1.075710535049438477e+00,6.476998925209045410e-01
1.455179590366621056e+01,2.101533342160831097e+01,1.167425415039062500e+03,1.568935632705688477e+00,1.235030000000000072e+00,8.565172553062438965e-01,4.977817535400390625e-01
1.455156657914416130e+01,2.103884680093867843e+01,1.182478759765625000e+03,1.422993659973144531e+00,1.235040000000000138e+00,8.275254368782043457e-01,4.831332564353942871e-01
1.454894485835061602e+01,2.105516345680227275e+01,1.539322021484375000e+03,9.572715163230895996e-01,1.235050000000000203e+00,7.966262698173522949e-01,5.048770904541015625e-01
1.453936018241468986e+01,2.106915658761195687e+01,1.383213500976562500e+03,1.033613204956054688e+00,1.235060000000000047e+00,7.926589846611022949e-01,4.871768355369567871e-01
1.454546771523176574e+01,2.108831514675446783e+01,1.272752685546875000e+03,9.353477358818054199e-01,1.235070000000000112e+00,8.758196830749511719e-01,5.243321657180786133e-01
1.454450697098149803e+01,2.110071826052677935e+01,1.221936279296875000e+03,1.035789966583251953e+00,1.235080000000000178e+00,8.453782796859741211e-01,4.992313385009765625e-01
1.454451579725092891e+01,2.112710818516868372e+01,1.608168579101562500e+03,9.446424841880798340e-01,1.235090000000000021e+00,1.025737881660461426e+00,6.576944589614868164e-01
1.454566405179918043e+01,2.114252002059421898e+01,1.243971313476562500e+03,1.021445512771606445e+00,1.235100000000000087e+00,8.041793704032897949e-01,4.777926504611968994e-01
1.454908255998276445e+01,2.115436076166411539e+01,1.183549926757812500e+03,1.182345867156982422e+00,1.235110000000000152e+00,9.174000620841979980e-01,5.357762575149536133e-01
1.454456167689368939e+01,2.117594263794684650e+01,1.400096679687500000e+03,9.904510378837585449e-01,1.235119999999999996e+00,1.144985795021057129e+00,7.062938809394836426e-01
1.454484845435763418e+01,2.119022467554368205e+01,1.320700317382812500e+03,1.179726839065551758e+00,1.235130000000000061e+00,1.099895834922790527e+00,6.663920283317565918e-01
1.455055527912187330e+01,2.120737956094873411e+01,1.251866821289062500e+03,1.789674282073974609e+00,1.235140000000000127e+00,1.064647912979125977e+00,6.338906884193420410e-01
1.454585402374246073e+01,2.122335535979684096e+01,1.053841918945312500e+03,1.526876211166381836e+00,1.235150000000000192e+00,1.013759613037109375e+00,5.668280124664306641e-01
1.454918735526937645e+01,2.124639978565799581e+01,1.254925659179687500e+03,1.427107572555541992e+00,1.235160000000000036e+00,9.900321364402770996e-01,5.899451971054077148e-01
1.455185176577690775e+01,2.126681229720097477e+01,1.343818725585937500e+03,1.384177923202514648e+00,1.235170000000000101e+00,8.841357827186584473e-01,5.385991334915161133e-01
1.455503301579671138e+01,2.127835988251733212e+01,1.132421997070312500e+03,1.101073741912841797e+00,1.235180000000000167e+00,9.528768658638000488e-01,5.476781725883483887e-01
1.454920267050857241e+01,2.129388824183007145e+01,1.453389648437500000e+03,1.169914722442626953e+00,1.235190000000000010e+00,1.177029371261596680e+00,7.340649962425231934e-01
1.455762817999294256e+01,2.131367859904102957e+01,1.197063598632812500e+03,1.300246238708496094e+00,1.235200000000000076e+00,8.832965493202209473e-01,5.179234147071838379e-01
1.454866393314286199e+01,2.132773648777256881e+01,1.455799926757812500e+03,1.504033327102661133e+00,1.235210000000000141e+00,8.362993001937866211e-01,5.218144059181213379e-01
1.455111856529877556e+01,2.134219947015041896e+01,1.263316162109375000e+03,1.025298357009887695e+00,1.235220000000000207e+00,9.231984019279479980e-01,5.513402819633483887e-01
1.454390694534493633e+01,2.135946828322631319e+01,1.376800170898437500e+03,1.189597368240356445e+00,1.235230000000000050e+00,1.014675140380859375e+00,6.227517127990722656e-01
1.456045767103923438e+01,2.138548554518038713e+01,1.336661254882812500e+03,1.293761253356933594e+00,1.235240000000000116e+00,1.130489826202392578e+00,6.875255107879638672e-01
1.454885020999459044e+01,2.140318510669493079e+01,1.424704589843750000e+03,1.632658958435058594e+00,1.235250000000000181e+00,9.762991666793823242e-01,6.053566336631774902e-01
1.455200213685676403e+01,2.141536008519316425e+01,1.325918090820312500e+03,1.620405435562133789e+00,1.235260000000000025e+00,9.489858746528625488e-01,5.756781697273254395e-01
1.454970546726004343e+01,2.143315320394098222e+01,1.946159179687500000e+03,1.484132528305053711e+00,1.235270000000000090e+00,7.878524065017700195e-01,5.285283327102661133e-01
1.455599347331149040e+01,2.145379317725642920e+01,1.064476928710937500e+03,1.191551208496093750e+00,1.235280000000000156e+00,7.830458879470825195e-01,4.395692348480224609e-01
1.455139223410277438e+01,2.146331629975280464e+01,1.803713867187500000e+03,9.450311064720153809e-01,1.235289999999999999e+00,7.446699142456054688e-01,4.911441504955291748e-01
1.456004136556282802e+01,2.148562155100969306e+01,9.937693481445312500e+02,9.041232466697692871e-01,1.235300000000000065e+00,7.988387942314147949e-01,4.360597133636474609e-01
1.455423878388228509e+01,2.150403198468955424e+01,8.712576904296875000e+02,9.490019679069519043e-01,1.235310000000000130e+00,8.370622396469116211e-01,4.306428134441375732e-01
1.455514812649741430e+01,2.152060445817672729e+01,1.228623535156250000e+03,8.187527060508728027e-01,1.235320000000000196e+00,7.523756027221679688e-01,4.451387226581573486e-01
1.455783942022937794e+01,2.153813906956571600e+01,1.126912841796875000e+03,8.305663466453552246e-01,1.235330000000000039e+00,8.234818577766418457e-01,4.724520444869995117e-01
1.455432263023951300e+01,2.155681385132039196e+01,1.348459350585937500e+03,8.680242896080017090e-01,1.235340000000000105e+00,8.253892064094543457e-01,5.033512115478515625e-01
1.455598821335271431e+01,2.157322589349787378e+01,1.278872314453125000e+03,8.501989245414733887e-01,1.235350000000000170e+00,8.411058187484741211e-01,5.043430328369140625e-01
1.454949988217039802e+01,2.158880646314480600e+01,1.698116821289062500e+03,1.195016622543334961e+00,1.235360000000000014e+00,9.061847925186157227e-01,5.891059637069702148e-01
1.455667496385382087e+01,2.160846432777668369e+01,1.407701782226562500e+03,1.130634069442749023e+00,1.235370000000000079e+00,9.203755259513854980e-01,5.686590671539306641e-01
1.455110677990581713e+01,2.162543092841286452e+01,1.377091430664062500e+03,1.054366350173950195e+00,1.235380000000000145e+00,9.663809537887573242e-01,5.931495428085327148e-01
1.455556303320489420e+01,2.164283058602288889e+01,1.304497680664062500e+03,1.284946918487548828e+00,1.235390000000000210e+00,8.881793618202209473e-01,5.360051393508911133e-01
1.454593948396839664e+01,2.165925450184528245e+01,1.219175292968750000e+03,1.393278360366821289e+00,1.235400000000000054e+00,9.309804439544677734e-01,5.493566393852233887e-01
1.455455353095119975e+01,2.167552582400871941e+01,1.084955078125000000e+03,1.156382083892822266e+00,1.235410000000000119e+00,9.635580778121948242e-01,5.449315905570983887e-01
1.454304298772166604e+01,2.169251458959872636e+01,1.268324462890625000e+03,1.315259456634521484e+00,1.235420000000000185e+00,9.711111783981323242e-01,5.807135701179504395e-01
1.454794305487205186e+01,2.171604604921586912e+01,1.465769775390625000e+03,1.336040019989013672e+00,1.235430000000000028e+00,9.363210201263427734e-01,5.853675007820129395e-01
1.454115424239229704e+01,2.173485899781140773e+01,1.731153442382812500e+03,1.149686098098754883e+00,1.235440000000000094e+00,1.136364459991455078e+00,7.422285079956054688e-01
1.454967754833926818e+01,2.175332831557322066e+01,1.340301147460937500e+03,1.736317396163940430e+00,1.235450000000000159e+00,9.629477262496948242e-01,5.861304998397827148e-01
1.454122564689330410e+01,2.176231853230310165e+01,1.114084106445312500e+03,1.748163223266601562e+00,1.235460000000000003e+00,8.913837075233459473e-01,5.092259049415588379e-01
1.455353561627699044e+01,2.178050734023807422e+01,1.079593750000000000e+03,1.090837240219116211e+00,1.235470000000000068e+00,8.607897162437438965e-01,4.858798384666442871e-01
1.454693902151431395e+01,2.179562965088091175e+01,9.064890747070312500e+02,1.096070528030395508e+00,1.235480000000000134e+00,7.300214171409606934e-01,3.826537430286407471e-01
1.454588096184565416e+01,2.181588425281436727e+01,9.124540405273437500e+02,9.112042784690856934e-01,1.235490000000000199e+00,8.524736762046813965e-01,4.481904804706573486e-01
1.453559966889193156e+01,2.183290734188148363e+01,1.001404052734375000e+03,8.634895682334899902e-01,1.235500000000000043e+00,6.860759258270263672e-01,3.757109642028808594e-01
1.454565122905478169e+01,2.184913701966487309e+01,1.072924072265625000e+03,8.522374033927917480e-01,1.235510000000000108e+00,6.326699256896972656e-01,3.562559485435485840e-01
1.454371485895207528e+01,2.187195260204072156e+01,1.251588989257812500e+03,8.213490843772888184e-01,1.235520000000000174e+00,7.522993087768554688e-01,4.478853046894073486e-01
1.455079359967397679e+01,2.189336334543130036e+01,1.082809570312500000e+03,8.567077517509460449e-01,1.235530000000000017e+00,7.631331086158752441e-01,4.312531650066375732e-01
1.454866566299304154e+01,2.190729326122201925e+01,9.440926513671875000e+02,9.694392085075378418e-01,1.235540000000000083e+00,7.770186662673950195e-01,4.148499071598052979e-01
1.454286568003790237e+01,2.193117802608813349e+01,1.635882812500000000e+03,9.201795458793640137e-01,1.235550000000000148e+00,7.857161760330200195e-01,5.060214996337890625e-01
1.454427224056742141e+01,2.194426579727680959e+01,1.519859252929687500e+03,9.664840102195739746e-01,1.235559999999999992e+00,7.516889572143554688e-01,4.747408926486968994e-01
1.454711873068334249e+01,2.195886911110441986e+01,9.977454833984375000e+02,1.044624567031860352e+00,1.235570000000000057e+00,9.519613385200500488e-01,5.205174088478088379e-01
1.455284384787398544e+01,2.197982780437696348e+01,1.135878417968750000e+03,1.008966684341430664e+00,1.235580000000000123e+00,8.774218559265136719e-01,5.048770904541015625e-01
1.454000223994856000e+01,2.200228394633698059e+01,1.370574340820312500e+03,1.060517549514770508e+00,1.235590000000000188e+00,8.813891410827636719e-01,5.402013659477233887e-01
1.455446143475209908e+01,2.201908295991735542e+01,1.089843261718750000e+03,1.080766439437866211e+00,1.235600000000000032e+00,1.035961270332336426e+00,5.868934392929077148e-01
1.454760849567423620e+01,2.203259931525057169e+01,1.517030517578125000e+03,1.184638261795043945e+00,1.235610000000000097e+00,1.016887784004211426e+00,6.419015526771545410e-01
1.455075045914705001e+01,2.204729228295925836e+01,1.194243530273437500e+03,1.406569004058837891e+00,1.235620000000000163e+00,8.713946342468261719e-01,5.105229020118713379e-01
1.454564875731498574e+01,2.206251432442870453e+01,1.095768798828125000e+03,1.278887510299682617e+00,1.235630000000000006e+00,9.745444059371948242e-01,5.532476305961608887e-01
1.455936315931259628e+01,2.208103829388648975e+01,1.054155761718750000e+03,1.258490800857543945e+00,1.235640000000000072e+00,1.151165604591369629e+00,6.437326073646545410e-01
1.454958055075014656e+01,2.209985333645463612e+01,1.297854125976562500e+03,1.348775148391723633e+00,1.235650000000000137e+00,8.800158500671386719e-01,5.302067995071411133e-01
1.455073011847972886e+01,2.211639177401965384e+01,1.204913940429687500e+03,1.299461841583251953e+00,1.235660000000000203e+00,9.842337965965270996e-01,5.784247517585754395e-01
1.455303260362291518e+01,2.214210075560942670e+01,1.303464111328125000e+03,1.106708765029907227e+00,1.235670000000000046e+00,1.029781460762023926e+00,6.213021278381347656e-01
1.455790830782171952e+01,2.216032590221842469e+01,1.883228881835937500e+03,1.386856555938720703e+00,1.235680000000000112e+00,8.749804496765136719e-01,5.827735066413879395e-01
1.455170547332410180e+01,2.217569748668468677e+01,1.105356445312500000e+03,1.417529106140136719e+00,1.235690000000000177e+00,7.825881242752075195e-01,4.457490742206573486e-01
1.456118394692654583e+01,2.219516137656489008e+01,1.307150512695312500e+03,1.117076396942138672e+00,1.235700000000000021e+00,8.532366156578063965e-01,5.152531266212463379e-01
1.455412082828880749e+01,2.220788669923812719e+01,1.275392456054687500e+03,9.315628409385681152e-01,1.235710000000000086e+00,1.149029374122619629e+00,6.883647441864013672e-01
1.455289184108242750e+01,2.222457398996844447e+01,1.179039672851562500e+03,1.323728084564208984e+00,1.235720000000000152e+00,1.038860440254211426e+00,6.058906912803649902e-01
1.454852748474833746e+01,2.224285539143331292e+01,1.205312988281250000e+03,1.594668149948120117e+00,1.235729999999999995e+00,1.010860443115234375e+00,5.941413640975952148e-01
1.455175518618712438e+01,2.225740009581231860e+01,1.358714477539062500e+03,1.535098075866699219e+00,1.235740000000000061e+00,1.055111169815063477e+00,6.449533104896545410e-01
1.455396281401774061e+01,2.228535630275743529e+01,1.067237915039062500e+03,1.470788240432739258e+00,1.235750000000000126e+00,1.049312829971313477e+00,5.896400213241577148e-01
1.454873665996673360e+01,2.230241750856083627e+01,1.522018920898437500e+03,1.522969722747802734e+00,1.235760000000000192e+00,1.005825042724609375e+00,6.354928612709045410e-01
1.455073363985634316e+01,2.231307551434197478e+01,1.311374389648437500e+03,1.429029226303100586e+00,1.235770000000000035e+00,1.199307203292846680e+00,7.249859571456909180e-01
1.454790769941203976e+01,2.233692495829190605e+01,1.416041870117187500e+03,1.530127048492431641e+00,1.235780000000000101e+00,1.133617877960205078e+00,7.016399502754211426e-01
1.454863730111175180e+01,2.235309267896769825e+01,1.095906616210937500e+03,1.710519313812255859e+00,1.235790000000000166e+00,1.405606865882873535e+00,7.979995608329772949e-01
1.454418193497217615e+01,2.237037264499930700e+01,1.181859497070312500e+03,1.925403594970703125e+00,1.235800000000000010e+00,1.223187327384948730e+00,7.139996290206909180e-01
1.455303647056088323e+01,2.238551873104966461e+01,1.420326782226562500e+03,2.126692056655883789e+00,1.235810000000000075e+00,1.056865930557250977e+00,6.547189950942993164e-01
1.454473544676812935e+01,2.240062731358418802e+01,1.388965698242187500e+03,1.854316711425781250e+00,1.235820000000000141e+00,1.026729702949523926e+00,6.318306922912597656e-01
1.454525079707601165e+01,2.242264481785466401e+01,1.206070922851562500e+03,1.586566686630249023e+00,1.235830000000000206e+00,1.099666953086853027e+00,6.464791893959045410e-01
1.454666011993000119e+01,2.244105931003268140e+01,1.201765014648437500e+03,1.493513107299804688e+00,1.235840000000000050e+00,1.003841400146484375e+00,5.894111394882202148e-01
1.454200198613116513e+01,2.245089789586369022e+01,1.452832885742187500e+03,1.460344314575195312e+00,1.235850000000000115e+00,8.421739339828491211e-01,5.251713991165161133e-01
1.454486836525565607e+01,2.246722867075128249e+01,1.117542236328125000e+03,1.293526411056518555e+00,1.235860000000000181e+00,7.770949602127075195e-01,4.444520771503448486e-01
1.454715259861536403e+01,2.248624568395870327e+01,1.092074829101562500e+03,1.062725305557250977e+00,1.235870000000000024e+00,9.829367995262145996e-01,5.572912693023681641e-01
1.454000536330009297e+01,2.250435662656807168e+01,1.229719726562500000e+03,1.030393362045288086e+00,1.235880000000000090e+00,1.104854941368103027e+00,6.538797616958618164e-01
1.454075805809958410e+01,2.252427778868052499e+01,1.271530517578125000e+03,1.327369928359985352e+00,1.235890000000000155e+00,1.109127402305603027e+00,6.637979745864868164e-01
1.453971746415364130e+01,2.253985103626883912e+01,1.097376831054687500e+03,1.731179475784301758e+00,1.235899999999999999e+00,9.918631911277770996e-01,5.633947849273681641e-01
1.454153833004352414e+01,2.256032225952881731e+01,1.643117797851562500e+03,1.535892009735107422e+00,1.235910000000000064e+00,1.361814022064208984e+00,8.780322074890136719e-01
1.453855549706965888e+01,2.257190300554615092e+01,1.071413940429687500e+03,1.525326490402221680e+00,1.235920000000000130e+00,1.226925730705261230e+00,6.905009746551513672e-01
1.454903823578217903e+01,2.258969658937468949e+01,1.317553222656250000e+03,2.388834476470947266e+00,1.235930000000000195e+00,1.088756918907165527e+00,6.591440439224243164e-01
1.454384950341525595e+01,2.260800660925144356e+01,1.144115600585937500e+03,1.802110195159912109e+00,1.235940000000000039e+00,1.029552578926086426e+00,5.939887762069702148e-01
1.454580563645320090e+01,2.262575503162291568e+01,1.970860351562500000e+03,1.515805244445800781e+00,1.235950000000000104e+00,9.826316237449645996e-01,6.609750986099243164e-01
1.454646770264892197e+01,2.264482377166914517e+01,1.356086425781250000e+03,1.425202608108520508e+00,1.235960000000000170e+00,9.574545025825500488e-01,5.849097371101379395e-01
1.455371944916672788e+01,2.265514575904615313e+01,1.514278320312500000e+03,1.408309459686279297e+00,1.235970000000000013e+00,9.360158443450927734e-01,5.905555486679077148e-01
1.454496245107986496e+01,2.267537671616884865e+01,1.144505859375000000e+03,1.514431953430175781e+00,1.235980000000000079e+00,9.537923932075500488e-01,5.503484606742858887e-01
1.454754765952847251e+01,2.270032858241286533e+01,1.464522216796875000e+03,1.424610137939453125e+00,1.235990000000000144e+00,9.133564233779907227e-01,5.708716511726379395e-01
1.454641649941122417e+01,2.271479882904817060e+01,1.291661132812500000e+03,1.474923610687255859e+00,1.236000000000000210e+00,8.283646702766418457e-01,4.983158111572265625e-01
1.454935328133255723e+01,2.273074592153636075e+01,1.012597900390625000e+03,1.157844781875610352e+00,1.236010000000000053e+00,1.038478970527648926e+00,5.713294148445129395e-01
1.454738774232161802e+01,2.274696895343264558e+01,1.242397583007812500e+03,1.079908132553100586e+00,1.236020000000000119e+00,1.274838566780090332e+00,7.571058273315429688e-01
1.454457118726639742e+01,2.276647182706538786e+01,1.372394165039062500e+03,1.479281902313232422e+00,1.236030000000000184e+00,1.034206509590148926e+00,6.341195702552795410e-01
1.455271114740236627e+01,2.279013388133330054e+01,1.212578002929687500e+03,1.773296117782592773e+00,1.236040000000000028e+00,8.919177651405334473e-01,5.253239870071411133e-01
1.455134503371731824e+01,2.280150527087548085e+01,1.245075805664062500e+03,1.355568885803222656e+00,1.236050000000000093e+00,1.210369944572448730e+00,7.193402051925659180e-01
1.455483889229936523e+01,2.282211447306462304e+01,1.277041259765625000e+03,1.326870441436767578e+00,1.236060000000000159e+00,1.105770468711853027e+00,6.627298593521118164e-01
1.454980110650721414e+01,2.283536220709280684e+01,1.351240844726562500e+03,1.714576005935668945e+00,1.236070000000000002e+00,9.923973083496093750e-01,6.055855154991149902e-01
1.455291468214808859e+01,2.285102230939087065e+01,1.411178710937500000e+03,1.760549068450927734e+00,1.236080000000000068e+00,9.042774438858032227e-01,5.591223239898681641e-01
1.454409187782538559e+01,2.287298965394848338e+01,1.305543334960937500e+03,1.546680450439453125e+00,1.236090000000000133e+00,8.629259467124938965e-01,5.208988785743713379e-01
1.455235011746551166e+01,2.289538692049390534e+01,1.059610961914062500e+03,1.375784397125244141e+00,1.236100000000000199e+00,8.176834583282470703e-01,4.581850469112396240e-01
1.455535623095149234e+01,2.291294140613345931e+01,1.215440429687500000e+03,1.101569652557373047e+00,1.236110000000000042e+00,9.020649194717407227e-01,5.317326784133911133e-01
1.455447319841006859e+01,2.292846561935805383e+01,1.528811645507812500e+03,1.051084518432617188e+00,1.236120000000000108e+00,1.031612515449523926e+00,6.525827646255493164e-01
1.455136083942290881e+01,2.294470753598703183e+01,1.477864624023437500e+03,1.131227731704711914e+00,1.236130000000000173e+00,1.124310016632080078e+00,7.045391201972961426e-01
1.455429515453605838e+01,2.295998337144928669e+01,1.180641845703125000e+03,1.681696891784667969e+00,1.236140000000000017e+00,1.004756927490234375e+00,5.862830877304077148e-01
1.455328721809045334e+01,2.297926015965331814e+01,1.490950561523437500e+03,1.673293828964233398e+00,1.236150000000000082e+00,1.169247269630432129e+00,7.345227599143981934e-01
1.455246554661410663e+01,2.299278851416922009e+01,1.411950439453125000e+03,1.535845518112182617e+00,1.236160000000000148e+00,1.415753960609436035e+00,8.755145072937011719e-01
1.455348547521434455e+01,2.301652199788631137e+01,1.175721679687500000e+03,1.979957342147827148e+00,1.236169999999999991e+00,1.034664273262023926e+00,6.028389334678649902e-01
1.455375335306757556e+01,2.303623141555124931e+01,1.293523559570312500e+03,2.140517950057983398e+00,1.236180000000000057e+00,9.916343092918395996e-01,5.968116521835327148e-01
1.455512600369555187e+01,2.305201084528242461e+01,1.087139526367187500e+03,1.445140361785888672e+00,1.236190000000000122e+00,1.201138257980346680e+00,6.798198223114013672e-01
1.455768154355922483e+01,2.307121642022836028e+01,1.101860473632812500e+03,1.519478082656860352e+00,1.236200000000000188e+00,9.415090084075927734e-01,5.356236696243286133e-01
1.455564389340207576e+01,2.308269154084229768e+01,9.157166137695312500e+02,1.763531684875488281e+00,1.236210000000000031e+00,9.524953961372375488e-01,5.015964508056640625e-01
1.455185982903639363e+01,2.309957042127778593e+01,1.361459106445312500e+03,1.213707447052001953e+00,1.236220000000000097e+00,1.050838708877563477e+00,6.427407860755920410e-01
1.455109953378110887e+01,2.312042581086146953e+01,1.268578735351562500e+03,1.365152120590209961e+00,1.236230000000000162e+00,1.207318186759948730e+00,7.220104932785034180e-01
1.455198533262212912e+01,2.313336470762662955e+01,1.353380859375000000e+03,1.595330953598022461e+00,1.236240000000000006e+00,8.264573216438293457e-01,5.045719146728515625e-01
1.455352468627566331e+01,2.315557437261566776e+01,1.597112060546875000e+03,1.739667177200317383e+00,1.236250000000000071e+00,8.666643500328063965e-01,5.546972751617431641e-01
1.454638810619692180e+01,2.317811790193827548e+01,1.314163574218750000e+03,1.186353683471679688e+00,1.236260000000000137e+00,9.968223571777343750e-01,6.029915213584899902e-01
1.454865235710799887e+01,2.319253165477445222e+01,1.421863525390625000e+03,1.070501327514648438e+00,1.236270000000000202e+00,1.309781312942504883e+00,8.116562366485595703e-01
1.454693553827086738e+01,2.320686615253156404e+01,1.117864624023437500e+03,1.366123676300048828e+00,1.236280000000000046e+00,1.282391667366027832e+00,7.335309386253356934e-01
1.454687930565990506e+01,2.323196215130186104e+01,1.270260742187500000e+03,2.187904834747314453e+00,1.236290000000000111e+00,1.133083820343017578e+00,6.779124140739440918e-01
1.454519329875285116e+01,2.324534311867648029e+01,1.289777709960937500e+03,2.132832527160644531e+00,1.236300000000000177e+00,1.155361771583557129e+00,6.946971416473388672e-01
1.454788255573671663e+01,2.325388770016546758e+01,1.505354614257812500e+03,1.616837501525878906e+00,1.236310000000000020e+00,1.143459916114807129e+00,7.202557325363159180e-01
1.454182430063277032e+01,2.327880168030669239e+01,2.438027099609375000e+03,1.704120159149169922e+00,1.236320000000000086e+00,9.168660044670104980e-01,6.423593163490295410e-01
1.454610611314442892e+01,2.329412070886345276e+01,1.366669677734375000e+03,1.657003879547119141e+00,1.236330000000000151e+00,9.157978892326354980e-01,5.608007907867431641e-01
1.454445242827437212e+01,2.331419802771779004e+01,1.311896362304687500e+03,1.484621286392211914e+00,1.236339999999999995e+00,9.193837046623229980e-01,5.558416843414306641e-01
1.454164786296313494e+01,2.333811549941830066e+01,1.683195434570312500e+03,1.300646781921386719e+00,1.236350000000000060e+00,8.855853676795959473e-01,5.744574666023254395e-01
1.453378760454362251e+01,2.334763860202748376e+01,8.945344238281250000e+02,1.361535310745239258e+00,1.236360000000000126e+00,9.098469018936157227e-01,4.739779531955718994e-01
1.454275349301798670e+01,2.335989036340867031e+01,1.224771606445312500e+03,1.189728498458862305e+00,1.236370000000000191e+00,9.743155241012573242e-01,5.758307576179504395e-01
1.454205345104130842e+01,2.338605813708946712e+01,1.091062866210937500e+03,1.186371564865112305e+00,1.236380000000000035e+00,9.544790387153625488e-01,5.409643054008483887e-01
1.453444056814402963e+01,2.339824269616157792e+01,1.353612915039062500e+03,1.205793142318725586e+00,1.236390000000000100e+00,1.111568927764892578e+00,6.786753535270690918e-01
1.454700196863469053e+01,2.340991879051411573e+01,1.355331298828125000e+03,1.244616031646728516e+00,1.236400000000000166e+00,1.095394492149353027e+00,6.690623164176940918e-01
1.454275456989732440e+01,2.344202047445885029e+01,1.709246948242187500e+03,1.708784818649291992e+00,1.236410000000000009e+00,1.093258261680603027e+00,7.118633985519409180e-01
1.453777447922347754e+01,2.346014714903155607e+01,1.319979736328125000e+03,1.587764739990234375e+00,1.236420000000000075e+00,1.077541589736938477e+00,6.527353525161743164e-01
1.453844673846417912e+01,2.347419408267014873e+01,1.382757934570312500e+03,1.642764329910278320e+00,1.236430000000000140e+00,1.001552581787109375e+00,6.155037283897399902e-01
1.454064467458597321e+01,2.349053981436540539e+01,1.445621948242187500e+03,1.522014856338500977e+00,1.236440000000000206e+00,8.707079887390136719e-01,5.421850085258483887e-01
1.454508357078142922e+01,2.350794083778029986e+01,9.763793334960937500e+02,1.283368587493896484e+00,1.236450000000000049e+00,1.021999478340148926e+00,5.537053942680358887e-01
1.454395724056629291e+01,2.353016008953903793e+01,1.315823730468750000e+03,1.230892658233642578e+00,1.236460000000000115e+00,8.787951469421386719e-01,5.318089723587036133e-01
1.454224030678005875e+01,2.354249653216642102e+01,1.165202636718750000e+03,1.162648916244506836e+00,1.236470000000000180e+00,1.056255578994750977e+00,6.134437918663024902e-01
1.454027784480945940e+01,2.355886302859524406e+01,1.179964721679687500e+03,1.241861104965209961e+00,1.236480000000000024e+00,8.625444769859313965e-01,5.031986236572265625e-01
1.454157919571573743e+01,2.357740806883267481e+01,8.784192504882812500e+02,1.323344230651855469e+00,1.236490000000000089e+00,8.039504885673522949e-01,4.152313768863677979e-01
1.454876719568862065e+01,2.359380015036101597e+01,1.183438354492187500e+03,1.072339534759521484e+00,1.236500000000000155e+00,8.771929740905761719e-01,5.122776627540588379e-01
1.455087342319285071e+01,2.361071778797218812e+01,1.182373413085937500e+03,8.771116137504577637e-01,1.236509999999999998e+00,9.660757780075073242e-01,5.640051364898681641e-01
1.454609467109260024e+01,2.362352800086740956e+01,1.112947021484375000e+03,1.070953130722045898e+00,1.236520000000000064e+00,1.069149255752563477e+00,6.105446219444274902e-01
1.454193702459300575e+01,2.364519408626393115e+01,1.257433471679687500e+03,1.410302639007568359e+00,1.236530000000000129e+00,9.479177594184875488e-01,5.652258396148681641e-01
1.454562636770232409e+01,2.367250192260171815e+01,1.290707275390625000e+03,1.438589811325073242e+00,1.236540000000000195e+00,8.908496499061584473e-01,5.357762575149536133e-01
1.454722781869994108e+01,2.368140273348264913e+01,9.592200317382812500e+02,1.250339269638061523e+00,1.236550000000000038e+00,8.496507406234741211e-01,4.568117260932922363e-01
1.454235884789581590e+01,2.369438571031497176e+01,1.125111694335937500e+03,1.069100618362426758e+00,1.236560000000000104e+00,9.671438932418823242e-01,5.545446276664733887e-01
1.454823805357371747e+01,2.371823335951788536e+01,1.525431884765625000e+03,1.126833677291870117e+00,1.236570000000000169e+00,8.482011556625366211e-01,5.362340211868286133e-01
1.455150864378562758e+01,2.373895760621346085e+01,1.071276855468750000e+03,1.194703102111816406e+00,1.236580000000000013e+00,8.846698403358459473e-01,4.978580474853515625e-01
1.454628775887398007e+01,2.375669612407587294e+01,1.205967285156250000e+03,1.161425828933715820e+00,1.236590000000000078e+00,1.022609829902648926e+00,6.011604070663452148e-01
1.455516420398688382e+01,2.377456865895746319e+01,1.138369873046875000e+03,1.148737192153930664e+00,1.236600000000000144e+00,1.249127388000488281e+00,7.193402051925659180e-01
1.455131811640215034e+01,2.378822547032214274e+01,1.291932373046875000e+03,1.498382806777954102e+00,1.236610000000000209e+00,1.006740570068359375e+00,6.056618094444274902e-01
1.455239753436004158e+01,2.379779524921477929e+01,1.204433471679687500e+03,1.808028936386108398e+00,1.236620000000000053e+00,9.494436383247375488e-01,5.579016208648681641e-01
1.454909876286076731e+01,2.380533524722529748e+01,1.474634643554687500e+03,1.484227895736694336e+00,1.236630000000000118e+00,4.986972808837890625e-01,3.123104572296142578e-01
1.455442897080597220e+01,2.382093157063238564e+01,-3.004601806640625000e+03,1.143991470336914062e+00,1.236640000000000184e+00,8.716616779565811157e-02,8.335145562887191772e-02
1.454433046197555868e+01,2.382644418074899662e+01,7.510119628906250000e+03,5.733246207237243652e-01,1.236650000000000027e+00,9.159123152494430542e-02,7.205990701913833618e-02
1.455044431525733728e+01,2.382255203712021441e+01,-6.185862304687500000e+03,3.410512506961822510e-01,1.236660000000000093e+00,7.289914041757583618e-02,6.488824635744094849e-02
