# x_coordinates, y_coordinates, TEP, TED, times, high, low
1.633277067719059517e+01,1.806505709831155926e+01,1.265665649414062500e+03,4.963815584778785706e-02,1.255330000000000057e+00,8.051712512969970703e-01,4.811496138572692871e-01
1.632797784172032252e+01,1.805202902270131560e+01,9.318002319335937500e+02,1.210158586502075195e+00,1.255340000000000122e+00,7.515363693237304688e-01,3.989044129848480225e-01
1.633923929318740775e+01,1.805143466583172085e+01,1.318093750000000000e+03,9.863836169242858887e-01,1.255350000000000188e+00,8.590349555015563965e-01,5.201359391212463379e-01
1.633710291882795929e+01,1.804366681178684217e+01,1.662448120117187500e+03,9.209567904472351074e-01,1.255360000000000031e+00,7.749587297439575195e-01,5.011386871337890625e-01
1.633872502101153756e+01,1.803668438453505019e+01,1.175052124023437500e+03,1.115563631057739258e+00,1.255370000000000097e+00,9.071766138076782227e-01,5.284520387649536133e-01
1.633288158886433195e+01,1.803885415640741030e+01,1.318664794921875000e+03,1.064772129058837891e+00,1.255380000000000162e+00,7.120159864425659180e-01,4.311768710613250732e-01
1.633545154130366583e+01,1.803531831122378648e+01,1.323791625976562500e+03,1.025704860687255859e+00,1.255390000000000006e+00,7.439832687377929688e-01,4.510896801948547363e-01
1.633913693390018551e+01,1.803319321557974320e+01,9.920885009765625000e+02,9.043461680412292480e-01,1.255400000000000071e+00,7.570295333862304688e-01,4.129425585269927979e-01
1.634478962626252141e+01,1.804056146057711629e+01,1.049078491210937500e+03,8.099419474601745605e-01,1.255410000000000137e+00,1.051677942276000977e+00,5.869697332382202148e-01
1.633788941518034932e+01,1.803813981498851149e+01,1.057830322265625000e+03,1.259473085403442383e+00,1.255420000000000202e+00,8.386644124984741211e-01,4.696291685104370117e-01
1.633555221057969575e+01,1.804088952243824551e+01,1.322513916015625000e+03,1.426193237304687500e+00,1.255430000000000046e+00,1.348767638206481934e+00,8.175308704376220703e-01
1.633621553663757808e+01,1.805590576992180019e+01,2.073473144531250000e+03,1.333890676498413086e+00,1.255440000000000111e+00,9.813346266746520996e-01,6.670786738395690918e-01
1.634482435044062498e+01,1.806012502892520644e+01,1.332578491210937500e+03,1.951993227005004883e+00,1.255450000000000177e+00,9.075580835342407227e-01,5.514165759086608887e-01
1.632704224291117256e+01,1.807275342036740540e+01,1.099386840820312500e+03,1.541411399841308594e+00,1.255460000000000020e+00,8.439286947250366211e-01,4.796999990940093994e-01
1.633818421998620352e+01,1.807498093287926721e+01,1.064407836914062500e+03,1.264677762985229492e+00,1.255470000000000086e+00,9.548605084419250488e-01,5.360051393508911133e-01
1.633817479321044530e+01,1.808848108463093141e+01,1.225474243164062500e+03,1.130188226699829102e+00,1.255480000000000151e+00,7.738143205642700195e-01,4.574221074581146240e-01
1.633294748785161588e+01,1.810209068191513637e+01,1.257631958007812500e+03,1.248150587081909180e+00,1.255489999999999995e+00,7.242230176925659180e-01,4.318635165691375732e-01
1.633342158465346827e+01,1.811162794330334336e+01,1.277407104492187500e+03,9.001368880271911621e-01,1.255500000000000060e+00,7.804518938064575195e-01,4.677981138229370117e-01
1.634119493377094301e+01,1.812357047749554795e+01,1.011741271972656250e+03,1.082198143005371094e+00,1.255510000000000126e+00,8.737597465515136719e-01,4.805392622947692871e-01
1.633698668038375246e+01,1.813392652469330102e+01,1.064067138671875000e+03,1.055082798004150391e+00,1.255520000000000191e+00,8.065445423126220703e-01,4.526918530464172363e-01
1.633123319330969636e+01,1.814577810076650621e+01,1.178972290039062500e+03,1.068782329559326172e+00,1.255530000000000035e+00,9.354054927825927734e-01,5.455419421195983887e-01
1.634020850338299269e+01,1.815559587027814104e+01,1.142258789062500000e+03,1.124335050582885742e+00,1.255540000000000100e+00,8.469041585922241211e-01,4.883212745189666748e-01
1.634646272519239218e+01,1.816834024422014338e+01,1.254453369140625000e+03,1.172229766845703125e+00,1.255550000000000166e+00,7.320050597190856934e-01,4.361360073089599609e-01
1.633778281419943923e+01,1.818036119171030762e+01,9.000963134765625000e+02,1.282377958297729492e+00,1.255560000000000009e+00,7.569532394409179688e-01,3.954711854457855225e-01
1.633693190640991943e+01,1.819115549332946813e+01,1.015064880371093750e+03,1.088737964630126953e+00,1.255570000000000075e+00,8.962665200233459473e-01,4.935855567455291748e-01
1.634164271762780984e+01,1.820581827700848976e+01,1.127406860351562500e+03,8.557981848716735840e-01,1.255580000000000140e+00,7.320050597190856934e-01,4.200379252433776855e-01
1.634001129841215061e+01,1.821098574642386936e+01,1.040863525390625000e+03,1.153250455856323242e+00,1.255590000000000206e+00,8.205063939094543457e-01,4.565065503120422363e-01
1.634079546007244588e+01,1.822057840096812598e+01,1.174981689453125000e+03,9.520120024681091309e-01,1.255600000000000049e+00,8.934436440467834473e-01,5.204411149024963379e-01
1.634048125963045806e+01,1.822924007815853642e+01,1.636744140625000000e+03,1.091678857803344727e+00,1.255610000000000115e+00,7.661848664283752441e-01,4.935092628002166748e-01
1.634621007610346055e+01,1.824037956058779741e+01,1.632326782226562500e+03,1.019733667373657227e+00,1.255620000000000180e+00,9.592092633247375488e-01,6.174111366271972656e-01
1.634239842502942253e+01,1.825037567286732809e+01,1.311894897460937500e+03,1.206109046936035156e+00,1.255630000000000024e+00,9.427297115325927734e-01,5.699560642242431641e-01
1.634363150381912178e+01,1.826435300169148945e+01,2.179625732421875000e+03,1.401559829711914062e+00,1.255640000000000089e+00,1.204342722892761230e+00,8.267624974250793457e-01
1.634515900048240766e+01,1.827491237442276173e+01,1.976711425781250000e+03,1.693084955215454102e+00,1.255650000000000155e+00,1.219143748283386230e+00,8.205826878547668457e-01
1.634990885134712002e+01,1.827587493407676078e+01,1.416657104492187500e+03,2.219987630844116211e+00,1.255659999999999998e+00,1.112026691436767578e+00,6.883647441864013672e-01
1.633982512233108864e+01,1.829142941765148223e+01,1.082674438476562500e+03,2.167167186737060547e+00,1.255670000000000064e+00,9.521902203559875488e-01,5.380650758743286133e-01
1.634650617606449785e+01,1.829759079055883930e+01,1.162240722656250000e+03,1.804087877273559570e+00,1.255680000000000129e+00,8.849750161170959473e-01,5.134983658790588379e-01
1.633459382824111472e+01,1.830461718430987972e+01,1.417778198242187500e+03,1.384746551513671875e+00,1.255690000000000195e+00,7.883101701736450195e-01,4.880923628807067871e-01
1.634894327133492098e+01,1.831307870091915646e+01,1.371424560546875000e+03,1.212099313735961914e+00,1.255700000000000038e+00,8.231003880500793457e-01,5.045719146728515625e-01
1.634955226773244874e+01,1.832009118530534053e+01,1.223475952148437500e+03,1.346948862075805664e+00,1.255710000000000104e+00,7.245281934738159180e-01,4.280488193035125732e-01
1.634508037964882377e+01,1.833770770410947293e+01,1.087682495117187500e+03,1.020819664001464844e+00,1.255720000000000169e+00,8.378251791000366211e-01,4.742831289768218994e-01
1.634316771890273401e+01,1.834611481369093156e+01,1.248874511718750000e+03,1.009995460510253906e+00,1.255730000000000013e+00,9.526479840278625488e-01,5.667517185211181641e-01
1.635126751686968660e+01,1.835542319039581471e+01,1.339430053710937500e+03,1.123816490173339844e+00,1.255740000000000078e+00,1.039241909980773926e+00,6.324410438537597656e-01
1.634776964513649133e+01,1.837276903969905462e+01,1.313989013671875000e+03,1.590924978256225586e+00,1.255750000000000144e+00,9.021412134170532227e-01,5.456945300102233887e-01
1.634398332922654262e+01,1.838529078524190652e+01,1.129232543945312500e+03,1.444466829299926758e+00,1.255760000000000209e+00,7.234600782394409180e-01,4.153839647769927979e-01
1.634840606501760263e+01,1.839228619950773691e+01,1.326176147460937500e+03,1.239840507507324219e+00,1.255770000000000053e+00,8.978686928749084473e-01,5.447027087211608887e-01
1.635391329192474075e+01,1.840045007964908308e+01,1.416855712890625000e+03,1.108866453170776367e+00,1.255780000000000118e+00,9.486806988716125488e-01,5.872749090194702148e-01
1.634543429534777559e+01,1.841488642218417837e+01,9.749520263671875000e+02,1.410099983215332031e+00,1.255790000000000184e+00,8.729968070983886719e-01,4.726809561252593994e-01
1.634462214231334087e+01,1.842158418726097580e+01,1.350744140625000000e+03,1.360686540603637695e+00,1.255800000000000027e+00,8.669695258140563965e-01,5.289860963821411133e-01
1.635030674809364015e+01,1.844277628277528791e+01,1.123908569335937500e+03,1.429252147674560547e+00,1.255810000000000093e+00,7.605391144752502441e-01,4.359071254730224609e-01
1.634247183785643642e+01,1.844940233545503361e+01,1.459087280273437500e+03,1.268790483474731445e+00,1.255820000000000158e+00,8.581194281578063965e-01,5.357762575149536133e-01
1.634480282116563643e+01,1.846138249620337746e+01,1.248766845703125000e+03,1.013668298721313477e+00,1.255830000000000002e+00,7.996780276298522949e-01,4.757327139377593994e-01
1.634310420442396250e+01,1.847807783881259525e+01,1.348108642578125000e+03,1.187006950378417969e+00,1.255840000000000067e+00,8.170731067657470703e-01,4.982395172119140625e-01
1.634629798468411721e+01,1.848473040751620644e+01,1.176799316406250000e+03,1.207437038421630859e+00,1.255850000000000133e+00,9.830130934715270996e-01,5.729315876960754395e-01
1.633882094341150548e+01,1.849210971434435180e+01,1.148549438476562500e+03,1.167950153350830078e+00,1.255860000000000198e+00,8.313401341438293457e-01,4.803103506565093994e-01
1.634190926730661886e+01,1.850491144171060398e+01,1.339920654296875000e+03,1.171056747436523438e+00,1.255870000000000042e+00,7.780104875564575195e-01,4.735201895236968994e-01
1.634081076787043685e+01,1.851708901774544813e+01,1.046580322265625000e+03,1.126236438751220703e+00,1.255880000000000107e+00,8.560594916343688965e-01,4.773348867893218994e-01
1.633937452843311533e+01,1.852320205906793760e+01,8.727303466796875000e+02,1.040472507476806641e+00,1.255890000000000173e+00,7.418469786643981934e-01,3.819670975208282471e-01
1.633850517139172709e+01,1.853376360378267407e+01,1.126486816406250000e+03,8.755130171775817871e-01,1.255900000000000016e+00,8.829150795936584473e-01,5.064792633056640625e-01
1.634628311079891816e+01,1.854731782618437919e+01,1.318402587890625000e+03,8.423656821250915527e-01,1.255910000000000082e+00,8.051712512969970703e-01,4.875583052635192871e-01
1.633793710354041906e+01,1.855554713735061156e+01,1.408113525390625000e+03,1.103680849075317383e+00,1.255920000000000147e+00,1.065868616104125977e+00,6.586099863052368164e-01
1.633415907878345763e+01,1.857036792386845292e+01,1.181288452148437500e+03,1.257094860076904297e+00,1.255930000000000213e+00,8.961902260780334473e-01,5.230351090431213379e-01
1.633501368002892207e+01,1.857970396480784814e+01,1.408235839843750000e+03,1.557752609252929688e+00,1.255940000000000056e+00,8.350785374641418457e-01,5.160160660743713379e-01
1.633790143449243004e+01,1.859078439975637664e+01,1.358083740234375000e+03,1.266840219497680664e+00,1.255950000000000122e+00,1.042904019355773926e+00,6.374002099037170410e-01
1.632530779122978615e+01,1.860147585524387281e+01,1.471983154296875000e+03,1.365396499633789062e+00,1.255960000000000187e+00,1.027950406074523926e+00,6.434274315834045410e-01
1.634135000846788444e+01,1.861504860848588550e+01,1.392455566406250000e+03,1.696534872055053711e+00,1.255970000000000031e+00,8.444627523422241211e-01,5.200596451759338379e-01
1.633026380668518840e+01,1.862229069521219671e+01,1.118745483398437500e+03,1.637527465820312500e+00,1.255980000000000096e+00,8.882556557655334473e-01,5.082340836524963379e-01
1.633782026617384631e+01,1.862933290122213492e+01,1.092022460937500000e+03,1.253827333450317383e+00,1.255990000000000162e+00,7.979232668876647949e-01,4.523866772651672363e-01
1.633414806161342625e+01,1.864152187211997358e+01,1.160672485351562500e+03,1.141459465026855469e+00,1.256000000000000005e+00,8.580431342124938965e-01,4.976291656494140625e-01
1.633526466644116582e+01,1.865002742420493220e+01,1.204914794921875000e+03,1.021521806716918945e+00,1.256010000000000071e+00,6.879832744598388672e-01,4.043213129043579102e-01
1.632997127790104130e+01,1.866345339951307025e+01,1.112941284179687500e+03,1.321051836013793945e+00,1.256020000000000136e+00,7.738906145095825195e-01,4.419343769550323486e-01
1.632990210418610388e+01,1.867131029726962055e+01,1.477396850585937500e+03,9.377593398094177246e-01,1.256030000000000202e+00,9.355580806732177734e-01,5.862067937850952148e-01
1.633380710559854165e+01,1.868866733693389293e+01,1.115346923828125000e+03,1.258079528808593750e+00,1.256040000000000045e+00,7.843428850173950195e-01,4.482667744159698486e-01
1.633290044825934118e+01,1.869436865297765848e+01,1.181659667968750000e+03,1.221974611282348633e+00,1.256050000000000111e+00,9.296833872795104980e-01,5.426427721977233887e-01
1.634125586104645222e+01,1.871181345330224843e+01,1.331572631835937500e+03,1.032124280929565430e+00,1.256060000000000176e+00,1.009258270263671875e+00,6.130623221397399902e-01
1.634106621869912601e+01,1.872947680367446210e+01,1.347397949218750000e+03,1.509950876235961914e+00,1.256070000000000020e+00,1.244549751281738281e+00,7.587843537330627441e-01
1.634614009333761686e+01,1.873691765399022202e+01,1.534750732421875000e+03,1.664086103439331055e+00,1.256080000000000085e+00,1.198467969894409180e+00,7.589369416236877441e-01
1.634151339698178873e+01,1.875087474619003913e+01,1.828319702148437500e+03,2.128848552703857422e+00,1.256090000000000151e+00,1.234631538391113281e+00,8.168442249298095703e-01
1.635019604600375587e+01,1.876205381094843361e+01,1.598214233398437500e+03,1.994064569473266602e+00,1.256099999999999994e+00,1.068996667861938477e+00,6.843211650848388672e-01
1.634501034608475933e+01,1.877673602070411718e+01,1.401917724609375000e+03,2.070153474807739258e+00,1.256110000000000060e+00,1.039699673652648926e+00,6.415963768959045410e-01
1.634920502918911112e+01,1.878607840646625249e+01,1.418134643554687500e+03,1.602463245391845703e+00,1.256120000000000125e+00,9.016071557998657227e-01,5.582830905914306641e-01
1.634536962207678457e+01,1.879504326385199420e+01,1.516315185546875000e+03,1.658052921295166016e+00,1.256130000000000191e+00,1.047481775283813477e+00,6.611276865005493164e-01
1.634964291328271457e+01,1.880550958596930045e+01,1.462409057617187500e+03,1.373841285705566406e+00,1.256140000000000034e+00,1.048549890518188477e+00,6.551004648208618164e-01
1.634979209204649564e+01,1.881275745135313571e+01,1.205808349609375000e+03,1.617689847946166992e+00,1.256150000000000100e+00,9.525716900825500488e-01,5.599615573883056641e-01
1.634960628974069863e+01,1.882816771624892382e+01,1.336151489257812500e+03,1.695396423339843750e+00,1.256160000000000165e+00,9.445607662200927734e-01,5.743811726570129395e-01
1.634465054195308298e+01,1.884149977445833457e+01,1.362627929687500000e+03,1.477900266647338867e+00,1.256170000000000009e+00,9.046589136123657227e-01,5.534765124320983887e-01
1.635057389672435590e+01,1.885064412739690809e+01,1.710265258789062500e+03,1.397896528244018555e+00,1.256180000000000074e+00,1.228527903556823730e+00,8.000594973564147949e-01
1.634499857725545269e+01,1.886437902692149393e+01,1.253881103515625000e+03,1.559125900268554688e+00,1.256190000000000140e+00,9.909476637840270996e-01,5.903266668319702148e-01
1.635325674003965801e+01,1.887324085519206918e+01,1.232036743164062500e+03,1.954714775085449219e+00,1.256200000000000205e+00,9.393727779388427734e-01,5.562994480133056641e-01
1.634848894993495350e+01,1.888216523736191377e+01,1.410439453125000000e+03,1.585403203964233398e+00,1.256210000000000049e+00,7.523756027221679688e-01,4.651278257369995117e-01
1.634892574228364381e+01,1.889816709209024026e+01,1.645223632812500000e+03,1.533100128173828125e+00,1.256220000000000114e+00,6.614328622817993164e-01,4.265992343425750732e-01
1.634821381114939598e+01,1.890470170188626398e+01,1.340692382812500000e+03,9.763485789299011230e-01,1.256230000000000180e+00,7.263592481613159180e-01,4.421632587909698486e-01
1.635590891176963524e+01,1.891332569917382855e+01,9.684577026367187500e+02,8.350140452384948730e-01,1.256240000000000023e+00,7.521467208862304688e-01,4.060760736465454102e-01
1.634459501860211716e+01,1.892330657285848972e+01,1.150472412109375000e+03,7.796687483787536621e-01,1.256250000000000089e+00,8.021957278251647949e-01,4.637545049190521240e-01
1.634277102179806107e+01,1.893268549965115710e+01,1.309378540039062500e+03,9.171814322471618652e-01,1.256260000000000154e+00,7.539014816284179688e-01,4.555147290229797363e-01
1.634850965026476999e+01,1.895445097430835091e+01,1.233881225585937500e+03,8.553797602653503418e-01,1.256269999999999998e+00,1.036113858222961426e+00,6.139015555381774902e-01
1.634800727205267634e+01,1.896525565915007405e+01,1.194655639648437500e+03,1.021472930908203125e+00,1.256280000000000063e+00,7.184246778488159180e-01,4.209534525871276855e-01
1.634548656240530207e+01,1.897070672979114292e+01,1.659370849609375000e+03,1.195930957794189453e+00,1.256290000000000129e+00,7.546644210815429688e-01,4.877871870994567871e-01
1.634745504051898379e+01,1.898911271830190373e+01,9.576956787109375000e+02,8.739251494407653809e-01,1.256300000000000194e+00,8.049423694610595703e-01,4.324738681316375732e-01
1.635216252945044957e+01,1.899763616255863496e+01,9.911121826171875000e+02,9.922212958335876465e-01,1.256310000000000038e+00,7.658796906471252441e-01,4.175964891910552979e-01
1.634625868014984107e+01,1.900384113421391064e+01,1.066727050781250000e+03,9.533459544181823730e-01,1.256320000000000103e+00,8.289750218391418457e-01,4.657381772994995117e-01
1.634204172067371630e+01,1.901760319148958089e+01,1.019900573730468750e+03,1.070875644683837891e+00,1.256330000000000169e+00,6.102394461631774902e-01,3.367246091365814209e-01
1.634042678056265174e+01,1.902406111705072078e+01,9.132635498046875000e+02,8.868986964225769043e-01,1.256340000000000012e+00,7.073619961738586426e-01,3.720488548278808594e-01
1.634367054579441003e+01,1.904720393136085477e+01,1.102177978515625000e+03,5.333883166313171387e-01,1.256350000000000078e+00,8.106644153594970703e-01,4.612368047237396240e-01
1.633618057380124000e+01,1.905620079284493329e+01,1.206274658203125000e+03,9.209675192832946777e-01,1.256360000000000143e+00,7.920486330986022949e-01,4.656618833541870117e-01
1.634774629134214052e+01,1.906046066513468773e+01,1.167745605468750000e+03,1.084999561309814453e+00,1.256370000000000209e+00,7.892257571220397949e-01,4.587191045284271240e-01
1.634292286297577590e+01,1.907435554227321006e+01,1.105718505859375000e+03,1.014706611633300781e+00,1.256380000000000052e+00,8.628496527671813965e-01,4.915256202220916748e-01
1.634168641219798346e+01,1.909043304326820589e+01,1.215084350585937500e+03,9.883589148521423340e-01,1.256390000000000118e+00,8.365281820297241211e-01,4.930514991283416748e-01
1.633912215347905672e+01,1.909995256739989244e+01,1.352263549804687500e+03,1.192008972167968750e+00,1.256400000000000183e+00,7.726698517799377441e-01,4.716128110885620117e-01
1.635143355750152239e+01,1.911317513602643814e+01,1.204626098632812500e+03,1.107202291488647461e+00,1.256410000000000027e+00,9.260212779045104980e-01,5.441686511039733887e-01
1.633769754993912926e+01,1.912085190752692654e+01,1.317100952148437500e+03,1.135060310363769531e+00,1.256420000000000092e+00,8.109695911407470703e-01,4.909152686595916748e-01
1.633998388430051207e+01,1.912683754788676183e+01,1.599856079101562500e+03,1.207520484924316406e+00,1.256430000000000158e+00,7.844191789627075195e-01,5.022830963134765625e-01
1.634277760498360266e+01,1.914513759907214308e+01,1.133228637695312500e+03,1.190132617950439453e+00,1.256440000000000001e+00,8.552202582359313965e-01,4.916782081127166748e-01
1.634712282323664923e+01,1.915202506569244889e+01,1.399627197265625000e+03,1.212212562561035156e+00,1.256450000000000067e+00,8.585008978843688965e-01,5.295201539993286133e-01
1.633962956835660663e+01,1.916420013020876212e+01,1.373511962890625000e+03,1.182308912277221680e+00,1.256460000000000132e+00,9.408986568450927734e-01,5.770514607429504395e-01
1.634809988333308084e+01,1.917470807234589358e+01,1.279397583007812500e+03,1.178578853607177734e+00,1.256470000000000198e+00,9.651602506637573242e-01,5.788062214851379395e-01
1.634463434843545926e+01,1.918836462515172414e+01,9.984820556640625000e+02,1.459210634231567383e+00,1.256480000000000041e+00,8.583483099937438965e-01,4.694765806198120117e-01
1.634052363837522037e+01,1.919593863432097081e+01,1.694144409179687500e+03,1.260889291763305664e+00,1.256490000000000107e+00,8.215745091438293457e-01,5.337926149368286133e-01
1.634517564251991573e+01,1.921324693204125822e+01,1.293343017578125000e+03,1.132388830184936523e+00,1.256500000000000172e+00,9.225880503654479980e-01,5.552313327789306641e-01
1.634670862951233161e+01,1.922712379247703751e+01,1.335584716796875000e+03,1.237461090087890625e+00,1.256510000000000016e+00,9.007679224014282227e-01,5.476781725883483887e-01
1.634779946065317091e+01,1.923762104115303373e+01,9.830521240234375000e+02,1.224412441253662109e+00,1.256520000000000081e+00,9.346425533294677734e-01,5.078526139259338379e-01
1.634334629547372941e+01,1.924088895227535900e+01,1.142042236328125000e+03,1.212198257446289062e+00,1.256530000000000147e+00,1.066097497940063477e+00,6.146644949913024902e-01
1.634957107513116625e+01,1.925972329237784209e+01,1.720367797851562500e+03,1.199134111404418945e+00,1.256540000000000212e+00,1.176342725753784180e+00,7.671766877174377441e-01
1.634763951404615767e+01,1.927265420222265391e+01,1.194711181640625000e+03,1.792525768280029297e+00,1.256550000000000056e+00,1.204342722892761230e+00,7.056835293769836426e-01
1.634793709724351629e+01,1.927696024106586137e+01,1.675417602539062500e+03,2.008631944656372070e+00,1.256560000000000121e+00,1.018489956855773926e+00,6.599069833755493164e-01
1.634590400167370561e+01,1.929046716989681798e+01,1.568484375000000000e+03,1.870914220809936523e+00,1.256570000000000187e+00,1.054195642471313477e+00,6.715037226676940918e-01
1.635225781675499235e+01,1.930072124091900676e+01,1.248846923828125000e+03,1.488554000854492188e+00,1.256580000000000030e+00,1.137966632843017578e+00,6.769968867301940918e-01
1.634262625749241593e+01,1.931111629387574524e+01,1.484132324218750000e+03,1.768205881118774414e+00,1.256590000000000096e+00,1.648909211158752441e+00,1.034511685371398926e+00
1.634803356386491302e+01,1.931751161040369169e+01,1.748343750000000000e+03,1.953027963638305664e+00,1.256600000000000161e+00,1.618315219879150391e+00,1.059536218643188477e+00
1.635025705971352394e+01,1.933830825352758254e+01,2.116074951171875000e+03,3.578377485275268555e+00,1.256610000000000005e+00,1.220364451408386230e+00,8.329423069953918457e-01
1.635503290445393887e+01,1.934590802402039955e+01,2.202443359375000000e+03,2.596575736999511719e+00,1.256620000000000070e+00,1.917693734169006348e+00,1.319089174270629883e+00
1.634531811054180039e+01,1.935790635322069519e+01,1.227441040039062500e+03,2.919467210769653320e+00,1.256630000000000136e+00,1.522337079048156738e+00,9.003864526748657227e-01
1.635175462601844387e+01,1.936668991362940062e+01,1.597946289062500000e+03,3.219048500061035156e+00,1.256640000000000201e+00,1.530653119087219238e+00,9.798087477684020996e-01
1.634626131370589874e+01,1.937665291346812424e+01,1.464932128906250000e+03,2.960532426834106445e+00,1.256650000000000045e+00,1.315579652786254883e+00,8.223374485969543457e-01
1.634612680118680927e+01,1.939597976281417147e+01,1.502985839843750000e+03,3.091244220733642578e+00,1.256660000000000110e+00,9.990348815917968750e-01,6.290078163146972656e-01
1.634992780075913288e+01,1.940397847632770123e+01,1.030019042968750000e+03,2.104318857192993164e+00,1.256670000000000176e+00,9.388387203216552734e-01,5.201359391212463379e-01
1.635224696120075549e+01,1.941119210499345016e+01,1.150611206054687500e+03,1.864263534545898438e+00,1.256680000000000019e+00,9.650076627731323242e-01,5.579016208648681641e-01
1.634120397922176338e+01,1.942423014059737341e+01,1.185903320312500000e+03,1.370665550231933594e+00,1.256690000000000085e+00,9.396016597747802734e-01,5.491277575492858887e-01
1.634803595862970482e+01,1.943207890629202694e+01,1.126255126953125000e+03,1.509016275405883789e+00,1.256700000000000150e+00,1.081432700157165527e+00,6.203103065490722656e-01
1.634814351051334924e+01,1.944115009676742289e+01,1.190700561523437500e+03,1.498645067214965820e+00,1.256709999999999994e+00,8.539232611656188965e-01,4.997653961181640625e-01
1.634073551366238064e+01,1.945350235016550045e+01,1.193877563476562500e+03,1.464362859725952148e+00,1.256720000000000059e+00,8.987079858779907227e-01,5.264683961868286133e-01
1.634321034240855042e+01,1.946291120276076825e+01,1.907900634765625000e+03,1.108055830001831055e+00,1.256730000000000125e+00,9.542501568794250488e-01,6.374002099037170410e-01
1.635550069758016178e+01,1.947922109046220385e+01,1.218306030273437500e+03,1.388525485992431641e+00,1.256740000000000190e+00,9.494436383247375488e-01,5.601141452789306641e-01
1.634774789443547505e+01,1.948637733552384432e+01,1.116819213867187500e+03,1.379287958145141602e+00,1.256750000000000034e+00,9.199177622795104980e-01,5.260106325149536133e-01
1.635019541556783906e+01,1.950053921604538587e+01,1.212712890625000000e+03,1.448113441467285156e+00,1.256760000000000099e+00,1.017269253730773926e+00,5.991767644882202148e-01
1.634733551383327921e+01,1.950713001981574735e+01,1.148966308593750000e+03,1.283392429351806641e+00,1.256770000000000165e+00,8.486589193344116211e-01,4.903812110424041748e-01
1.633795191417148018e+01,1.952147287619870042e+01,1.309369018554687500e+03,1.316713809967041016e+00,1.256780000000000008e+00,8.556780219078063965e-01,5.170078873634338379e-01
1.634464278797453574e+01,1.953132741739809930e+01,1.247833129882812500e+03,1.167057275772094727e+00,1.256790000000000074e+00,8.874927163124084473e-01,5.278416872024536133e-01
1.635110669312076226e+01,1.953978824056502361e+01,1.403589355468750000e+03,1.219627380371093750e+00,1.256800000000000139e+00,8.608660101890563965e-01,5.314275026321411133e-01
1.634965575858591080e+01,1.955580021492376375e+01,1.912911987304687500e+03,1.158157110214233398e+00,1.256810000000000205e+00,1.145138382911682129e+00,7.653456330299377441e-01
1.634178331867218148e+01,1.957110946167043153e+01,1.363881591796875000e+03,1.540427923202514648e+00,1.256820000000000048e+00,9.833182692527770996e-01,6.017708182334899902e-01
1.634480232735860028e+01,1.957164417837353554e+01,1.232741821289062500e+03,1.764243364334106445e+00,1.256830000000000114e+00,8.084518909454345703e-01,4.788607656955718994e-01
1.634478654354072447e+01,1.957966001479003282e+01,1.190536743164062500e+03,1.405020475387573242e+00,1.256840000000000179e+00,8.264573216438293457e-01,4.836673140525817871e-01
1.634993260127145831e+01,1.960025769176366595e+01,1.348088623046875000e+03,1.119489192962646484e+00,1.256850000000000023e+00,7.642775177955627441e-01,4.660433530807495117e-01
1.634088183823061158e+01,1.960880034567086483e+01,1.267782836914062500e+03,1.043787717819213867e+00,1.256860000000000088e+00,7.354382872581481934e-01,4.397218227386474609e-01
1.634767706755516414e+01,1.961906949816565060e+01,1.159105712890625000e+03,8.942789435386657715e-01,1.256870000000000154e+00,7.500104904174804688e-01,4.347627162933349609e-01
1.634168120967013493e+01,1.963422521440543278e+01,1.066220336914062500e+03,9.440559744834899902e-01,1.256879999999999997e+00,8.031875491142272949e-01,4.511659741401672363e-01
1.634245402342203590e+01,1.964797273165224212e+01,1.181295410156250000e+03,9.386045336723327637e-01,1.256890000000000063e+00,7.602339386940002441e-01,4.436891376972198486e-01
1.634881261728763491e+01,1.965187358274521756e+01,1.259600219726562500e+03,9.830326437950134277e-01,1.256900000000000128e+00,7.455854415893554688e-01,4.448335468769073486e-01
1.634573499222482695e+01,1.965999530454737254e+01,1.010745483398437500e+03,9.715360999107360840e-01,1.256910000000000194e+00,7.350568175315856934e-01,4.040924310684204102e-01
1.634339167214678668e+01,1.967090822548139073e+01,1.077008789062500000e+03,8.051688075065612793e-01,1.256920000000000037e+00,8.601030707359313965e-01,4.850406050682067871e-01
1.634223185453437566e+01,1.968194964435417660e+01,1.012350646972656250e+03,8.619040846824645996e-01,1.256930000000000103e+00,8.599504828453063965e-01,4.730624258518218994e-01
1.634380528946483224e+01,1.969217640221478760e+01,1.130276733398437500e+03,1.176257848739624023e+00,1.256940000000000168e+00,8.385118246078491211e-01,4.816073775291442871e-01
1.635061783602068886e+01,1.970774651553863777e+01,1.089633789062500000e+03,1.137440919876098633e+00,1.256950000000000012e+00,7.783919572830200195e-01,4.409425258636474609e-01
1.634627627554640128e+01,1.971840663223481016e+01,1.118295043945312500e+03,1.126468896865844727e+00,1.256960000000000077e+00,8.554491400718688965e-01,4.893893897533416748e-01
1.635030842041165755e+01,1.972982087580912847e+01,1.464186645507812500e+03,9.413439631462097168e-01,1.256970000000000143e+00,9.631003141403198242e-01,6.019234061241149902e-01
1.635116301329156485e+01,1.975077917689218765e+01,1.468677978515625000e+03,1.336513280868530273e+00,1.256980000000000208e+00,8.874927163124084473e-01,5.551550388336181641e-01
1.634352516820008461e+01,1.975339644726409816e+01,1.371179077148437500e+03,1.316772222518920898e+00,1.256990000000000052e+00,9.580648541450500488e-01,5.872749090194702148e-01
1.634637280394763792e+01,1.976458573685808062e+01,1.375551879882812500e+03,1.299445152282714844e+00,1.257000000000000117e+00,8.126480579376220703e-01,4.986209869384765625e-01
1.635033018869442500e+01,1.977597201842247188e+01,1.409022827148437500e+03,1.481807947158813477e+00,1.257010000000000183e+00,8.692584037780761719e-01,5.372258424758911133e-01
1.634188901950735584e+01,1.978615876968706289e+01,1.129535644531250000e+03,1.101016521453857422e+00,1.257020000000000026e+00,7.984573245048522949e-01,4.584902226924896240e-01
1.634228456166536603e+01,1.979396542487670274e+01,1.477353149414062500e+03,1.211995601654052734e+00,1.257030000000000092e+00,9.145008921623229980e-01,5.730078816413879395e-01
1.635200816773706123e+01,1.980937386419289581e+01,1.213635864257812500e+03,1.101470708847045898e+00,1.257040000000000157e+00,9.248005747795104980e-01,5.448552966117858887e-01
1.634986235380661412e+01,1.981805576371933242e+01,1.570602539062500000e+03,1.309754371643066406e+00,1.257050000000000001e+00,9.898795485496520996e-01,6.307625770568847656e-01
1.634862908239789547e+01,1.983909235148783523e+01,1.447662597656250000e+03,1.190516471862792969e+00,1.257060000000000066e+00,8.996235132217407227e-01,5.604193210601806641e-01
1.635204132610539673e+01,1.984691411025645991e+01,1.495632568359375000e+03,1.434967041015625000e+00,1.257070000000000132e+00,8.904681801795959473e-01,5.598852634429931641e-01
1.635025345695308374e+01,1.985206716649409486e+01,1.405593261718750000e+03,1.267890453338623047e+00,1.257080000000000197e+00,1.051983118057250977e+00,6.496835947036743164e-01
1.635485490864778413e+01,1.987107949924645922e+01,1.371591918945312500e+03,1.642410278320312500e+00,1.257090000000000041e+00,9.035907983779907227e-01,5.539342761039733887e-01
1.635343492207171678e+01,1.988036167365106621e+01,1.424558105468750000e+03,1.583228826522827148e+00,1.257100000000000106e+00,9.764517545700073242e-01,6.054329276084899902e-01
1.635069191621997220e+01,1.989226700890700528e+01,1.611786621093750000e+03,1.281898736953735352e+00,1.257110000000000172e+00,9.478414654731750488e-01,6.081032156944274902e-01
1.635286500084573191e+01,1.990132223223597308e+01,1.425468383789062500e+03,1.491730928421020508e+00,1.257120000000000015e+00,8.897815346717834473e-01,5.517980456352233887e-01
1.634785628660128509e+01,1.991722502303956333e+01,1.204945800781250000e+03,1.288173913955688477e+00,1.257130000000000081e+00,8.693346977233886719e-01,5.109043717384338379e-01
1.635320187083619103e+01,1.991921292056202830e+01,1.100805541992187500e+03,1.348597526550292969e+00,1.257140000000000146e+00,9.499014019966125488e-01,5.402013659477233887e-01
1.635116894367848062e+01,1.993619434839374094e+01,1.370829345703125000e+03,1.147368669509887695e+00,1.257150000000000212e+00,9.226643443107604980e-01,5.655310153961181641e-01
1.635308586609324522e+01,1.994873875409084718e+01,1.507025268554687500e+03,1.418493509292602539e+00,1.257160000000000055e+00,1.009792327880859375e+00,6.362558007240295410e-01
1.635129703555298164e+01,1.995870243804871080e+01,9.273713989257812500e+02,1.568853378295898438e+00,1.257170000000000121e+00,8.562883734703063965e-01,4.535310864448547363e-01
1.635012141841108146e+01,1.996608352767440664e+01,1.769146484375000000e+03,1.483585357666015625e+00,1.257180000000000186e+00,7.839614152908325195e-01,5.147190690040588379e-01
1.634604250143365789e+01,1.998188196004004880e+01,1.520623168945312500e+03,1.071055650711059570e+00,1.257190000000000030e+00,7.862502336502075195e-01,4.966373443603515625e-01
1.634722089158942993e+01,1.999012032006278972e+01,1.501948242187500000e+03,1.167630672454833984e+00,1.257200000000000095e+00,8.774218559265136719e-01,5.523321032524108887e-01
1.634801912037089977e+01,1.999987372855178336e+01,2.077323242187500000e+03,1.043031930923461914e+00,1.257210000000000161e+00,1.006435394287109375e+00,6.843974590301513672e-01
1.634809134740151038e+01,2.000925686615075705e+01,1.347897827148437500e+03,1.296742677688598633e+00,1.257220000000000004e+00,8.774218559265136719e-01,5.350133180618286133e-01
1.634467320461562068e+01,2.002381064702336744e+01,1.342554931640625000e+03,1.650272130966186523e+00,1.257230000000000070e+00,9.881247878074645996e-01,6.017708182334899902e-01
1.634431669203075543e+01,2.003846401801418153e+01,1.842737670898437500e+03,1.481130838394165039e+00,1.257240000000000135e+00,1.074260950088500977e+00,7.120159864425659180e-01
1.634657837341176290e+01,2.004309634622828540e+01,1.498163452148437500e+03,1.441657066345214844e+00,1.257250000000000201e+00,1.138195514678955078e+00,7.159832715988159180e-01
1.633858125375367720e+01,2.005497726932280500e+01,1.432151367187500000e+03,1.801598787307739258e+00,1.257260000000000044e+00,7.236889600753784180e-01,4.494112133979797363e-01
1.635301903811444291e+01,2.007109518461708220e+01,1.304656494140625000e+03,1.482507705688476562e+00,1.257270000000000110e+00,8.691821098327636719e-01,5.245610475540161133e-01
1.634971704718204677e+01,2.007500081151865601e+01,1.106700073242187500e+03,1.072464704513549805e+00,1.257280000000000175e+00,8.156998157501220703e-01,4.648226201534271240e-01
1.634602744802293017e+01,2.009353233371016501e+01,1.144079467773437500e+03,1.216061830520629883e+00,1.257290000000000019e+00,8.149368762969970703e-01,4.701632261276245117e-01
1.634633558258639852e+01,2.009791189138587697e+01,1.290643920898437500e+03,1.057172536849975586e+00,1.257300000000000084e+00,8.536943793296813965e-01,5.134220719337463379e-01
1.634949259139003885e+01,2.010552966595365376e+01,1.435504760742187500e+03,1.216703176498413086e+00,1.257310000000000150e+00,9.215962290763854980e-01,5.727027058601379395e-01
1.634555124221560263e+01,2.011896886581622823e+01,1.300807617187500000e+03,1.406750202178955078e+00,1.257319999999999993e+00,9.814872145652770996e-01,5.917762517929077148e-01
1.634580046214024307e+01,2.012887268686516506e+01,1.450303833007812500e+03,1.362032413482666016e+00,1.257330000000000059e+00,1.137356281280517578e+00,7.088878750801086426e-01
1.634772375582162951e+01,2.013982750255655674e+01,1.380299560546875000e+03,1.554024934768676758e+00,1.257340000000000124e+00,1.008800506591796875e+00,6.196236610412597656e-01
1.634713971561440005e+01,2.014803956484704273e+01,1.662157592773437500e+03,1.718686342239379883e+00,1.257350000000000190e+00,9.351003170013427734e-01,6.046699881553649902e-01
1.634589088019686187e+01,2.016207448556214743e+01,1.291425903320312500e+03,1.474732875823974609e+00,1.257360000000000033e+00,8.575853705406188965e-01,5.158634781837463379e-01
1.634926608280176907e+01,2.017417335718618432e+01,1.160045532226562500e+03,1.478447437286376953e+00,1.257370000000000099e+00,9.213673472404479980e-01,5.342503786087036133e-01
1.635056579867075754e+01,2.018458092071224996e+01,1.309562622070312500e+03,1.353530406951904297e+00,1.257380000000000164e+00,8.247025609016418457e-01,4.983158111572265625e-01
1.634534146980553615e+01,2.019459266986141444e+01,1.063830444335937500e+03,1.390193223953247070e+00,1.257390000000000008e+00,9.660757780075073242e-01,5.421850085258483887e-01
1.634496992918277769e+01,2.021086834402657217e+01,1.402026611328125000e+03,1.313977956771850586e+00,1.257400000000000073e+00,8.578142523765563965e-01,5.293675661087036133e-01
1.635423559929412818e+01,2.022482274239466449e+01,1.069168701171875000e+03,1.253736734390258789e+00,1.257410000000000139e+00,7.898361086845397949e-01,4.441469013690948486e-01
1.634769895890265801e+01,2.022518443757862627e+01,1.126951416015625000e+03,1.005943536758422852e+00,1.257420000000000204e+00,9.154927134513854980e-01,5.252476930618286133e-01
1.634881272069653235e+01,2.023845779182092741e+01,1.278755981445312500e+03,1.089665412902832031e+00,1.257430000000000048e+00,8.033401370048522949e-01,4.816836714744567871e-01
1.635177043700544885e+01,2.025578445554497620e+01,1.758583618164062500e+03,1.099699258804321289e+00,1.257440000000000113e+00,8.582720160484313965e-01,5.627081394195556641e-01
1.634574848877888442e+01,2.026677669061450970e+01,1.556535644531250000e+03,1.182070493698120117e+00,1.257450000000000179e+00,8.399614095687866211e-01,5.339452028274536133e-01
1.634390246140982228e+01,2.027386613982382713e+01,1.616628173828125000e+03,1.373643398284912109e+00,1.257460000000000022e+00,8.709368705749511719e-01,5.591986179351806641e-01
1.635207699783218160e+01,2.028385648242707617e+01,1.056700439453125000e+03,1.358500242233276367e+00,1.257470000000000088e+00,8.720049858093261719e-01,4.880923628807067871e-01
1.634824123450718858e+01,2.029998230798139147e+01,1.390396240234375000e+03,1.463886022567749023e+00,1.257480000000000153e+00,9.524191021919250488e-01,5.862830877304077148e-01
1.635722458147217750e+01,2.030826778174780145e+01,1.270172119140625000e+03,1.314471483230590820e+00,1.257489999999999997e+00,9.116016626358032227e-01,5.453893542289733887e-01
1.635316357808939358e+01,2.031710370392236698e+01,1.314241577148437500e+03,1.420704841613769531e+00,1.257500000000000062e+00,9.356343746185302734e-01,5.659887790679931641e-01
1.635462360723456143e+01,2.032771031205698620e+01,1.191319580078125000e+03,1.267833232879638672e+00,1.257510000000000128e+00,9.248005747795104980e-01,5.413457751274108887e-01
1.635211084585448660e+01,2.034725403854152148e+01,1.205377685546875000e+03,1.329748153686523438e+00,1.257520000000000193e+00,9.094654321670532227e-01,5.345555543899536133e-01
1.635390651264978601e+01,2.036256829988128558e+01,1.366983642578125000e+03,1.257396459579467773e+00,1.257530000000000037e+00,9.704245328903198242e-01,5.942939519882202148e-01
1.635355543290093294e+01,2.036426121793079602e+01,1.108916992187500000e+03,1.614350795745849609e+00,1.257540000000000102e+00,7.992965579032897949e-01,4.558199048042297363e-01
1.635434329797572062e+01,2.037891934533836391e+01,1.293541748046875000e+03,1.382482767105102539e+00,1.257550000000000168e+00,9.571493268013000488e-01,5.760596394538879395e-01
1.635388579667949216e+01,2.039246595380237181e+01,1.282889282226562500e+03,1.176967144012451172e+00,1.257560000000000011e+00,1.108822226524353027e+00,6.655527949333190918e-01
1.635323138308019963e+01,2.039745605357722980e+01,1.098515625000000000e+03,1.508320093154907227e+00,1.257570000000000077e+00,1.034435391426086426e+00,5.878089666366577148e-01
1.635777035966247794e+01,2.040996059189537704e+01,1.282970092773437500e+03,1.878747463226318359e+00,1.257580000000000142e+00,9.294545054435729980e-01,5.579016208648681641e-01
1.634996817623579446e+01,2.042683677680254561e+01,1.651359863281250000e+03,1.418125152587890625e+00,1.257590000000000208e+00,1.409955620765686035e+00,9.102283716201782227e-01
1.635611401720315428e+01,2.043720469438119025e+01,1.472469238281250000e+03,1.567434787750244141e+00,1.257600000000000051e+00,1.188244581222534180e+00,7.438306808471679688e-01
1.635503868946809547e+01,2.043925286104905226e+01,1.246646972656250000e+03,2.118964910507202148e+00,1.257610000000000117e+00,1.055874109268188477e+00,6.277871131896972656e-01
1.635475851793651003e+01,2.045353007480890639e+01,1.465278076171875000e+03,1.854104518890380859e+00,1.257620000000000182e+00,1.007808685302734375e+00,6.299996376037597656e-01
1.635822284405890059e+01,2.046918019254801990e+01,1.219547119140625000e+03,1.642183780670166016e+00,1.257630000000000026e+00,9.244191050529479980e-01,5.455419421195983887e-01
1.636086843170092919e+01,2.048253741901067926e+01,1.197693969726562500e+03,1.450569152832031250e+00,1.257640000000000091e+00,1.005290985107421875e+00,5.895637273788452148e-01
1.635608931376119202e+01,2.048892503377570762e+01,1.193036010742187500e+03,1.470798969268798828e+00,1.257650000000000157e+00,9.492147564888000488e-01,5.559179782867431641e-01
1.635190645410330745e+01,2.050500318012934287e+01,1.490252197265625000e+03,1.411158561706542969e+00,1.257660000000000000e+00,8.546862006187438965e-01,5.368443727493286133e-01
1.635583070296583941e+01,2.051476058252422163e+01,1.095209594726562500e+03,1.450691938400268555e+00,1.257670000000000066e+00,9.095417261123657227e-01,5.162449479103088379e-01
1.635564580407874757e+01,2.052600376908994306e+01,1.074106079101562500e+03,1.178099632263183594e+00,1.257680000000000131e+00,9.440267086029052734e-01,5.318089723587036133e-01
1.634791869002575027e+01,2.053036159429696639e+01,1.359699829101562500e+03,1.268746376037597656e+00,1.257690000000000197e+00,1.026424527168273926e+00,6.275582313537597656e-01
1.635677696119972424e+01,2.054490198945077495e+01,1.059915283203125000e+03,1.282128810882568359e+00,1.257700000000000040e+00,8.174545764923095703e-01,4.581087529659271240e-01
1.634941239937477775e+01,2.056114448307683418e+01,1.375479614257812500e+03,1.570976495742797852e+00,1.257710000000000106e+00,9.695852994918823242e-01,5.949043035507202148e-01
1.634886929557639235e+01,2.057127596704559025e+01,1.275181518554687500e+03,1.185850620269775391e+00,1.257720000000000171e+00,1.093563437461853027e+00,6.551004648208618164e-01
1.635398284520099921e+01,2.057705047460431302e+01,1.031102783203125000e+03,1.504821300506591797e+00,1.257730000000000015e+00,9.663809537887573242e-01,5.356236696243286133e-01
1.635370792271757523e+01,2.058844800064479585e+01,1.001610351562500000e+03,1.410380125045776367e+00,1.257740000000000080e+00,1.047100305557250977e+00,5.734656453132629395e-01
1.635011603128788948e+01,2.059788406961211038e+01,1.672361572265625000e+03,1.327117204666137695e+00,1.257750000000000146e+00,1.058773279190063477e+00,6.856944561004638672e-01
1.634999913229820834e+01,2.061531348905919714e+01,1.670013671875000000e+03,1.592517614364624023e+00,1.257760000000000211e+00,1.199383497238159180e+00,7.764846086502075195e-01
1.634912027709177096e+01,2.062021668959265597e+01,1.501622192382812500e+03,1.710196256637573242e+00,1.257770000000000055e+00,9.940757751464843750e-01,6.257271766662597656e-01
1.634914631778764615e+01,2.062667978715743899e+01,1.070329711914062500e+03,1.977465867996215820e+00,1.257780000000000120e+00,9.636343717575073242e-01,5.421087145805358887e-01
1.634646343952717018e+01,2.064057535417165212e+01,1.451949707031250000e+03,1.389876127243041992e+00,1.257790000000000186e+00,1.164517045021057129e+00,7.260540723800659180e-01
1.634827642535672254e+01,2.065439219321494235e+01,1.215958496093750000e+03,1.607305526733398438e+00,1.257800000000000029e+00,8.905444741249084473e-01,5.250188112258911133e-01
1.635143368117494944e+01,2.066745055140845011e+01,9.677691650390625000e+02,1.643945693969726562e+00,1.257810000000000095e+00,7.255200147628784180e-01,3.915801644325256348e-01
1.634373475856368785e+01,2.067182164938873257e+01,9.605729370117187500e+02,1.070756435394287109e+00,1.257820000000000160e+00,7.026317715644836426e-01,3.779997825622558594e-01
1.634839345147288014e+01,2.068994820380598298e+01,1.376777099609375000e+03,8.538753390312194824e-01,1.257830000000000004e+00,8.805499076843261719e-01,5.404302477836608887e-01
1.635362993676352872e+01,2.069969153035733456e+01,1.323713745117187500e+03,9.188396334648132324e-01,1.257840000000000069e+00,9.292256236076354980e-01,5.633947849273681641e-01
1.634957174529265345e+01,2.070565372037100715e+01,1.508121337890625000e+03,1.364634752273559570e+00,1.257850000000000135e+00,8.040267825126647949e-01,5.067081451416015625e-01
1.634940653281230993e+01,2.072338073172535289e+01,1.050710327148437500e+03,1.405680894851684570e+00,1.257860000000000200e+00,7.264355421066284180e-01,4.056946039199829102e-01
1.634914599484758924e+01,2.072717554355946845e+01,1.189356323242187500e+03,1.072793722152709961e+00,1.257870000000000044e+00,8.172256946563720703e-01,4.780978262424468994e-01
1.635272902329973732e+01,2.074980493246745539e+01,1.131116333007812500e+03,1.020403623580932617e+00,1.257880000000000109e+00,8.838306069374084473e-01,5.077762603759765625e-01
1.634214144900569465e+01,2.075165389818403483e+01,1.022839050292968750e+03,1.072015285491943359e+00,1.257890000000000175e+00,8.739886283874511719e-01,4.828280806541442871e-01
1.634717519709619893e+01,2.076547157534792731e+01,1.340546386718750000e+03,9.902114272117614746e-01,1.257900000000000018e+00,9.503591656684875488e-01,5.785010457038879395e-01
1.635247819126160707e+01,2.077113074380525859e+01,1.137895507812500000e+03,1.112507104873657227e+00,1.257910000000000084e+00,8.166916370391845703e-01,4.702395200729370117e-01
1.634981287847146803e+01,2.077969019917204108e+01,1.083237304687500000e+03,1.260274171829223633e+00,1.257920000000000149e+00,7.404736876487731934e-01,4.185120463371276855e-01
1.634851628538926605e+01,2.079433492133367167e+01,1.335750732421875000e+03,1.087733030319213867e+00,1.257929999999999993e+00,7.671003937721252441e-01,4.664248228073120117e-01
1.635741434407636063e+01,2.080104491698482505e+01,1.516045532226562500e+03,1.014735221862792969e+00,1.257940000000000058e+00,7.882338762283325195e-01,4.974765777587890625e-01
1.635313940283247192e+01,2.081204590178563407e+01,9.768141479492187500e+02,1.039057493209838867e+00,1.257950000000000124e+00,7.053020596504211426e-01,3.821959793567657471e-01
1.634739998808689165e+01,2.082315284228676688e+01,8.750504760742187500e+02,8.735973238945007324e-01,1.257960000000000189e+00,7.817488908767700195e-01,4.030243158340454102e-01
1.635633515540965988e+01,2.083634882763253771e+01,1.681868652343750000e+03,8.424491286277770996e-01,1.257970000000000033e+00,9.130512475967407227e-01,5.921577215194702148e-01
1.634925104127963280e+01,2.084903018077476844e+01,1.258774414062500000e+03,9.409207701683044434e-01,1.257980000000000098e+00,1.079067587852478027e+00,6.436563134193420410e-01
1.634694684866799363e+01,2.086427847245810341e+01,1.255985961914062500e+03,1.330143928527832031e+00,1.257990000000000164e+00,8.929858803749084473e-01,5.322667360305786133e-01
1.635027213379117228e+01,2.087492543084497143e+01,1.484296997070312500e+03,1.355032444000244141e+00,1.258000000000000007e+00,1.145062088966369629e+00,7.184246778488159180e-01
1.635092025388110315e+01,2.088578798242723877e+01,1.367254394531250000e+03,1.430323839187622070e+00,1.258010000000000073e+00,1.134304523468017578e+00,6.946971416473388672e-01
1.634851818549532254e+01,2.089384500305895642e+01,1.186094604492187500e+03,1.766316413879394531e+00,1.258020000000000138e+00,1.041759610176086426e+00,6.088661551475524902e-01
1.634252751254082270e+01,2.090731788592184159e+01,1.465882446289062500e+03,1.962030649185180664e+00,1.258030000000000204e+00,1.118130207061767578e+00,6.990459561347961426e-01
1.634689673396507459e+01,2.091305567880491978e+01,1.577717285156250000e+03,1.610054492950439453e+00,1.258040000000000047e+00,1.194500684738159180e+00,7.620649933815002441e-01
1.634960154628913997e+01,2.092578159962744877e+01,1.178516845703125000e+03,2.071426630020141602e+00,1.258050000000000113e+00,8.784899711608886719e-01,5.122776627540588379e-01
1.634116785255571358e+01,2.093773596180611207e+01,1.345660034179687500e+03,1.744381904602050781e+00,1.258060000000000178e+00,9.810294508934020996e-01,5.978797674179077148e-01
1.635113352938582665e+01,2.094992155929838873e+01,1.214570922851562500e+03,1.230173826217651367e+00,1.258070000000000022e+00,1.048321008682250977e+00,6.177926063537597656e-01
1.634900016383896926e+01,2.096215917519224092e+01,1.667295043945312500e+03,1.413172006607055664e+00,1.258080000000000087e+00,1.013835906982421875e+00,6.560922861099243164e-01
1.634335963353989740e+01,2.097279351041190409e+01,1.311055664062500000e+03,1.675215482711791992e+00,1.258090000000000153e+00,7.908279299736022949e-01,4.780215322971343994e-01
1.634925604928875487e+01,2.098415935973073587e+01,1.895715209960937500e+03,1.491100311279296875e+00,1.258099999999999996e+00,8.330948948860168457e-01,5.556890964508056641e-01
1.634920590690461850e+01,2.099501671489947796e+01,1.175709716796875000e+03,1.243183135986328125e+00,1.258110000000000062e+00,7.840377092361450195e-01,4.568117260932922363e-01
1.634436524898882936e+01,2.100828205116395964e+01,1.223630371093750000e+03,1.155702590942382812e+00,1.258120000000000127e+00,9.775962233543395996e-01,5.775855183601379395e-01
1.635159733181552255e+01,2.102680586175128852e+01,1.172546875000000000e+03,1.112404584884643555e+00,1.258130000000000193e+00,7.638197541236877441e-01,4.446046650409698486e-01
1.634857149133807397e+01,2.103498673547961317e+01,1.065221557617187500e+03,1.205063581466674805e+00,1.258140000000000036e+00,8.040267825126647949e-01,4.514711499214172363e-01
1.635163090865903257e+01,2.105209772629681808e+01,1.426139892578125000e+03,9.080762267112731934e-01,1.258150000000000102e+00,9.998741149902343750e-01,6.201577186584472656e-01
1.635052172617595545e+01,2.105221948296278711e+01,1.230699462890625000e+03,1.060664176940917969e+00,1.258160000000000167e+00,8.433183431625366211e-01,4.992313385009765625e-01
1.635164091742655756e+01,2.106610804827553096e+01,1.525838378906250000e+03,1.225165843963623047e+00,1.258170000000000011e+00,7.835799455642700195e-01,4.954166114330291748e-01
1.635611453022550776e+01,2.107612893732637360e+01,1.819737304687500000e+03,1.137476682662963867e+00,1.258180000000000076e+00,9.055744409561157227e-01,5.984901189804077148e-01
1.634976173992010118e+01,2.108636273950169482e+01,1.260626953125000000e+03,1.064248800277709961e+00,1.258190000000000142e+00,8.732256889343261719e-01,5.211277604103088379e-01
1.635062385249976202e+01,2.109274225974668582e+01,1.190118774414062500e+03,1.234627485275268555e+00,1.258200000000000207e+00,9.149586558341979980e-01,5.353947877883911133e-01
1.634983626170404136e+01,2.110967998151240010e+01,1.334901245117187500e+03,1.340147972106933594e+00,1.258210000000000051e+00,9.793509840965270996e-01,5.953620672225952148e-01
1.634892672640181743e+01,2.112144451751329299e+01,1.030044555664062500e+03,1.439123868942260742e+00,1.258220000000000116e+00,1.125149250030517578e+00,6.233620643615722656e-01
1.635170098714552722e+01,2.113526114538426626e+01,1.288163330078125000e+03,1.485561847686767578e+00,1.258230000000000182e+00,1.163067460060119629e+00,6.990459561347961426e-01
1.635806749283543482e+01,2.114666228757261024e+01,1.743969238281250000e+03,1.886544942855834961e+00,1.258240000000000025e+00,1.272168278694152832e+00,8.324082493782043457e-01
1.635116944968033437e+01,2.116201547889933465e+01,1.546028442382812500e+03,2.147329568862915039e+00,1.258250000000000091e+00,8.001357913017272949e-01,5.076999664306640625e-01
1.635034833103482299e+01,2.117476184131200867e+01,1.675796752929687500e+03,2.012359619140625000e+00,1.258260000000000156e+00,1.051754236221313477e+00,6.814982891082763672e-01
1.635443528519814649e+01,2.118381620891626582e+01,1.594816772460937500e+03,1.182651042938232422e+00,1.258270000000000000e+00,1.246914863586425781e+00,7.977706789970397949e-01
1.635199713927498877e+01,2.118792663163840828e+01,1.259474487304687500e+03,1.940743446350097656e+00,1.258280000000000065e+00,1.055721521377563477e+00,6.298470497131347656e-01
1.634301120861139722e+01,2.120021880701999351e+01,1.283575439453125000e+03,2.092259645462036133e+00,1.258290000000000131e+00,1.126293659210205078e+00,6.761576533317565918e-01
1.635465802899577881e+01,2.121424943986223965e+01,9.993860473632812500e+02,1.909131526947021484e+00,1.258300000000000196e+00,9.734762907028198242e-01,5.326482057571411133e-01
1.635538553767483805e+01,2.121997658277427590e+01,1.461971435546875000e+03,1.624640941619873047e+00,1.258310000000000040e+00,8.853564858436584473e-01,5.530950427055358887e-01
1.634897146800719270e+01,2.122985800780793397e+01,1.177820678710937500e+03,1.357287883758544922e+00,1.258320000000000105e+00,8.604845404624938965e-01,5.016727447509765625e-01
1.634905243331610691e+01,2.124501510598329190e+01,1.367257934570312500e+03,1.270336627960205078e+00,1.258330000000000171e+00,7.712965607643127441e-01,4.723757505416870117e-01
1.634935373107171586e+01,2.125740732249056819e+01,1.499297241210937500e+03,1.168095588684082031e+00,1.258340000000000014e+00,8.626970648765563965e-01,5.427953600883483887e-01
1.635055735478200845e+01,2.127065901409616089e+01,1.006117675781250000e+03,1.183001518249511719e+00,1.258350000000000080e+00,9.380757808685302734e-01,5.147190690040588379e-01
1.635465638393580434e+01,2.127614625837042439e+01,1.212319824218750000e+03,1.207369089126586914e+00,1.258360000000000145e+00,1.087078452110290527e+00,6.402230858802795410e-01
1.636127128429757960e+01,2.128597545636926469e+01,1.326248901367187500e+03,1.207483530044555664e+00,1.258370000000000211e+00,1.120571613311767578e+00,6.798198223114013672e-01
1.635065922369897962e+01,2.130398319381649941e+01,1.241726196289062500e+03,1.704489707946777344e+00,1.258380000000000054e+00,1.262478828430175781e+00,7.496290206909179688e-01
1.634631215211302546e+01,2.130703404024119152e+01,1.494434326171875000e+03,1.822591543197631836e+00,1.258390000000000120e+00,1.080974936485290527e+00,6.795145869255065918e-01
1.634942319510377473e+01,2.132153699790412915e+01,1.412112060546875000e+03,1.854553937911987305e+00,1.258400000000000185e+00,1.228680491447448730e+00,7.598524689674377441e-01
1.635114271539192288e+01,2.133306582927246353e+01,1.505665405273437500e+03,1.632568359375000000e+00,1.258410000000000029e+00,1.166042923927307129e+00,7.345227599143981934e-01
1.635095502266418777e+01,2.134726073267356838e+01,1.791738159179687500e+03,2.145292282104492188e+00,1.258420000000000094e+00,1.157116532325744629e+00,7.619886994361877441e-01
1.634885755993645162e+01,2.135595035799010333e+01,1.468806884765625000e+03,1.958684444427490234e+00,1.258430000000000160e+00,1.437040090560913086e+00,8.989368677139282227e-01
1.634990950586814051e+01,2.136228822299240449e+01,1.147631103515625000e+03,2.193203687667846680e+00,1.258440000000000003e+00,8.877215981483459473e-01,5.127354264259338379e-01
1.634943957197757314e+01,2.137399691257004264e+01,1.217479614257812500e+03,2.151807069778442383e+00,1.258450000000000069e+00,1.310696840286254883e+00,7.730513215065002441e-01
1.634519865608599432e+01,2.138784017755912714e+01,1.563522949218750000e+03,1.369175434112548828e+00,1.258460000000000134e+00,1.927306890487670898e+00,1.226620554924011230e+00
1.635158936692926446e+01,2.139417065328272116e+01,1.522263549804687500e+03,2.301433801651000977e+00,1.258470000000000200e+00,1.866118907928466797e+00,1.179089307785034180e+00
1.635551160113782743e+01,2.140677322168091123e+01,1.526425170898437500e+03,3.672322750091552734e+00,1.258480000000000043e+00,1.061977624893188477e+00,6.715037226676940918e-01
1.634761635622386677e+01,2.141704635453360339e+01,1.665873901367187500e+03,2.977617502212524414e+00,1.258490000000000109e+00,1.447644948959350586e+00,9.366261959075927734e-01
1.634804824781288701e+01,2.143128300385152585e+01,1.447485717773437500e+03,2.161094665527343750e+00,1.258500000000000174e+00,1.271863102912902832e+00,7.922775149345397949e-01
1.634804975156179907e+01,2.143895880018294164e+01,1.273443481445312500e+03,2.653671026229858398e+00,1.258510000000000018e+00,9.903373122215270996e-01,5.929969549179077148e-01
1.634510872281602900e+01,2.145028692120038016e+01,1.157723510742187500e+03,1.933245182037353516e+00,1.258520000000000083e+00,9.656180143356323242e-01,5.595037937164306641e-01
1.635040584821332388e+01,2.146540115352051004e+01,1.161756469726562500e+03,1.492005109786987305e+00,1.258530000000000149e+00,1.178631544113159180e+00,6.837871074676513672e-01
1.635311380309903484e+01,2.147557899129772707e+01,1.437788208007812500e+03,1.381281137466430664e+00,1.258539999999999992e+00,1.019710659980773926e+00,6.339669823646545410e-01
1.634786461244128830e+01,2.148293182907997689e+01,1.318138061523437500e+03,1.816026687622070312e+00,1.258550000000000058e+00,9.219014048576354980e-01,5.582067966461181641e-01
1.634387359755443114e+01,2.150025798943667255e+01,1.664186401367187500e+03,1.564872980117797852e+00,1.258560000000000123e+00,8.623918890953063965e-01,5.578253269195556641e-01
1.634668455029287770e+01,2.150951150428974046e+01,1.508491821289062500e+03,1.279553890228271484e+00,1.258570000000000189e+00,9.788932204246520996e-01,6.169533133506774902e-01
1.634449665859491674e+01,2.151954394338089926e+01,1.465303710937500000e+03,1.379529953002929688e+00,1.258580000000000032e+00,9.032093286514282227e-01,5.646154880523681641e-01
1.634511841218312611e+01,2.152692544992462942e+01,1.069498291015625000e+03,1.412915706634521484e+00,1.258590000000000098e+00,8.922992348670959473e-01,5.018253326416015625e-01
1.635082756744654020e+01,2.153410560180394739e+01,1.290876342773437500e+03,1.293897151947021484e+00,1.258600000000000163e+00,9.383809566497802734e-01,5.643866062164306641e-01
1.634932025752672402e+01,2.155686290187491494e+01,9.568486938476562500e+02,1.236702919006347656e+00,1.258610000000000007e+00,9.288441538810729980e-01,4.988498687744140625e-01
1.634526834744791657e+01,2.156703054106659323e+01,1.103810913085937500e+03,1.192762374877929688e+00,1.258620000000000072e+00,8.146317005157470703e-01,4.637545049190521240e-01
1.634444032695818549e+01,2.157588757364876741e+01,1.093461669921875000e+03,1.296655654907226562e+00,1.258630000000000138e+00,9.227406382560729980e-01,5.234165787696838379e-01
1.634793063613582831e+01,2.158607845661027724e+01,1.204346557617187500e+03,1.056127071380615234e+00,1.258640000000000203e+00,9.766044020652770996e-01,5.738471150398254395e-01
1.634597839174884726e+01,2.159825220945072743e+01,1.338359985351562500e+03,1.464272260665893555e+00,1.258650000000000047e+00,9.509695172309875488e-01,5.785773396492004395e-01
1.634529793850763468e+01,2.160620077915845627e+01,1.120622436523437500e+03,1.373778104782104492e+00,1.258660000000000112e+00,9.848441481590270996e-01,5.638525485992431641e-01
1.635914010283478248e+01,2.161398976399899396e+01,1.399663940429687500e+03,1.303121566772460938e+00,1.258670000000000178e+00,9.881247878074645996e-01,6.094765067100524902e-01
1.635084287510919410e+01,2.162956504414244563e+01,1.395893310546875000e+03,1.525194168090820312e+00,1.258680000000000021e+00,9.106861352920532227e-01,5.612585544586181641e-01
1.634794325859067499e+01,2.164500351204618767e+01,1.100826782226562500e+03,1.325520992279052734e+00,1.258690000000000087e+00,9.792746901512145996e-01,5.569097995758056641e-01
1.635187623233052534e+01,2.165559476582216547e+01,1.042645751953125000e+03,1.409586191177368164e+00,1.258700000000000152e+00,8.485826253890991211e-01,4.724520444869995117e-01
1.635432992362219196e+01,2.166845305030116720e+01,1.250846313476562500e+03,1.295809268951416016e+00,1.258709999999999996e+00,7.880812883377075195e-01,4.690951108932495117e-01
1.634582542188664789e+01,2.167728830833645048e+01,1.824465087890625000e+03,1.123014211654663086e+00,1.258720000000000061e+00,9.956016540527343750e-01,6.583811044692993164e-01
1.634999416985612797e+01,2.169106662045303580e+01,1.438031494140625000e+03,1.274193048477172852e+00,1.258730000000000127e+00,8.477433919906616211e-01,5.270787477493286133e-01
1.635021501219494056e+01,2.169832876704612801e+01,1.582501464843750000e+03,1.398396015167236328e+00,1.258740000000000192e+00,1.086239218711853027e+00,6.935527324676513672e-01
1.635209173217954159e+01,2.170812235051451822e+01,1.384450073242187500e+03,1.417439699172973633e+00,1.258750000000000036e+00,1.241192817687988281e+00,7.630568146705627441e-01
1.635040416796825014e+01,2.171856079320638955e+01,1.361872436523437500e+03,2.065871477127075195e+00,1.258760000000000101e+00,1.250424385070800781e+00,7.648878693580627441e-01
1.634733999704010543e+01,2.173523290953543352e+01,1.389955688476562500e+03,2.015522241592407227e+00,1.258770000000000167e+00,1.067165613174438477e+00,6.568552255630493164e-01
1.634602268829260652e+01,2.174115947789454850e+01,1.145016845703125000e+03,2.111453533172607422e+00,1.258780000000000010e+00,9.763754606246948242e-01,5.634710788726806641e-01
1.634421616830340440e+01,2.175272534583232442e+01,1.794080444335937500e+03,1.367175102233886719e+00,1.258790000000000076e+00,1.039089322090148926e+00,6.844737529754638672e-01
1.634878357144666694e+01,2.176339415251482734e+01,1.035019531250000000e+03,1.739811420440673828e+00,1.258800000000000141e+00,9.313619136810302734e-01,5.170078873634338379e-01
1.634776141581451370e+01,2.177117882244892755e+01,1.202465087890625000e+03,1.530271291732788086e+00,1.258810000000000207e+00,1.170315384864807129e+00,6.872966289520263672e-01
1.634936997719087515e+01,2.178539657645509564e+01,1.238119018554687500e+03,1.401152133941650391e+00,1.258820000000000050e+00,8.831439614295959473e-01,5.238744020462036133e-01
1.634799246381293969e+01,2.179409056174845460e+01,1.302078735351562500e+03,1.652736186981201172e+00,1.258830000000000116e+00,1.048855066299438477e+00,6.325936317443847656e-01
1.635131635667486449e+01,2.180726117467917291e+01,1.088288696289062500e+03,1.351207017898559570e+00,1.258840000000000181e+00,8.990894556045532227e-01,5.090733170509338379e-01
1.634301562936862950e+01,2.182300532664407200e+01,1.177427978515625000e+03,1.615650177001953125e+00,1.258850000000000025e+00,1.050228357315063477e+00,6.122230887413024902e-01
1.634444936251038172e+01,2.182556140960000945e+01,1.023462463378906250e+03,1.320318698883056641e+00,1.258860000000000090e+00,7.178906202316284180e-01,3.966918885707855225e-01
1.634440041259542653e+01,2.184070213613543032e+01,1.019949157714843750e+03,1.315425157546997070e+00,1.258870000000000156e+00,8.649095892906188965e-01,4.772585928440093994e-01
1.634797523687397458e+01,2.185305713342087941e+01,1.576650390625000000e+03,8.112699389457702637e-01,1.258879999999999999e+00,1.077617883682250977e+00,6.873729228973388672e-01
1.633893624669777722e+01,2.186302150493520458e+01,1.245389038085937500e+03,1.265582561492919922e+00,1.258890000000000065e+00,8.204300999641418457e-01,4.876345992088317871e-01
1.635172533867688216e+01,2.187106786362182476e+01,1.244003051757812500e+03,1.615557193756103516e+00,1.258900000000000130e+00,7.632094025611877441e-01,4.534547924995422363e-01
1.634583652204330306e+01,2.187991520264725054e+01,1.256065307617187500e+03,1.176564216613769531e+00,1.258910000000000196e+00,7.872420549392700195e-01,4.692476987838745117e-01
1.634443974092830487e+01,2.189804714661360663e+01,1.514871948242187500e+03,9.373540282249450684e-01,1.258920000000000039e+00,7.916671633720397949e-01,4.995365142822265625e-01
1.634637468934719706e+01,2.190404910462464372e+01,1.271970825195312500e+03,1.093518257141113281e+00,1.258930000000000105e+00,8.869586586952209473e-01,5.308934450149536133e-01
1.635277402152767579e+01,2.191391417987256318e+01,1.419366821289062500e+03,1.161244630813598633e+00,1.258940000000000170e+00,7.153729200363159180e-01,4.430787861347198486e-01
1.634403201716760279e+01,2.191958841409122627e+01,1.204231567382812500e+03,1.088469743728637695e+00,1.258950000000000014e+00,6.827952861785888672e-01,4.011932313442230225e-01
1.633535811213808842e+01,2.193892188563280854e+01,1.321363281250000000e+03,8.523291945457458496e-01,1.258960000000000079e+00,7.111767530441284180e-01,4.309479892253875732e-01
1.634971396979986835e+01,2.194674551581878674e+01,1.375402832031250000e+03,8.467764258384704590e-01,1.258970000000000145e+00,7.170513868331909180e-01,4.399507045745849609e-01
1.634343509770726399e+01,2.196636864885796570e+01,1.117647460937500000e+03,8.406395316123962402e-01,1.258980000000000210e+00,7.477216720581054688e-01,4.276673495769500732e-01
1.634522290356713015e+01,2.196970455162793101e+01,1.363254272460937500e+03,9.021479487419128418e-01,1.258990000000000054e+00,7.017925381660461426e-01,4.294221103191375732e-01
1.634531926232790511e+01,2.198488742534473062e+01,1.219635131835937500e+03,8.602315783500671387e-01,1.259000000000000119e+00,8.730731010437011719e-01,5.152531266212463379e-01
1.635272264101210737e+01,2.199573826876537197e+01,8.523947143554687500e+02,9.792048335075378418e-01,1.259010000000000185e+00,8.641466498374938965e-01,4.398744106292724609e-01
1.634650765669982420e+01,2.200406550589916321e+01,1.368327270507812500e+03,1.052571058273315430e+00,1.259020000000000028e+00,1.124691486358642578e+00,6.889750957489013672e-01
1.634792168187675188e+01,2.201507019124944264e+01,1.485410888671875000e+03,1.137753248214721680e+00,1.259030000000000094e+00,1.265301704406738281e+00,7.940322756767272949e-01
1.635685786937764163e+01,2.203456648976232657e+01,1.305101196289062500e+03,1.697995185852050781e+00,1.259040000000000159e+00,1.087765097618103027e+00,6.565500497817993164e-01
1.634567167166444435e+01,2.204711151826805704e+01,1.236715942382812500e+03,1.627212285995483398e+00,1.259050000000000002e+00,1.210293650627136230e+00,7.176617383956909180e-01
1.634371608837791356e+01,2.205363404135523098e+01,1.216354614257812500e+03,1.620945453643798828e+00,1.259060000000000068e+00,1.088680624961853027e+00,6.419015526771545410e-01
1.634662361175192657e+01,2.206363604740439044e+01,1.355335205078125000e+03,1.854736328125000000e+00,1.259070000000000134e+00,9.356343746185302734e-01,5.714820027351379395e-01
1.635031151669494065e+01,2.207913258043901905e+01,1.227809204101562500e+03,1.612439870834350586e+00,1.259080000000000199e+00,9.310567378997802734e-01,5.507299304008483887e-01
1.634696498507116402e+01,2.208686430608969786e+01,1.090090087890625000e+03,1.361563920974731445e+00,1.259090000000000042e+00,9.589803814888000488e-01,5.433294177055358887e-01
1.635062660467284701e+01,2.209627205185638488e+01,1.253987915039062500e+03,1.380156993865966797e+00,1.259100000000000108e+00,8.660539984703063965e-01,5.159397721290588379e-01
1.635069298604453891e+01,2.210858748153156128e+01,1.033882568359375000e+03,1.349119663238525391e+00,1.259110000000000174e+00,8.319504857063293457e-01,4.616182744503021240e-01
1.634796443509116060e+01,2.212085644671059370e+01,1.333237792968750000e+03,1.130501747131347656e+00,1.259120000000000017e+00,8.646044135093688965e-01,5.254002809524536133e-01
1.635131415052422454e+01,2.213178386569549616e+01,9.208270874023437500e+02,1.033788442611694336e+00,1.259130000000000082e+00,7.403973937034606934e-01,3.908935189247131348e-01
1.635070146599855434e+01,2.214162716864695213e+01,9.405623168945312500e+02,1.037953615188598633e+00,1.259140000000000148e+00,8.140976428985595703e-01,4.339234828948974609e-01
1.634116833300446814e+01,2.215691128366042406e+01,9.051142578125000000e+02,9.761423468589782715e-01,1.259150000000000214e+00,7.829695940017700195e-01,4.101196527481079102e-01
1.634506978990766513e+01,2.216045629532231231e+01,1.048707519531250000e+03,9.679502844810485840e-01,1.259160000000000057e+00,7.856398820877075195e-01,4.384248256683349609e-01
1.634776112885277399e+01,2.218184976925179441e+01,1.622242919921875000e+03,8.777982592582702637e-01,1.259170000000000122e+00,8.462938070297241211e-01,5.438634753227233887e-01
1.634249293559884819e+01,2.218751032971216119e+01,1.001592102050781250e+03,1.100086688995361328e+00,1.259180000000000188e+00,7.542829513549804688e-01,4.130951464176177979e-01
1.634304734271333359e+01,2.219808044047251272e+01,1.265161254882812500e+03,1.009610414505004883e+00,1.259190000000000031e+00,7.737380266189575195e-01,4.623049199581146240e-01
1.634163343120522072e+01,2.221072483884450932e+01,1.156732543945312500e+03,8.880824446678161621e-01,1.259200000000000097e+00,9.543264508247375488e-01,5.527898669242858887e-01
1.635101998091708353e+01,2.221508246762557093e+01,1.322619140625000000e+03,1.201468229293823242e+00,1.259210000000000163e+00,1.164211869239807129e+00,7.056835293769836426e-01
1.634666211032674354e+01,2.222924427087630050e+01,1.578909790039062500e+03,1.392471313476562500e+00,1.259220000000000006e+00,8.997761011123657227e-01,5.741522908210754395e-01
1.634693345839674805e+01,2.224193216181205557e+01,1.145693725585937500e+03,1.806674718856811523e+00,1.259230000000000071e+00,1.009868621826171875e+00,5.829260945320129395e-01
1.634655520513672045e+01,2.225308504933566311e+01,1.325257690429687500e+03,1.454787969589233398e+00,1.259240000000000137e+00,1.413922905921936035e+00,8.575853705406188965e-01
1.634161280624267576e+01,2.225769086872599800e+01,1.374311645507812500e+03,1.615609645843505859e+00,1.259250000000000203e+00,1.607023596763610840e+00,9.857596755027770996e-01
1.634313898352613847e+01,2.227250758934148323e+01,1.308345092773437500e+03,2.649257898330688477e+00,1.259260000000000046e+00,1.301236391067504883e+00,7.860213518142700195e-01
1.634921189490736282e+01,2.227807180910501117e+01,1.337365234375000000e+03,2.929814577102661133e+00,1.259270000000000111e+00,1.039241909980773926e+00,6.321358680725097656e-01
1.634453951608347921e+01,2.229603661659523794e+01,9.905523071289062500e+02,2.100123882293701172e+00,1.259280000000000177e+00,1.048778772354125977e+00,5.717108845710754395e-01
1.634065741237926161e+01,2.230571309067587293e+01,1.524859130859375000e+03,1.715164899826049805e+00,1.259290000000000020e+00,1.012310028076171875e+00,6.399179100990295410e-01
1.634102041867646449e+01,2.231370979377052066e+01,1.082258911132812500e+03,1.568257331848144531e+00,1.259300000000000086e+00,8.601030707359313965e-01,4.859561324119567871e-01
1.634782629470272042e+01,2.232643820760878484e+01,1.582215209960937500e+03,1.469344615936279297e+00,1.259310000000000151e+00,9.200703501701354980e-01,5.874274969100952148e-01
1.634246453461732074e+01,2.233697243149941158e+01,1.208244384765625000e+03,1.330648183822631836e+00,1.259319999999999995e+00,8.586534857749938965e-01,5.051059722900390625e-01
1.634147466198625054e+01,2.235301159485423383e+01,9.151647949218750000e+02,1.264984130859375000e+00,1.259330000000000060e+00,8.582720160484313965e-01,4.518526196479797363e-01
1.634696799678732759e+01,2.236119900981728392e+01,1.331324951171875000e+03,1.147139787673950195e+00,1.259340000000000126e+00,1.073879480361938477e+00,6.522775888442993164e-01
1.634662807319350009e+01,2.237748837795868440e+01,1.124710571289062500e+03,1.319703578948974609e+00,1.259350000000000191e+00,9.946861267089843750e-01,5.702612400054931641e-01
1.634213536318810966e+01,2.239110130414933408e+01,1.143141723632812500e+03,1.569780826568603516e+00,1.259360000000000035e+00,9.027515649795532227e-01,5.206699967384338379e-01
1.634381066180898756e+01,2.240227354161346085e+01,1.278657226562500000e+03,1.358631372451782227e+00,1.259370000000000100e+00,9.214436411857604980e-01,5.524846911430358887e-01
1.634418628581423860e+01,2.241168072561009339e+01,1.403596801757812500e+03,1.339343309402465820e+00,1.259380000000000166e+00,8.088333606719970703e-01,4.993076324462890625e-01
1.634067461905951291e+01,2.241939722890242592e+01,1.194634155273437500e+03,1.408582448959350586e+00,1.259390000000000009e+00,9.319722652435302734e-01,5.460759997367858887e-01
1.634124010505994207e+01,2.243108747448831508e+01,1.008416259765625000e+03,1.157029390335083008e+00,1.259400000000000075e+00,9.870566725730895996e-01,5.421087145805358887e-01
1.634658430941630769e+01,2.243978032225095376e+01,9.780874023437500000e+02,1.284110069274902344e+00,1.259410000000000140e+00,9.344136714935302734e-01,5.066318511962890625e-01
1.634554668430276791e+01,2.245747254000552573e+01,8.876052246093750000e+02,1.408407211303710938e+00,1.259420000000000206e+00,9.084736108779907227e-01,4.715365171432495117e-01
1.634196145067016914e+01,2.246449000002974472e+01,1.300724853515625000e+03,1.233354330062866211e+00,1.259430000000000049e+00,8.448442220687866211e-01,5.093784928321838379e-01
1.634896909432556811e+01,2.248012032610736810e+01,1.250796020507812500e+03,1.141366481781005859e+00,1.259440000000000115e+00,8.987079858779907227e-01,5.349370241165161133e-01
1.634348596655032182e+01,2.249215793188786705e+01,1.715652954101562500e+03,1.084689617156982422e+00,1.259450000000000180e+00,8.541521430015563965e-01,5.566809177398681641e-01
1.634548887791036265e+01,2.249989930434831464e+01,9.198345336914062500e+02,1.238502979278564453e+00,1.259460000000000024e+00,8.768115043640136719e-01,4.626863896846771240e-01
1.634602147826823071e+01,2.251377588890953518e+01,1.094110473632812500e+03,1.195066690444946289e+00,1.259470000000000089e+00,8.768115043640136719e-01,4.974765777587890625e-01
1.634675276073016192e+01,2.252137259050881113e+01,1.366404174804687500e+03,1.088487625122070312e+00,1.259480000000000155e+00,9.432637691497802734e-01,5.775855183601379395e-01
1.634441925959085040e+01,2.253275358730401479e+01,1.163450805664062500e+03,1.210311174392700195e+00,1.259489999999999998e+00,8.612474799156188965e-01,4.999179840087890625e-01
1.634314963640370166e+01,2.254466734461340138e+01,1.216943725585937500e+03,1.310892820358276367e+00,1.259500000000000064e+00,1.007122039794921875e+00,5.939124822616577148e-01
1.634520941369232716e+01,2.255408980570350508e+01,9.947923583984375000e+02,1.340008497238159180e+00,1.259510000000000129e+00,9.031330347061157227e-01,4.932040870189666748e-01
1.633614277517310498e+01,2.257014625481596681e+01,1.251941894531250000e+03,1.452167749404907227e+00,1.259520000000000195e+00,9.177815318107604980e-01,5.464574694633483887e-01
1.634221332468589694e+01,2.257596981290718219e+01,1.277193847656250000e+03,1.198915958404541016e+00,1.259530000000000038e+00,8.597978949546813965e-01,5.153294205665588379e-01
1.634669206156205945e+01,2.259034921516122196e+01,1.230580322265625000e+03,1.245897531509399414e+00,1.259540000000000104e+00,8.621630072593688965e-01,5.103703141212463379e-01
1.633876536698668858e+01,2.260471173408283008e+01,1.434734130859375000e+03,1.091467857360839844e+00,1.259550000000000169e+00,9.179341197013854980e-01,5.703375935554504395e-01
1.633782636719902825e+01,2.261125068335285704e+01,1.244811279296875000e+03,1.233043193817138672e+00,1.259560000000000013e+00,8.337815403938293457e-01,4.954929053783416748e-01
1.634238501624635020e+01,2.262004939564068096e+01,1.057406372070312500e+03,1.150129556655883789e+00,1.259570000000000078e+00,9.067951440811157227e-01,5.076999664306640625e-01
1.633851396788264765e+01,2.263034013748971063e+01,1.124154418945312500e+03,1.116547107696533203e+00,1.259580000000000144e+00,8.449968099594116211e-01,4.843539595603942871e-01
1.633389173877138845e+01,2.265058432942699085e+01,1.041596069335937500e+03,1.030205011367797852e+00,1.259590000000000209e+00,9.491384625434875488e-01,5.282231569290161133e-01
1.633947454934059351e+01,2.265579001443450124e+01,1.178362182617187500e+03,1.070488214492797852e+00,1.259600000000000053e+00,9.981193542480468750e-01,5.820105671882629395e-01
1.634071808855421892e+01,2.266682535793746212e+01,1.599653564453125000e+03,1.277018308639526367e+00,1.259610000000000118e+00,1.040386319160461426e+00,6.661631464958190918e-01
1.634626861732737879e+01,2.267411623781837804e+01,1.106575561523437500e+03,1.431983232498168945e+00,1.259620000000000184e+00,8.711657524108886719e-01,4.964084625244140625e-01
1.634117869503971576e+01,2.268928108803671861e+01,1.215891357421875000e+03,1.508713483810424805e+00,1.259630000000000027e+00,9.843863844871520996e-01,5.803321003913879395e-01
1.634230959265021355e+01,2.269544300937754144e+01,1.841060791015625000e+03,1.258736371994018555e+00,1.259640000000000093e+00,9.867514967918395996e-01,6.538797616958618164e-01
1.634002307737409154e+01,2.270316265136541034e+01,1.020779113769531250e+03,1.529616832733154297e+00,1.259650000000000158e+00,9.997978210449218750e-01,5.518743395805358887e-01
1.634056682173882535e+01,2.271766555411210575e+01,1.343889648437500000e+03,1.506117105484008789e+00,1.259660000000000002e+00,8.931384682655334473e-01,5.440923571586608887e-01
1.634461755615534884e+01,2.272974187792768319e+01,1.027971923828125000e+03,1.339791536331176758e+00,1.259670000000000067e+00,7.651167511940002441e-01,4.235474467277526855e-01
1.634176349647177062e+01,2.273013140743176308e+01,1.103758666992187500e+03,1.080268144607543945e+00,1.259680000000000133e+00,8.158524036407470703e-01,4.644411504268646240e-01
1.634175879164463296e+01,2.273383701510532973e+01,1.404605346679687500e+03,1.044228792190551758e+00,1.259690000000000198e+00,8.394273519515991211e-01,5.183048844337463379e-01
1.634122928014991061e+01,2.274326093334256171e+01,1.127365722656250000e+03,1.078519344329833984e+00,1.259700000000000042e+00,9.357106685638427734e-01,5.369206666946411133e-01
1.634174678062587560e+01,2.275474517026393073e+01,1.145475097656250000e+03,1.132071733474731445e+00,1.259710000000000107e+00,9.753073453903198242e-01,5.629370212554931641e-01
1.634240975284408393e+01,2.276795481626401596e+01,1.325046630859375000e+03,1.299225807189941406e+00,1.259720000000000173e+00,9.579885601997375488e-01,5.810187458992004395e-01
1.634534618752978830e+01,2.277240233859803809e+01,1.364213256835937500e+03,1.345401525497436523e+00,1.259730000000000016e+00,8.971057534217834473e-01,5.490514636039733887e-01
1.634868872544987894e+01,2.278279797392355377e+01,9.997053222656250000e+02,1.264769554138183594e+00,1.259740000000000082e+00,9.840812087059020996e-01,5.385228395462036133e-01
1.634598863070845809e+01,2.278976610607785958e+01,1.592571777343750000e+03,1.333665370941162109e+00,1.259750000000000147e+00,9.442555904388427734e-01,6.039070487022399902e-01
1.634469424161032336e+01,2.280690862231486093e+01,1.338249267578125000e+03,1.294184446334838867e+00,1.259760000000000213e+00,1.021846890449523926e+00,6.216835975646972656e-01
1.634259625205092092e+01,2.281678182286037426e+01,1.392239868164062500e+03,1.307692050933837891e+00,1.259770000000000056e+00,1.130566120147705078e+00,6.962230801582336426e-01
1.634521679819789242e+01,2.282503205664460566e+01,1.469969726562500000e+03,1.664050340652465820e+00,1.259780000000000122e+00,1.031765103340148926e+00,6.455636620521545410e-01
1.634213135185848031e+01,2.284327452915277945e+01,1.494258544921875000e+03,1.608860015869140625e+00,1.259790000000000187e+00,1.111111164093017578e+00,6.984356045722961426e-01
1.634360576693447342e+01,2.284623575823681563e+01,1.002840087890625000e+03,1.615677595138549805e+00,1.259800000000000031e+00,1.184963941574096680e+00,6.493021249771118164e-01
1.634538363173311026e+01,2.285426415772597153e+01,1.022547607421875000e+03,1.811518192291259766e+00,1.259810000000000096e+00,1.181683301925659180e+00,6.527353525161743164e-01
1.634632195898247176e+01,2.287052434941612233e+01,1.189971191406250000e+03,1.897667169570922852e+00,1.259820000000000162e+00,1.196636915206909180e+00,7.001903653144836426e-01
1.634195414847545891e+01,2.288547798555545043e+01,1.368003662109375000e+03,1.795999526977539062e+00,1.259830000000000005e+00,1.088528037071228027e+00,6.667734980583190918e-01
1.634865719222959157e+01,2.289198036460776464e+01,1.348405029296875000e+03,1.946851730346679688e+00,1.259840000000000071e+00,1.071361780166625977e+00,6.533457040786743164e-01
1.634450579091833688e+01,2.291047765598990438e+01,1.222266479492187500e+03,1.728264808654785156e+00,1.259850000000000136e+00,1.215405344963073730e+00,7.178143262863159180e-01
1.634290760449952629e+01,2.292170805179273785e+01,1.294417724609375000e+03,1.729634523391723633e+00,1.259860000000000202e+00,1.024364590644836426e+00,6.166481375694274902e-01
1.634545216753064167e+01,2.293077445287332949e+01,1.326284301757812500e+03,1.714790582656860352e+00,1.259870000000000045e+00,1.156277298927307129e+00,7.014873623847961426e-01
1.634160073903324317e+01,2.294593360917975033e+01,1.534687866210937500e+03,1.661390781402587891e+00,1.259880000000000111e+00,1.157879471778869629e+00,7.332257628440856934e-01
1.634893379244840617e+01,2.296594416353396539e+01,1.362284179687500000e+03,1.854536056518554688e+00,1.259890000000000176e+00,1.114620685577392578e+00,6.818797588348388672e-01
1.634146608656412170e+01,2.297686209522795764e+01,1.041279541015625000e+03,1.893066883087158203e+00,1.259900000000000020e+00,1.011089324951171875e+00,5.626318454742431641e-01
1.634653815465240356e+01,2.299580282357866423e+01,1.401858032226562500e+03,1.735547304153442383e+00,1.259910000000000085e+00,9.928550720214843750e-01,6.126808524131774902e-01
1.634916510499219910e+01,2.300856229760924876e+01,1.122945678710937500e+03,1.506106376647949219e+00,1.259920000000000151e+00,1.076626062393188477e+00,6.168770194053649902e-01
1.634450455341085728e+01,2.302047670825321646e+01,1.485503295898437500e+03,1.629532098770141602e+00,1.259929999999999994e+00,9.724081754684448242e-01,6.102394461631774902e-01
1.634777282165890000e+01,2.303896956990916678e+01,1.464052124023437500e+03,1.553744792938232422e+00,1.259940000000000060e+00,1.067623376846313477e+00,6.672312617301940918e-01
1.634521790496985716e+01,2.304668451606060842e+01,1.598654296875000000e+03,1.524831771850585938e+00,1.259950000000000125e+00,1.235165596008300781e+00,7.907516360282897949e-01
1.634470849377898816e+01,2.306041100571667357e+01,1.554165893554687500e+03,1.858269691467285156e+00,1.259960000000000191e+00,1.290326237678527832e+00,8.198959827423095703e-01
1.634931244735103562e+01,2.307525428131074463e+01,1.408672363281250000e+03,1.970672130584716797e+00,1.259970000000000034e+00,1.510435104370117188e+00,9.334218502044677734e-01
1.634560260070176696e+01,2.309318439154797176e+01,1.387422729492187500e+03,2.319662094116210938e+00,1.259980000000000100e+00,1.473050951957702637e+00,9.061847925186157227e-01
1.634833198020964318e+01,2.309671463691032400e+01,1.338127319335937500e+03,2.667722225189208984e+00,1.259990000000000165e+00,1.204342722892761230e+00,7.326917052268981934e-01
1.634492803125906946e+01,2.309896684685970314e+01,1.811187133789062500e+03,2.614776611328125000e+00,1.260000000000000009e+00,9.465444684028625488e-01,6.248879432678222656e-01
1.635184429466260880e+01,2.311886770828154170e+01,1.655342285156250000e+03,1.893313646316528320e+00,1.260010000000000074e+00,9.981956481933593750e-01,6.448007225990295410e-01
1.634239790430117267e+01,2.313663844719473772e+01,1.407856811523437500e+03,1.635640382766723633e+00,1.260020000000000140e+00,1.094326376914978027e+00,6.761576533317565918e-01
1.634662910844631512e+01,2.314381256119215635e+01,1.457333862304687500e+03,1.854325056076049805e+00,1.260030000000000205e+00,1.277814030647277832e+00,7.975417971611022949e-01
1.634886110713499363e+01,2.315298358676722401e+01,1.283153442382812500e+03,1.721806049346923828e+00,1.260040000000000049e+00,1.557279825210571289e+00,9.347951412200927734e-01
1.634700684447409813e+01,2.316567166282286649e+01,1.330457031250000000e+03,2.385076999664306641e+00,1.260050000000000114e+00,1.417203545570373535e+00,8.606371283531188965e-01
1.634394580971855504e+01,2.317499445769052002e+01,1.724799194335937500e+03,2.639522075653076172e+00,1.260060000000000180e+00,1.580473303794860840e+00,1.031383633613586426e+00
1.634872831225667156e+01,2.318822895679204876e+01,1.382284301757812500e+03,2.986837148666381836e+00,1.260070000000000023e+00,1.348309874534606934e+00,8.285172581672668457e-01
1.634938156424442113e+01,2.319534392462346162e+01,1.422107666015625000e+03,2.765826702117919922e+00,1.260080000000000089e+00,1.135143756866455078e+00,7.034710049629211426e-01
1.634288173592134186e+01,2.320981961321931664e+01,1.400143432617187500e+03,2.301651954650878906e+00,1.260090000000000154e+00,1.251339912414550781e+00,7.719069123268127441e-01
1.635028541701741389e+01,2.322019622996679189e+01,1.655662841796875000e+03,1.810836315155029297e+00,1.260099999999999998e+00,1.260571479797363281e+00,8.143265247344970703e-01
1.634479393061232955e+01,2.322414607456694569e+01,1.736991821289062500e+03,2.450010299682617188e+00,1.260110000000000063e+00,1.035884976387023926e+00,6.771494746208190918e-01
1.634531854976525267e+01,2.323715587671381400e+01,1.758064697265625000e+03,2.130941867828369141e+00,1.260120000000000129e+00,1.063503503799438477e+00,6.972149014472961426e-01
1.634423648419438635e+01,2.324735823684329006e+01,1.504990600585937500e+03,1.719306230545043945e+00,1.260130000000000194e+00,1.029552578926086426e+00,6.484628915786743164e-01
1.634722528234652117e+01,2.326290012417261721e+01,1.208538818359375000e+03,1.728538990020751953e+00,1.260140000000000038e+00,1.024059414863586426e+00,6.024574637413024902e-01
1.634559508150526952e+01,2.327363589086659701e+01,1.183467773437500000e+03,1.684381484985351562e+00,1.260150000000000103e+00,1.117825031280517578e+00,6.528116464614868164e-01
1.634151166572117120e+01,2.328383524194105192e+01,1.890188232421875000e+03,1.585006237030029297e+00,1.260160000000000169e+00,1.118511676788330078e+00,7.455854415893554688e-01
1.634098794206438043e+01,2.329576227160325885e+01,1.092171264648437500e+03,1.837749004364013672e+00,1.260170000000000012e+00,8.915362954139709473e-01,5.054874420166015625e-01
1.634405718692961784e+01,2.330729989645602274e+01,1.084232055664062500e+03,1.529172182083129883e+00,1.260180000000000078e+00,9.872855544090270996e-01,5.582067966461181641e-01
1.634349856032327608e+01,2.331382101269223028e+01,1.385259155273437500e+03,1.429647922515869141e+00,1.260190000000000143e+00,9.820212721824645996e-01,6.038307547569274902e-01
1.634509285540065449e+01,2.332336328544209181e+01,1.114314575195312500e+03,1.576870203018188477e+00,1.260200000000000209e+00,9.550130963325500488e-01,5.456182360649108887e-01
1.634647944420415655e+01,2.334145049839681363e+01,1.185832153320312500e+03,1.452298879623413086e+00,1.260210000000000052e+00,1.056331872940063477e+00,6.173348426818847656e-01
1.634504902148560390e+01,2.335577731528156775e+01,1.353864135742187500e+03,1.460232257843017578e+00,1.260220000000000118e+00,1.080517172813415527e+00,6.597543954849243164e-01
1.634780634940856459e+01,2.336777527306614033e+01,1.611300048828125000e+03,1.662901163101196289e+00,1.260230000000000183e+00,1.180538892745971680e+00,7.573347091674804688e-01
1.634573928847007807e+01,2.337443006375468002e+01,1.329870483398437500e+03,1.884662628173828125e+00,1.260240000000000027e+00,1.249279975891113281e+00,7.585554718971252441e-01
1.633996542208909375e+01,2.338702912146565538e+01,1.244696533203125000e+03,2.091137886047363281e+00,1.260250000000000092e+00,1.072735071182250977e+00,6.374765038490295410e-01
1.633542269454629903e+01,2.339732072747356995e+01,1.515522460937500000e+03,2.131205320358276367e+00,1.260260000000000158e+00,9.626425504684448242e-01,6.074928641319274902e-01
1.634579655229450168e+01,2.340742074831015174e+01,1.336565917968750000e+03,1.647189378738403320e+00,1.260270000000000001e+00,1.035045742988586426e+00,6.294655799865722656e-01
1.634818759440081237e+01,2.341738235946274571e+01,1.113156005859375000e+03,1.508819580078125000e+00,1.260280000000000067e+00,9.692801237106323242e-01,5.535528063774108887e-01
1.634294753237793074e+01,2.342893852206359639e+01,1.502779418945312500e+03,1.470324516296386719e+00,1.260290000000000132e+00,8.131821155548095703e-01,5.119724869728088379e-01
1.634488574557942897e+01,2.344376417649941402e+01,1.352912231445312500e+03,1.217150211334228516e+00,1.260300000000000198e+00,1.035884976387023926e+00,6.323647499084472656e-01
1.634752090579046424e+01,2.344956847245727971e+01,1.326177246093750000e+03,1.353926181793212891e+00,1.260310000000000041e+00,1.039852261543273926e+00,6.308388710021972656e-01
1.634221562033876651e+01,2.345641796621150732e+01,1.226946166992187500e+03,1.530665874481201172e+00,1.260320000000000107e+00,1.097835898399353027e+00,6.492258310317993164e-01
1.633976414241239539e+01,2.347836302988199009e+01,1.408050048828125000e+03,1.631586074829101562e+00,1.260330000000000172e+00,9.853782057762145996e-01,6.088661551475524902e-01
1.634146855226530803e+01,2.348379588778044180e+01,1.390512329101562500e+03,1.732149839401245117e+00,1.260340000000000016e+00,1.197170972824096680e+00,7.369641661643981934e-01
1.633729363150577285e+01,2.349466425840709860e+01,1.522518188476562500e+03,1.493725299835205078e+00,1.260350000000000081e+00,1.071056604385375977e+00,6.767680048942565918e-01
1.634108728577304603e+01,2.350520248981653637e+01,1.040048706054687500e+03,1.772074222564697266e+00,1.260360000000000147e+00,1.045040249824523926e+00,5.812476277351379395e-01
1.634325357450487815e+01,2.351632293806897422e+01,1.415173217773437500e+03,1.605151414871215820e+00,1.260370000000000212e+00,1.133083820343017578e+00,7.011821866035461426e-01
1.634283498040874605e+01,2.352631311572163852e+01,1.199613281250000000e+03,1.649804830551147461e+00,1.260380000000000056e+00,1.161923050880432129e+00,6.818034648895263672e-01
1.633482403325216836e+01,2.353317919187398743e+01,1.217163574218750000e+03,1.773401021957397461e+00,1.260390000000000121e+00,1.065792322158813477e+00,6.285500526428222656e-01
1.633977336628287702e+01,2.354974782332045891e+01,1.490443725585937500e+03,1.838727712631225586e+00,1.260400000000000187e+00,1.294827580451965332e+00,8.133347034454345703e-01
1.633885504781556008e+01,2.356563154671373184e+01,1.106771972656250000e+03,1.918569326400756836e+00,1.260410000000000030e+00,1.010478973388671875e+00,5.758307576179504395e-01
1.633816336128397495e+01,2.357152539492673071e+01,1.164011108398437500e+03,1.949713945388793945e+00,1.260420000000000096e+00,1.263623237609863281e+00,7.336072325706481934e-01
1.634374857334248077e+01,2.358028916604091307e+01,1.337545166015625000e+03,1.706408977508544922e+00,1.260430000000000161e+00,1.343350768089294434e+00,8.171494007110595703e-01
1.634342861729854590e+01,2.359246817925637885e+01,1.240023559570312500e+03,2.224821567535400391e+00,1.260440000000000005e+00,1.180920362472534180e+00,7.008770108222961426e-01
1.633802796373165833e+01,2.360970602391921247e+01,1.330220458984375000e+03,2.316443443298339844e+00,1.260450000000000070e+00,9.520376324653625488e-01,5.781195759773254395e-01
1.633877776378132651e+01,2.361908513090578765e+01,1.822973144531250000e+03,1.835146665573120117e+00,1.260460000000000136e+00,1.158032059669494629e+00,7.656508088111877441e-01
1.634471449830011025e+01,2.362197131940814288e+01,1.496421508789062500e+03,1.497451782226562500e+00,1.260470000000000201e+00,1.136745929718017578e+00,7.148388624191284180e-01
1.634593997766216233e+01,2.364453841049484595e+01,1.417740478515625000e+03,1.785352945327758789e+00,1.260480000000000045e+00,1.086391806602478027e+00,6.726481318473815918e-01
1.634092818360467092e+01,2.364481871960126824e+01,1.456580810546875000e+03,1.764530658721923828e+00,1.260490000000000110e+00,1.001705169677734375e+00,6.251168251037597656e-01
1.634230895863554522e+01,2.365635834097677659e+01,1.576956665039062500e+03,1.581118822097778320e+00,1.260500000000000176e+00,9.232746958732604980e-01,5.889533758163452148e-01
1.634780950557128065e+01,2.367002116039261850e+01,1.386721069335937500e+03,1.419634342193603516e+00,1.260510000000000019e+00,1.055263757705688477e+00,6.490732431411743164e-01
1.634353142367932676e+01,2.368728573345771693e+01,1.156844970703125000e+03,1.371438026428222656e+00,1.260520000000000085e+00,1.170162796974182129e+00,6.778361201286315918e-01
1.634239710129377343e+01,2.369254093400192218e+01,1.494006835937500000e+03,1.722895622253417969e+00,1.260530000000000150e+00,1.077541589736938477e+00,6.773020625114440918e-01
1.634091059272111934e+01,2.370366090818870930e+01,1.205593994140625000e+03,1.747093915939331055e+00,1.260539999999999994e+00,1.049846887588500977e+00,6.171059012413024902e-01
1.634425607905667022e+01,2.371559518837856473e+01,8.869555053710937500e+02,1.716428518295288086e+00,1.260550000000000059e+00,1.020244717597961426e+00,5.293675661087036133e-01
1.633622776465690407e+01,2.373048519773537279e+01,1.540528442382812500e+03,1.574745893478393555e+00,1.260560000000000125e+00,9.869803786277770996e-01,6.256508827209472656e-01
1.634706580861016079e+01,2.373622535110200715e+01,1.380898681640625000e+03,1.600946903228759766e+00,1.260570000000000190e+00,8.568987250328063965e-01,5.263921022415161133e-01
1.634663756887461616e+01,2.375005466069021409e+01,1.510777954101562500e+03,1.501636028289794922e+00,1.260580000000000034e+00,1.109890460968017578e+00,6.998088955879211426e-01
1.633814637803408942e+01,2.376700810523524865e+01,1.120476074218750000e+03,1.343668222427368164e+00,1.260590000000000099e+00,1.040996670722961426e+00,5.959724187850952148e-01
1.634227702841347352e+01,2.377093263272345780e+01,1.344615722656250000e+03,1.630782604217529297e+00,1.260600000000000165e+00,9.341847896575927734e-01,5.691931247711181641e-01
1.634883747519656083e+01,2.378608419129408702e+01,1.380325927734375000e+03,1.540568590164184570e+00,1.260610000000000008e+00,1.133007526397705078e+00,6.959179043769836426e-01
1.634330447001999076e+01,2.379515267289830405e+01,1.237680908203125000e+03,1.536075592041015625e+00,1.260620000000000074e+00,1.033748745918273926e+00,6.131386160850524902e-01
1.634817510770848514e+01,2.379858822943183938e+01,1.209639892578125000e+03,1.589141607284545898e+00,1.260630000000000139e+00,1.106838583946228027e+00,6.513620615005493164e-01
1.634596958464649674e+01,2.381376611365223894e+01,1.385194580078125000e+03,1.460361003875732422e+00,1.260640000000000205e+00,9.190022349357604980e-01,5.650732517242431641e-01
1.634533785257634619e+01,2.382567208210111787e+01,1.110092529296875000e+03,1.671250581741333008e+00,1.260650000000000048e+00,1.067241907119750977e+00,6.088661551475524902e-01
1.633993270466558556e+01,2.383020077996134134e+01,1.243296630859375000e+03,1.414273500442504883e+00,1.260660000000000114e+00,9.377706050872802734e-01,5.570623874664306641e-01
1.634648208394124325e+01,2.383653952312306501e+01,9.757213134765625000e+02,1.636557102203369141e+00,1.260670000000000179e+00,9.891929030418395996e-01,5.357762575149536133e-01
1.635066849513810894e+01,2.384186520130172937e+01,1.085346313476562500e+03,1.367638826370239258e+00,1.260680000000000023e+00,8.659014105796813965e-01,4.897708594799041748e-01
1.634429525570576303e+01,2.384975410374591576e+01,1.945987792968750000e+03,1.383627176284790039e+00,1.260690000000000088e+00,1.861197948455810547e-01,1.248555183410644531e-01
1.634911364028076264e+01,2.384994666020918075e+01,1.381458740234375000e+03,1.008052349090576172e+00,1.260700000000000154e+00,1.655966341495513916e-01,1.017383635044097900e-01
1.634897350683361239e+01,2.385320574789598780e+01,2.014997802734375000e+03,4.320043623447418213e-01,1.260709999999999997e+00,1.379018276929855347e-01,9.319341182708740234e-02
