# x_coordinates, y_coordinates, TEP, TED, times, high, low
4.146438083786580364e+01,1.813580560990199686e+01,7.383651367187500000e+03,1.064521148800849915e-01,5.645470000000000432e+00,3.472532033920288086e-01,2.729426324367523193e-01
4.146250255283413821e+01,1.812343923231560439e+01,1.320691650390625000e+03,1.879054456949234009e-01,5.645480000000000054e+00,4.239289164543151855e-01,2.568445503711700439e-01
4.145778361216823527e+01,1.811807500819107020e+01,1.732481201171875000e+03,4.807645380496978760e-01,5.645490000000000563e+00,4.132477343082427979e-01,2.699671685695648193e-01
4.147191511530371599e+01,1.811645679423967437e+01,1.427416748046875000e+03,5.115742087364196777e-01,5.645500000000000185e+00,5.109043717384338379e-01,3.169644176959991455e-01
4.146809744796049557e+01,1.811008544555959787e+01,1.401315307617187500e+03,6.643897891044616699e-01,5.645510000000000694e+00,6.052040457725524902e-01,3.734221458435058594e-01
4.146251149657213375e+01,1.810157714579468191e+01,1.446011474609375000e+03,7.478994727134704590e-01,5.645520000000000316e+00,6.950786113739013672e-01,4.328553378582000732e-01
4.147007410177001674e+01,1.810778069083231756e+01,1.198738891601562500e+03,1.001091718673706055e+00,5.645530000000000825e+00,7.297925353050231934e-01,4.281251132488250732e-01
4.146732035780581782e+01,1.810797703846790796e+01,1.150141723632812500e+03,1.204354286193847656e+00,5.645540000000000447e+00,6.859996318817138672e-01,3.965393006801605225e-01
4.146459890245896673e+01,1.810957014113570906e+01,1.647300537109375000e+03,1.065816402435302734e+00,5.645550000000000068e+00,7.742720842361450195e-01,4.995365142822265625e-01
4.146257809279355655e+01,1.811168061336960022e+01,3.094638916015625000e+03,1.096871614456176758e+00,5.645560000000000578e+00,8.620104193687438965e-01,6.263375282287597656e-01
4.147227011570168997e+01,1.811881267458799627e+01,2.445664794921875000e+03,1.432144165039062500e+00,5.645570000000000199e+00,6.896617412567138672e-01,4.834384322166442871e-01
4.146096059682267310e+01,1.812464322839812780e+01,1.632961669921875000e+03,1.557785987854003906e+00,5.645580000000000709e+00,6.891276836395263672e-01,4.436128437519073486e-01
4.146991708649933628e+01,1.813532907734562727e+01,1.702860107421875000e+03,1.230104684829711914e+00,5.645590000000000330e+00,7.152203321456909180e-01,4.652804136276245117e-01
4.145964952228377598e+01,1.814440619841253977e+01,2.384177978515625000e+03,1.138802289962768555e+00,5.645600000000000840e+00,7.326154112815856934e-01,5.112858414649963379e-01
4.146998050449754913e+01,1.815749874468792058e+01,1.173898315429687500e+03,1.164015054702758789e+00,5.645610000000000461e+00,6.869914531707763672e-01,4.000488221645355225e-01
4.145111152283439537e+01,1.816461603614319387e+01,1.399203002929687500e+03,1.297358989715576172e+00,5.645620000000000083e+00,7.164410352706909180e-01,4.418580830097198486e-01
4.147078616454085420e+01,1.817956161550219818e+01,2.056179199218750000e+03,1.057831764221191406e+00,5.645630000000000592e+00,8.121140003204345703e-01,5.511114001274108887e-01
4.145517664043340744e+01,1.819113163914355269e+01,2.036055419921875000e+03,1.228835105895996094e+00,5.645640000000000214e+00,5.202885270118713379e-01,3.523649275302886963e-01
4.145762882954299045e+01,1.820664882962506681e+01,2.082381103515625000e+03,1.248420000076293945e+00,5.645650000000000723e+00,6.289315223693847656e-01,4.278962314128875732e-01
4.144178976169630602e+01,1.821983931332023587e+01,1.424205078125000000e+03,8.619899153709411621e-01,5.645660000000000345e+00,5.946754217147827148e-01,3.686918914318084717e-01
4.146218360083654630e+01,1.823141378443657246e+01,1.609028930664062500e+03,1.098614454269409180e+00,5.645670000000000854e+00,7.588606476783752441e-01,4.866427779197692871e-01
4.144983576800174063e+01,1.824880091016169814e+01,1.525992065429687500e+03,8.994061350822448730e-01,5.645680000000000476e+00,9.392201900482177734e-01,5.938361883163452148e-01
4.144823401529576046e+01,1.825619499876280827e+01,1.326605468750000000e+03,1.478390216827392578e+00,5.645690000000000097e+00,7.511548995971679688e-01,4.557436108589172363e-01
4.145126106658160836e+01,1.827562789432755253e+01,1.788556274414062500e+03,1.718072414398193359e+00,5.645700000000000607e+00,8.052475452423095703e-01,5.300542116165161133e-01
4.145838947637214744e+01,1.828479547435767927e+01,2.183211181640625000e+03,1.436068534851074219e+00,5.645710000000000228e+00,5.401250720024108887e-01,3.709044158458709717e-01
4.144901862708811535e+01,1.829756876314871050e+01,2.003316894531250000e+03,1.123151302337646484e+00,5.645720000000000738e+00,7.084301114082336426e-01,4.781741201877593994e-01
4.144695701230501328e+01,1.830827703869433165e+01,2.078947021484375000e+03,9.829921126365661621e-01,5.645730000000000359e+00,7.849532365798950195e-01,5.338689088821411133e-01
4.145466941244677628e+01,1.832574822209365806e+01,1.884106567382812500e+03,1.331400394439697266e+00,5.645740000000000869e+00,7.090404629707336426e-01,4.722994565963745117e-01
4.144652763627918546e+01,1.833393861974981931e+01,1.607038818359375000e+03,1.287017583847045898e+00,5.645750000000000490e+00,6.036781668663024902e-01,3.870025277137756348e-01
4.145272668824325990e+01,1.833785978404867478e+01,1.425169067382812500e+03,1.038217067718505859e+00,5.645760000000000112e+00,4.984683990478515625e-01,3.091061115264892578e-01
4.145450324249675589e+01,1.835241088308542245e+01,1.221334106445312500e+03,8.665973544120788574e-01,5.645770000000000621e+00,5.459997057914733887e-01,3.223812878131866455e-01
4.145823444698422833e+01,1.836099097057811491e+01,9.985093383789062500e+02,7.448989748954772949e-01,5.645780000000000243e+00,5.138035416603088379e-01,2.810298204421997070e-01
4.144374800165903849e+01,1.837254512314668986e+01,1.428239379882812500e+03,7.755262255668640137e-01,5.645790000000000752e+00,5.864356756210327148e-01,3.638853728771209717e-01
4.146892220809746732e+01,1.838184452189569384e+01,1.925317993164062500e+03,8.154398798942565918e-01,5.645800000000000374e+00,6.261086463928222656e-01,4.190461039543151855e-01
4.144711965472281179e+01,1.839126946294423703e+01,1.164654785156250000e+03,9.728736281394958496e-01,5.645810000000000883e+00,6.419015526771545410e-01,3.727355003356933594e-01
4.146713230093788383e+01,1.840626550737992417e+01,1.868371582031250000e+03,8.665699362754821777e-01,5.645820000000000505e+00,8.118088245391845703e-01,5.397436022758483887e-01
4.145942754892542581e+01,1.841441108944544425e+01,1.227637084960937500e+03,1.108816385269165039e+00,5.645830000000000126e+00,6.019234061241149902e-01,3.560270667076110840e-01
4.147867911994028844e+01,1.842851879130054016e+01,2.216981201171875000e+03,1.048738479614257812e+00,5.645840000000000636e+00,6.247353553771972656e-01,4.302613437175750732e-01
4.146035647750003506e+01,1.843658211588913431e+01,1.218217285156250000e+03,8.873290419578552246e-01,5.645850000000000257e+00,5.512639880180358887e-01,3.252041935920715332e-01
4.147510481897653278e+01,1.844976871326967682e+01,1.945705200195312500e+03,1.007456302642822266e+00,5.645860000000000767e+00,6.102394461631774902e-01,4.093567132949829102e-01
4.147101852659685761e+01,1.846162569298406808e+01,2.480777587890625000e+03,8.199424147605895996e-01,5.645870000000000388e+00,5.794165730476379395e-01,4.071441888809204102e-01
4.148194205732622208e+01,1.847044171618033559e+01,1.925421630859375000e+03,9.669548869132995605e-01,5.645880000000000898e+00,5.952094793319702148e-01,3.983703553676605225e-01
4.146638366038072121e+01,1.848476770544412773e+01,1.693188232421875000e+03,8.776742815971374512e-01,5.645890000000000519e+00,5.903266668319702148e-01,3.834929764270782471e-01
4.148530608587989121e+01,1.850503183306012644e+01,1.286296386718750000e+03,9.128326773643493652e-01,5.645900000000000141e+00,6.888988018035888672e-01,4.138580858707427979e-01
4.147181291384607249e+01,1.850888397245170225e+01,1.195548217773437500e+03,9.366185069084167480e-01,5.645910000000000650e+00,6.001685857772827148e-01,3.517545759677886963e-01
4.147807947259600070e+01,1.852049570838721237e+01,1.089856445312500000e+03,1.022794961929321289e+00,5.645920000000000272e+00,4.877108931541442871e-01,2.762995660305023193e-01
4.147847239010440035e+01,1.853817415947630920e+01,1.812578857421875000e+03,7.022077441215515137e-01,5.645930000000000781e+00,5.967353582382202148e-01,3.940215706825256348e-01
4.148273335484545754e+01,1.855273571204555694e+01,1.349563354492187500e+03,7.477051615715026855e-01,5.645940000000000403e+00,5.651495456695556641e-01,3.447355031967163086e-01
4.147663531149684246e+01,1.856388760783331549e+01,1.493766357421875000e+03,8.072275519371032715e-01,5.645950000000000024e+00,6.112312674522399902e-01,3.841796219348907471e-01
4.147102027677996716e+01,1.857661111086232708e+01,1.179052734375000000e+03,8.040565848350524902e-01,5.645960000000000534e+00,6.368661522865295410e-01,3.714385032653808594e-01
4.147925551964437574e+01,1.859100375563762952e+01,1.717370727539062500e+03,9.122747778892517090e-01,5.645970000000000155e+00,6.877543926239013672e-01,4.483430683612823486e-01
4.146742945220004373e+01,1.859872026011512958e+01,1.397070312500000000e+03,9.269089102745056152e-01,5.645980000000000665e+00,7.185009717941284180e-01,4.429261982440948486e-01
4.147058904254932088e+01,1.861731655515923123e+01,1.526611816406250000e+03,1.251049757003784180e+00,5.645990000000000286e+00,6.129860281944274902e-01,3.876128792762756348e-01
4.146702895398404820e+01,1.863147960345024856e+01,1.680680908203125000e+03,1.036560058593750000e+00,5.646000000000000796e+00,7.831984758377075195e-01,5.078526139259338379e-01
4.147710050293736828e+01,1.864787232782451198e+01,2.997390136718750000e+03,1.117161035537719727e+00,5.646010000000000417e+00,7.387189269065856934e-01,5.344029664993286133e-01
4.145226420189307248e+01,1.865022526091333077e+01,1.654900024414062500e+03,1.443533420562744141e+00,5.646020000000000039e+00,7.030895352363586426e-01,4.541414380073547363e-01
4.147796072259692579e+01,1.866814197694241173e+01,1.324012451171875000e+03,1.285748004913330078e+00,5.646030000000000548e+00,7.979232668876647949e-01,4.838199019432067871e-01
4.145395374091467744e+01,1.867935960867346523e+01,2.097261230468750000e+03,1.208514690399169922e+00,5.646040000000000170e+00,8.197433948516845703e-01,5.585119724273681641e-01
4.146568942979400418e+01,1.868947403419436171e+01,2.064940917968750000e+03,1.416980743408203125e+00,5.646050000000000679e+00,5.874274969100952148e-01,3.989807069301605225e-01
4.144565534348720348e+01,1.869932707750908563e+01,1.862053466796875000e+03,1.208929538726806641e+00,5.646060000000000301e+00,7.662611603736877441e-01,5.090733170509338379e-01
4.146587543736188763e+01,1.870709056745576859e+01,1.484219604492187500e+03,1.169549942016601562e+00,5.646070000000000810e+00,8.079941272735595703e-01,5.069370269775390625e-01
4.144232394547515952e+01,1.872084845021780097e+01,1.327366210937500000e+03,1.264081716537475586e+00,5.646080000000000432e+00,8.150131702423095703e-01,4.945773780345916748e-01
4.144220534238338871e+01,1.873929520713520702e+01,1.346384155273437500e+03,1.268983602523803711e+00,5.646090000000000053e+00,6.555582284927368164e-01,3.995910584926605225e-01
4.144124284429969407e+01,1.874823802243674464e+01,2.394240966796875000e+03,1.334247112274169922e+00,5.646100000000000563e+00,1.065258264541625977e+00,7.439832687377929688e-01
4.144649925827956594e+01,1.875881362130202135e+01,1.294663940429687500e+03,1.187850952148437500e+00,5.646110000000000184e+00,1.081203818321228027e+00,6.509042978286743164e-01
4.143176499900181398e+01,1.876849289956976108e+01,2.369922607421875000e+03,1.958728551864624023e+00,5.646120000000000694e+00,7.761794328689575195e-01,5.411168932914733887e-01
4.144538406521842688e+01,1.878346996359980992e+01,2.304091308593750000e+03,1.658745527267456055e+00,5.646130000000000315e+00,1.299481630325317383e+00,9.013782739639282227e-01
4.143850043233224056e+01,1.879560485877950882e+01,2.242423339843750000e+03,1.933431148529052734e+00,5.646140000000000825e+00,9.769095778465270996e-01,6.742503046989440918e-01
4.144289440370537392e+01,1.880417830245808020e+01,1.885027343750000000e+03,2.647789239883422852e+00,5.646150000000000446e+00,8.150131702423095703e-01,5.429479479789733887e-01
4.144479569803919361e+01,1.882110718815046724e+01,1.172518920898437500e+03,1.815521240234375000e+00,5.646160000000000068e+00,5.737708210945129395e-01,3.339780271053314209e-01
4.144707144688512557e+01,1.883531466455200132e+01,1.167440063476562500e+03,1.478267431259155273e+00,5.646170000000000577e+00,7.075145840644836426e-01,4.111877977848052979e-01
4.144339046768376988e+01,1.884763195354867449e+01,1.202849487304687500e+03,9.870571494102478027e-01,5.646180000000000199e+00,6.291604042053222656e-01,3.695311248302459717e-01
4.143693309553155757e+01,1.886301701548498144e+01,1.713454467773437500e+03,1.000679254531860352e+00,5.646190000000000708e+00,6.914165019989013672e-01,4.504793286323547363e-01
4.144797655246856749e+01,1.888107135221411426e+01,1.744654785156250000e+03,1.062948226928710938e+00,5.646200000000000330e+00,7.443647384643554688e-01,4.871005415916442871e-01
4.143996757491200356e+01,1.889007102259899895e+01,1.524380859375000000e+03,1.227154254913330078e+00,5.646210000000000839e+00,8.423265218734741211e-01,5.324193239212036133e-01
4.145094183620854977e+01,1.890027916719278167e+01,1.326323364257812500e+03,1.261283874511718750e+00,5.646220000000000461e+00,7.260540723800659180e-01,4.404847621917724609e-01
4.144300679510198648e+01,1.891016591591050400e+01,1.523990234375000000e+03,1.333081245422363281e+00,5.646230000000000082e+00,6.701304316520690918e-01,4.235474467277526855e-01
4.146055784283907286e+01,1.893049501179590521e+01,1.968376708984375000e+03,1.211568832397460938e+00,5.646240000000000592e+00,6.061195731163024902e-01,4.076019525527954102e-01
4.143971217412724428e+01,1.894062726274409059e+01,1.307060546875000000e+03,1.089407920837402344e+00,5.646250000000000213e+00,5.602667331695556641e-01,3.383267819881439209e-01
4.146003470743472263e+01,1.895478774484237405e+01,1.720345947265625000e+03,9.029061198234558105e-01,5.646260000000000723e+00,6.885173320770263672e-01,4.490297138690948486e-01
4.145537754783632778e+01,1.896712091009204926e+01,2.039378662109375000e+03,8.030528426170349121e-01,5.646270000000000344e+00,6.505228281021118164e-01,4.407136440277099609e-01
4.146060531189878873e+01,1.898128991898885687e+01,1.528137939453125000e+03,1.185298681259155273e+00,5.646280000000000854e+00,5.289860963821411133e-01,3.345883786678314209e-01
4.145212956678074789e+01,1.898937452136037152e+01,1.573666992187500000e+03,1.010409116744995117e+00,5.646290000000000475e+00,5.531713366508483887e-01,3.526701033115386963e-01
4.147454851941400733e+01,1.900606844737027146e+01,1.258204956054687500e+03,7.554001212120056152e-01,5.646300000000000097e+00,5.557653903961181641e-01,3.314602971076965332e-01
4.146489910504958232e+01,1.901855323107306361e+01,1.369743286132812500e+03,8.112532496452331543e-01,5.646310000000000606e+00,5.788825154304504395e-01,3.547300398349761963e-01
4.147086720167894924e+01,1.903208415373674711e+01,1.149014404296875000e+03,8.200854659080505371e-01,5.646320000000000228e+00,6.451821923255920410e-01,3.728117942810058594e-01
4.146812031806081933e+01,1.904821244477583875e+01,1.108334838867187500e+03,8.256167769432067871e-01,5.646330000000000737e+00,5.211277604103088379e-01,2.971279025077819824e-01
4.147859468262153371e+01,1.905761185181964734e+01,1.376474853515625000e+03,8.627826571464538574e-01,5.646340000000000359e+00,6.325936317443847656e-01,3.882232308387756348e-01
4.146730066333945786e+01,1.907003314653789516e+01,1.780547729492187500e+03,7.794696688652038574e-01,5.646350000000000868e+00,6.100105643272399902e-01,4.011169373989105225e-01
4.147450163001688139e+01,1.908070952531268460e+01,1.410422241210937500e+03,9.158105254173278809e-01,5.646360000000000490e+00,6.158851981163024902e-01,3.807463943958282471e-01
4.147818989023429026e+01,1.910007697984828212e+01,9.716519775390625000e+02,9.798139929771423340e-01,5.646370000000000111e+00,5.212040543556213379e-01,2.817927598953247070e-01
4.147403431254660688e+01,1.910607333784077966e+01,1.566569458007812500e+03,8.507818579673767090e-01,5.646380000000000621e+00,5.236455202102661133e-01,3.334439694881439209e-01
4.147510464532974339e+01,1.911356467939227244e+01,1.494170654296875000e+03,7.030028700828552246e-01,5.646390000000000242e+00,5.338689088821411133e-01,3.355801999568939209e-01
4.147950101363505837e+01,1.912886705219274930e+01,1.593557495117187500e+03,7.524723410606384277e-01,5.646400000000000752e+00,5.928443670272827148e-01,3.792205154895782471e-01
4.147619303916134470e+01,1.913831755060842355e+01,1.756810302734375000e+03,8.158809542655944824e-01,5.646410000000000373e+00,5.804083943367004395e-01,3.804412186145782471e-01
4.147100597923751764e+01,1.916002293413673030e+01,1.104023437500000000e+03,8.772069811820983887e-01,5.646420000000000883e+00,7.013347744941711426e-01,3.992858827114105225e-01
4.147667766048257931e+01,1.917089196084675606e+01,1.883123046875000000e+03,9.389514327049255371e-01,5.646430000000000504e+00,5.823157429695129395e-01,3.878417611122131348e-01
4.147638278987486871e+01,1.918148374860640715e+01,1.351308105468750000e+03,9.617931246757507324e-01,5.646440000000000126e+00,6.888225078582763672e-01,4.203431010246276855e-01
4.147081087729709026e+01,1.919719346824151884e+01,1.654165405273437500e+03,1.047458171844482422e+00,5.646450000000000635e+00,7.128552198410034180e-01,4.603975713253021240e-01
4.146563772277118431e+01,1.920426251983001009e+01,2.716219726562500000e+03,1.151622056961059570e+00,5.646460000000000257e+00,7.489423751831054688e-01,5.340214967727661133e-01
4.148073916532813143e+01,1.921656322567562469e+01,1.261755249023437500e+03,1.170567989349365234e+00,5.646470000000000766e+00,5.273839235305786133e-01,3.148281574249267578e-01
4.146628097803116475e+01,1.923684807584695378e+01,2.268850585937500000e+03,9.903365969657897949e-01,5.646480000000000388e+00,5.127354264259338379e-01,3.546537458896636963e-01
4.146991383841773882e+01,1.924695771915494191e+01,3.743586181640625000e+03,7.848460078239440918e-01,5.646490000000000897e+00,6.427407860755920410e-01,4.780978262424468994e-01
4.146216766731885883e+01,1.925656795628670181e+01,1.545482177734375000e+03,8.613247275352478027e-01,5.646500000000000519e+00,6.328225731849670410e-01,4.014984071254730225e-01
4.147180069262000046e+01,1.927268684625656903e+01,1.512201171875000000e+03,9.542161822319030762e-01,5.646510000000000140e+00,5.728552937507629395e-01,3.612913489341735840e-01
4.145232093389883232e+01,1.929118655144693761e+01,1.853451660156250000e+03,8.649570345878601074e-01,5.646520000000000650e+00,5.977271795272827148e-01,3.966918885707855225e-01
4.146262937174590490e+01,1.929869030244619665e+01,1.914421020507812500e+03,8.097166419029235840e-01,5.646530000000000271e+00,6.031441092491149902e-01,4.031769037246704102e-01
4.145860637319034225e+01,1.930658594654799742e+01,1.599044311523437500e+03,8.862156271934509277e-01,5.646540000000000781e+00,6.173348426818847656e-01,3.952423036098480225e-01
4.146196661149797791e+01,1.932163898051153694e+01,1.612678344726562500e+03,8.680695891380310059e-01,5.646550000000000402e+00,7.387952208518981934e-01,4.740542471408843994e-01
4.145125640688334556e+01,1.933573750862902685e+01,1.517763793945312500e+03,9.950608611106872559e-01,5.646560000000000024e+00,7.365064024925231934e-01,4.649752378463745117e-01
4.146148079712503431e+01,1.934764844612931611e+01,1.675563232421875000e+03,1.094742536544799805e+00,5.646570000000000533e+00,6.715800166130065918e-01,4.351441860198974609e-01
4.144347464749645837e+01,1.935426573255794835e+01,1.535143066406250000e+03,1.232951402664184570e+00,5.646580000000000155e+00,8.014327883720397949e-01,5.075473785400390625e-01
4.144875832820603989e+01,1.937310950905668605e+01,2.300716308593750000e+03,1.268401861190795898e+00,5.646590000000000664e+00,7.284955382347106934e-01,5.051822662353515625e-01
4.145112947015138616e+01,1.938931993112504770e+01,1.492462768554687500e+03,1.369767904281616211e+00,5.646600000000000286e+00,7.462720870971679688e-01,4.689425230026245117e-01
4.145582312683482229e+01,1.939971345308703476e+01,1.651283813476562500e+03,1.246678352355957031e+00,5.646610000000000795e+00,6.068062186241149902e-01,3.917327523231506348e-01
4.144817975037364022e+01,1.941043216495524248e+01,1.297646362304687500e+03,1.298911094665527344e+00,5.646620000000000417e+00,5.817053914070129395e-01,3.504575788974761963e-01
4.145958203920463347e+01,1.942330673284916287e+01,1.495991699218750000e+03,9.431464076042175293e-01,5.646630000000000038e+00,5.288335084915161133e-01,3.325284421443939209e-01
4.145618087992528444e+01,1.944454773712166684e+01,1.050976562500000000e+03,9.437698721885681152e-01,5.646640000000000548e+00,6.442666649818420410e-01,3.598417639732360840e-01
4.144651040019588351e+01,1.944934009038906808e+01,1.182503906250000000e+03,8.139187693595886230e-01,5.646650000000000169e+00,6.040596365928649902e-01,3.526701033115386963e-01
4.146190084740647563e+01,1.946573228097472708e+01,1.254989868164062500e+03,8.372659087181091309e-01,5.646660000000000679e+00,6.096290946006774902e-01,3.632749915122985840e-01
4.145638486381919563e+01,1.948079762920722757e+01,1.377760131835937500e+03,8.679861426353454590e-01,5.646670000000000300e+00,5.850623250007629395e-01,3.591551184654235840e-01
4.145325217772735016e+01,1.949280834137196550e+01,1.594230590820312500e+03,1.051461219787597656e+00,5.646680000000000810e+00,5.906318426132202148e-01,3.778471946716308594e-01
4.144988830993190732e+01,1.950687834033606904e+01,1.505121093750000000e+03,8.991534113883972168e-01,5.646690000000000431e+00,5.538579821586608887e-01,3.488554060459136963e-01
4.146513836225836513e+01,1.951297269861957417e+01,1.384138427734375000e+03,8.955079913139343262e-01,5.646700000000000053e+00,6.099342703819274902e-01,3.749480247497558594e-01
4.145826926503079335e+01,1.952804901966679907e+01,1.501101440429687500e+03,9.197670817375183105e-01,5.646710000000000562e+00,6.151222586631774902e-01,3.871551156044006348e-01
4.146089866901603216e+01,1.954256150162162697e+01,1.034948120117187500e+03,9.962994456291198730e-01,5.646720000000000184e+00,6.061958670616149902e-01,3.364957273006439209e-01
4.145433377376993889e+01,1.955607255196463612e+01,1.718232666015625000e+03,9.728247523307800293e-01,5.646730000000000693e+00,6.135963797569274902e-01,4.000488221645355225e-01
4.146880878289740480e+01,1.955794552785602747e+01,1.473623901367187500e+03,8.481819033622741699e-01,5.646740000000000315e+00,6.452584862709045410e-01,4.040161371231079102e-01
4.145897586365046550e+01,1.957819384378750982e+01,1.629193969726562500e+03,9.526557326316833496e-01,5.646750000000000824e+00,6.254982948303222656e-01,4.024139642715454102e-01
4.146959186797680275e+01,1.959490923998277268e+01,1.589447631835937500e+03,1.119114875793457031e+00,5.646760000000000446e+00,5.834601521492004395e-01,3.729643821716308594e-01
4.146645495099737389e+01,1.960189073391462600e+01,1.818917480468750000e+03,9.283263087272644043e-01,5.646770000000000067e+00,8.165390491485595703e-01,5.395910143852233887e-01
4.146643545017347776e+01,1.961551786212025661e+01,1.340489379882812500e+03,1.083434343338012695e+00,5.646780000000000577e+00,7.918197512626647949e-01,4.819888472557067871e-01
4.146469408607060103e+01,1.962137949121608571e+01,2.124267333984375000e+03,1.460743665695190430e+00,5.646790000000000198e+00,7.378033995628356934e-01,5.039615631103515625e-01
4.147527852026188100e+01,1.963596411176645518e+01,1.352523437500000000e+03,1.270989894866943359e+00,5.646800000000000708e+00,6.145119071006774902e-01,3.751006126403808594e-01
4.146404645719506021e+01,1.965257763213195119e+01,2.061743408203125000e+03,1.209038019180297852e+00,5.646810000000000329e+00,5.088444352149963379e-01,3.454984426498413086e-01
4.146638064734484175e+01,1.966295118716876189e+01,1.374511474609375000e+03,8.034009337425231934e-01,5.646820000000000839e+00,6.905772686004638672e-01,4.236237406730651855e-01
4.146698695011170344e+01,1.967793977282313378e+01,1.687853637695312500e+03,8.801729083061218262e-01,5.646830000000000460e+00,6.790568232536315918e-01,4.407899379730224609e-01
4.147467467856921530e+01,1.969051052749022546e+01,1.758388549804687500e+03,1.041608572006225586e+00,5.646840000000000082e+00,6.705881953239440918e-01,4.396455287933349609e-01
4.146739451613759542e+01,1.970070129299378436e+01,1.254240966796875000e+03,1.186257123947143555e+00,5.646850000000000591e+00,6.900432109832763672e-01,4.111115038394927979e-01
4.147321563860731430e+01,1.970598745555464859e+01,1.323447265625000000e+03,1.102565050125122070e+00,5.646860000000000213e+00,6.549478769302368164e-01,3.970733582973480225e-01
4.147537882877364979e+01,1.972285861054049150e+01,1.373369750976562500e+03,1.113063812255859375e+00,5.646870000000000722e+00,5.894874334335327148e-01,3.615202307701110840e-01
4.146139516644732481e+01,1.973513991960728120e+01,1.778181518554687500e+03,9.026140570640563965e-01,5.646880000000000344e+00,7.412366271018981934e-01,4.872531294822692871e-01
4.146719497656985709e+01,1.975330594875581980e+01,1.449995971679687500e+03,9.993380904197692871e-01,5.646890000000000853e+00,8.798632621765136719e-01,5.483648180961608887e-01
4.146632677176028636e+01,1.976051140124307892e+01,2.492520751953125000e+03,1.213745594024658203e+00,5.646900000000000475e+00,1.087231040000915527e+00,7.645826935768127441e-01
4.146623205065930051e+01,1.977215455555044699e+01,1.681942749023437500e+03,1.730167388916015625e+00,5.646910000000000096e+00,8.726916313171386719e-01,5.659887790679931641e-01
4.145859334617357206e+01,1.979074906795764477e+01,1.274948608398437500e+03,2.105992555618286133e+00,5.646920000000000606e+00,7.437543869018554688e-01,4.455201923847198486e-01
4.146802568527429855e+01,1.980469594727637173e+01,1.883813720703125000e+03,1.503946304321289062e+00,5.646930000000000227e+00,9.884299635887145996e-01,6.583811044692993164e-01
4.146275067002743242e+01,1.981181231199894910e+01,1.631098510742187500e+03,1.518283605575561523e+00,5.646940000000000737e+00,7.593947052955627441e-01,4.887027442455291748e-01
4.146361824090104875e+01,1.982828730041541831e+01,1.505445434570312500e+03,1.741679430007934570e+00,5.646950000000000358e+00,6.118416190147399902e-01,3.854003250598907471e-01
4.145926008995844114e+01,1.983656601376504014e+01,1.751375976562500000e+03,1.337388277053833008e+00,5.646960000000000868e+00,6.956890225410461426e-01,4.556673169136047363e-01
4.147389639403958483e+01,1.984779369784460101e+01,1.163829711914062500e+03,1.023969173431396484e+00,5.646970000000000489e+00,6.918742656707763672e-01,4.016509950160980225e-01
4.145544996257932269e+01,1.986247033674289852e+01,1.384958496093750000e+03,1.121258258819580078e+00,5.646980000000000111e+00,7.236126661300659180e-01,4.449098408222198486e-01
4.146008291898933606e+01,1.987770004103287746e+01,2.214759277343750000e+03,1.115442037582397461e+00,5.646990000000000620e+00,7.886153459548950195e-01,5.430242419242858887e-01
4.145645219000790860e+01,1.988666467152254924e+01,1.606130981445312500e+03,1.152680635452270508e+00,5.647000000000000242e+00,6.836345195770263672e-01,4.381959438323974609e-01
4.145676624415480660e+01,1.990276613365125868e+01,1.747633056640625000e+03,1.192936420440673828e+00,5.647010000000000751e+00,7.630568146705627441e-01,4.995365142822265625e-01
4.145172763919345016e+01,1.991696918218659818e+01,1.171248535156250000e+03,1.081304073333740234e+00,5.647020000000000373e+00,6.708933711051940918e-01,3.903594613075256348e-01
4.145933775697950097e+01,1.992583062845222130e+01,1.215662963867187500e+03,1.258406162261962891e+00,5.647030000000000882e+00,5.594274997711181641e-01,3.297818303108215332e-01
4.145508678001687031e+01,1.994490709334574774e+01,1.214422119140625000e+03,9.431976675987243652e-01,5.647040000000000504e+00,6.013129949569702148e-01,3.543485701084136963e-01
4.145350413367170006e+01,1.994964472598846683e+01,1.194571533203125000e+03,7.506281733512878418e-01,5.647050000000000125e+00,6.537271738052368164e-01,3.830352127552032471e-01
4.145256505735743247e+01,1.996182373731131321e+01,1.087597900390625000e+03,9.813374876976013184e-01,5.647060000000000635e+00,4.893130958080291748e-01,2.769862115383148193e-01
4.145521900502436097e+01,1.997676838277934763e+01,2.296803466796875000e+03,9.141308665275573730e-01,5.647070000000000256e+00,6.138252615928649902e-01,4.255310893058776855e-01
4.145467405255440951e+01,1.999249565482677937e+01,1.406885864257812500e+03,7.478708624839782715e-01,5.647080000000000766e+00,7.161358594894409180e-01,4.423921406269073486e-01
4.145019936754875545e+01,2.000087691861467576e+01,1.596473999023437500e+03,1.117552042007446289e+00,5.647090000000000387e+00,6.615854501724243164e-01,4.233948588371276855e-01
4.146124308025118665e+01,2.001595745762190859e+01,2.052063720703125000e+03,1.231457710266113281e+00,5.647100000000000897e+00,6.200051307678222656e-01,4.205719828605651855e-01
4.145098056469653613e+01,2.002321304603417573e+01,1.214952758789062500e+03,9.469766020774841309e-01,5.647110000000000518e+00,6.566263437271118164e-01,3.870025277137756348e-01
4.145244093498435234e+01,2.003690421033652314e+01,2.016547851562500000e+03,9.662932753562927246e-01,5.647120000000000140e+00,7.337598204612731934e-01,4.959506690502166748e-01
4.145274978518436626e+01,2.004464196616564209e+01,1.502442626953125000e+03,1.085174798965454102e+00,5.647130000000000649e+00,7.657271027565002441e-01,4.820651412010192871e-01
4.146223711378372911e+01,2.006037817334891571e+01,1.853496093750000000e+03,1.277101755142211914e+00,5.647140000000000271e+00,6.154274344444274902e-01,4.084411859512329102e-01
4.144706563549806333e+01,2.008038096431680231e+01,1.413457153320312500e+03,1.359675645828247070e+00,5.647150000000000780e+00,7.373456358909606934e-01,4.561250805854797363e-01
4.145932485732167549e+01,2.008461858542740686e+01,1.334109497070312500e+03,1.046592712402343750e+00,5.647160000000000402e+00,6.512857675552368164e-01,3.958526551723480225e-01
4.145963550020874777e+01,2.009738411552153892e+01,1.596657836914062500e+03,1.027620553970336914e+00,5.647170000000000023e+00,7.078197598457336426e-01,4.529970288276672363e-01
4.145493142989997182e+01,2.011417924060334173e+01,1.606223754882812500e+03,1.074466228485107422e+00,5.647180000000000533e+00,8.126480579376220703e-01,5.208988785743713379e-01
4.145614280432023691e+01,2.012559526463505577e+01,1.599008422851562500e+03,1.138599634170532227e+00,5.647190000000000154e+00,8.597216010093688965e-01,5.504247546195983887e-01
4.146514574581487267e+01,2.013317132467108550e+01,1.570951293945312500e+03,1.570084810256958008e+00,5.647200000000000664e+00,7.127789258956909180e-01,4.542177319526672363e-01
4.146143020519902933e+01,2.015030944140110236e+01,1.413242309570312500e+03,1.480116367340087891e+00,5.647210000000000285e+00,6.628824472427368164e-01,4.100433588027954102e-01
4.146719135641756537e+01,2.016007767759494484e+01,1.770775756835937500e+03,1.129307270050048828e+00,5.647220000000000795e+00,6.318306922912597656e-01,4.149262011051177979e-01
4.147235559825212903e+01,2.016810330748521451e+01,1.411646606445312500e+03,1.031494855880737305e+00,5.647230000000000416e+00,8.032638430595397949e-01,4.967136383056640625e-01
4.147162122921191951e+01,2.018828569091268932e+01,1.296608398437500000e+03,1.195286035537719727e+00,5.647240000000000038e+00,6.605173349380493164e-01,3.978362977504730225e-01
4.146150515189751218e+01,2.019654958893094587e+01,1.945705200195312500e+03,1.349848031997680664e+00,5.647250000000000547e+00,8.617052435874938965e-01,5.780432820320129395e-01
4.146943437715994918e+01,2.021323465471490977e+01,2.011205566406250000e+03,1.338471889495849609e+00,5.647260000000000169e+00,7.961685061454772949e-01,5.378361940383911133e-01
4.147222935049935444e+01,2.022424357297481379e+01,2.117864501953125000e+03,1.575940370559692383e+00,5.647270000000000678e+00,8.902392983436584473e-01,6.077217459678649902e-01
4.146398880844095913e+01,2.023247753324001863e+01,1.980964355468750000e+03,1.438811540603637695e+00,5.647280000000000300e+00,8.343918919563293457e-01,5.618689060211181641e-01
4.146945991161732792e+01,2.024737993232481159e+01,1.707405761718750000e+03,1.624032974243164062e+00,5.647290000000000809e+00,8.577379584312438965e-01,5.583593845367431641e-01
4.147298346380400602e+01,2.026501634262673690e+01,1.508066528320312500e+03,1.511721134185791016e+00,5.647300000000000431e+00,5.778906941413879395e-01,3.641905486583709717e-01
4.147275572300595314e+01,2.028161163419783719e+01,1.303037963867187500e+03,1.262566566467285156e+00,5.647310000000000052e+00,5.365391969680786133e-01,3.236782848834991455e-01
4.146621510941635336e+01,2.028622523876086703e+01,1.376902954101562500e+03,7.670909762382507324e-01,5.647320000000000562e+00,9.981193542480468750e-01,6.126045584678649902e-01
4.147910010605609443e+01,2.030335369006785839e+01,2.703836181640625000e+03,1.054447412490844727e+00,5.647330000000000183e+00,8.758196830749511719e-01,6.240487098693847656e-01
4.147369553063337122e+01,2.031557229955257782e+01,1.610928466796875000e+03,1.683383703231811523e+00,5.647340000000000693e+00,7.920486330986022949e-01,5.080814957618713379e-01
4.147667913962284558e+01,2.032896990731591558e+01,1.550998535156250000e+03,1.620667695999145508e+00,5.647350000000000314e+00,7.923538088798522949e-01,5.031986236572265625e-01
4.147479124309730736e+01,2.033649543982545893e+01,1.715945922851562500e+03,1.373911619186401367e+00,5.647360000000000824e+00,6.526590585708618164e-01,4.253785014152526855e-01
4.148042135126823382e+01,2.035426938508120287e+01,1.835705688476562500e+03,1.185255765914916992e+00,5.647370000000000445e+00,6.376290917396545410e-01,4.222504496574401855e-01
4.146769068724839968e+01,2.036904355080330475e+01,1.159529418945312500e+03,9.994990229606628418e-01,5.647380000000000067e+00,6.737162470817565918e-01,3.905883431434631348e-01
4.146807191030399764e+01,2.038305520040205465e+01,1.316741943359375000e+03,1.054652452468872070e+00,5.647390000000000576e+00,6.084846854209899902e-01,3.683104217052459717e-01
4.147712981224494655e+01,2.039051350293427234e+01,1.982107421875000000e+03,9.978110194206237793e-01,5.647400000000000198e+00,6.673075556755065918e-01,4.494112133979797363e-01
4.146595324863791632e+01,2.039943619850318868e+01,2.372332275390625000e+03,1.062770605087280273e+00,5.647410000000000707e+00,6.716563105583190918e-01,4.683321714401245117e-01
4.146303541002967563e+01,2.041793151545365959e+01,1.173423095703125000e+03,1.219270944595336914e+00,5.647420000000000329e+00,8.486589193344116211e-01,4.941196143627166748e-01
4.147238458078269474e+01,2.042962885794412031e+01,1.292213500976562500e+03,1.281466007232666016e+00,5.647430000000000838e+00,7.402448058128356934e-01,4.453676044940948486e-01
4.146697907081581747e+01,2.043935425258597860e+01,2.218683593750000000e+03,1.246112108230590820e+00,5.647440000000000460e+00,8.975635170936584473e-01,6.182503700256347656e-01
4.146000502610593230e+01,2.045634694076677107e+01,1.405946533203125000e+03,1.337186813354492188e+00,5.647450000000000081e+00,6.977489590644836426e-01,4.309479892253875732e-01
4.146579191035059608e+01,2.046492049080875830e+01,1.391571289062500000e+03,1.567703008651733398e+00,5.647460000000000591e+00,6.557871103286743164e-01,4.037872552871704102e-01
4.146166545947093596e+01,2.047458968300917448e+01,1.288372314453125000e+03,1.166479110717773438e+00,5.647470000000000212e+00,5.142613053321838379e-01,3.091061115264892578e-01
4.145777141534778565e+01,2.048345720566983275e+01,2.498843017578125000e+03,8.536536097526550293e-01,5.647480000000000722e+00,4.928226172924041748e-01,3.467191457748413086e-01
4.145541957203818839e+01,2.050086536974015061e+01,2.812978271484375000e+03,7.176048159599304199e-01,5.647490000000000343e+00,5.838416218757629395e-01,4.185120463371276855e-01
4.145991273934597388e+01,2.051132130722310620e+01,1.738849853515625000e+03,8.263952136039733887e-01,5.647500000000000853e+00,7.357434630393981934e-01,4.810733199119567871e-01
4.145559767304837351e+01,2.052420380133907329e+01,1.819263305664062500e+03,9.804803729057312012e-01,5.647510000000000474e+00,7.068279385566711426e-01,4.671114683151245117e-01
4.145423372268519557e+01,2.054052616369919804e+01,1.470684448242187500e+03,1.041184186935424805e+00,5.647520000000000095e+00,8.057053089141845703e-01,5.041904449462890625e-01
4.145773872919345848e+01,2.055552551623931379e+01,1.621163452148437500e+03,1.255847930908203125e+00,5.647530000000000605e+00,7.602339386940002441e-01,4.884738624095916748e-01
4.145349607687016658e+01,2.056804453597083437e+01,1.243689086914062500e+03,1.315984249114990234e+00,5.647540000000000227e+00,7.644301056861877441e-01,4.541414380073547363e-01
4.145099713682954246e+01,2.057691106692919192e+01,1.710305053710937500e+03,1.254467487335205078e+00,5.647550000000000736e+00,6.486154794692993164e-01,4.224030375480651855e-01
4.145886167677959122e+01,2.058715288577104729e+01,2.021243164062500000e+03,1.266457557678222656e+00,5.647560000000000358e+00,6.927897930145263672e-01,4.684847593307495117e-01
4.145338336930102940e+01,2.059921934989407077e+01,1.619892944335937500e+03,1.211567640304565430e+00,5.647570000000000867e+00,6.031441092491149902e-01,3.874602913856506348e-01
4.145389354542414395e+01,2.061382936500888619e+01,1.456782836914062500e+03,1.060279130935668945e+00,5.647580000000000489e+00,6.565500497817993164e-01,4.097381830215454102e-01
4.145523176540977772e+01,2.062526750417632115e+01,1.707047241210937500e+03,9.218067526817321777e-01,5.647590000000000110e+00,5.617163181304931641e-01,3.656401336193084717e-01
4.145482579914931165e+01,2.063716059298177896e+01,1.160817871093750000e+03,9.381217360496520996e-01,5.647600000000000620e+00,6.388497948646545410e-01,3.705229461193084717e-01
4.145151361683249291e+01,2.065901167633264279e+01,1.313467407226562500e+03,8.882898688316345215e-01,5.647610000000000241e+00,6.247353553771972656e-01,3.778471946716308594e-01
4.145388346770345578e+01,2.067137373064653971e+01,1.309000610351562500e+03,9.518212676048278809e-01,5.647620000000000751e+00,6.942393779754638672e-01,4.194275736808776855e-01
4.146014800314376458e+01,2.067904833010397070e+01,2.465976806640625000e+03,9.268874526023864746e-01,5.647630000000000372e+00,6.919505596160888672e-01,4.857272505760192871e-01
4.146292443737595335e+01,2.068974309726661431e+01,1.292424072265625000e+03,1.291633367538452148e+00,5.647640000000000882e+00,6.627298593521118164e-01,3.987518250942230225e-01
4.145430633415973887e+01,2.069860942154075545e+01,1.762851684570312500e+03,1.255306720733642578e+00,5.647650000000000503e+00,6.334329247474670410e-01,4.155365526676177979e-01
4.146176271272796754e+01,2.071838297071969137e+01,1.469198730468750000e+03,1.081836938858032227e+00,5.647660000000000124e+00,6.170296072959899902e-01,3.860106766223907471e-01
4.146123956583634396e+01,2.072063393376488705e+01,1.530054565429687500e+03,1.013720750808715820e+00,5.647670000000000634e+00,7.054546475410461426e-01,4.463594257831573486e-01
4.145545552198275630e+01,2.073151278939206321e+01,1.249753173828125000e+03,1.141383171081542969e+00,5.647680000000000256e+00,7.819014787673950195e-01,4.652804136276245117e-01
4.145996109761702542e+01,2.075298368025618601e+01,1.702066284179687500e+03,1.212518930435180664e+00,5.647690000000000765e+00,6.334329247474670410e-01,4.120270311832427979e-01
4.146715487431340819e+01,2.076675416029740262e+01,1.673272338867187500e+03,1.243100881576538086e+00,5.647700000000000387e+00,7.066753506660461426e-01,4.577272832393646240e-01
4.146128349118332324e+01,2.077875631083383468e+01,1.529476440429687500e+03,1.057240486145019531e+00,5.647710000000000896e+00,8.409532308578491211e-01,5.320378541946411133e-01
4.145751930744955871e+01,2.079120634891338071e+01,2.014886962890625000e+03,1.118260145187377930e+00,5.647720000000000518e+00,7.737380266189575195e-01,5.228825211524963379e-01
4.147035141776083123e+01,2.079853325887544102e+01,2.332670898437500000e+03,1.354934692382812500e+00,5.647730000000000139e+00,6.860759258270263672e-01,4.769534170627593994e-01
4.146802567807484508e+01,2.081448027333041395e+01,2.000988891601562500e+03,1.363083839416503906e+00,5.647740000000000649e+00,6.477761864662170410e-01,4.371278285980224609e-01
4.145978541695384223e+01,2.082470540378266932e+01,1.468661254882812500e+03,1.139149188995361328e+00,5.647750000000000270e+00,6.389260888099670410e-01,3.996673524379730225e-01
4.146381011247448356e+01,2.084077108736946826e+01,1.137009277343750000e+03,1.096952676773071289e+00,5.647760000000000780e+00,5.914710760116577148e-01,3.404630422592163086e-01
4.147325528851850152e+01,2.085150687515163170e+01,1.195061035156250000e+03,9.222990870475769043e-01,5.647770000000000401e+00,7.852584123611450195e-01,4.601686894893646240e-01
4.145997229389239180e+01,2.086355815522582446e+01,1.244891723632812500e+03,9.399682879447937012e-01,5.647780000000000022e+00,7.021740078926086426e-01,4.172913134098052979e-01
4.146600211381316115e+01,2.087663900294331043e+01,1.867412475585937500e+03,1.130078554153442383e+00,5.647790000000000532e+00,6.839396953582763672e-01,4.546754956245422363e-01
4.147086913710203504e+01,2.088983636098754459e+01,1.686830200195312500e+03,1.051219224929809570e+00,5.647800000000000153e+00,5.643103122711181641e-01,3.662504851818084717e-01
4.146890585892475656e+01,2.090628223276345921e+01,1.659672363281250000e+03,1.085332155227661133e+00,5.647810000000000663e+00,7.545118331909179688e-01,4.877108931541442871e-01
4.146256926987503988e+01,2.091508274667488010e+01,1.621628295898437500e+03,9.403151869773864746e-01,5.647820000000000285e+00,6.160377860069274902e-01,3.958526551723480225e-01
4.146888910591360400e+01,2.092766598585546589e+01,1.654448486328125000e+03,1.131026268005371094e+00,5.647830000000000794e+00,6.575418710708618164e-01,4.246918559074401855e-01
4.146243643621233588e+01,2.093465022401860054e+01,1.285964843750000000e+03,9.757620692253112793e-01,5.647840000000000416e+00,6.949260234832763672e-01,4.174439013004302979e-01
4.146400305565812516e+01,2.095783971016381031e+01,1.230849853515625000e+03,1.056750535964965820e+00,5.647850000000000037e+00,6.415963768959045410e-01,3.798308670520782471e-01
4.146167677466765866e+01,2.096800154485022105e+01,1.576233886718750000e+03,9.477526545524597168e-01,5.647860000000000547e+00,6.721903681755065918e-01,4.287354648113250732e-01
4.147039428699828534e+01,2.097562494049253701e+01,1.808249511718750000e+03,9.686941504478454590e-01,5.647870000000000168e+00,7.984573245048522949e-01,5.269261598587036133e-01
4.145900044368222126e+01,2.098724908316572879e+01,2.414378662109375000e+03,1.007605314254760742e+00,5.647880000000000678e+00,8.038741946220397949e-01,5.622503757476806641e-01
4.146694591016316167e+01,2.100629701097041035e+01,2.147198486328125000e+03,1.356971979141235352e+00,5.647890000000000299e+00,6.753947138786315918e-01,4.623049199581146240e-01
4.146862992412741278e+01,2.101614730826594624e+01,2.254477783203125000e+03,1.489111900329589844e+00,5.647900000000000809e+00,6.150459647178649902e-01,4.249207377433776855e-01
4.146139258738921995e+01,2.102403114586577715e+01,2.634884033203125000e+03,1.081795215606689453e+00,5.647910000000000430e+00,6.629587411880493164e-01,4.704684019088745117e-01
4.145591182082901582e+01,2.104576758081514498e+01,1.593758178710937500e+03,1.050619602203369141e+00,5.647920000000000051e+00,6.036781668663024902e-01,3.861632645130157471e-01
4.145992157459165384e+01,2.105139839591922168e+01,1.270588989257812500e+03,1.066572189331054688e+00,5.647930000000000561e+00,7.356671690940856934e-01,4.401795864105224609e-01
4.146231706256897098e+01,2.107063266530197509e+01,1.404396606445312500e+03,9.270841479301452637e-01,5.647940000000000182e+00,6.866099834442138672e-01,4.239289164543151855e-01
4.145789968882804288e+01,2.107281743354532111e+01,1.409508178710937500e+03,1.012824296951293945e+00,5.647950000000000692e+00,6.190896034240722656e-01,3.826537430286407471e-01
4.146362342056499983e+01,2.108573124781082697e+01,1.365869628906250000e+03,9.977061152458190918e-01,5.647960000000000313e+00,6.587625741958618164e-01,4.033294916152954102e-01
4.146320081375920097e+01,2.110231320652996345e+01,1.178130737304687500e+03,1.028314352035522461e+00,5.647970000000000823e+00,5.361577272415161133e-01,3.126156330108642578e-01
4.145887048097170435e+01,2.110931636942779832e+01,1.613406982421875000e+03,9.779912829399108887e-01,5.647980000000000445e+00,4.972476959228515625e-01,3.191006481647491455e-01
4.145756209742773990e+01,2.112291363585913828e+01,1.169727661132812500e+03,6.638175845146179199e-01,5.647990000000000066e+00,5.094547867774963379e-01,2.962886691093444824e-01
4.146678776687746648e+01,2.113859144968284554e+01,1.392966308593750000e+03,7.042760252952575684e-01,5.648000000000000576e+00,5.148716568946838379e-01,3.171170055866241455e-01
4.145815695213969576e+01,2.114875848171020323e+01,1.238907348632812500e+03,7.096392512321472168e-01,5.648010000000000197e+00,6.738688349723815918e-01,3.998199403285980225e-01
4.145959515788739935e+01,2.116168127952443712e+01,1.905307983398437500e+03,7.344443202018737793e-01,5.648020000000000707e+00,1.012004852294921875e+00,6.757761836051940918e-01
4.146046684720567299e+01,2.117385014994570014e+01,1.940225952148437500e+03,1.070386886596679688e+00,5.648030000000000328e+00,1.146053910255432129e+00,7.683210968971252441e-01
4.146710673739172393e+01,2.118950012258791915e+01,1.540964233398437500e+03,1.680597782135009766e+00,5.648040000000000838e+00,1.139263629913330078e+00,7.222393751144409180e-01
4.145692206840402605e+01,2.120155853971022353e+01,1.521099365234375000e+03,2.366307497024536133e+00,5.648050000000000459e+00,7.343701720237731934e-01,4.639070928096771240e-01
4.146232718047416199e+01,2.121228534439302038e+01,1.070634643554687500e+03,2.257241725921630859e+00,5.648060000000000080e+00,5.704138875007629395e-01,3.209317028522491455e-01
4.146410003647932285e+01,2.122159795150958317e+01,1.538644287109375000e+03,1.227622747421264648e+00,5.648070000000000590e+00,5.194492936134338379e-01,3.291714787483215332e-01
4.146527742778925330e+01,2.123421966220492507e+01,1.537205932617187500e+03,8.391982913017272949e-01,5.648080000000000211e+00,5.315037965774536133e-01,3.367246091365814209e-01
4.145968482887349893e+01,2.125042885091376732e+01,1.484202880859375000e+03,8.108217120170593262e-01,5.648090000000000721e+00,7.172802686691284180e-01,4.500215649604797363e-01
4.147380694237757126e+01,2.125666815918227570e+01,1.544880249023437500e+03,8.572930693626403809e-01,5.648100000000000342e+00,6.464791893959045410e-01,4.101196527481079102e-01
4.145974458856711209e+01,2.127204707429498498e+01,1.492664062500000000e+03,1.153778553009033203e+00,5.648110000000000852e+00,5.141087174415588379e-01,3.230679333209991455e-01
4.146153320460874880e+01,2.128959718459957884e+01,1.096055541992187500e+03,9.025627970695495605e-01,5.648120000000000474e+00,5.266972780227661133e-01,2.990352511405944824e-01
4.146866760618198100e+01,2.129991018128714941e+01,1.440895385742187500e+03,7.891220450401306152e-01,5.648130000000000095e+00,5.909370183944702148e-01,3.676237761974334717e-01
4.146551601348351568e+01,2.130912210563462139e+01,1.347238891601562500e+03,8.163673281669616699e-01,5.648140000000000605e+00,5.021305084228515625e-01,3.061306178569793701e-01
4.146201652232977608e+01,2.132381700223323762e+01,1.531401123046875000e+03,9.245747923851013184e-01,5.648150000000000226e+00,5.671331882476806641e-01,3.589262366294860840e-01
4.147045892037454706e+01,2.133665457981745206e+01,1.977021240234375000e+03,7.142347693443298340e-01,5.648160000000000736e+00,8.000594973564147949e-01,5.385228395462036133e-01
4.147320596168756879e+01,2.134616192822443637e+01,1.316686279296875000e+03,9.674174189567565918e-01,5.648170000000000357e+00,6.556345224380493164e-01,3.968444764614105225e-01
4.146223979231260870e+01,2.136116919664464220e+01,1.733690917968750000e+03,1.321126937866210938e+00,5.648180000000000867e+00,6.427407860755920410e-01,4.199616312980651855e-01
4.146745615426541320e+01,2.136695110548142651e+01,1.456943359375000000e+03,1.159452915191650391e+00,5.648190000000000488e+00,7.554273605346679688e-01,4.714602231979370117e-01
4.147331375548285592e+01,2.138513705922900954e+01,1.787154907226562500e+03,1.248727560043334961e+00,5.648200000000000109e+00,8.861957192420959473e-01,5.832312703132629395e-01
4.146615442287664877e+01,2.139987972203600819e+01,1.926947387695312500e+03,1.578047990798950195e+00,5.648210000000000619e+00,7.463483810424804688e-01,4.996128082275390625e-01
4.146091235974955680e+01,2.141186714209093367e+01,2.147231933593750000e+03,1.686632156372070312e+00,5.648220000000000240e+00,6.425119042396545410e-01,4.397981166839599609e-01
4.147406225999043983e+01,2.142552095939400303e+01,1.664828735351562500e+03,1.328018426895141602e+00,5.648230000000000750e+00,6.412912011146545410e-01,4.148499071598052979e-01
4.146855911586599319e+01,2.143786498984121280e+01,1.235310791015625000e+03,1.147688150405883789e+00,5.648240000000000371e+00,6.764628291130065918e-01,4.009643495082855225e-01
4.146272377277045251e+01,2.145785355464795074e+01,1.263419555664062500e+03,9.715635180473327637e-01,5.648250000000000881e+00,7.472639083862304688e-01,4.462831318378448486e-01
4.146221711308452029e+01,2.146532556136195424e+01,1.529754516601562500e+03,1.128433465957641602e+00,5.648260000000000502e+00,7.593947052955627441e-01,4.804629385471343994e-01
4.146763876486346589e+01,2.147802677090528789e+01,1.620175659179687500e+03,1.193882942199707031e+00,5.648270000000000124e+00,6.185555458068847656e-01,3.973785340785980225e-01
4.145905639084942607e+01,2.148970571640636962e+01,3.029848388671875000e+03,1.202971458435058594e+00,5.648280000000000634e+00,6.145119071006774902e-01,4.452150166034698486e-01
4.146275005843219930e+01,2.150414994296811955e+01,2.119429687500000000e+03,1.063211679458618164e+00,5.648290000000000255e+00,6.348825097084045410e-01,4.334656894207000732e-01
4.146658717972476893e+01,2.151177270144247800e+01,1.924926513671875000e+03,1.068490266799926758e+00,5.648300000000000765e+00,6.627298593521118164e-01,4.435365498065948486e-01
4.146457167661937859e+01,2.152487875933239891e+01,2.404411865234375000e+03,1.048235416412353516e+00,5.648310000000000386e+00,5.491277575492858887e-01,3.837981522083282471e-01
4.145915768186726780e+01,2.153986464053875238e+01,1.935696655273437500e+03,1.080274105072021484e+00,5.648320000000000896e+00,5.496618151664733887e-01,3.683104217052459717e-01
4.146726785216805666e+01,2.155444629240803422e+01,1.395839111328125000e+03,1.044978618621826172e+00,5.648330000000000517e+00,5.571386814117431641e-01,3.433622121810913086e-01
4.145884545031161394e+01,2.156359943274993540e+01,1.424286376953125000e+03,8.789665102958679199e-01,5.648340000000000138e+00,6.836345195770263672e-01,4.238526225090026855e-01
4.145664384089961629e+01,2.158319181444972301e+01,1.354948486328125000e+03,8.379585146903991699e-01,5.648350000000000648e+00,6.036781668663024902e-01,3.686918914318084717e-01
4.146072963575188197e+01,2.159482803161940723e+01,1.602023803710937500e+03,1.083982706069946289e+00,5.648360000000000269e+00,5.282994508743286133e-01,3.384030759334564209e-01
4.146035460106563164e+01,2.160252135882804936e+01,2.105469726562500000e+03,8.139187693595886230e-01,5.648370000000000779e+00,7.827407121658325195e-01,5.337163209915161133e-01
4.145200706409700331e+01,2.161663918176076393e+01,1.563067626953125000e+03,9.366936087608337402e-01,5.648380000000000400e+00,7.060649991035461426e-01,4.493349194526672363e-01
4.145208343330563849e+01,2.162690035460367000e+01,1.405930297851562500e+03,1.382485151290893555e+00,5.648390000000000022e+00,6.328988671302795410e-01,3.908935189247131348e-01
4.145332468236404111e+01,2.164437515867106754e+01,1.652754882812500000e+03,1.128094911575317383e+00,5.648400000000000531e+00,6.923320293426513672e-01,4.470460712909698486e-01
4.144946344103118463e+01,2.165134920843947341e+01,1.586977905273437500e+03,1.082415103912353516e+00,5.648410000000000153e+00,7.780867815017700195e-01,4.971714019775390625e-01
4.145433620937441077e+01,2.166818181450856784e+01,1.496926879882812500e+03,1.162184000015258789e+00,5.648420000000000663e+00,6.091713309288024902e-01,3.831115067005157471e-01
4.145246626903671938e+01,2.167789385976135463e+01,1.631072143554687500e+03,1.312279224395751953e+00,5.648430000000000284e+00,5.547735691070556641e-01,3.570188879966735840e-01
4.145244235592133464e+01,2.169047649202210337e+01,2.094152832031250000e+03,9.734589457511901855e-01,5.648440000000000794e+00,5.866645574569702148e-01,3.995910584926605225e-01
4.144893257359898087e+01,2.170348192530696707e+01,1.369325561523437500e+03,8.011717200279235840e-01,5.648450000000000415e+00,7.960922122001647949e-01,4.877871870994567871e-01
4.146106658998041183e+01,2.171572953063246558e+01,1.634708129882812500e+03,1.199421405792236328e+00,5.648460000000000036e+00,6.408334374427795410e-01,4.126373827457427979e-01
4.145540683573802454e+01,2.172764138711922755e+01,1.370979614257812500e+03,1.130563735961914062e+00,5.648470000000000546e+00,5.925391912460327148e-01,3.631986975669860840e-01
4.145762069109608916e+01,2.174124937739318142e+01,1.172882568359375000e+03,9.401935935020446777e-01,5.648480000000000167e+00,8.338578343391418457e-01,4.854220747947692871e-01
4.145628806302092784e+01,2.174949156418246687e+01,1.807398315429687500e+03,1.007670879364013672e+00,5.648490000000000677e+00,9.207569956779479980e-01,6.075691580772399902e-01
4.146852854810623512e+01,2.177225698379102425e+01,1.087351562500000000e+03,1.489721059799194336e+00,5.648500000000000298e+00,8.779559135437011719e-01,4.969425201416015625e-01
4.145829215822848823e+01,2.178016611720624596e+01,1.324355224609375000e+03,1.741725921630859375e+00,5.648510000000000808e+00,5.985664129257202148e-01,3.629698157310485840e-01
4.145851681852295201e+01,2.179442727588359929e+01,1.113264282226562500e+03,1.401637315750122070e+00,5.648520000000000429e+00,6.836345195770263672e-01,3.904357552528381348e-01
4.145723121304557424e+01,2.180907358452826372e+01,2.049782714843750000e+03,9.640044569969177246e-01,5.648530000000000051e+00,7.387189269065856934e-01,5.009860992431640625e-01
4.146317350224893516e+01,2.181242805021676645e+01,1.602073242187500000e+03,1.211277961730957031e+00,5.648540000000000560e+00,6.384683251380920410e-01,4.089752435684204102e-01
4.145411846569283654e+01,2.182935598712032643e+01,1.275799438476562500e+03,1.249130487442016602e+00,5.648550000000000182e+00,6.792857050895690918e-01,4.069916009902954102e-01
4.145993609033742189e+01,2.184456522450823357e+01,1.397183349609375000e+03,1.124940633773803711e+00,5.648560000000000692e+00,5.631659030914306641e-01,3.471769094467163086e-01
4.146371675411680968e+01,2.185288960193271635e+01,9.889699096679687500e+02,1.099508523941040039e+00,5.648570000000000313e+00,6.269478797912597656e-01,3.415311574935913086e-01
4.145911748097774563e+01,2.186249305979579916e+01,1.362063598632812500e+03,9.140080809593200684e-01,5.648580000000000823e+00,7.168225049972534180e-01,4.385011196136474609e-01
4.145447728434719892e+01,2.187695125166396792e+01,1.340368164062500000e+03,1.056435823440551758e+00,5.648590000000000444e+00,6.406808495521545410e-01,3.899779915809631348e-01
4.146491267253465196e+01,2.188974182348442454e+01,1.623603881835937500e+03,1.021595716476440430e+00,5.648600000000000065e+00,5.328770875930786133e-01,3.425229787826538086e-01
4.146170678511209218e+01,2.189707820078109179e+01,1.215018554687500000e+03,1.091907739639282227e+00,5.648610000000000575e+00,5.105991959571838379e-01,3.009426295757293701e-01
4.146139513454648551e+01,2.191143024189950594e+01,1.186411987304687500e+03,7.851070761680603027e-01,5.648620000000000196e+00,6.109260916709899902e-01,3.570951819419860840e-01
4.147036166729057527e+01,2.192075023096527886e+01,1.284755615234375000e+03,8.133060336112976074e-01,5.648630000000000706e+00,5.884193181991577148e-01,3.533567488193511963e-01
4.146347026926203228e+01,2.193411337275810524e+01,1.290965332031250000e+03,8.157426714897155762e-01,5.648640000000000327e+00,6.581522226333618164e-01,3.958526551723480225e-01
4.145768360288218446e+01,2.194885367539198029e+01,1.222165283203125000e+03,1.031388759613037109e+00,5.648650000000000837e+00,6.058143973350524902e-01,3.577818274497985840e-01
4.145935132856743621e+01,2.196939309433550491e+01,1.520078125000000000e+03,1.054633378982543945e+00,5.648660000000000458e+00,5.158634781837463379e-01,3.258145451545715332e-01
4.146686390579170478e+01,2.197574605872965847e+01,1.521286499023437500e+03,9.121925234794616699e-01,5.648670000000000080e+00,5.761359333992004395e-01,3.639616668224334717e-01
4.145487279827366933e+01,2.198514702615643301e+01,1.480906982421875000e+03,7.691532969474792480e-01,5.648680000000000589e+00,7.011821866035461426e-01,4.396455287933349609e-01
4.146440822766632550e+01,2.199809471092024538e+01,1.068480468750000000e+03,9.649772047996520996e-01,5.648690000000000211e+00,6.456399559974670410e-01,3.629698157310485840e-01
4.145933367768863320e+01,2.201244521380439068e+01,2.566874267578125000e+03,1.069606065750122070e+00,5.648700000000000720e+00,5.909370183944702148e-01,4.175964891910552979e-01
4.146238265412171131e+01,2.203426601351456426e+01,2.153307617187500000e+03,9.325391650199890137e-01,5.648710000000000342e+00,7.255963087081909180e-01,4.969425201416015625e-01
4.145618340357706444e+01,2.203797654088274527e+01,1.305881958007812500e+03,9.911329150199890137e-01,5.648720000000000852e+00,7.396344542503356934e-01,4.465120136737823486e-01
4.146674825448889123e+01,2.204787120453001492e+01,1.274704345703125000e+03,1.181718826293945312e+00,5.648730000000000473e+00,7.760268449783325195e-01,4.648226201534271240e-01
4.145474571496387739e+01,2.206101366804704966e+01,1.623341796875000000e+03,1.201378822326660156e+00,5.648740000000000094e+00,8.694109916687011719e-01,5.588171482086181641e-01
4.145881212181600262e+01,2.208312550077088332e+01,1.382848876953125000e+03,1.394075870513916016e+00,5.648750000000000604e+00,6.454873681068420410e-01,3.966918885707855225e-01
4.146120919189691278e+01,2.208421834015305762e+01,1.315896972656250000e+03,1.439769983291625977e+00,5.648760000000000225e+00,6.407571434974670410e-01,3.877654671669006348e-01
4.146220675261417909e+01,2.209937314044155698e+01,1.539523925781250000e+03,1.011502265930175781e+00,5.648770000000000735e+00,5.797980427742004395e-01,3.674711883068084717e-01
4.144869167861294557e+01,2.210863952007674271e+01,1.904988525390625000e+03,9.268051981925964355e-01,5.648780000000000356e+00,6.068825125694274902e-01,4.052368402481079102e-01
4.145192578410710382e+01,2.212331117848603412e+01,1.731523437500000000e+03,9.152502417564392090e-01,5.648790000000000866e+00,6.370950341224670410e-01,4.161469042301177979e-01
4.145800489436859948e+01,2.213563066780905331e+01,1.261872436523437500e+03,9.088045954704284668e-01,5.648800000000000487e+00,7.074382901191711426e-01,4.223267436027526855e-01
4.145142377031810810e+01,2.215364012388734238e+01,1.288567626953125000e+03,8.074266314506530762e-01,5.648810000000000109e+00,7.227734327316284180e-01,4.344575405120849609e-01
4.145310605283023619e+01,2.217097824466319622e+01,1.243840698242187500e+03,9.366351962089538574e-01,5.648820000000000618e+00,6.483102440834045410e-01,3.851714432239532471e-01
4.146217380520919704e+01,2.217865467388898537e+01,1.557664184570312500e+03,1.030565023422241211e+00,5.648830000000000240e+00,5.804846882820129395e-01,3.690733611583709717e-01
4.145700006243480118e+01,2.219407471977728363e+01,1.451525146484375000e+03,1.037922620773315430e+00,5.648840000000000749e+00,5.855200886726379395e-01,3.650297820568084717e-01
4.145205359037148440e+01,2.220225046677930791e+01,1.107638793945312500e+03,9.022302031517028809e-01,5.648850000000000371e+00,6.419778466224670410e-01,3.659453094005584717e-01
4.145508371590996433e+01,2.221520289656512404e+01,1.409300048828125000e+03,8.758646845817565918e-01,5.648860000000000881e+00,6.647898554801940918e-01,4.108826220035552979e-01
4.146125155962033659e+01,2.222920102989798607e+01,1.394201660156250000e+03,9.508890509605407715e-01,5.648870000000000502e+00,6.045174002647399902e-01,3.724303245544433594e-01
4.145713447208201785e+01,2.223924087837823294e+01,1.051922363281250000e+03,9.356982111930847168e-01,5.648880000000000123e+00,7.265118360519409180e-01,4.059234857559204102e-01
4.145740357740044146e+01,2.224965850282077184e+01,1.563225219726562500e+03,1.049274921417236328e+00,5.648890000000000633e+00,5.946754217147827148e-01,3.784575462341308594e-01
4.146556332806392220e+01,2.226658176320124483e+01,1.406305664062500000e+03,9.944552779197692871e-01,5.648900000000000254e+00,7.321576476097106934e-01,4.522340893745422363e-01
4.145386537288119655e+01,2.227618683346216955e+01,1.402498413085937500e+03,1.033820629119873047e+00,5.648910000000000764e+00,5.526372790336608887e-01,3.410733938217163086e-01
4.145507651116935222e+01,2.228379914465847733e+01,2.287266845703125000e+03,9.540480971336364746e-01,5.648920000000000385e+00,7.150677442550659180e-01,4.953403174877166748e-01
4.146086677696293776e+01,2.229734943370445777e+01,2.378354492187500000e+03,9.366840720176696777e-01,5.648930000000000895e+00,7.142285108566284180e-01,4.982395172119140625e-01
4.146648290443157947e+01,2.231107626632056196e+01,1.488705078125000000e+03,1.185205698013305664e+00,5.648940000000000516e+00,6.871440410614013672e-01,4.314820468425750732e-01
4.145229224471537322e+01,2.232686040394098015e+01,1.739360351562500000e+03,1.160337448120117188e+00,5.648950000000000138e+00,6.088661551475524902e-01,3.981414735317230225e-01
4.146670535908592825e+01,2.233581672081545122e+01,1.220543945312500000e+03,1.150917530059814453e+00,5.648960000000000647e+00,7.685499787330627441e-01,4.536836743354797363e-01
4.146207826170613231e+01,2.234282277969463593e+01,1.147277587890625000e+03,1.239566326141357422e+00,5.648970000000000269e+00,6.896617412567138672e-01,3.982940614223480225e-01
4.146612893256356358e+01,2.235999341332138357e+01,1.190853149414062500e+03,1.224419593811035156e+00,5.648980000000000778e+00,6.273293495178222656e-01,3.671660125255584717e-01
4.146069203350342036e+01,2.237119070227013040e+01,1.255985473632812500e+03,1.012678861618041992e+00,5.648990000000000400e+00,6.455636620521545410e-01,3.847899734973907471e-01
4.147316718222654686e+01,2.239032812089611824e+01,1.496742187500000000e+03,9.546858668327331543e-01,5.649000000000000021e+00,6.444955468177795410e-01,4.053131341934204102e-01
4.145894719488470059e+01,2.240457549457534725e+01,1.780154663085937500e+03,8.977407813072204590e-01,5.649010000000000531e+00,6.132912039756774902e-01,4.032531976699829102e-01
4.146050951468805579e+01,2.241497323129988217e+01,1.201305541992187500e+03,1.095108509063720703e+00,5.649020000000000152e+00,5.833075642585754395e-01,3.424466848373413086e-01
4.146801117292527294e+01,2.242520884150612659e+01,1.554870361328125000e+03,9.826404452323913574e-01,5.649030000000000662e+00,6.229043006896972656e-01,3.958526551723480225e-01
4.146347318976250307e+01,2.243415685191682130e+01,1.053981201171875000e+03,9.367472529411315918e-01,5.649040000000000283e+00,6.625009775161743164e-01,3.704466521739959717e-01
4.146901576104960441e+01,2.244600266563082158e+01,1.300406860351562500e+03,9.782106280326843262e-01,5.649050000000000793e+00,6.361032128334045410e-01,3.834929764270782471e-01
4.146706845103562245e+01,2.246179596755566621e+01,1.498022338867187500e+03,9.780866503715515137e-01,5.649060000000000414e+00,7.599287629127502441e-01,4.780215322971343994e-01
4.147053902558390348e+01,2.247903211575741267e+01,1.285424316406250000e+03,9.549350142478942871e-01,5.649070000000000036e+00,8.361467123031616211e-01,5.022068023681640625e-01
4.146983321916106036e+01,2.248586208813402010e+01,1.678588623046875000e+03,1.267431497573852539e+00,5.649080000000000545e+00,7.263592481613159180e-01,4.708498716354370117e-01
4.146579550500448619e+01,2.250215763009848402e+01,1.869731201171875000e+03,1.467055797576904297e+00,5.649090000000000167e+00,8.036453127861022949e-01,5.344029664993286133e-01
4.146375017390700890e+01,2.252173437645922860e+01,2.230302490234375000e+03,1.343225955963134766e+00,5.649100000000000676e+00,8.842883706092834473e-01,6.097053885459899902e-01
4.147062270073352153e+01,2.252623593074805441e+01,2.177176269531250000e+03,1.487024545669555664e+00,5.649110000000000298e+00,9.729422330856323242e-01,6.677653193473815918e-01
4.145772462002651793e+01,2.253962135242361242e+01,1.699140380859375000e+03,1.850493669509887695e+00,5.649120000000000807e+00,9.470022320747375488e-01,6.157326102256774902e-01
4.146622842015508326e+01,2.254964913060219800e+01,1.418695678710937500e+03,1.952782392501831055e+00,5.649130000000000429e+00,1.011394500732421875e+00,6.263375282287597656e-01
4.145630803461785518e+01,2.256377967129500917e+01,1.688168334960937500e+03,1.835883378982543945e+00,5.649140000000000050e+00,8.108932971954345703e-01,5.263921022415161133e-01
4.146069488145283088e+01,2.258182901209462656e+01,4.044997314453125000e+03,1.806792736053466797e+00,5.649150000000000560e+00,7.118633985519409180e-01,5.339452028274536133e-01
4.145642920675615528e+01,2.258595617153510560e+01,1.508424682617187500e+03,1.609832763671875000e+00,5.649160000000000181e+00,6.532694101333618164e-01,4.117218554019927979e-01
4.145899768631610982e+01,2.260027763656349720e+01,1.340807006835937500e+03,1.427309036254882812e+00,5.649170000000000691e+00,6.396127343177795410e-01,3.893676400184631348e-01
4.145054236253690050e+01,2.261229731824123945e+01,1.579844360351562500e+03,1.084184169769287109e+00,5.649180000000000312e+00,5.910896062850952148e-01,3.772368431091308594e-01
4.146230703173734611e+01,2.263105590754686247e+01,1.308155395507812500e+03,1.014629125595092773e+00,5.649190000000000822e+00,5.377599000930786133e-01,3.248227238655090332e-01
4.145826076816386774e+01,2.263681329373116569e+01,1.360520263671875000e+03,8.648712038993835449e-01,5.649200000000000443e+00,4.452150166034698486e-01,2.722559869289398193e-01
4.145835974425664716e+01,2.264991801020942930e+01,1.511136230468750000e+03,7.052273154258728027e-01,5.649210000000000065e+00,5.666754245758056641e-01,3.573240637779235840e-01
4.144797446655444872e+01,2.266317591597716685e+01,1.578407958984375000e+03,6.456131339073181152e-01,5.649220000000000574e+00,7.887679338455200195e-01,5.032749176025390625e-01
4.145795120362917885e+01,2.267965224717973882e+01,1.510557373046875000e+03,9.534460902214050293e-01,5.649230000000000196e+00,9.466970562934875488e-01,5.968879461288452148e-01
4.145381934395488344e+01,2.268696099961954005e+01,1.928529663085937500e+03,1.401139020919799805e+00,5.649240000000000705e+00,7.863265275955200195e-01,5.264683961868286133e-01
4.145467665034144744e+01,2.270330819884382478e+01,1.632009155273437500e+03,1.638327360153198242e+00,5.649250000000000327e+00,6.553293466567993164e-01,4.217926859855651855e-01
4.145188358046986110e+01,2.271360550387366928e+01,1.790972290039062500e+03,1.373993873596191406e+00,5.649260000000000836e+00,8.039504885673522949e-01,5.293675661087036133e-01
4.145618527290100275e+01,2.273286514579514161e+01,1.462204589843750000e+03,1.285171031951904297e+00,5.649270000000000458e+00,6.863811016082763672e-01,4.288117587566375732e-01
4.145057052600702008e+01,2.273817864009749456e+01,1.505228515625000000e+03,1.197155237197875977e+00,5.649280000000000079e+00,8.457597494125366211e-01,5.327244997024536133e-01
4.145393335945102820e+01,2.274717343468704911e+01,1.730561401367187500e+03,1.186048507690429688e+00,5.649290000000000589e+00,7.042339444160461426e-01,4.599398076534271240e-01
4.145972974804954703e+01,2.276523988451289071e+01,1.591542480468750000e+03,1.390089511871337891e+00,5.649300000000000210e+00,7.909805178642272949e-01,5.057926177978515625e-01
4.145140552671807654e+01,2.277676235624202050e+01,1.346192871093750000e+03,1.115414619445800781e+00,5.649310000000000720e+00,8.225663304328918457e-01,5.013675689697265625e-01
4.146048078637968359e+01,2.279165449739446103e+01,1.494216308593750000e+03,1.435662031173706055e+00,5.649320000000000341e+00,7.696943879127502441e-01,4.838199019432067871e-01
4.145866162094007024e+01,2.280268121891270283e+01,1.435274536132812500e+03,1.430620670318603516e+00,5.649330000000000851e+00,7.210186719894409180e-01,4.480378925800323486e-01
4.146026194468340265e+01,2.282110279462290237e+01,1.571305541992187500e+03,1.248713254928588867e+00,5.649340000000000472e+00,9.084736108779907227e-01,5.789588093757629395e-01
4.145023612563261395e+01,2.282964293709108006e+01,1.374226440429687500e+03,1.300235509872436523e+00,5.649350000000000094e+00,7.449750900268554688e-01,4.569643139839172363e-01
4.146563164926484291e+01,2.283318794448361899e+01,1.054310668945312500e+03,1.518477916717529297e+00,5.649360000000000603e+00,7.583265900611877441e-01,4.240815043449401855e-01
4.146134762777611371e+01,2.284793360415060093e+01,1.273466430664062500e+03,1.191452264785766602e+00,5.649370000000000225e+00,6.412149071693420410e-01,3.839507400989532471e-01
4.146149446088302426e+01,2.286473905923633509e+01,1.800444824218750000e+03,1.051274061203002930e+00,5.649380000000000734e+00,6.307625770568847656e-01,4.158417284488677979e-01
4.145980841869046429e+01,2.287810070587784139e+01,1.076114990234375000e+03,9.576064944267272949e-01,5.649390000000000356e+00,7.374982237815856934e-01,4.157654345035552979e-01
4.147493230245909501e+01,2.288639124205050024e+01,2.637941650390625000e+03,1.163722991943359375e+00,5.649400000000000865e+00,6.338143944740295410e-01,4.498689770698547363e-01
4.145990505929951553e+01,2.290292290869163239e+01,1.173313354492187500e+03,1.158538579940795898e+00,5.649410000000000487e+00,6.915690898895263672e-01,4.026428461074829102e-01
4.147070573752017708e+01,2.291519844241917525e+01,1.681732543945312500e+03,1.080630540847778320e+00,5.649420000000000108e+00,6.991985440254211426e-01,4.534547924995422363e-01
4.146845645642613221e+01,2.293151569389995359e+01,1.259920776367187500e+03,1.122401475906372070e+00,5.649430000000000618e+00,6.789042353630065918e-01,4.050842523574829102e-01
4.146895899052687895e+01,2.294055823843733677e+01,1.162168090820312500e+03,1.032152891159057617e+00,5.649440000000000239e+00,5.332585573196411133e-01,3.094112873077392578e-01
4.146110676097370629e+01,2.295874539094957711e+01,1.604681762695312500e+03,8.953446745872497559e-01,5.649450000000000749e+00,5.172367691993713379e-01,3.314602971076965332e-01
4.147346258138753683e+01,2.297245604241635419e+01,1.386196655273437500e+03,6.908971667289733887e-01,5.649460000000000370e+00,5.580542087554931641e-01,3.432096242904663086e-01
4.146891208672347062e+01,2.298143030896978800e+01,1.505517211914062500e+03,6.900436282157897949e-01,5.649470000000000880e+00,5.836127400398254395e-01,3.676237761974334717e-01
4.147089732768140635e+01,2.299201371448486597e+01,2.293564941406250000e+03,8.139986395835876465e-01,5.649480000000000501e+00,6.343484520912170410e-01,4.396455287933349609e-01
4.147164720518482284e+01,2.300142366160839913e+01,2.122120605468750000e+03,8.827013373374938965e-01,5.649490000000000123e+00,7.377271056175231934e-01,5.038089752197265625e-01
4.147458398933268597e+01,2.301971320832644707e+01,1.769502563476562500e+03,1.078584909439086914e+00,5.649500000000000632e+00,6.778361201286315918e-01,4.450624287128448486e-01
4.146626098075668665e+01,2.303127818004294625e+01,1.320908325195312500e+03,1.180248975753784180e+00,5.649510000000000254e+00,7.062175869941711426e-01,4.278962314128875732e-01
4.146801437328608131e+01,2.304218500115285906e+01,1.050580932617187500e+03,1.188665151596069336e+00,5.649520000000000763e+00,7.509260177612304688e-01,4.193512797355651855e-01
4.147359003267234101e+01,2.305650535020957648e+01,1.337693847656250000e+03,1.080272912979125977e+00,5.649530000000000385e+00,7.066753506660461426e-01,4.298798739910125732e-01
4.146693969410893743e+01,2.307072959384617050e+01,1.192155395507812500e+03,1.105526208877563477e+00,5.649540000000000894e+00,6.560159921646118164e-01,3.841033279895782471e-01
4.146990867009032655e+01,2.307748040374514531e+01,1.486199462890625000e+03,9.520859122276306152e-01,5.649550000000000516e+00,7.972366213798522949e-01,5.003757476806640625e-01
4.146755839469813765e+01,2.309366828621673662e+01,2.010363281250000000e+03,1.067947864532470703e+00,5.649560000000000137e+00,6.166481375694274902e-01,4.165283739566802979e-01
4.147468810301348441e+01,2.310817970259406096e+01,2.222491699218750000e+03,1.202225208282470703e+00,5.649570000000000647e+00,6.145882010459899902e-01,4.234711527824401855e-01
4.146163161232696126e+01,2.311948307357494059e+01,1.595801025390625000e+03,1.027625322341918945e+00,5.649580000000000268e+00,6.512857675552368164e-01,4.167572557926177979e-01
4.147613353537909830e+01,2.312999398576727472e+01,1.979883178710937500e+03,1.106074571609497070e+00,5.649590000000000778e+00,6.527353525161743164e-01,4.394929409027099609e-01
4.146564091118700190e+01,2.314916650501517736e+01,1.535156860351562500e+03,1.219541549682617188e+00,5.649600000000000399e+00,8.403428792953491211e-01,5.321904420852661133e-01
4.146539651443125507e+01,2.316541785076142190e+01,2.417810058593750000e+03,1.275950193405151367e+00,5.649610000000000021e+00,8.444627523422241211e-01,5.907844305038452148e-01
4.145490423442551986e+01,2.317102834323571159e+01,1.777359497070312500e+03,1.490041732788085938e+00,5.649620000000000530e+00,7.464246749877929688e-01,4.906100928783416748e-01
4.146873219679783773e+01,2.317550376772794252e+01,1.124025756835937500e+03,1.551045894622802734e+00,5.649630000000000152e+00,7.384137511253356934e-01,4.232422709465026855e-01
4.145373903261039317e+01,2.319520367726554610e+01,1.637285888671875000e+03,1.253044128417968750e+00,5.649640000000000661e+00,8.923755288124084473e-01,5.748389363288879395e-01
4.145515894651095579e+01,2.320599328290109398e+01,1.614313720703125000e+03,1.260337352752685547e+00,5.649650000000000283e+00,1.098064780235290527e+00,7.047680020332336426e-01
4.145261844267389506e+01,2.322016538614659709e+01,1.564771728515625000e+03,1.798201322555541992e+00,5.649660000000000792e+00,8.059341907501220703e-01,5.130406022071838379e-01
4.145594687349552743e+01,2.322322058915654708e+01,1.789813476562500000e+03,1.902403354644775391e+00,5.649670000000000414e+00,7.514600753784179688e-01,4.947299659252166748e-01
4.144234702622640043e+01,2.324223646932079390e+01,2.095206542968750000e+03,1.342861175537109375e+00,5.649680000000000035e+00,7.449750900268554688e-01,5.074710845947265625e-01
4.144980624967999461e+01,2.325167593120515974e+01,1.249912841796875000e+03,1.489525556564331055e+00,5.649690000000000545e+00,8.543047308921813965e-01,5.083866715431213379e-01
4.144766483223239106e+01,2.327211349757591208e+01,1.465384643554687500e+03,1.268083572387695312e+00,5.649700000000000166e+00,7.625990509986877441e-01,4.767245352268218994e-01
4.144372874234598214e+01,2.328450913706804570e+01,1.560362060546875000e+03,1.413493871688842773e+00,5.649710000000000676e+00,6.518198251724243164e-01,4.146210253238677979e-01
4.144159027861054767e+01,2.329419051677067998e+01,1.562685668945312500e+03,1.210337400436401367e+00,5.649720000000000297e+00,5.700323581695556641e-01,3.627409338951110840e-01
4.146134441919716807e+01,2.331314447922669686e+01,1.582763549804687500e+03,9.156114459037780762e-01,5.649730000000000807e+00,5.054874420166015625e-01,3.227627575397491455e-01
4.144402833038522260e+01,2.331927610414712149e+01,1.143197265625000000e+03,8.345252871513366699e-01,5.649740000000000428e+00,4.479615986347198486e-01,2.583704292774200439e-01
4.144508183249730138e+01,2.332651308760182474e+01,1.043067504882812500e+03,7.603413462638854980e-01,5.649750000000000050e+00,4.405610561370849609e-01,2.453241199254989624e-01
4.145095437855837162e+01,2.334516549760576254e+01,1.371307739257812500e+03,5.565316081047058105e-01,5.649760000000000559e+00,4.684084653854370117e-01,2.871333658695220947e-01
4.144501175135108184e+01,2.335480933771392387e+01,1.250018188476562500e+03,5.547518134117126465e-01,5.649770000000000181e+00,4.706972837448120117e-01,2.801142930984497070e-01
4.144392451035846392e+01,2.336932653951511796e+01,1.276780029296875000e+03,5.529457926750183105e-01,5.649780000000000690e+00,5.864356756210327148e-01,3.514494001865386963e-01
4.144964389882701994e+01,2.338064693596350097e+01,2.014975219726562500e+03,6.728858351707458496e-01,5.649790000000000312e+00,5.586645603179931641e-01,3.775420188903808594e-01
4.145896455424954752e+01,2.339214868675055570e+01,1.901673828125000000e+03,7.923013567924499512e-01,5.649800000000000821e+00,6.727244257926940918e-01,4.490297138690948486e-01
4.144999402275806943e+01,2.340757089113477107e+01,2.386958251953125000e+03,9.085935950279235840e-01,5.649810000000000443e+00,6.538797616958618164e-01,4.564302563667297363e-01
4.146630645621708311e+01,2.341287073057122470e+01,1.262218017578125000e+03,1.185463190078735352e+00,5.649820000000000064e+00,6.071876883506774902e-01,3.625120520591735840e-01
4.145614042417560086e+01,2.342389443422650075e+01,1.104705444335937500e+03,1.082212448120117188e+00,5.649830000000000574e+00,5.000705718994140625e-01,2.847682237625122070e-01
4.146794203759070996e+01,2.344603674266008397e+01,1.451180419921875000e+03,8.348566889762878418e-01,5.649840000000000195e+00,6.113838553428649902e-01,3.811278641223907471e-01
4.145720415259797420e+01,2.345214952996195379e+01,1.534440429687500000e+03,8.080679774284362793e-01,5.649850000000000705e+00,7.128552198410034180e-01,4.513948559761047363e-01
4.147772402326129537e+01,2.346697933333782871e+01,1.689126464843750000e+03,9.743780493736267090e-01,5.649860000000000326e+00,7.173565626144409180e-01,4.657381772994995117e-01
4.146700881516576942e+01,2.347982109094274250e+01,1.128046386718750000e+03,1.217138290405273438e+00,5.649870000000000836e+00,6.229805946350097656e-01,3.575529456138610840e-01
4.147848546556247129e+01,2.349692938666104070e+01,1.347665893554687500e+03,1.017115831375122070e+00,5.649880000000000457e+00,6.277108192443847656e-01,3.827300369739532471e-01
4.146683493643209317e+01,2.351670921586836016e+01,1.262087036132812500e+03,9.987503886222839355e-01,5.649890000000000079e+00,6.387735009193420410e-01,3.813567459583282471e-01
4.148699332748407897e+01,2.352051327909362755e+01,1.446496093750000000e+03,9.713835120201110840e-01,5.649900000000000588e+00,6.664683222770690918e-01,4.150787889957427979e-01
4.146975763767248679e+01,2.353219445069721161e+01,1.877480346679687500e+03,9.081119894981384277e-01,5.649910000000000210e+00,7.430677413940429688e-01,4.945773780345916748e-01
4.148204532224210794e+01,2.354719595457468628e+01,1.151869506835937500e+03,1.091086387634277344e+00,5.649920000000000719e+00,6.924846172332763672e-01,4.005065858364105225e-01
4.147790950317389047e+01,2.356103801063891723e+01,1.559057006835937500e+03,1.183851480484008789e+00,5.649930000000000341e+00,6.785990595817565918e-01,4.315583407878875732e-01
4.148030358433970122e+01,2.357145276233924136e+01,1.794540649414062500e+03,1.005146026611328125e+00,5.649940000000000850e+00,8.833728432655334473e-01,5.819342732429504395e-01
4.147359414055680560e+01,2.358229893578165104e+01,1.361465209960937500e+03,1.219582080841064453e+00,5.649950000000000472e+00,8.987842798233032227e-01,5.497381091117858887e-01
4.148270079377309116e+01,2.359604157393117063e+01,1.363800659179687500e+03,1.443546533584594727e+00,5.649960000000000093e+00,1.011013031005859375e+00,6.187081336975097656e-01
4.148196341581514446e+01,2.361018467654920272e+01,1.570826904296875000e+03,1.520328044891357422e+00,5.649970000000000603e+00,8.749041557312011719e-01,5.575201511383056641e-01
4.147638758978763462e+01,2.362167986730259983e+01,1.531074462890625000e+03,1.695326089859008789e+00,5.649980000000000224e+00,9.431874752044677734e-01,5.968879461288452148e-01
4.147950457946533476e+01,2.362934244969387976e+01,1.757723510742187500e+03,1.468303918838500977e+00,5.649990000000000734e+00,7.539777755737304688e-01,4.942722022533416748e-01
4.147466169899173138e+01,2.364622187803986009e+01,1.131659912109375000e+03,1.629758596420288086e+00,5.650000000000000355e+00,7.599287629127502441e-01,4.366700649261474609e-01
4.147746590022617852e+01,2.365898933245479085e+01,1.754703857421875000e+03,1.255249500274658203e+00,5.650010000000000865e+00,8.009750247001647949e-01,5.248662233352661133e-01
4.146850533340498401e+01,2.366916132742062118e+01,1.744192626953125000e+03,1.247777462005615234e+00,5.650020000000000486e+00,7.418469786643981934e-01,4.854220747947692871e-01
4.148722292203702722e+01,2.368110003794805252e+01,1.306671142578125000e+03,1.418301582336425781e+00,5.650030000000000108e+00,7.369641661643981934e-01,4.449861347675323486e-01
4.146822485448736018e+01,2.369927465770270558e+01,1.857535278320312500e+03,1.266334772109985352e+00,5.650040000000000617e+00,5.762885212898254395e-01,3.826537430286407471e-01
4.147691102152970188e+01,2.371258359798277482e+01,1.873532226562500000e+03,1.189870357513427734e+00,5.650050000000000239e+00,5.759833455085754395e-01,3.831878006458282471e-01
4.146106255673661423e+01,2.371873254200873049e+01,1.374879882812500000e+03,9.175390601158142090e-01,5.650060000000000748e+00,7.581740021705627441e-01,4.651278257369995117e-01
4.147282187839039835e+01,2.373884719121750564e+01,2.132874755859375000e+03,1.015480279922485352e+00,5.650070000000000370e+00,7.696943879127502441e-01,5.261632204055786133e-01
4.145503094425903612e+01,2.374758196674161326e+01,1.637765991210937500e+03,1.202651977539062500e+00,5.650080000000000879e+00,6.881358623504638672e-01,4.433076679706573486e-01
4.147507061841976395e+01,2.375913304831351880e+01,1.385107910156250000e+03,1.280110597610473633e+00,5.650090000000000501e+00,6.949260234832763672e-01,4.272858798503875732e-01
4.145741255812183823e+01,2.376941273098103480e+01,1.736292236328125000e+03,1.140067100524902344e+00,5.650100000000000122e+00,8.689532279968261719e-01,5.679724216461181641e-01
4.146641696032796887e+01,2.378120603280583722e+01,1.538839477539062500e+03,1.227608442306518555e+00,5.650110000000000632e+00,7.829695940017700195e-01,4.961795806884765625e-01
4.145175740797449748e+01,2.379687269745301847e+01,1.334510986328125000e+03,1.398485422134399414e+00,5.650120000000000253e+00,8.387407064437866211e-01,5.098362565040588379e-01
4.146320106510707149e+01,2.380821486555256428e+01,2.544630371093750000e+03,1.428925514221191406e+00,5.650130000000000763e+00,7.014110684394836426e-01,4.949588477611541748e-01
4.145647522143660524e+01,2.381693153220739845e+01,1.764938720703125000e+03,1.394041299819946289e+00,5.650140000000000384e+00,7.125500440597534180e-01,4.675692319869995117e-01
4.145504376649898148e+01,2.383191159037729889e+01,1.854541015625000000e+03,1.165849685668945312e+00,5.650150000000000894e+00,7.206372022628784180e-01,4.783267080783843994e-01
4.145723218854283232e+01,2.384969900401188880e+01,1.443064575195312500e+03,1.171699285507202148e+00,5.650160000000000515e+00,8.156235218048095703e-01,5.076236724853515625e-01
4.145317025520806453e+01,2.386296042622205960e+01,1.475478881835937500e+03,1.094736576080322266e+00,5.650170000000000137e+00,8.273728489875793457e-01,5.182285904884338379e-01
4.144829533967838131e+01,2.386603619571338797e+01,1.509417846679687500e+03,1.390068054199218750e+00,5.650180000000000646e+00,8.241685032844543457e-01,5.195255875587463379e-01
4.145091372133014573e+01,2.387951191395248784e+01,1.295460571289062500e+03,1.334807395935058594e+00,5.650190000000000268e+00,8.707842826843261719e-01,5.243321657180786133e-01
4.146050649170079794e+01,2.389574264420915739e+01,2.099553466796875000e+03,1.430093765258789062e+00,5.650200000000000777e+00,7.909042239189147949e-01,5.389806032180786133e-01
4.144319382721743494e+01,2.390389883768231982e+01,1.967907836914062500e+03,1.275928735733032227e+00,5.650210000000000399e+00,8.121902942657470703e-01,5.461522936820983887e-01
4.144787328047416253e+01,2.391639562737719871e+01,5.834623535156250000e+03,1.534370899200439453e+00,5.650220000000000020e+00,1.639181673526763916e-01,1.269154548645019531e-01
4.143293165292254088e+01,2.392751553369420492e+01,1.298959106445312500e+03,1.283914566040039062e+00,5.650230000000000530e+00,1.146320924162864685e-01,6.908442825078964233e-02
4.144265054671053861e+01,2.394000930261800164e+01,2.309219970703125000e+03,4.594821035861968994e-01,5.650240000000000151e+00,1.161579713225364685e-01,8.060485869646072388e-02
