# x_coordinates, y_coordinates, TEP, TED, times, high, low
3.426114722359269393e+01,1.811519071247684209e+01,4.158091308593750000e+03,1.295679956674575806e-01,5.558150000000000368e+00,6.557489931583404541e-02,4.932422563433647156e-02
3.426255605236691792e+01,1.811303263543871722e+01,1.392901611328125000e+03,1.180952861905097961e-01,5.558160000000000878e+00,2.532587051391601562e-01,1.559835672378540039e-01
3.427626061078369446e+01,1.810515208374449614e+01,1.321740112304687500e+03,1.820200830698013306e-01,5.558170000000000499e+00,3.650297820568084717e-01,2.212151437997817993e-01
3.425299078625938165e+01,1.810521833067081587e+01,1.291834716796875000e+03,2.811724245548248291e-01,5.558180000000000121e+00,3.546537458896636963e-01,2.133568376302719116e-01
3.426365088336360998e+01,1.810755869276216856e+01,1.983226562500000000e+03,4.735392630100250244e-01,5.558190000000000630e+00,3.491605818271636963e-01,2.351769804954528809e-01
3.425414676770473221e+01,1.810483232575611368e+01,1.768970703125000000e+03,4.360646307468414307e-01,5.558200000000000252e+00,3.982940614223480225e-01,2.614984810352325439e-01
3.426024042734987773e+01,1.810852450753167631e+01,4.163029296875000000e+03,5.776888728141784668e-01,5.558210000000000761e+00,4.240815043449401855e-01,3.190243542194366455e-01
3.425245573109333463e+01,1.811110094965102491e+01,2.397444091796875000e+03,6.235570311546325684e-01,5.558220000000000383e+00,4.667299985885620117e-01,3.260434269905090332e-01
3.426152222086799526e+01,1.811888597964474457e+01,2.024371093750000000e+03,8.072847723960876465e-01,5.558230000000000892e+00,4.069916009902954102e-01,2.753077447414398193e-01
3.426235975046590454e+01,1.812856238249348095e+01,1.724259033203125000e+03,7.757670283317565918e-01,5.558240000000000514e+00,3.732695579528808594e-01,2.435693442821502686e-01
3.426344340713567505e+01,1.814245840505907381e+01,1.154426391601562500e+03,6.301075816154479980e-01,5.558250000000000135e+00,4.352967739105224609e-01,2.519617080688476562e-01
3.425737803823822247e+01,1.814562910089894032e+01,2.249944580078125000e+03,5.828363299369812012e-01,5.558260000000000645e+00,4.167572557926177979e-01,2.878200113773345947e-01
3.426660425663873610e+01,1.816267860763259989e+01,1.403306640625000000e+03,6.407637000083923340e-01,5.558270000000000266e+00,3.823485672473907471e-01,2.360162138938903809e-01
3.425085349296072934e+01,1.817639053554905715e+01,2.353678466796875000e+03,7.860750555992126465e-01,5.558280000000000776e+00,3.582395911216735840e-01,2.494440078735351562e-01
3.426113726523589520e+01,1.819618834183655665e+01,1.536208618164062500e+03,5.652994513511657715e-01,5.558290000000000397e+00,3.086483478546142578e-01,1.955039799213409424e-01
3.425564044797356189e+01,1.821547262321893612e+01,1.297474121093750000e+03,5.531806349754333496e-01,5.558300000000000018e+00,2.876674234867095947e-01,1.733023524284362793e-01
3.426691145058612875e+01,1.822906555785960592e+01,1.526540161132812500e+03,3.630799353122711182e-01,5.558310000000000528e+00,3.299344182014465332e-01,2.086265832185745239e-01
3.426155237750796090e+01,1.824699016611321412e+01,1.063698852539062500e+03,4.023927748203277588e-01,5.558320000000000149e+00,3.786864280700683594e-01,2.125175893306732178e-01
3.427643452783460276e+01,1.827343853361924531e+01,1.092520019531250000e+03,4.375702440738677979e-01,5.558330000000000659e+00,3.052150905132293701e-01,1.730734705924987793e-01
3.426965271506694677e+01,1.829863802784770854e+01,9.229209594726562500e+02,4.768878519535064697e-01,5.558340000000000281e+00,3.674711883068084717e-01,1.942069828510284424e-01
3.427102833322949493e+01,1.831515914876498385e+01,1.069534912109375000e+03,4.215556681156158447e-01,5.558350000000000790e+00,3.206265270709991455e-01,1.803214251995086670e-01
3.428007679254888984e+01,1.833013151872023272e+01,1.832604980468750000e+03,4.472309648990631104e-01,5.558360000000000412e+00,2.785121202468872070e-01,1.843650192022323608e-01
3.428080628273905006e+01,1.834904264897816617e+01,1.583511230468750000e+03,3.660232126712799072e-01,5.558370000000000033e+00,3.601469397544860840e-01,2.299889773130416870e-01
3.427571852597438351e+01,1.837100358331819905e+01,1.939962646484375000e+03,3.875321447849273682e-01,5.558380000000000543e+00,3.863158524036407471e-01,2.589807808399200439e-01
3.427428196170554742e+01,1.838823188884452264e+01,1.657704101562500000e+03,5.392939448356628418e-01,5.558390000000000164e+00,4.541414380073547363e-01,2.934657931327819824e-01
3.429184003028137084e+01,1.840460507595937045e+01,1.459385253906250000e+03,5.986720919609069824e-01,5.558400000000000674e+00,4.352967739105224609e-01,2.717982232570648193e-01
3.427798712738321285e+01,1.842213712603644282e+01,1.704954345703125000e+03,6.280965209007263184e-01,5.558410000000000295e+00,4.989261627197265625e-01,3.246701359748840332e-01
3.428897937564610032e+01,1.843405319773838613e+01,1.336337402343750000e+03,6.932062506675720215e-01,5.558420000000000805e+00,4.810733199119567871e-01,2.925502359867095947e-01
3.428118900308485451e+01,1.845050501541664545e+01,1.051556152343750000e+03,7.997507452964782715e-01,5.558430000000000426e+00,3.203213512897491455e-01,1.789481341838836670e-01
3.429473061732129224e+01,1.846736007032912141e+01,1.549239624023437500e+03,6.097788214683532715e-01,5.558440000000000047e+00,3.211605846881866455e-01,2.038963437080383301e-01
3.428130535772432097e+01,1.848798019020256689e+01,3.612446044921875000e+03,4.585057795047760010e-01,5.558450000000000557e+00,2.734766900539398193e-01,2.025993466377258301e-01
3.429754132244495679e+01,1.849953206160240882e+01,9.746059570312500000e+02,4.214936792850494385e-01,5.558460000000000178e+00,2.466974109411239624e-01,1.335530579090118408e-01
3.428829523548793645e+01,1.851540451593017522e+01,7.285108032226562500e+02,3.439694941043853760e-01,5.558470000000000688e+00,2.684412598609924316e-01,1.256947517395019531e-01
3.429305093797261605e+01,1.853694098533621570e+01,1.328786132812500000e+03,2.530676424503326416e-01,5.558480000000000310e+00,2.991878390312194824e-01,1.816184222698211670e-01
3.428887661729599756e+01,1.855550028722248612e+01,2.048583740234375000e+03,2.574092447757720947e-01,5.558490000000000819e+00,3.969970643520355225e-01,2.692041993141174316e-01
3.429792975558562773e+01,1.856746739455739714e+01,2.226237060546875000e+03,4.351979792118072510e-01,5.558500000000000441e+00,3.935638070106506348e-01,2.712641656398773193e-01
3.428374851959857494e+01,1.857914186154216551e+01,1.303302734375000000e+03,6.037253737449645996e-01,5.558510000000000062e+00,4.610079228878021240e-01,2.781306505203247070e-01
3.429258863615817177e+01,1.860288305020387156e+01,1.485766845703125000e+03,5.454654097557067871e-01,5.558520000000000572e+00,4.701632261276245117e-01,2.950679659843444824e-01
3.429452309633287399e+01,1.861859103746633437e+01,1.526530517578125000e+03,7.155627608299255371e-01,5.558530000000000193e+00,4.432313740253448486e-01,2.802668809890747070e-01
3.428582848912699177e+01,1.863648005789369932e+01,3.473559570312500000e+03,7.777423262596130371e-01,5.558540000000000703e+00,4.898471534252166748e-01,3.612150549888610840e-01
3.427779043305751117e+01,1.865124351258076985e+01,1.558698364257812500e+03,7.433182597160339355e-01,5.558550000000000324e+00,5.727027058601379395e-01,3.641905486583709717e-01
3.428871657094941838e+01,1.867389837281517728e+01,1.460990234375000000e+03,9.391004443168640137e-01,5.558560000000000834e+00,4.349153041839599609e-01,2.716456353664398193e-01
3.427767309103822413e+01,1.868860257950650805e+01,1.131647583007812500e+03,9.439403414726257324e-01,5.558570000000000455e+00,5.109806656837463379e-01,2.936183810234069824e-01
3.427865781469322570e+01,1.870259321204024872e+01,1.288158203125000000e+03,7.514829039573669434e-01,5.558580000000000076e+00,3.535856306552886963e-01,2.125175893306732178e-01
3.427486404591482483e+01,1.872193920322492389e+01,1.300210083007812500e+03,6.909472346305847168e-01,5.558590000000000586e+00,3.963104188442230225e-01,2.389153987169265747e-01
3.427896794345075904e+01,1.874665491812400120e+01,1.676336303710937500e+03,5.498666167259216309e-01,5.558600000000000207e+00,3.892913460731506348e-01,2.522668838500976562e-01
3.427150632175297318e+01,1.876272322430422790e+01,2.851531005859375000e+03,5.920965075492858887e-01,5.558610000000000717e+00,3.639616668224334717e-01,2.614221870899200439e-01
3.426982596198469366e+01,1.877749650296443917e+01,1.444114624023437500e+03,4.916352331638336182e-01,5.558620000000000339e+00,4.684847593307495117e-01,2.916347086429595947e-01
3.427841531800645924e+01,1.880592601589138724e+01,2.053302490234375000e+03,7.097715735435485840e-01,5.558630000000000848e+00,4.403321743011474609e-01,2.987300753593444824e-01
3.427146663339832600e+01,1.881661870542414050e+01,1.496969726562500000e+03,7.554060816764831543e-01,5.558640000000000470e+00,4.011169373989105225e-01,2.522668838500976562e-01
3.427197629733866791e+01,1.884444548610672499e+01,2.723213134765625000e+03,6.587261557579040527e-01,5.558650000000000091e+00,4.385774135589599609e-01,3.128445148468017578e-01
3.426386651628715896e+01,1.886028621740359768e+01,1.278793579101562500e+03,6.543702483177185059e-01,5.558660000000000601e+00,5.045719146728515625e-01,3.025448024272918701e-01
3.427596411338089410e+01,1.887669114863716402e+01,1.479416137695312500e+03,7.062417864799499512e-01,5.558670000000000222e+00,3.731169700622558594e-01,2.338799834251403809e-01
3.425645403925570065e+01,1.889241120254514072e+01,1.807816162109375000e+03,6.369871497154235840e-01,5.558680000000000732e+00,4.374330043792724609e-01,2.886592447757720947e-01
3.427632132331276438e+01,1.891602580025891100e+01,1.760401245117187500e+03,5.160481333732604980e-01,5.558690000000000353e+00,3.448880910873413086e-01,2.261742651462554932e-01
3.426562875218957771e+01,1.892538039499796554e+01,1.968398071289062500e+03,6.912690997123718262e-01,5.558700000000000863e+00,3.915801644325256348e-01,2.633295655250549316e-01
3.426193433831971902e+01,1.893976598373432907e+01,1.473183349609375000e+03,4.557031691074371338e-01,5.558710000000000484e+00,5.266209840774536133e-01,3.297055363655090332e-01
3.426233399268397761e+01,1.896467609268881915e+01,1.514692871093750000e+03,6.826979517936706543e-01,5.558720000000000105e+00,4.734438955783843994e-01,2.987300753593444824e-01
3.427226339779819853e+01,1.897935834719076098e+01,1.348989501953125000e+03,7.804698348045349121e-01,5.558730000000000615e+00,4.249970316886901855e-01,2.592096626758575439e-01
3.426038604968371715e+01,1.900145011537939155e+01,1.032820434570312500e+03,7.085437178611755371e-01,5.558740000000000236e+00,4.220978617668151855e-01,2.341088652610778809e-01
3.426525957200166062e+01,1.901917920668189765e+01,1.037853759765625000e+03,6.547600626945495605e-01,5.558750000000000746e+00,3.542722761631011963e-01,1.968772709369659424e-01
3.426393688820844119e+01,1.903078144525351689e+01,1.721947753906250000e+03,5.638164877891540527e-01,5.558760000000000367e+00,3.252041935920715332e-01,2.121361196041107178e-01
3.427403821594546685e+01,1.904871368835280165e+01,1.684291503906250000e+03,4.232830107212066650e-01,5.558770000000000877e+00,3.519071638584136963e-01,2.283104956150054932e-01
3.426497777626811825e+01,1.907241385726578642e+01,1.610183105468750000e+03,5.046827197074890137e-01,5.558780000000000499e+00,3.236019909381866455e-01,2.075584679841995239e-01
3.427424333330650086e+01,1.908426952391177167e+01,1.401195312500000000e+03,5.357808470726013184e-01,5.558790000000000120e+00,2.629480957984924316e-01,1.622397005558013916e-01
3.427956658286031200e+01,1.910899387865314836e+01,1.177950561523437500e+03,3.757530748844146729e-01,5.558800000000000630e+00,3.300870060920715332e-01,1.924522072076797485e-01
3.427094477915184711e+01,1.912315601170193347e+01,1.107919921875000000e+03,3.249460756778717041e-01,5.558810000000000251e+00,3.279507756233215332e-01,1.869590282440185547e-01
3.427232259405286641e+01,1.913691093072247895e+01,1.389562133789062500e+03,4.059213697910308838e-01,5.558820000000000761e+00,4.204193949699401855e-01,2.587518990039825439e-01
3.428001978923734328e+01,1.915621672051154789e+01,1.412438110351562500e+03,4.731911718845367432e-01,5.558830000000000382e+00,4.039398431777954102e-01,2.498254776000976562e-01
3.428547843528603067e+01,1.917639876399011811e+01,1.096830688476562500e+03,6.325930953025817871e-01,5.558840000000000892e+00,3.142940998077392578e-01,1.784903705120086670e-01
3.427554821103084493e+01,1.919316364956340593e+01,8.044934692382812500e+02,5.676228404045104980e-01,5.558850000000000513e+00,2.872859537601470947e-01,1.420217156410217285e-01
3.428683336389176617e+01,1.921029874468253951e+01,1.075722900390625000e+03,3.727907240390777588e-01,5.558860000000000134e+00,2.788935899734497070e-01,1.572042703628540039e-01
3.428765348844985539e+01,1.922850768762797458e+01,1.335275268554687500e+03,2.846604883670806885e-01,5.558870000000000644e+00,2.987300753593444824e-01,1.816184222698211670e-01
3.428374999797858180e+01,1.925190123700069122e+01,1.226979003906250000e+03,3.229934275150299072e-01,5.558880000000000265e+00,3.467191457748413086e-01,2.050407528877258301e-01
3.428266454133406427e+01,1.927004514156454462e+01,1.172858886718750000e+03,3.521532118320465088e-01,5.558890000000000775e+00,2.946864962577819824e-01,1.715475916862487793e-01
3.429240382764642447e+01,1.928285476966323841e+01,1.019857360839843750e+03,3.723961412906646729e-01,5.558900000000000396e+00,3.908172249794006348e-01,2.156456559896469116e-01
3.428276605500668239e+01,1.930423344317878076e+01,2.437937500000000000e+03,2.982610762119293213e-01,5.558910000000000018e+00,4.905337989330291748e-01,3.436673879623413086e-01
3.429063553890610905e+01,1.933059343408479691e+01,1.532628662109375000e+03,5.855185389518737793e-01,5.558920000000000528e+00,3.253567814826965332e-01,2.059562951326370239e-01
3.428509421109596644e+01,1.935222976683152041e+01,1.465472778320312500e+03,6.503397822380065918e-01,5.558930000000000149e+00,4.363648891448974609e-01,2.727900445461273193e-01
3.429457430971057619e+01,1.936378959878836170e+01,1.452362792968750000e+03,6.062204241752624512e-01,5.558940000000000659e+00,3.475583791732788086e-01,2.167137712240219116e-01
3.428611619867147908e+01,1.938045992158151165e+01,1.695124877929687500e+03,6.584841609001159668e-01,5.558950000000000280e+00,4.156891405582427979e-01,2.701197564601898193e-01
3.430247312353928635e+01,1.940554986847849861e+01,1.513073486328125000e+03,5.021244883537292480e-01,5.558960000000000790e+00,4.936618506908416748e-01,3.113949298858642578e-01
3.428847694950066227e+01,1.941607701560021582e+01,1.528873291015625000e+03,6.621260046958923340e-01,5.558970000000000411e+00,4.854983687400817871e-01,3.071224391460418701e-01
3.429005038408381267e+01,1.944057388750022852e+01,1.399949829101562500e+03,7.975191473960876465e-01,5.558980000000000032e+00,6.316018104553222656e-01,3.895965218544006348e-01
3.428283357043805779e+01,1.946192488027126899e+01,1.590036132812500000e+03,7.839471697807312012e-01,5.558990000000000542e+00,5.615637302398681641e-01,3.590025305747985840e-01
3.429323616516298046e+01,1.947617539168171774e+01,1.979594238281250000e+03,1.127558469772338867e+00,5.559000000000000163e+00,3.705992400646209717e-01,2.495203018188476562e-01
3.428035965108106353e+01,1.949396321199986559e+01,2.051626953125000000e+03,8.233398795127868652e-01,5.559010000000000673e+00,6.128334403038024902e-01,4.156891405582427979e-01
3.428943498161218884e+01,1.951033284835108716e+01,2.550816650390625000e+03,8.270532488822937012e-01,5.559020000000000294e+00,5.539342761039733887e-01,3.910461068153381348e-01
3.429278683769880587e+01,1.953092971159149727e+01,1.297499145507812500e+03,1.084883928298950195e+00,5.559030000000000804e+00,5.807135701179504395e-01,3.498472273349761963e-01
3.428660724113620262e+01,1.954863266035144420e+01,1.678011840820312500e+03,1.119648933410644531e+00,5.559040000000000425e+00,4.614656865596771240e-01,2.991115450859069824e-01
3.428228883661861914e+01,1.956273008084580312e+01,1.555381591796875000e+03,9.966761469841003418e-01,5.559050000000000047e+00,4.098907709121704102e-01,2.605066597461700439e-01
3.428485369112654979e+01,1.958587142708774564e+01,2.114277343750000000e+03,7.557100653648376465e-01,5.559060000000000556e+00,4.689425230026245117e-01,3.200161755084991455e-01
3.428464169522231941e+01,1.960500127357579814e+01,2.012820434570312500e+03,7.089371085166931152e-01,5.559070000000000178e+00,3.838744461536407471e-01,2.593622505664825439e-01
3.427229916047333091e+01,1.962149177500651476e+01,1.233553100585937500e+03,6.582898497581481934e-01,5.559080000000000688e+00,3.678526580333709717e-01,2.179344892501831055e-01
3.428538913884987949e+01,1.964573460168391605e+01,1.864235717773437500e+03,5.714804530143737793e-01,5.559090000000000309e+00,3.400052785873413086e-01,2.259453833103179932e-01
3.428529867293243427e+01,1.966262467657639235e+01,1.580934570312500000e+03,5.788142085075378418e-01,5.559100000000000819e+00,2.974330782890319824e-01,1.898582130670547485e-01
3.427563971820301703e+01,1.968318017260668285e+01,9.550644531250000000e+02,5.177635550498962402e-01,5.559110000000000440e+00,2.494440078735351562e-01,1.338582336902618408e-01
3.427193851274366665e+01,1.970106679018995521e+01,1.271225830078125000e+03,3.671819269657135010e-01,5.559120000000000061e+00,2.737818658351898193e-01,1.638418734073638916e-01
3.428464596168437595e+01,1.971598565989771146e+01,2.225741455078125000e+03,2.419585138559341431e-01,5.559130000000000571e+00,4.887790381908416748e-01,3.368771970272064209e-01
3.427273833417624616e+01,1.973210293776080348e+01,1.344283569335937500e+03,4.519468843936920166e-01,5.559140000000000192e+00,4.240815043449401855e-01,2.583704292774200439e-01
3.427359325134175805e+01,1.975534041185258616e+01,1.995046997070312500e+03,7.068759799003601074e-01,5.559150000000000702e+00,4.098144769668579102e-01,2.763758599758148193e-01
3.427601779776318836e+01,1.976762230460507297e+01,1.922242553710937500e+03,6.041509509086608887e-01,5.559160000000000323e+00,3.995147645473480225e-01,2.672968506813049316e-01
3.427712725769238489e+01,1.978668775753803999e+01,2.607423095703125000e+03,6.680673956871032715e-01,5.559170000000000833e+00,4.043213129043579102e-01,2.864467203617095947e-01
3.426965044535001681e+01,1.980357745009426651e+01,2.217514404296875000e+03,6.953245997428894043e-01,5.559180000000000454e+00,4.130188524723052979e-01,2.844630479812622070e-01
3.427771782746575724e+01,1.982847768135144761e+01,2.288802490234375000e+03,6.421310305595397949e-01,5.559190000000000076e+00,4.383485317230224609e-01,3.036892116069793701e-01
3.426639745560868988e+01,1.983956501037889097e+01,1.788417846679687500e+03,6.151682734489440918e-01,5.559200000000000585e+00,4.239289164543151855e-01,2.790461778640747070e-01
3.427304993490297136e+01,1.985910195804004630e+01,1.345525878906250000e+03,6.888634562492370605e-01,5.559210000000000207e+00,3.902831673622131348e-01,2.378472834825515747e-01
3.426714564558518106e+01,1.987960084082567747e+01,1.412186035156250000e+03,6.951171755790710449e-01,5.559220000000000717e+00,3.583158850669860840e-01,2.215966135263442993e-01
3.428313061558202435e+01,1.990050439814337224e+01,1.509940551757812500e+03,4.759890139102935791e-01,5.559230000000000338e+00,3.806701004505157471e-01,2.399835139513015747e-01
3.427125484804964373e+01,1.991830850161140631e+01,1.423018188476562500e+03,5.269593596458435059e-01,5.559240000000000848e+00,3.592314124107360840e-01,2.226647287607192993e-01
3.427242040707882609e+01,1.993554964481235103e+01,1.576276611328125000e+03,5.650312304496765137e-01,5.559250000000000469e+00,4.086700677871704102e-01,2.606592476367950439e-01
3.427591850643810290e+01,1.995595136335953868e+01,1.319645751953125000e+03,5.473584532737731934e-01,5.559260000000000090e+00,3.978362977504730225e-01,2.409753501415252686e-01
3.427282491186661417e+01,1.997758582010897754e+01,1.530972534179687500e+03,5.798692107200622559e-01,5.559270000000000600e+00,4.671114683151245117e-01,2.956020236015319824e-01
3.427047343306879412e+01,1.999135448317872132e+01,1.725857788085937500e+03,6.198913455009460449e-01,5.559280000000000221e+00,3.699125945568084717e-01,2.414331138134002686e-01
3.428308728227544577e+01,2.001360949608460515e+01,1.188004760742187500e+03,6.538791060447692871e-01,5.559290000000000731e+00,3.772368431091308594e-01,2.206047773361206055e-01
3.428131747307529764e+01,2.003202140709699108e+01,1.627231445312500000e+03,5.819959044456481934e-01,5.559300000000000352e+00,4.558199048042297363e-01,2.931606173515319824e-01
3.427463312619357083e+01,2.005009194042568410e+01,1.116486083984375000e+03,6.108278632164001465e-01,5.559310000000000862e+00,4.405610561370849609e-01,2.518854141235351562e-01
3.428054271006545406e+01,2.006293334111251525e+01,1.270791015625000000e+03,6.967527270317077637e-01,5.559320000000000483e+00,4.124085009098052979e-01,2.467737048864364624e-01
3.427995144951938045e+01,2.008480561753275495e+01,1.437904296875000000e+03,6.347936987876892090e-01,5.559330000000000105e+00,4.880923628807067871e-01,3.034603297710418701e-01
3.428381283220152653e+01,2.010322127586953656e+01,1.152188476562500000e+03,6.870002150535583496e-01,5.559340000000000614e+00,3.577818274497985840e-01,2.069481164216995239e-01
3.428197633839987191e+01,2.011798994360561466e+01,1.701331298828125000e+03,7.930750250816345215e-01,5.559350000000000236e+00,4.556673169136047363e-01,2.963649630546569824e-01
3.428313928618796069e+01,2.013925024924780161e+01,1.231430053710937500e+03,5.751628279685974121e-01,5.559360000000000746e+00,3.787627220153808594e-01,2.242669016122817993e-01
3.428356817722235661e+01,2.015927839922787612e+01,1.371276977539062500e+03,6.994146704673767090e-01,5.559370000000000367e+00,4.896945655345916748e-01,3.001796603202819824e-01
3.428135741734784148e+01,2.017642737956161980e+01,1.884717163085937500e+03,6.053716540336608887e-01,5.559380000000000877e+00,4.255310893058776855e-01,2.834712266921997070e-01
3.428159403848670195e+01,2.019546892470893340e+01,1.116019287109375000e+03,7.569236159324645996e-01,5.559390000000000498e+00,4.714602231979370117e-01,2.695093750953674316e-01
3.428769424683650868e+01,2.021361967263207404e+01,1.884696899414062500e+03,7.497877478599548340e-01,5.559400000000000119e+00,4.742068350315093994e-01,3.158962726593017578e-01
3.427595627504835818e+01,2.023475817026254475e+01,2.629182128906250000e+03,8.016831278800964355e-01,5.559410000000000629e+00,3.751769065856933594e-01,2.661524415016174316e-01
3.429260427215705676e+01,2.025896686794202139e+01,1.190954833984375000e+03,6.983787417411804199e-01,5.559420000000000250e+00,3.924193978309631348e-01,2.296838015317916870e-01
3.428479050891937874e+01,2.027576286361861335e+01,1.043950195312500000e+03,6.315976977348327637e-01,5.559430000000000760e+00,4.645174443721771240e-01,2.587518990039825439e-01
3.428794467945159141e+01,2.028527701244261650e+01,1.371582885742187500e+03,6.304509043693542480e-01,5.559440000000000381e+00,4.284302890300750732e-01,2.626429200172424316e-01
3.428372459706407938e+01,2.030599357204635069e+01,1.182613525390625000e+03,6.342584490776062012e-01,5.559450000000000891e+00,4.715365171432495117e-01,2.753077447414398193e-01
3.429137211011518360e+01,2.032796207938601540e+01,1.399401000976562500e+03,5.836350321769714355e-01,5.559460000000000512e+00,3.758635520935058594e-01,2.318200320005416870e-01
3.428897804050226483e+01,2.034752131284188437e+01,1.057482177734375000e+03,6.403750777244567871e-01,5.559470000000000134e+00,3.805175125598907471e-01,2.130516618490219116e-01
3.427948788230987276e+01,2.036694137883391420e+01,1.178709228515625000e+03,5.051857829093933105e-01,5.559480000000000643e+00,4.043213129043579102e-01,2.357873320579528809e-01
3.428584148538701726e+01,2.037453434748860559e+01,1.600080444335937500e+03,5.058056712150573730e-01,5.559490000000000265e+00,3.985992372035980225e-01,2.552423775196075439e-01
3.428635146233523301e+01,2.039770504492048886e+01,1.453201538085937500e+03,6.534022688865661621e-01,5.559500000000000774e+00,3.460325002670288086e-01,2.157982438802719116e-01
3.428073935168207242e+01,2.041856533751778713e+01,1.138528320312500000e+03,5.633324980735778809e-01,5.559510000000000396e+00,3.324521481990814209e-01,1.914603859186172485e-01
3.427888544231753087e+01,2.043283711403200087e+01,1.078307373046875000e+03,5.141431689262390137e-01,5.559520000000000017e+00,4.031769037246704102e-01,2.274712622165679932e-01
3.428663045179382607e+01,2.046103203334187270e+01,9.143566284179687500e+02,4.527968466281890869e-01,5.559530000000000527e+00,4.293458163738250732e-01,2.259453833103179932e-01
3.427126602768260000e+01,2.047941253358630576e+01,1.367027099609375000e+03,5.549950003623962402e-01,5.559540000000000148e+00,4.610079228878021240e-01,2.823268175125122070e-01
3.428548056447659320e+01,2.049699731847782402e+01,1.695151733398437500e+03,6.271261572837829590e-01,5.559550000000000658e+00,4.625338017940521240e-01,3.005611300468444824e-01
3.428372807925178734e+01,2.051916013737035627e+01,2.296874755859375000e+03,6.892997622489929199e-01,5.559560000000000279e+00,4.740542471408843994e-01,3.286374211311340332e-01
3.427882466738049061e+01,2.053209364130048087e+01,2.579950927734375000e+03,7.013220191001892090e-01,5.559570000000000789e+00,4.633730351924896240e-01,3.277218937873840332e-01
3.427721862602142977e+01,2.055539153483820769e+01,1.283050292968750000e+03,8.338660597801208496e-01,5.559580000000000410e+00,4.130188524723052979e-01,2.479181140661239624e-01
3.427988443627826598e+01,2.056441447656125021e+01,1.593832031250000000e+03,7.445222735404968262e-01,5.559590000000000032e+00,4.209534525871276855e-01,2.692804932594299316e-01
3.428134446059770823e+01,2.058558612151309930e+01,1.175476928710937500e+03,5.629045367240905762e-01,5.559600000000000541e+00,4.717653989791870117e-01,2.748499810695648193e-01
3.427833978669836767e+01,2.060599649676295542e+01,1.186675415039062500e+03,7.042641043663024902e-01,5.559610000000000163e+00,4.585665166378021240e-01,2.680597901344299316e-01
3.427671057042097402e+01,2.062723149574523518e+01,1.329456054687500000e+03,6.972712874412536621e-01,5.559620000000000672e+00,4.876345992088317871e-01,2.960597872734069824e-01
3.429081531798848204e+01,2.063662479362699642e+01,1.644914550781250000e+03,7.113999724388122559e-01,5.559630000000000294e+00,3.480924665927886963e-01,2.244957834482192993e-01
3.428025448852407209e+01,2.066309273828632342e+01,1.656284423828125000e+03,7.981342673301696777e-01,5.559640000000000803e+00,3.412259817123413086e-01,2.204521894454956055e-01
3.427464385354245735e+01,2.067617220305219661e+01,2.861677001953125000e+03,4.982620775699615479e-01,5.559650000000000425e+00,4.102722704410552979e-01,2.948390841484069824e-01
3.428132637351308887e+01,2.069235888924104927e+01,1.859718261718750000e+03,5.409640669822692871e-01,5.559660000000000046e+00,4.741305410861968994e-01,3.149044513702392578e-01
3.428639379097371886e+01,2.071483202606252050e+01,2.037381469726562500e+03,7.507867217063903809e-01,5.559670000000000556e+00,4.944247901439666748e-01,3.348935544490814209e-01
3.428338133421794964e+01,2.073525516421307913e+01,2.185010986328125000e+03,9.085089564323425293e-01,5.559680000000000177e+00,3.970733582973480225e-01,2.727137506008148193e-01
3.428201665293349265e+01,2.075279604560265057e+01,1.658244018554687500e+03,7.213265299797058105e-01,5.559690000000000687e+00,4.951877295970916748e-01,3.200161755084991455e-01
3.428128334293430157e+01,2.077277779397325475e+01,1.364012207031250000e+03,7.382852435111999512e-01,5.559700000000000308e+00,4.565828442573547363e-01,2.794276475906372070e-01
3.427968299533962693e+01,2.079068717214315143e+01,2.077086425781250000e+03,8.507472872734069824e-01,5.559710000000000818e+00,5.424138903617858887e-01,3.688444793224334717e-01
3.427623613276713144e+01,2.080679372820240758e+01,1.496138671875000000e+03,9.486491084098815918e-01,5.559720000000000439e+00,3.738799095153808594e-01,2.351006865501403809e-01
3.428265333077600729e+01,2.082705922738848514e+01,1.392358276367187500e+03,9.232861399650573730e-01,5.559730000000000061e+00,4.114929735660552979e-01,2.534112930297851562e-01
3.428649604286670183e+01,2.084881424771347369e+01,1.860785888671875000e+03,5.383819937705993652e-01,5.559740000000000570e+00,4.276673495769500732e-01,2.840815782546997070e-01
3.428686665174551962e+01,2.086719497149878322e+01,1.125885986328125000e+03,6.430429816246032715e-01,5.559750000000000192e+00,4.951877295970916748e-01,2.840052843093872070e-01
3.429025530893888174e+01,2.087644966041341377e+01,1.310203247070312500e+03,7.026821970939636230e-01,5.559760000000000701e+00,4.579561650753021240e-01,2.767573297023773193e-01
3.428543132497733836e+01,2.089520202459728182e+01,1.409450927734375000e+03,7.186157107353210449e-01,5.559770000000000323e+00,5.012149810791015625e-01,3.097927570343017578e-01
3.428557960209131039e+01,2.091355467634945953e+01,1.482140747070312500e+03,6.631273627281188965e-01,5.559780000000000832e+00,4.804629385471343994e-01,3.013240993022918701e-01
3.428797869922161112e+01,2.093085840758474703e+01,1.192649780273437500e+03,8.140570521354675293e-01,5.559790000000000454e+00,5.497381091117858887e-01,3.219235241413116455e-01
3.429637342625332508e+01,2.094677665034821601e+01,1.597491577148437500e+03,8.261603713035583496e-01,5.559800000000000075e+00,5.360814332962036133e-01,3.431333303451538086e-01
3.427915625096448338e+01,2.096815933908667873e+01,1.379865112304687500e+03,8.766216635704040527e-01,5.559810000000000585e+00,5.054111480712890625e-01,3.104031085968017578e-01
3.428923536838246378e+01,2.099075887469573942e+01,1.338989990234375000e+03,8.695167899131774902e-01,5.559820000000000206e+00,4.938144385814666748e-01,3.004848361015319824e-01
3.429898366684311384e+01,2.100050834327848648e+01,1.154372070312500000e+03,8.516866564750671387e-01,5.559830000000000716e+00,4.639070928096771240e-01,2.685175538063049316e-01
3.429450229220002200e+01,2.101927992274041657e+01,1.541984252929687500e+03,7.924312949180603027e-01,5.559840000000000337e+00,4.559724926948547363e-01,2.891170084476470947e-01
3.428567500516069799e+01,2.104089215736711083e+01,1.512973266601562500e+03,7.944316267967224121e-01,5.559850000000000847e+00,4.616182744503021240e-01,2.911769449710845947e-01
3.429352147588127053e+01,2.106297248329699556e+01,2.248947021484375000e+03,6.856018900871276855e-01,5.559860000000000468e+00,6.114601492881774902e-01,4.222504496574401855e-01
3.429268912957181215e+01,2.107226926394622879e+01,2.529028808593750000e+03,8.735341429710388184e-01,5.559870000000000090e+00,5.869697332382202148e-01,4.137817919254302979e-01
3.428432304065911040e+01,2.109831700482152428e+01,1.508579223632812500e+03,1.258778095245361328e+00,5.559880000000000599e+00,5.949043035507202148e-01,3.749480247497558594e-01
3.428711629717668075e+01,2.111109827336748523e+01,2.014716064453125000e+03,1.100505113601684570e+00,5.559890000000000221e+00,7.217053174972534180e-01,4.877108931541442871e-01
3.429150235249313994e+01,2.112773115265200730e+01,4.796295410156250000e+03,1.079750776290893555e+00,5.559900000000000730e+00,7.620649933815002441e-01,5.809424519538879395e-01
3.428724149786118858e+01,2.114410477143650979e+01,2.897935302734375000e+03,1.494783878326416016e+00,5.559910000000000352e+00,7.838088274002075195e-01,5.643103122711181641e-01
3.429429943203179221e+01,2.116543989162500949e+01,2.312453613281250000e+03,1.556944370269775391e+00,5.559920000000000861e+00,7.791548967361450195e-01,5.408117175102233887e-01
3.429863515284268516e+01,2.118430233695721654e+01,2.105002197265625000e+03,1.752272367477416992e+00,5.559930000000000483e+00,6.802775859832763672e-01,4.638307988643646240e-01
3.428344255983810740e+01,2.119930655967242572e+01,1.817059936523437500e+03,1.646266698837280273e+00,5.559940000000000104e+00,5.578253269195556641e-01,3.685393035411834717e-01
3.428070875031428955e+01,2.121887389294167647e+01,2.370158447265625000e+03,1.361444711685180664e+00,5.559950000000000614e+00,7.041576504707336426e-01,4.909152686595916748e-01
3.428716417181098564e+01,2.123253235041966391e+01,2.606131103515625000e+03,1.157015085220336914e+00,5.559960000000000235e+00,6.284737586975097656e-01,4.452150166034698486e-01
3.428769780374789633e+01,2.125830345927843723e+01,2.732778564453125000e+03,1.380979537963867188e+00,5.559970000000000745e+00,4.468934834003448486e-01,3.189480602741241455e-01
3.427917114998541592e+01,2.127171139063315408e+01,1.256476440429687500e+03,1.397373199462890625e+00,5.559980000000000366e+00,4.061523675918579102e-01,2.421197593212127686e-01
3.428691650031002780e+01,2.129264522652824354e+01,1.665286621093750000e+03,7.242149710655212402e-01,5.559990000000000876e+00,4.635256230831146240e-01,2.998744845390319824e-01
3.428671236658603050e+01,2.130476999278490524e+01,1.040155639648437500e+03,8.320385813713073730e-01,5.560000000000000497e+00,4.597109258174896240e-01,2.557001411914825439e-01
3.427666474833361576e+01,2.132673832531034819e+01,2.286954345703125000e+03,7.109696269035339355e-01,5.560010000000000119e+00,4.928226172924041748e-01,3.413785696029663086e-01
3.427483804633966713e+01,2.134700773958383735e+01,1.281561645507812500e+03,8.170408606529235840e-01,5.560020000000000628e+00,4.909915626049041748e-01,2.946102023124694824e-01
3.427987548163459053e+01,2.136352484759658310e+01,1.693431762695312500e+03,8.906895518302917480e-01,5.560030000000000250e+00,5.418035387992858887e-01,3.519834578037261963e-01
3.427468515112914815e+01,2.138082118613256810e+01,1.702479248046875000e+03,8.716863989830017090e-01,5.560040000000000759e+00,4.791659414768218994e-01,3.117001056671142578e-01
3.427164180818579098e+01,2.140783757296344803e+01,1.206968750000000000e+03,8.945125937461853027e-01,5.560050000000000381e+00,4.668825864791870117e-01,2.745448052883148193e-01
3.427813387269220868e+01,2.142604385462390937e+01,1.868910400390625000e+03,8.407241702079772949e-01,5.560060000000000890e+00,4.266755282878875732e-01,2.837001085281372070e-01
3.427473565839351721e+01,2.143646001357683062e+01,1.672736694335937500e+03,7.409841418266296387e-01,5.560070000000000512e+00,3.982177674770355225e-01,2.579126656055450439e-01
3.426735515124522635e+01,2.145592350254367275e+01,2.493807617187500000e+03,7.075709700584411621e-01,5.560080000000000133e+00,4.682558774948120117e-01,3.293240666389465332e-01
3.428083848293928781e+01,2.147959251992511653e+01,1.327912109375000000e+03,7.241410613059997559e-01,5.560090000000000643e+00,4.194275736808776855e-01,2.545557320117950439e-01
3.428064894019410502e+01,2.149319219187173147e+01,1.172597290039062500e+03,8.738476634025573730e-01,5.560100000000000264e+00,3.194821178913116455e-01,1.859672069549560547e-01
3.427181499212984050e+01,2.150604191879751070e+01,1.721878784179687500e+03,5.563933253288269043e-01,5.560110000000000774e+00,5.836890339851379395e-01,3.807463943958282471e-01
3.427691675803464477e+01,2.153339830586892489e+01,1.407421508789062500e+03,6.003851294517517090e-01,5.560120000000000395e+00,4.375855922698974609e-01,2.703486382961273193e-01
3.428013763198584485e+01,2.155076874089741779e+01,2.189011230468750000e+03,9.446937441825866699e-01,5.560130000000000017e+00,3.549589216709136963e-01,2.438745200634002686e-01
3.428138111882674366e+01,2.156862318847446502e+01,1.649866943359375000e+03,6.924659609794616699e-01,5.560140000000000526e+00,3.789153397083282471e-01,2.445611804723739624e-01
3.427848784915848057e+01,2.157903790940805422e+01,1.838359741210937500e+03,5.815917849540710449e-01,5.560150000000000148e+00,4.660433530807495117e-01,3.087246417999267578e-01
3.427476479012503319e+01,2.159894306295220545e+01,1.708549926757812500e+03,6.747657656669616699e-01,5.560160000000000657e+00,4.705446958541870117e-01,3.063594996929168701e-01
3.428227538436928512e+01,2.161839429251444145e+01,1.764849975585937500e+03,8.052713274955749512e-01,5.560170000000000279e+00,5.203648209571838379e-01,3.414548635482788086e-01
3.427524587564519720e+01,2.163725490346103442e+01,2.523968505859375000e+03,7.207638621330261230e-01,5.560180000000000788e+00,4.849643111228942871e-01,3.417600393295288086e-01
3.428553461084162990e+01,2.165594164257555221e+01,1.605807861328125000e+03,8.673507571220397949e-01,5.560190000000000410e+00,3.693022429943084717e-01,2.367028743028640747e-01
3.428285938616566142e+01,2.167538549082799904e+01,1.529983154296875000e+03,7.665247321128845215e-01,5.560200000000000031e+00,3.367246091365814209e-01,2.130516618490219116e-01
3.428110555395689119e+01,2.169434788633690303e+01,1.959983276367187500e+03,5.087596774101257324e-01,5.560210000000000541e+00,4.426973164081573486e-01,2.974330782890319824e-01
3.428781389268493029e+01,2.171513354396566342e+01,1.158162597656250000e+03,5.953938364982604980e-01,5.560220000000000162e+00,5.256291627883911133e-01,3.046047389507293701e-01
3.428981549812089469e+01,2.172974321595974345e+01,1.887781860351562500e+03,7.288641333580017090e-01,5.560230000000000672e+00,5.223484635353088379e-01,3.480924665927886963e-01
3.428491729825531564e+01,2.174721994848264828e+01,1.511060791015625000e+03,8.205134272575378418e-01,5.560240000000000293e+00,5.383702516555786133e-01,3.394711911678314209e-01
3.428675296448231791e+01,2.177150146383331020e+01,1.590278442382812500e+03,9.405691027641296387e-01,5.560250000000000803e+00,4.486482441425323486e-01,2.868281900882720947e-01
3.428732142241889846e+01,2.178502737033815606e+01,1.996636108398437500e+03,9.192151427268981934e-01,5.560260000000000424e+00,4.298798739910125732e-01,2.899562418460845947e-01
3.428548148997656142e+01,2.180106953042239226e+01,1.429852294921875000e+03,6.904620528221130371e-01,5.560270000000000046e+00,4.833621382713317871e-01,3.000270724296569824e-01
3.428495563791986456e+01,2.182571010709227721e+01,1.432461425781250000e+03,7.471603751182556152e-01,5.560280000000000555e+00,4.996891021728515625e-01,3.103268146514892578e-01
3.429706830354205493e+01,2.184158077815634869e+01,1.687910644531250000e+03,8.276337981224060059e-01,5.560290000000000177e+00,3.863921463489532471e-01,2.508172988891601562e-01
3.429682547711126972e+01,2.185593654630077154e+01,1.044153320312500000e+03,6.753963828086853027e-01,5.560300000000000686e+00,4.233948588371276855e-01,2.358636260032653809e-01
3.428504543705321339e+01,2.188073356731624131e+01,1.588197875976562500e+03,5.928379893302917480e-01,5.560310000000000308e+00,3.223812878131866455e-01,2.060325890779495239e-01
3.428940981236650032e+01,2.190601804328164803e+01,1.444003662109375000e+03,5.678779482841491699e-01,5.560320000000000817e+00,3.860106766223907471e-01,2.402887046337127686e-01
3.429080581322961763e+01,2.191562881086004211e+01,1.771601562500000000e+03,4.332334101200103760e-01,5.560330000000000439e+00,4.410188198089599609e-01,2.896510660648345947e-01
3.428997328896830510e+01,2.193383559454127152e+01,1.892450073242187500e+03,6.083065867424011230e-01,5.560340000000000060e+00,3.937926888465881348e-01,2.625666260719299316e-01
3.428510453725667873e+01,2.195513739147935439e+01,1.642184082031250000e+03,7.419080138206481934e-01,5.560350000000000570e+00,4.038635492324829102e-01,2.603540718555450439e-01
3.429337441231820804e+01,2.197169591651171672e+01,1.931161376953125000e+03,6.813151240348815918e-01,5.560360000000000191e+00,3.033077418804168701e-01,2.031334042549133301e-01
3.429060170944385533e+01,2.199129196587115587e+01,1.720620849609375000e+03,5.870909094810485840e-01,5.560370000000000701e+00,3.242123425006866455e-01,2.114494740962982178e-01
3.428898578222576532e+01,2.200338325635935632e+01,1.305654418945312500e+03,5.063039660453796387e-01,5.560380000000000322e+00,4.086700677871704102e-01,2.466974109411239624e-01
3.428864221755041797e+01,2.202565888275366746e+01,1.179437255859375000e+03,4.757446348667144775e-01,5.560390000000000832e+00,4.265992343425750732e-01,2.488336563110351562e-01
3.429391982382131232e+01,2.204656315993690896e+01,1.487166381835937500e+03,6.396359801292419434e-01,5.560400000000000453e+00,4.140106737613677979e-01,2.598963081836700439e-01
3.428740764077770109e+01,2.206060223243738605e+01,1.550951416015625000e+03,6.531924605369567871e-01,5.560410000000000075e+00,4.212586283683776855e-01,2.675257325172424316e-01
3.429097723622891181e+01,2.208022806649873004e+01,1.630788452148437500e+03,6.865090727806091309e-01,5.560420000000000584e+00,4.541414380073547363e-01,2.922450602054595947e-01
3.429438045918575284e+01,2.210078768337753985e+01,1.912783081054687500e+03,6.789643168449401855e-01,5.560430000000000206e+00,4.653567075729370117e-01,3.110134601593017578e-01
3.428509925495937694e+01,2.211528856170594892e+01,1.171100952148437500e+03,7.429141402244567871e-01,5.560440000000000715e+00,3.517545759677886963e-01,2.046592831611633301e-01
3.428395874506527718e+01,2.213738162122298547e+01,2.439777587890625000e+03,6.263083815574645996e-01,5.560450000000000337e+00,4.481141865253448486e-01,3.139889240264892578e-01
3.429122335131691557e+01,2.215411041087565280e+01,1.440393798828125000e+03,6.465775370597839355e-01,5.560460000000000846e+00,4.237000346183776855e-01,2.635584473609924316e-01
3.428920762421250856e+01,2.216900707079128807e+01,1.563742919921875000e+03,7.430738806724548340e-01,5.560470000000000468e+00,3.364194333553314209e-01,2.141197770833969116e-01
3.428109161839436325e+01,2.219611171515473202e+01,1.085613037109375000e+03,5.757982134819030762e-01,5.560480000000000089e+00,3.929534554481506348e-01,2.222832590341567993e-01
3.428550304031604412e+01,2.220943533110050794e+01,2.134749755859375000e+03,4.914242327213287354e-01,5.560490000000000599e+00,3.751006126403808594e-01,2.564630806446075439e-01
3.429177488770950788e+01,2.221908829587609091e+01,1.359705200195312500e+03,6.420463919639587402e-01,5.560500000000000220e+00,3.412259817123413086e-01,2.086265832185745239e-01
3.428897196285431903e+01,2.224473491342740061e+01,1.376574462890625000e+03,5.429334044456481934e-01,5.560510000000000730e+00,4.339234828948974609e-01,2.663050293922424316e-01
3.428487064959436026e+01,2.226351206143397121e+01,1.422284301757812500e+03,4.767066538333892822e-01,5.560520000000000351e+00,3.346646726131439209e-01,2.074058800935745239e-01
3.428656314441509068e+01,2.228469905195456136e+01,1.664876464843750000e+03,6.138498187065124512e-01,5.560530000000000861e+00,4.021087586879730225e-01,2.601251900196075439e-01
3.428240346276736972e+01,2.229158679513370700e+01,1.211613769531250000e+03,5.963379740715026855e-01,5.560540000000000482e+00,3.794493973255157471e-01,2.234276682138442993e-01
3.427695984762729609e+01,2.231504830166635145e+01,1.093639526367187500e+03,5.284494757652282715e-01,5.560550000000000104e+00,4.607027471065521240e-01,2.613458931446075439e-01
3.428035844806788646e+01,2.233398256940957793e+01,1.212090942382812500e+03,5.350310206413269043e-01,5.560560000000000613e+00,4.619234502315521240e-01,2.720271050930023193e-01
3.428089216795389405e+01,2.234675767697431681e+01,3.105617919921875000e+03,6.028992533683776855e-01,5.560570000000000235e+00,3.528989851474761963e-01,2.565393745899200439e-01
3.427847076833325701e+01,2.236801421794122646e+01,1.117510253906250000e+03,6.435424685478210449e-01,5.560580000000000744e+00,3.555693030357360840e-01,2.033622860908508301e-01
3.428198725281698955e+01,2.238917722120601894e+01,2.153719726562500000e+03,5.485362410545349121e-01,5.560590000000000366e+00,4.832858443260192871e-01,3.310025334358215332e-01
3.427925194069651127e+01,2.240310566392237490e+01,1.367718994140625000e+03,6.529194712638854980e-01,5.560600000000000875e+00,3.416074514389038086e-01,2.092369496822357178e-01
3.426887988778091909e+01,2.242562514462549927e+01,1.208886230468750000e+03,7.630950808525085449e-01,5.560610000000000497e+00,3.723540306091308594e-01,2.190788984298706055e-01
3.428002708225373141e+01,2.244163152298533959e+01,1.225143798828125000e+03,5.249924063682556152e-01,5.560620000000000118e+00,3.725829124450683594e-01,2.202233076095581055e-01
3.427355778155867227e+01,2.246160421948900066e+01,9.291583862304687500e+02,5.850083231925964355e-01,5.560630000000000628e+00,3.934112191200256348e-01,2.085502892732620239e-01
3.427729483873699934e+01,2.248456259141749314e+01,9.043534545898437500e+02,5.623680949211120605e-01,5.560640000000000249e+00,3.580870032310485840e-01,1.874930858612060547e-01
3.426816553095778062e+01,2.249590930688611223e+01,1.424048461914062500e+03,4.948371946811676025e-01,5.560650000000000759e+00,4.103485643863677979e-01,2.544031441211700439e-01
3.428092044337454780e+01,2.251434269317051218e+01,1.486226928710937500e+03,4.183608591556549072e-01,5.560660000000000380e+00,3.268063664436340332e-01,2.051170617341995239e-01
3.428157961928304331e+01,2.253013462252917520e+01,1.855304077148437500e+03,5.803794264793395996e-01,5.560670000000000890e+00,2.632532715797424316e-01,1.747519522905349731e-01
3.427298455480276829e+01,2.255318686370311099e+01,1.150449829101562500e+03,3.880757391452789307e-01,5.560680000000000511e+00,4.466646015644073486e-01,2.582178413867950439e-01
3.428049383029435404e+01,2.256777407548771919e+01,1.854400268554687500e+03,4.291111528873443604e-01,5.560690000000000133e+00,3.001796603202819824e-01,1.992423981428146362e-01
3.427828172699442888e+01,2.259202632752458584e+01,1.616735717773437500e+03,6.029290556907653809e-01,5.560700000000000642e+00,3.945556581020355225e-01,2.533349990844726562e-01
3.427846077507257405e+01,2.260182045574540766e+01,1.116439208984375000e+03,4.763526022434234619e-01,5.560710000000000264e+00,4.900760352611541748e-01,2.801905870437622070e-01
3.427653799956588188e+01,2.262641085461260460e+01,1.304776489257812500e+03,5.930668711662292480e-01,5.560720000000000773e+00,4.323975741863250732e-01,2.609644234180450439e-01
3.428608093846079186e+01,2.264563971279112309e+01,1.062407226562500000e+03,7.301825881004333496e-01,5.560730000000000395e+00,4.323212802410125732e-01,2.425012290477752686e-01
3.428143540703702996e+01,2.266017193797814855e+01,1.251182861328125000e+03,7.232863306999206543e-01,5.560740000000000016e+00,3.985229432582855225e-01,2.372369319200515747e-01
3.428024621289450380e+01,2.268397251777878765e+01,1.123140625000000000e+03,6.418616175651550293e-01,5.560750000000000526e+00,3.895202279090881348e-01,2.231987863779067993e-01
3.428325263746535256e+01,2.269774287977817551e+01,1.023054321289062500e+03,5.077487826347351074e-01,5.560760000000000147e+00,3.041469752788543701e-01,1.680380553007125854e-01
3.428709127526893496e+01,2.271926911636035840e+01,2.608141845703125000e+03,5.242545008659362793e-01,5.560770000000000657e+00,2.860652506351470947e-01,2.026756405830383301e-01
3.428068730910352002e+01,2.273165892011798306e+01,1.554465454101562500e+03,3.604859411716461182e-01,5.560780000000000278e+00,4.101959764957427979e-01,2.606592476367950439e-01
3.428496945787023975e+01,2.275468694913870848e+01,1.423151000976562500e+03,4.302221834659576416e-01,5.560790000000000788e+00,3.696837127208709717e-01,2.291497439146041870e-01
3.428449605394189348e+01,2.277309834685580725e+01,1.210174194335937500e+03,6.208712458610534668e-01,5.560800000000000409e+00,3.593840003013610840e-01,2.115257680416107178e-01
3.428153486245958703e+01,2.278677458853245952e+01,1.227392211914062500e+03,5.406457781791687012e-01,5.560810000000000031e+00,4.457490742206573486e-01,2.636347413063049316e-01
3.427997799677604718e+01,2.281270166849752101e+01,1.861702026367187500e+03,5.136067271232604980e-01,5.560820000000000540e+00,5.609533786773681641e-01,3.726592063903808594e-01
3.428518156868869227e+01,2.282788966561505362e+01,1.632429931640625000e+03,7.918328642845153809e-01,5.560830000000000162e+00,4.751223623752593994e-01,3.058254420757293701e-01
3.428286923919142026e+01,2.285031092425133892e+01,1.334718505859375000e+03,9.232444167137145996e-01,5.560840000000000671e+00,4.584139287471771240e-01,2.786647081375122070e-01
3.428113298942767528e+01,2.285945196360548692e+01,2.359875732421875000e+03,7.826322913169860840e-01,5.560850000000000293e+00,4.086700677871704102e-01,2.846919298171997070e-01
3.428304789350190163e+01,2.287666616395073760e+01,1.282680053710937500e+03,7.775873541831970215e-01,5.560860000000000802e+00,4.532259106636047363e-01,2.720271050930023193e-01
3.427814044615005429e+01,2.290243792755846997e+01,1.662626831054687500e+03,7.536942362785339355e-01,5.560870000000000424e+00,3.696837127208709717e-01,2.390679866075515747e-01
3.427926114565666182e+01,2.291784384443140254e+01,9.578294677734375000e+02,6.860656142234802246e-01,5.560880000000000045e+00,3.757872581481933594e-01,2.019127011299133301e-01
3.427357070696324115e+01,2.293751274768650816e+01,1.458287841796875000e+03,5.978876948356628418e-01,5.560890000000000555e+00,4.333131015300750732e-01,2.705012261867523193e-01
3.427491527555392281e+01,2.294967103600432878e+01,1.214062255859375000e+03,5.330128073692321777e-01,5.560900000000000176e+00,4.619234502315521240e-01,2.721796929836273193e-01
3.427706804940670082e+01,2.297313835419330985e+01,1.933092285156250000e+03,7.223433852195739746e-01,5.560910000000000686e+00,4.323975741863250732e-01,2.896510660648345947e-01
3.427103358692918533e+01,2.298671769428354139e+01,2.255291992187500000e+03,7.324225306510925293e-01,5.560920000000000307e+00,4.576509892940521240e-01,3.162014484405517578e-01
3.426700700519866416e+01,2.301143394171803180e+01,1.987228149414062500e+03,8.035594820976257324e-01,5.560930000000000817e+00,4.416292011737823486e-01,2.975856661796569824e-01
3.426950004005062311e+01,2.302690191390465912e+01,1.730195922851562500e+03,7.560712695121765137e-01,5.560940000000000438e+00,4.536836743354797363e-01,2.962886691093444824e-01
3.426883472506698070e+01,2.305177152962910725e+01,1.406230834960937500e+03,7.525307536125183105e-01,5.560950000000000060e+00,4.829043745994567871e-01,2.982723116874694824e-01
3.427255007619519489e+01,2.306574218382352726e+01,8.956358032226562500e+02,7.917351126670837402e-01,5.560960000000000569e+00,5.109043717384338379e-01,2.663050293922424316e-01
3.427024277205818947e+01,2.307938843379753990e+01,1.913362548828125000e+03,8.647150397300720215e-01,5.560970000000000191e+00,4.681795835494995117e-01,3.129208087921142578e-01
3.426868245592361717e+01,2.309985302752771119e+01,1.369549438476562500e+03,7.570058703422546387e-01,5.560980000000000700e+00,4.903812110424041748e-01,3.004848361015319824e-01
3.427020523642961791e+01,2.311827589165221752e+01,1.230882324218750000e+03,8.073777556419372559e-01,5.560990000000000322e+00,4.031769037246704102e-01,2.386865168809890747e-01
3.427431795585542318e+01,2.313403198986749842e+01,1.377851074218750000e+03,8.096224665641784668e-01,5.561000000000000831e+00,4.526918530464172363e-01,2.779017686843872070e-01
3.426304207855034889e+01,2.315301202662349311e+01,1.340954711914062500e+03,6.002075076103210449e-01,5.561010000000000453e+00,5.146427750587463379e-01,3.133022785186767578e-01
3.426531891615416470e+01,2.317927272454816645e+01,2.371205810546875000e+03,8.325094580650329590e-01,5.561020000000000074e+00,4.598635137081146240e-01,3.206265270709991455e-01
3.427088643893232955e+01,2.319607878577003746e+01,1.913419433593750000e+03,8.751792311668395996e-01,5.561030000000000584e+00,5.114384293556213379e-01,3.418363332748413086e-01
3.426931956703066362e+01,2.321495327773137873e+01,1.031758911132812500e+03,8.651430010795593262e-01,5.561040000000000205e+00,5.283757448196411133e-01,2.929317057132720947e-01
3.426684286301393456e+01,2.322968398813572577e+01,8.795222167968750000e+02,9.828836321830749512e-01,5.561050000000000715e+00,4.031006097793579102e-01,2.083214074373245239e-01
3.427110806970705426e+01,2.325344075133761379e+01,1.190497802734375000e+03,7.655674815177917480e-01,5.561060000000000336e+00,3.448880910873413086e-01,2.018364071846008301e-01
3.427488171694464114e+01,2.327625594628167249e+01,1.157863159179687500e+03,5.201739668846130371e-01,5.561070000000000846e+00,3.987518250942230225e-01,2.310570925474166870e-01
3.426477163354849154e+01,2.329096964634660338e+01,1.652116577148437500e+03,4.437655508518218994e-01,5.561080000000000467e+00,5.341740846633911133e-01,3.448880910873413086e-01
3.427459312861097374e+01,2.330774116635688742e+01,1.757458740234375000e+03,6.653267741203308105e-01,5.561090000000000089e+00,5.308934450149536133e-01,3.480161726474761963e-01
3.427374700482756253e+01,2.332800977059203973e+01,1.843378906250000000e+03,9.064061045646667480e-01,5.561100000000000598e+00,5.295201539993286133e-01,3.509916365146636963e-01
3.427393666765340186e+01,2.334405370130028601e+01,1.410762939453125000e+03,9.216660857200622559e-01,5.561110000000000220e+00,4.304902255535125732e-01,2.661524415016174316e-01
3.427380900470041070e+01,2.336167207134409551e+01,1.195681640625000000e+03,8.493728041648864746e-01,5.561120000000000729e+00,6.066536307334899902e-01,3.555693030357360840e-01
3.427980582767285966e+01,2.337962052928910595e+01,1.178200073242187500e+03,7.137674689292907715e-01,5.561130000000000351e+00,5.617926120758056641e-01,3.275693058967590332e-01
3.426893935607758124e+01,2.340265320475165822e+01,1.463851440429687500e+03,9.538442492485046387e-01,5.561140000000000860e+00,5.988715887069702148e-01,3.742613792419433594e-01
3.427476539379703269e+01,2.342208653399751483e+01,1.536078491210937500e+03,9.270221590995788574e-01,5.561150000000000482e+00,6.189370155334472656e-01,3.920379281044006348e-01
3.427348225173207652e+01,2.343964371685053294e+01,2.076653564453125000e+03,1.059987068176269531e+00,5.561160000000000103e+00,3.983703553676605225e-01,2.708826959133148193e-01
3.426979942243824695e+01,2.345516468958779654e+01,1.238229614257812500e+03,9.415907263755798340e-01,5.561170000000000613e+00,3.910461068153381348e-01,2.319726198911666870e-01
3.427498094033043685e+01,2.347696589936567335e+01,1.468778076171875000e+03,6.235308051109313965e-01,5.561180000000000234e+00,4.820651412010192871e-01,3.015529811382293701e-01
3.427706516091950562e+01,2.349832783501456035e+01,1.436328002929687500e+03,6.217104792594909668e-01,5.561190000000000744e+00,4.436891376972198486e-01,2.757655084133148193e-01
3.428110696972358795e+01,2.350868184919882964e+01,1.615896240234375000e+03,7.125503420829772949e-01,5.561200000000000365e+00,4.684084653854370117e-01,3.007137179374694824e-01
3.426655542204359506e+01,2.352476529577009501e+01,1.027313354492187500e+03,6.784183382987976074e-01,5.561210000000000875e+00,4.980106353759765625e-01,2.756129205226898193e-01
3.427185431473582611e+01,2.354642817969553903e+01,1.089268798828125000e+03,7.695502638816833496e-01,5.561220000000000496e+00,3.851714432239532471e-01,2.181633710861206055e-01
3.427845772210091013e+01,2.356535305292532456e+01,2.704645996093750000e+03,6.123942732810974121e-01,5.561230000000000118e+00,3.798308670520782471e-01,2.706538140773773193e-01
3.427329660932510080e+01,2.357647836410924924e+01,1.502529296875000000e+03,5.544752478599548340e-01,5.561240000000000627e+00,4.191223978996276855e-01,2.638636231422424316e-01
3.427920092120339035e+01,2.359944785255674660e+01,1.719874389648437500e+03,5.910486578941345215e-01,5.561250000000000249e+00,4.800814688205718994e-01,3.130733966827392578e-01
3.427950871649118625e+01,2.361953954369128894e+01,1.565456054687500000e+03,6.654888987541198730e-01,5.561260000000000758e+00,4.071441888809204102e-01,2.592096626758575439e-01
3.427498763405466065e+01,2.363788054543412898e+01,2.527688476562500000e+03,7.123631834983825684e-01,5.561270000000000380e+00,4.381959438323974609e-01,3.088772296905517578e-01
3.427234645548632841e+01,2.364599157173480393e+01,1.473892944335937500e+03,6.505460143089294434e-01,5.561280000000000889e+00,5.616400241851806641e-01,3.516782820224761963e-01
3.428066665776259470e+01,2.367293847166338949e+01,1.753824584960937500e+03,7.700461745262145996e-01,5.561290000000000511e+00,4.737490713596343994e-01,3.104031085968017578e-01
3.427578225658825062e+01,2.369314130615721581e+01,1.232578002929687500e+03,8.430427908897399902e-01,5.561300000000000132e+00,3.800597488880157471e-01,2.251061499118804932e-01
3.427327835980736381e+01,2.370484707450710005e+01,1.419976562500000000e+03,7.442647814750671387e-01,5.561310000000000642e+00,4.833621382713317871e-01,2.994167208671569824e-01
3.427858679919136620e+01,2.372273354178487281e+01,2.552753906250000000e+03,5.483562350273132324e-01,5.561320000000000263e+00,4.674166440963745117e-01,3.300107121467590332e-01
3.427534263851709539e+01,2.374477994253141944e+01,1.914078857421875000e+03,8.052570223808288574e-01,5.561330000000000773e+00,5.400487780570983887e-01,3.609861731529235840e-01
3.427728932949310092e+01,2.377137286262970406e+01,2.415607421875000000e+03,8.624143004417419434e-01,5.561340000000000394e+00,5.582830905914306641e-01,3.905120491981506348e-01
3.427662292928686583e+01,2.377936507023338919e+01,1.849757812500000000e+03,9.931773543357849121e-01,5.561350000000000016e+00,4.895419776439666748e-01,3.247464299201965332e-01
3.428279580345378719e+01,2.379701972566042656e+01,1.543106567382812500e+03,1.032362699508666992e+00,5.561360000000000525e+00,4.279725253582000732e-01,2.714167535305023193e-01
3.427776714643654543e+01,2.381016228880685759e+01,1.809951538085937500e+03,8.294278979301452637e-01,5.561370000000000147e+00,5.882667303085327148e-01,3.882995247840881348e-01
3.427189159455053868e+01,2.382981807006826358e+01,1.459523315429687500e+03,7.802934050559997559e-01,5.561380000000000656e+00,5.293675661087036133e-01,3.305447697639465332e-01
3.427769877971150692e+01,2.383854747635175286e+01,2.149608154296875000e+03,9.167069792747497559e-01,5.561390000000000278e+00,5.353947877883911133e-01,3.665556609630584717e-01
3.427667359454479623e+01,2.384325818461742230e+01,2.200960693359375000e+03,9.193832278251647949e-01,5.561400000000000787e+00,4.068390130996704102e-01,2.798091173171997070e-01
3.426721793865224441e+01,2.385800383532725988e+01,-2.220842041015625000e+03,1.055653810501098633e+00,5.561410000000000409e+00,1.204304546117782593e-01,1.209645122289657593e-01
3.427813097406943399e+01,2.386643231897598483e+01,-2.730282031250000000e+04,6.777614951133728027e-01,5.561420000000000030e+00,1.100544333457946777e-01,9.296452999114990234e-02
3.427657462021740287e+01,2.386962297204545536e+01,9.412748046875000000e+03,3.889149725437164307e-01,5.561430000000000540e+00,1.321797668933868408e-01,1.051716059446334839e-01
