# x_coordinates, y_coordinates, TEP, TED, times, high, low
2.705608626327779120e+01,1.814035027520353438e+01,2.105609375000000000e+03,1.373988538980484009e-01,5.463560000000000194e+00,2.602014839649200439e-01,1.774222403764724731e-01
2.705084160815551186e+01,1.814239423174472421e+01,1.432667846679687500e+03,2.272445112466812134e-01,5.463570000000000704e+00,4.230133891105651855e-01,2.627192139625549316e-01
2.705020914704376267e+01,1.813432962298492868e+01,1.257181396484375000e+03,3.705615103244781494e-01,5.463580000000000325e+00,6.090187430381774902e-01,3.631224036216735840e-01
2.705226858669130152e+01,1.813190856424445485e+01,1.134495971679687500e+03,6.627780795097351074e-01,5.463590000000000835e+00,5.606482028961181641e-01,3.224575817584991455e-01
2.705460221788388253e+01,1.813212362459224636e+01,1.275195556640625000e+03,8.199424147605895996e-01,5.463600000000000456e+00,5.963538885116577148e-01,3.572477698326110840e-01
2.705006018032599258e+01,1.814139704203119408e+01,1.515986450195312500e+03,8.226413130760192871e-01,5.463610000000000078e+00,5.133457779884338379e-01,3.239834606647491455e-01
2.705284491426245808e+01,1.814827879956926893e+01,4.552900390625000000e+03,8.918637633323669434e-01,5.463620000000000587e+00,5.617163181304931641e-01,4.262177646160125732e-01
2.705562269832276101e+01,1.815333478661403177e+01,1.590205444335937500e+03,8.394736647605895996e-01,5.463630000000000209e+00,7.041576504707336426e-01,4.501741528511047363e-01
2.704831828228754986e+01,1.816529031828944341e+01,2.380833007812500000e+03,9.981924891471862793e-01,5.463640000000000718e+00,6.171059012413024902e-01,4.305665194988250732e-01
2.705673665685017681e+01,1.817957103598173774e+01,1.124968627929687500e+03,1.159439802169799805e+00,5.463650000000000340e+00,5.228825211524963379e-01,2.997981905937194824e-01
2.705155414174278050e+01,1.819378737874972174e+01,1.648108764648437500e+03,9.643895030021667480e-01,5.463660000000000849e+00,5.432531237602233887e-01,3.505338728427886963e-01
2.704996471663407220e+01,1.820380171263614244e+01,1.226098388671875000e+03,8.450443148612976074e-01,5.463670000000000471e+00,4.819125533103942871e-01,2.849208116531372070e-01
2.704477720729779833e+01,1.822409398321491381e+01,1.496144531250000000e+03,7.701951861381530762e-01,5.463680000000000092e+00,4.538362622261047363e-01,2.853786051273345947e-01
2.705690197444863543e+01,1.824406290993964319e+01,1.225932006835937500e+03,7.375389933586120605e-01,5.463690000000000602e+00,4.561250805854797363e-01,2.696619927883148193e-01
2.704926421995936892e+01,1.826414445199760550e+01,1.055685424804687500e+03,6.962711215019226074e-01,5.463700000000000223e+00,3.867736458778381348e-01,2.164085954427719116e-01
2.705119368553748060e+01,1.828798885559396226e+01,1.734539062500000000e+03,6.166571974754333496e-01,5.463710000000000733e+00,3.073513209819793701e-01,2.008445709943771362e-01
2.705390684740216400e+01,1.830589920487857114e+01,1.203478759765625000e+03,4.068321287631988525e-01,5.463720000000000354e+00,3.330624997615814209e-01,1.956565678119659424e-01
2.705908237188043231e+01,1.833388633063164264e+01,1.073763183593750000e+03,3.018278181552886963e-01,5.463730000000000864e+00,4.175201952457427979e-01,2.351769804954528809e-01
2.705053600230807476e+01,1.836097616824268286e+01,1.489552978515625000e+03,4.176467955112457275e-01,5.463740000000000485e+00,3.439725637435913086e-01,2.160271257162094116e-01
2.706242803876984482e+01,1.838052730538505841e+01,1.464411743164062500e+03,4.505056440830230713e-01,5.463750000000000107e+00,3.782286643981933594e-01,2.363976985216140747e-01
2.706083146609005041e+01,1.840606772309020656e+01,1.228369873046875000e+03,3.760725557804107666e-01,5.463760000000000616e+00,3.924956917762756348e-01,2.322015017271041870e-01
2.705893908694649497e+01,1.842737451627730394e+01,1.403665039062500000e+03,4.325408041477203369e-01,5.463770000000000238e+00,4.244629740715026855e-01,2.620325684547424316e-01
2.706080569219733434e+01,1.845270305473198391e+01,1.490588378906250000e+03,5.265480875968933105e-01,5.463780000000000747e+00,4.091278314590454102e-01,2.569971382617950439e-01
2.706692187894713086e+01,1.847301645806590287e+01,1.898751464843750000e+03,5.674046874046325684e-01,5.463790000000000369e+00,4.117981493473052979e-01,2.747736871242523193e-01
2.706196622295645327e+01,1.849832044432202949e+01,1.339849609375000000e+03,5.194897055625915527e-01,5.463800000000000878e+00,5.009860992431640625e-01,3.049099147319793701e-01
2.706129511976461544e+01,1.851999944264933973e+01,1.517790649414062500e+03,5.452913641929626465e-01,5.463810000000000500e+00,4.890079200267791748e-01,3.087246417999267578e-01
2.707169740077996423e+01,1.853340368808415661e+01,1.874669555664062500e+03,6.593222022056579590e-01,5.463820000000000121e+00,4.986209869384765625e-01,3.317654728889465332e-01
2.706221656009882182e+01,1.856055579544353407e+01,1.133580810546875000e+03,7.785767912864685059e-01,5.463830000000000631e+00,5.263158082962036133e-01,3.026210963726043701e-01
2.707088188392027561e+01,1.858280313501363779e+01,1.556868408203125000e+03,8.051127791404724121e-01,5.463840000000000252e+00,5.665228366851806641e-01,3.601469397544860840e-01
2.707181007180110299e+01,1.860407034744397592e+01,1.524086303710937500e+03,8.590216040611267090e-01,5.463850000000000762e+00,5.432531237602233887e-01,3.433622121810913086e-01
2.707236746317249043e+01,1.862096467322671600e+01,1.303645874023437500e+03,1.045145511627197266e+00,5.463860000000000383e+00,6.401467919349670410e-01,3.862395584583282471e-01
2.706646500608085404e+01,1.864049918672166939e+01,1.492127441406250000e+03,8.809859156608581543e-01,5.463870000000000005e+00,6.466317772865295410e-01,4.063049554824829102e-01
2.707126164871696616e+01,1.866698108568464320e+01,1.287303710937500000e+03,1.038877487182617188e+00,5.463880000000000514e+00,5.389043092727661133e-01,3.238308727741241455e-01
2.707254672007227825e+01,1.867896052975556742e+01,1.672842041015625000e+03,9.535378813743591309e-01,5.463890000000000136e+00,6.381631493568420410e-01,4.133240282535552979e-01
2.706997824149130594e+01,1.869897009204997573e+01,1.200968139648437500e+03,8.665341734886169434e-01,5.463900000000000645e+00,6.148170828819274902e-01,3.609098792076110840e-01
2.707238271130689000e+01,1.872182288128875172e+01,1.121028198242187500e+03,9.930354952812194824e-01,5.463910000000000267e+00,6.149696707725524902e-01,3.521360456943511963e-01
2.707517926799974717e+01,1.874697116925396045e+01,1.653374633789062500e+03,8.988303542137145996e-01,5.463920000000000776e+00,5.300542116165161133e-01,3.422940969467163086e-01
2.706433406813784259e+01,1.876351509252145178e+01,1.478286376953125000e+03,8.326119780540466309e-01,5.463930000000000398e+00,4.819125533103942871e-01,3.020107448101043701e-01
2.706839017756630028e+01,1.878467008038064634e+01,1.407993530273437500e+03,7.335180640220642090e-01,5.463940000000000019e+00,4.596346318721771240e-01,2.840052843093872070e-01
2.707381931335180170e+01,1.880429145032127281e+01,1.259743774414062500e+03,5.679172873497009277e-01,5.463950000000000529e+00,3.593840003013610840e-01,2.144249528646469116e-01
2.707296388256526143e+01,1.883623533516210458e+01,8.034385986328125000e+02,5.348808169364929199e-01,5.463960000000000150e+00,3.412259817123413086e-01,1.685721129179000854e-01
2.706483428199874197e+01,1.885280077000447463e+01,8.811889648437500000e+02,3.871828615665435791e-01,5.463970000000000660e+00,3.635039031505584717e-01,1.880271434783935547e-01
2.706795891397883480e+01,1.886889729152519735e+01,1.173912963867187500e+03,3.125471174716949463e-01,5.463980000000000281e+00,4.056946039199829102e-01,2.362450957298278809e-01
2.707001603026702696e+01,1.889233793248403970e+01,1.516641113281250000e+03,3.832096159458160400e-01,5.463990000000000791e+00,4.147736132144927979e-01,2.618036866188049316e-01
2.706234411814399010e+01,1.891270099503769586e+01,1.353925048828125000e+03,5.271906256675720215e-01,5.464000000000000412e+00,3.771605491638183594e-01,2.302941530942916870e-01
2.705812078927559838e+01,1.894273707516441974e+01,1.489179809570312500e+03,5.140704512596130371e-01,5.464010000000000034e+00,4.191986918449401855e-01,2.632532715797424316e-01
2.706172706325718735e+01,1.896460418870597309e+01,1.240250122070312500e+03,4.342490732669830322e-01,5.464020000000000543e+00,4.202668070793151855e-01,2.494440078735351562e-01
2.706345730784943981e+01,1.899021092139334144e+01,1.310843139648437500e+03,5.132359862327575684e-01,5.464030000000000165e+00,4.999179840087890625e-01,3.021633327007293701e-01
2.705585120820974865e+01,1.900553757791083243e+01,1.240485473632812500e+03,4.963940680027008057e-01,5.464040000000000674e+00,4.845065474510192871e-01,2.875911295413970947e-01
2.706440671331599646e+01,1.903772466245696293e+01,1.298154296875000000e+03,7.139295935630798340e-01,5.464050000000000296e+00,5.042667388916015625e-01,3.038417994976043701e-01
2.705719378528743135e+01,1.905558312472987126e+01,1.781796020507812500e+03,6.399173140525817871e-01,5.464060000000000805e+00,6.003974676132202148e-01,3.948608338832855225e-01
2.706030739937328278e+01,1.907543062403682299e+01,1.430941040039062500e+03,8.130807280540466309e-01,5.464070000000000427e+00,5.936073064804077148e-01,3.685393035411834717e-01
2.706288085230554330e+01,1.910231368781967376e+01,1.026898071289062500e+03,8.560330271720886230e-01,5.464080000000000048e+00,5.539342761039733887e-01,3.065120875835418701e-01
2.706264587196901772e+01,1.912158734288949447e+01,9.819895629882812500e+02,8.976883292198181152e-01,5.464090000000000558e+00,4.729098379611968994e-01,2.568445503711700439e-01
2.705691695752716086e+01,1.914621306368224296e+01,1.411005493164062500e+03,7.313961386680603027e-01,5.464100000000000179e+00,4.197327494621276855e-01,2.595148384571075439e-01
2.705975110732147826e+01,1.917226106140186914e+01,1.780673339843750000e+03,5.931026339530944824e-01,5.464110000000000689e+00,5.073184967041015625e-01,3.335965573787689209e-01
2.706320398986860454e+01,1.919235952965164671e+01,1.818680297851562500e+03,6.649083495140075684e-01,5.464120000000000310e+00,5.794165730476379395e-01,3.828826248645782471e-01
2.705919315914896828e+01,1.921074175414062069e+01,1.182270141601562500e+03,9.049052596092224121e-01,5.464130000000000820e+00,5.055637359619140625e-01,2.951442599296569824e-01
2.705599938906869539e+01,1.922805923318465915e+01,1.358146972656250000e+03,8.439893126487731934e-01,5.464140000000000441e+00,4.746645987033843994e-01,2.901088297367095947e-01
2.706458625986299182e+01,1.925388744818804909e+01,1.300888305664062500e+03,6.865651011466979980e-01,5.464150000000000063e+00,4.292695224285125732e-01,2.588281929492950439e-01
2.706043698107452755e+01,1.927730392529337067e+01,1.726004882812500000e+03,6.156296133995056152e-01,5.464160000000000572e+00,5.467626452445983887e-01,3.568663001060485840e-01
2.706155604558702521e+01,1.929412611313064119e+01,1.869000244140625000e+03,5.997616648674011230e-01,5.464170000000000194e+00,3.993621766567230225e-01,2.655420899391174316e-01
2.706494886036238512e+01,1.932028923906938189e+01,1.243320556640625000e+03,7.041437029838562012e-01,5.464180000000000703e+00,3.758635520935058594e-01,2.232750803232192993e-01
2.706481794788181716e+01,1.934621533809700011e+01,1.108644409179687500e+03,5.488306879997253418e-01,5.464190000000000325e+00,4.114929735660552979e-01,2.346429228782653809e-01
2.706476823951843969e+01,1.936423184186486424e+01,1.385221313476562500e+03,4.603177607059478760e-01,5.464200000000000834e+00,4.132477343082427979e-01,2.540979683399200439e-01
2.706855362040500879e+01,1.938315572007087084e+01,1.146737426757812500e+03,5.546862483024597168e-01,5.464210000000000456e+00,4.737490713596343994e-01,2.735529839992523193e-01
2.706316837188400726e+01,1.940921034772047804e+01,1.189427490234375000e+03,5.615598559379577637e-01,5.464220000000000077e+00,4.905337989330291748e-01,2.869807779788970947e-01
2.706473031144511410e+01,1.942983121693452020e+01,1.237159423828125000e+03,6.631404757499694824e-01,5.464230000000000587e+00,4.864901900291442871e-01,2.885066568851470947e-01
2.706288675875661198e+01,1.945043470391079765e+01,1.123622802734375000e+03,7.034558653831481934e-01,5.464240000000000208e+00,6.483865380287170410e-01,3.715910911560058594e-01
2.706547649500886976e+01,1.946793274115200845e+01,1.467685180664062500e+03,7.763463854789733887e-01,5.464250000000000718e+00,5.680487155914306641e-01,3.552640974521636963e-01
2.706756965778732038e+01,1.949565967138912015e+01,8.489444580078125000e+02,9.658653140068054199e-01,5.464260000000000339e+00,4.546754956245422363e-01,2.309807986021041870e-01
2.706919439456683563e+01,1.952370402602510069e+01,9.138278198242187500e+02,7.565492987632751465e-01,5.464270000000000849e+00,4.111877977848052979e-01,2.163323014974594116e-01
2.706481970226084854e+01,1.953977818629491381e+01,1.378064331054687500e+03,5.381852984428405762e-01,5.464280000000000470e+00,3.936401009559631348e-01,2.416619956493377686e-01
2.706790493603699943e+01,1.956303244703496702e+01,1.147338745117187500e+03,4.580337107181549072e-01,5.464290000000000092e+00,3.830352127552032471e-01,2.212151437997817993e-01
2.706720980931303799e+01,1.958782514345683268e+01,1.567644897460937500e+03,4.341703951358795166e-01,5.464300000000000601e+00,4.471223652362823486e-01,2.847682237625122070e-01
2.706759373365966326e+01,1.961432483004675831e+01,1.433234375000000000e+03,4.967290461063385010e-01,5.464310000000000223e+00,4.432313740253448486e-01,2.753077447414398193e-01
2.706679527953379960e+01,1.963583851373412870e+01,9.955348510742187500e+02,5.938655734062194824e-01,5.464320000000000732e+00,5.453130602836608887e-01,2.978908419609069824e-01
2.706764623113246415e+01,1.965204923704606088e+01,1.305925292968750000e+03,6.738013625144958496e-01,5.464330000000000354e+00,4.166046679019927979e-01,2.515039443969726562e-01
2.706670341710108119e+01,1.968400432127613797e+01,1.301660034179687500e+03,7.470828890800476074e-01,5.464340000000000863e+00,5.376073122024536133e-01,3.242123425006866455e-01
2.706621024739884973e+01,1.970500271365743572e+01,1.419426635742187500e+03,6.937891840934753418e-01,5.464350000000000485e+00,5.434057116508483887e-01,3.365720212459564209e-01
2.707275121686391728e+01,1.972332915255460506e+01,1.978043945312500000e+03,8.092946410179138184e-01,5.464360000000000106e+00,5.488225817680358887e-01,3.694548308849334717e-01
2.705715581480295384e+01,1.975172190752834211e+01,1.354318725585937500e+03,8.217269778251647949e-01,5.464370000000000616e+00,4.410951137542724609e-01,2.693567872047424316e-01
2.706746339475030894e+01,1.977542321335948827e+01,1.180736816406250000e+03,8.205611109733581543e-01,5.464380000000000237e+00,4.834384322166442871e-01,2.820979356765747070e-01
2.706808884191308451e+01,1.979731849423317769e+01,1.043708007812500000e+03,6.342703700065612793e-01,5.464390000000000747e+00,5.586645603179931641e-01,3.111660480499267578e-01
2.706649506723943688e+01,1.982203477765167321e+01,1.556156738281250000e+03,7.112724184989929199e-01,5.464400000000000368e+00,5.437871813774108887e-01,3.456510305404663086e-01
2.706124044216053548e+01,1.984558503688661091e+01,1.202043212890625000e+03,8.167416453361511230e-01,5.464410000000000878e+00,4.542940258979797363e-01,2.667627930641174316e-01
2.706454441502907926e+01,1.986589423924892728e+01,1.173644897460937500e+03,7.830840945243835449e-01,5.464420000000000499e+00,4.295746982097625732e-01,2.501306533813476562e-01
2.705981200623825345e+01,1.988817699247211124e+01,2.003326293945312500e+03,5.097097754478454590e-01,5.464430000000000121e+00,7.297925353050231934e-01,4.925937354564666748e-01
2.705701338349174989e+01,1.990624559876480149e+01,1.879614379882812500e+03,7.454974055290222168e-01,5.464440000000000630e+00,6.850078105926513672e-01,4.560487866401672363e-01
2.706650083235924953e+01,1.992745001433205587e+01,2.311006347656250000e+03,1.222738742828369141e+00,5.464450000000000252e+00,5.238744020462036133e-01,3.635801970958709717e-01
2.706207470431535000e+01,1.995632744300262473e+01,1.435192626953125000e+03,1.081000089645385742e+00,5.464460000000000761e+00,6.107735037803649902e-01,3.795256912708282471e-01
2.705899014558330862e+01,1.997641262687854891e+01,1.254559326171875000e+03,9.285981059074401855e-01,5.464470000000000383e+00,5.630896091461181641e-01,3.355039060115814209e-01
2.706287099658619155e+01,2.000160202422762623e+01,1.271872070312500000e+03,8.721477389335632324e-01,5.464480000000000004e+00,5.119724869728088379e-01,3.064357936382293701e-01
2.705797441425724514e+01,2.002384074825688032e+01,1.679350463867187500e+03,8.190090060234069824e-01,5.464490000000000514e+00,4.785555899143218994e-01,3.102505207061767578e-01
2.705856201588393617e+01,2.004813943829952905e+01,1.292607788085937500e+03,7.020277380943298340e-01,5.464500000000000135e+00,5.447790026664733887e-01,3.277981877326965332e-01
2.706168045586449367e+01,2.007043138048601350e+01,1.020909484863281250e+03,7.872313857078552246e-01,5.464510000000000645e+00,4.117981493473052979e-01,2.273186743259429932e-01
2.706669059243827391e+01,2.009579070369258602e+01,1.646405761718750000e+03,7.874554991722106934e-01,5.464520000000000266e+00,3.787627220153808594e-01,2.443322986364364624e-01
2.706709874371912150e+01,2.011262900564292977e+01,1.514235229492187500e+03,5.362719893455505371e-01,5.464530000000000776e+00,4.599398076534271240e-01,2.901851236820220947e-01
2.705914296605594416e+01,2.013766777160685706e+01,1.568085815429687500e+03,5.333692431449890137e-01,5.464540000000000397e+00,5.787299275398254395e-01,3.686155974864959717e-01
2.706266050600738993e+01,2.016104751921142224e+01,1.674109375000000000e+03,6.922203898429870605e-01,5.464550000000000018e+00,6.113075613975524902e-01,3.960052430629730225e-01
2.706424216385568116e+01,2.018147656874112528e+01,1.290388793945312500e+03,9.712285399436950684e-01,5.464560000000000528e+00,4.777163565158843994e-01,2.872859537601470947e-01
2.705601118639954805e+01,2.019710432485178231e+01,1.566312622070312500e+03,8.593577742576599121e-01,5.464570000000000149e+00,5.435582995414733887e-01,3.461087942123413086e-01
2.706448543756690839e+01,2.022665605242546860e+01,1.399984985351562500e+03,6.601316332817077637e-01,5.464580000000000659e+00,5.933784246444702148e-01,3.660216033458709717e-01
2.706843205848193890e+01,2.025498544514071497e+01,1.541318359375000000e+03,9.099919199943542480e-01,5.464590000000000281e+00,5.498906970024108887e-01,3.486265242099761963e-01
2.706375287994466916e+01,2.027434822075468546e+01,1.182773437500000000e+03,8.781558871269226074e-01,5.464600000000000790e+00,5.868934392929077148e-01,3.426755666732788086e-01
2.706560943448085155e+01,2.029805721902393500e+01,1.806911621093750000e+03,9.200960993766784668e-01,5.464610000000000412e+00,4.882449507713317871e-01,3.221524059772491455e-01
2.707138686230724289e+01,2.032208399072047911e+01,1.145960449218750000e+03,9.360248446464538574e-01,5.464620000000000033e+00,6.064247488975524902e-01,3.500761091709136963e-01
2.706491851982126562e+01,2.034613730529368425e+01,1.356651245117187500e+03,7.527441382408142090e-01,5.464630000000000543e+00,5.628607273101806641e-01,3.438962697982788086e-01
2.706254478763064952e+01,2.036614171887111269e+01,1.159883666992187500e+03,8.977276682853698730e-01,5.464640000000000164e+00,5.594274997711181641e-01,3.243649601936340332e-01
2.707431339851483898e+01,2.039460994648805681e+01,1.156644409179687500e+03,8.406097292900085449e-01,5.464650000000000674e+00,5.539342761039733887e-01,3.208554089069366455e-01
2.706893611867383953e+01,2.042046119807985249e+01,1.137246459960937500e+03,8.265990614891052246e-01,5.464660000000000295e+00,4.746645987033843994e-01,2.732478082180023193e-01
2.707331007171480408e+01,2.044312098005869416e+01,1.408228393554687500e+03,8.244115710258483887e-01,5.464670000000000805e+00,5.141850113868713379e-01,3.177273571491241455e-01
2.707174065630887227e+01,2.045905823300303084e+01,1.674769165039062500e+03,5.623943209648132324e-01,5.464680000000000426e+00,5.795691609382629395e-01,3.754820823669433594e-01
2.707224109597077444e+01,2.048670079488075757e+01,1.577072387695312500e+03,9.266836047172546387e-01,5.464690000000000047e+00,4.399507045745849609e-01,2.806483507156372070e-01
2.707318368693844945e+01,2.050715225276919540e+01,1.695067382812500000e+03,9.997577071189880371e-01,5.464700000000000557e+00,6.010841131210327148e-01,3.905883431434631348e-01
2.707203521660250800e+01,2.053411125218255506e+01,1.422248779296875000e+03,8.014017939567565918e-01,5.464710000000000178e+00,6.895854473114013672e-01,4.273621737957000732e-01
2.707720523227994036e+01,2.055049599534702409e+01,1.316275512695312500e+03,9.752613902091979980e-01,5.464720000000000688e+00,6.748606562614440918e-01,4.084411859512329102e-01
2.707101719696866837e+01,2.058116023362114788e+01,1.421371337890625000e+03,1.064978361129760742e+00,5.464730000000000310e+00,6.290078163146972656e-01,3.897491097450256348e-01
2.706817689344935474e+01,2.059982959927112489e+01,1.488320678710937500e+03,1.017208814620971680e+00,5.464740000000000819e+00,6.187844276428222656e-01,3.885284066200256348e-01
2.707408139620764231e+01,2.062501242112746169e+01,1.696151367187500000e+03,1.208335876464843750e+00,5.464750000000000441e+00,5.243321657180786133e-01,3.407682180404663086e-01
2.707630487567223199e+01,2.064758670999288270e+01,1.659676025390625000e+03,1.083002805709838867e+00,5.464760000000000062e+00,5.324956178665161133e-01,3.442014455795288086e-01
2.706483549345432493e+01,2.066831272354746574e+01,1.453572631835937500e+03,7.546336054801940918e-01,5.464770000000000572e+00,5.895637273788452148e-01,3.677000701427459717e-01
2.707663740885911352e+01,2.069687837388958940e+01,1.066760131835937500e+03,8.883041739463806152e-01,5.464780000000000193e+00,3.741850852966308594e-01,2.102287709712982178e-01
2.707549465479267070e+01,2.071485236078541448e+01,1.541353759765625000e+03,7.255310416221618652e-01,5.464790000000000703e+00,5.273839235305786133e-01,3.343594968318939209e-01
2.707219935424517487e+01,2.073916046138603519e+01,1.101078002929687500e+03,6.468254923820495605e-01,5.464800000000000324e+00,4.813784956932067871e-01,2.737818658351898193e-01
2.707665970788744403e+01,2.075998919563469514e+01,1.717454345703125000e+03,7.231873869895935059e-01,5.464810000000000834e+00,5.365391969680786133e-01,3.497709333896636963e-01
2.707559133259701412e+01,2.078777071285440314e+01,1.067834472656250000e+03,7.356674075126647949e-01,5.464820000000000455e+00,6.771494746208190918e-01,3.805938065052032471e-01
2.707027229623651721e+01,2.080482046609977331e+01,1.516962768554687500e+03,8.331829905509948730e-01,5.464830000000000076e+00,6.800487041473388672e-01,4.292695224285125732e-01
2.707519298054494783e+01,2.082795003736390882e+01,1.473663940429687500e+03,1.084630012512207031e+00,5.464840000000000586e+00,5.669043064117431641e-01,3.549589216709136963e-01
2.707288671640135291e+01,2.085076637040289427e+01,1.395695068359375000e+03,1.099237918853759766e+00,5.464850000000000207e+00,5.690405368804931641e-01,3.506864607334136963e-01
2.707707884674872290e+01,2.087660272017298269e+01,2.134198730468750000e+03,8.348447680473327637e-01,5.464860000000000717e+00,5.865882635116577148e-01,4.010406434535980225e-01
2.706895146423537923e+01,2.089834153130301786e+01,2.102550292968750000e+03,9.155017733573913574e-01,5.464870000000000339e+00,5.874274969100952148e-01,4.004302918910980225e-01
2.707397883490023105e+01,2.091527098372470661e+01,1.859366821289062500e+03,9.553331732749938965e-01,5.464880000000000848e+00,5.797217488288879395e-01,3.850188553333282471e-01
2.707438117661550692e+01,2.093761147291839819e+01,1.577679687500000000e+03,1.025484323501586914e+00,5.464890000000000470e+00,5.685827732086181641e-01,3.627409338951110840e-01
2.706943656752496352e+01,2.095366448935642012e+01,1.639048950195312500e+03,9.510774016380310059e-01,5.464900000000000091e+00,5.918525457382202148e-01,3.813567459583282471e-01
2.707242156841222780e+01,2.097958440350121379e+01,1.117889770507812500e+03,8.860916495323181152e-01,5.464910000000000601e+00,5.369206666946411133e-01,3.071224391460418701e-01
2.707318818517049763e+01,2.100565688247376528e+01,1.721279907226562500e+03,9.349328875541687012e-01,5.464920000000000222e+00,4.896945655345916748e-01,3.194058239459991455e-01
2.707744633464175266e+01,2.102084923253487503e+01,1.444665039062500000e+03,6.891781687736511230e-01,5.464930000000000732e+00,6.272530555725097656e-01,3.905120491981506348e-01
2.707327107713596703e+01,2.104991889429245333e+01,1.204342041015625000e+03,8.230645060539245605e-01,5.464940000000000353e+00,6.887462139129638672e-01,4.047027826309204102e-01
2.707829406774533965e+01,2.107107972476583413e+01,1.086801635742187500e+03,1.177998304367065430e+00,5.464950000000000863e+00,4.059997797012329102e-01,2.297600954771041870e-01
2.707212743154520851e+01,2.109234472478325984e+01,1.141857421875000000e+03,1.062479734420776367e+00,5.464960000000000484e+00,5.296727418899536133e-01,3.053676784038543701e-01
2.707014065281398629e+01,2.111715924574046710e+01,1.404094970703125000e+03,5.987221598625183105e-01,5.464970000000000105e+00,6.003974676132202148e-01,3.706755340099334717e-01
2.707533186103079359e+01,2.113588570355758378e+01,1.607969360351562500e+03,7.841629385948181152e-01,5.464980000000000615e+00,6.059669852256774902e-01,3.885284066200256348e-01
2.707813501158431535e+01,2.116205377646373265e+01,1.800771850585937500e+03,7.743925452232360840e-01,5.464990000000000236e+00,7.987625002861022949e-01,5.266209840774536133e-01
2.706577406387930651e+01,2.118467180908271175e+01,1.081995239257812500e+03,1.073333740234375000e+00,5.465000000000000746e+00,5.588934421539306641e-01,3.157436847686767578e-01
2.707542114256290589e+01,2.120079477405766610e+01,1.271810058593750000e+03,1.183713197708129883e+00,5.465010000000000367e+00,4.671114683151245117e-01,2.795802354812622070e-01
2.707425771543476500e+01,2.122674210968237674e+01,1.258183959960937500e+03,8.985514044761657715e-01,5.465020000000000877e+00,4.619997441768646240e-01,2.755366265773773193e-01
2.706902102051966708e+01,2.125068841101483130e+01,1.616901123046875000e+03,6.529504656791687012e-01,5.465030000000000499e+00,6.959941983222961426e-01,4.468934834003448486e-01
2.706754545018475966e+01,2.127002908108709889e+01,1.003088378906250000e+03,8.638769984245300293e-01,5.465040000000000120e+00,5.772803425788879395e-01,3.163540363311767578e-01
2.707660679133106640e+01,2.129273747583274101e+01,1.649006835937500000e+03,1.147920608520507812e+00,5.465050000000000630e+00,6.027626395225524902e-01,3.889861702919006348e-01
2.707461312479468774e+01,2.131073931361499163e+01,1.369784301757812500e+03,8.127076029777526855e-01,5.465060000000000251e+00,6.072639822959899902e-01,3.721251487731933594e-01
2.707330822579915619e+01,2.133956019340194388e+01,1.753090209960937500e+03,9.631807208061218262e-01,5.465070000000000761e+00,5.725501179695129395e-01,3.751006126403808594e-01
2.707491240409778399e+01,2.136359467853795735e+01,1.313917968750000000e+03,8.759421706199645996e-01,5.465080000000000382e+00,5.443212389945983887e-01,3.292477726936340332e-01
2.707008289734362094e+01,2.139265353960329463e+01,1.389816528320312500e+03,9.069401621818542480e-01,5.465090000000000003e+00,4.510133862495422363e-01,2.775965929031372070e-01
2.706347030345331461e+01,2.141365116359738252e+01,1.166160644531250000e+03,8.040184378623962402e-01,5.465100000000000513e+00,4.083648920059204102e-01,2.372369319200515747e-01
2.707411482766867294e+01,2.143058125432019168e+01,1.273394653320312500e+03,6.595630049705505371e-01,5.465110000000000134e+00,3.612913489341735840e-01,2.163323014974594116e-01
2.707304716392715704e+01,2.145551049077116090e+01,1.776169921875000000e+03,4.708236753940582275e-01,5.465120000000000644e+00,4.542177319526672363e-01,2.985011935234069824e-01
2.706545581984532234e+01,2.147892114312042366e+01,8.407338256835937500e+02,4.329318106174468994e-01,5.465130000000000265e+00,4.621523320674896240e-01,2.336511015892028809e-01
2.707145017993284597e+01,2.149802271262743858e+01,1.495859863281250000e+03,6.206423640251159668e-01,5.465140000000000775e+00,4.326264560222625732e-01,2.720271050930023193e-01
2.707369235682563513e+01,2.151997273633464403e+01,1.077554565429687500e+03,5.483574271202087402e-01,5.465150000000000396e+00,4.523866772651672363e-01,2.551660835742950439e-01
2.707358682317525833e+01,2.154274456827099726e+01,1.054020874023437500e+03,5.608040690422058105e-01,5.465160000000000018e+00,5.179997086524963379e-01,2.896510660648345947e-01
2.706707224858075733e+01,2.156878391194558731e+01,1.498216186523437500e+03,5.713099837303161621e-01,5.465170000000000528e+00,5.135746598243713379e-01,3.230679333209991455e-01
2.707080023519382195e+01,2.158632142944356147e+01,1.577956542968750000e+03,7.427687048912048340e-01,5.465180000000000149e+00,4.990787506103515625e-01,3.184140026569366455e-01
2.707289381234507886e+01,2.160816758018395234e+01,9.024364013671875000e+02,8.085996508598327637e-01,5.465190000000000659e+00,6.090187430381774902e-01,3.185665905475616455e-01
2.707296173866817313e+01,2.163043807238979355e+01,1.150130615234375000e+03,8.190054297447204590e-01,5.465200000000000280e+00,5.955909490585327148e-01,3.442777395248413086e-01
2.706996942502449244e+01,2.165648275097460029e+01,1.235770874023437500e+03,9.622747302055358887e-01,5.465210000000000790e+00,6.389260888099670410e-01,3.787627220153808594e-01
2.708150711629833651e+01,2.168003071320439545e+01,1.512760742187500000e+03,9.529859423637390137e-01,5.465220000000000411e+00,6.029152274131774902e-01,3.802886307239532471e-01
2.706811101413564558e+01,2.169672138019982199e+01,2.206206542968750000e+03,9.432191252708435059e-01,5.465230000000000032e+00,4.769534170627593994e-01,3.281796574592590332e-01
2.707060610857390159e+01,2.172794574023743763e+01,1.043627929687500000e+03,8.801061511039733887e-01,5.465240000000000542e+00,5.173130631446838379e-01,2.881251871585845947e-01
2.707586702569485482e+01,2.174902586852197217e+01,1.434855957031250000e+03,8.209926486015319824e-01,5.465250000000000163e+00,5.619451999664306641e-01,3.491605818271636963e-01
2.707321428539700392e+01,2.177047855525469799e+01,2.038394531250000000e+03,7.451540827751159668e-01,5.465260000000000673e+00,4.699343442916870117e-01,3.183377087116241455e-01
2.706995103747406972e+01,2.178830804286053890e+01,1.268520751953125000e+03,8.295125365257263184e-01,5.465270000000000294e+00,5.084629654884338379e-01,3.040706813335418701e-01
2.707999478508740410e+01,2.180814358023518196e+01,1.549719726562500000e+03,7.825655341148376465e-01,5.465280000000000804e+00,5.019779205322265625e-01,3.187191784381866455e-01
2.707682740877460503e+01,2.183632516370473553e+01,1.411963012695312500e+03,7.264990210533142090e-01,5.465290000000000425e+00,5.130406022071838379e-01,3.172695934772491455e-01
2.706941361626084586e+01,2.185669272771366778e+01,1.400779663085937500e+03,7.623011469841003418e-01,5.465300000000000047e+00,5.987190008163452148e-01,3.693785369396209717e-01
2.706904113012451063e+01,2.188096887754812059e+01,2.225066162109375000e+03,7.254332900047302246e-01,5.465310000000000556e+00,3.868499398231506348e-01,2.666102051734924316e-01
2.707800888118364568e+01,2.189962784001566831e+01,1.288164672851562500e+03,8.411795496940612793e-01,5.465320000000000178e+00,3.973785340785980225e-01,2.388391047716140747e-01
2.707302717352560961e+01,2.192483928021810158e+01,9.692085571289062500e+02,5.519337058067321777e-01,5.465330000000000688e+00,4.450624287128448486e-01,2.403649985790252686e-01
2.706693423611878302e+01,2.194553731274376673e+01,1.741861694335937500e+03,5.759055018424987793e-01,5.465340000000000309e+00,3.946319520473480225e-01,2.581415474414825439e-01
2.707038050388784001e+01,2.197124185402722318e+01,1.401132690429687500e+03,6.226653456687927246e-01,5.465350000000000819e+00,4.866427779197692871e-01,3.002559542655944824e-01
2.707322080563840316e+01,2.199529605761081186e+01,1.316047973632812500e+03,5.398804545402526855e-01,5.465360000000000440e+00,5.057163238525390625e-01,3.060543239116668701e-01
2.706281329985844053e+01,2.201748845958730882e+01,9.890941162109375000e+02,7.151932120323181152e-01,5.465370000000000061e+00,5.200596451759338379e-01,2.833186388015747070e-01
2.706571043819666045e+01,2.204107408796590661e+01,1.268756347656250000e+03,6.418747305870056152e-01,5.465380000000000571e+00,4.238526225090026855e-01,2.534875869750976562e-01
2.706906143117027952e+01,2.205705861857088834e+01,1.341051269531250000e+03,6.510586142539978027e-01,5.465390000000000192e+00,5.450841784477233887e-01,3.318417668342590332e-01
2.706039849939485720e+01,2.208567020009814286e+01,1.039155639648437500e+03,6.328529715538024902e-01,5.465400000000000702e+00,5.670568943023681641e-01,3.152859210968017578e-01
2.706705689424828165e+01,2.211124461986462464e+01,2.032846435546875000e+03,8.177263140678405762e-01,5.465410000000000323e+00,5.362340211868286133e-01,3.630461096763610840e-01
2.707498351903841893e+01,2.212507288002181838e+01,1.418719238281250000e+03,8.041185736656188965e-01,5.465420000000000833e+00,5.530950427055358887e-01,3.425229787826538086e-01
2.706777545537286400e+01,2.214773991192277691e+01,1.135172973632812500e+03,8.409935832023620605e-01,5.465430000000000454e+00,5.591986179351806641e-01,3.216946423053741455e-01
2.706356088795241988e+01,2.216972606356457831e+01,1.437728759765625000e+03,9.141213297843933105e-01,5.465440000000000076e+00,4.935092628002166748e-01,3.068172633647918701e-01
2.707511895298810600e+01,2.219408287881951125e+01,1.210565429687500000e+03,8.063954710960388184e-01,5.465450000000000585e+00,6.087135672569274902e-01,3.583158850669860840e-01
2.707175322113398153e+01,2.221511298866544593e+01,1.255936889648437500e+03,8.198994994163513184e-01,5.465460000000000207e+00,5.324193239212036133e-01,3.173458874225616455e-01
2.706920410098326002e+01,2.224110545446955811e+01,1.946883911132812500e+03,9.257680773735046387e-01,5.465470000000000717e+00,5.315800905227661133e-01,3.566374182701110840e-01
2.706753222092778799e+01,2.225761462799321322e+01,1.528537353515625000e+03,8.482796549797058105e-01,5.465480000000000338e+00,7.391766905784606934e-01,4.675692319869995117e-01
2.707639977821373023e+01,2.228885266261371356e+01,1.690814819335937500e+03,9.381062388420104980e-01,5.465490000000000848e+00,5.590460300445556641e-01,3.630461096763610840e-01
2.706550801973894949e+01,2.230586885738238934e+01,1.530312744140625000e+03,1.227621555328369141e+00,5.465500000000000469e+00,5.035800933837890625e-01,3.186428844928741455e-01
2.706905357730059336e+01,2.232582509376399571e+01,1.294406982421875000e+03,8.781928420066833496e-01,5.465510000000000090e+00,5.010623931884765625e-01,3.016292750835418701e-01
2.707619769672775689e+01,2.235492919066358652e+01,1.590184936523437500e+03,8.257657885551452637e-01,5.465520000000000600e+00,4.642885625362396240e-01,2.968227267265319824e-01
2.707989499754226870e+01,2.236986672574202117e+01,1.791392333984375000e+03,6.811673045158386230e-01,5.465530000000000221e+00,4.372041225433349609e-01,2.878963053226470947e-01
2.707707124585222758e+01,2.239187841196151041e+01,1.138574218750000000e+03,6.724745631217956543e-01,5.465540000000000731e+00,5.384465456008911133e-01,3.100979328155517578e-01
2.707994750104345982e+01,2.241609451078860715e+01,1.366505615234375000e+03,6.243378520011901855e-01,5.465550000000000352e+00,5.292149782180786133e-01,3.240597546100616455e-01
2.707702195226366726e+01,2.244762973325412858e+01,3.538492187500000000e+03,7.090670466423034668e-01,5.465560000000000862e+00,4.932040870189666748e-01,3.644957244396209717e-01
2.708169529719783597e+01,2.246738441165293310e+01,2.591472656250000000e+03,7.616431117057800293e-01,5.465570000000000483e+00,5.213566422462463379e-01,3.689970672130584717e-01
2.707789227906046747e+01,2.248435834358409124e+01,1.277813964843750000e+03,8.327895998954772949e-01,5.465580000000000105e+00,5.053348541259765625e-01,3.029262721538543701e-01
2.708406462357373812e+01,2.250535884473823245e+01,1.120801269531250000e+03,9.155244231224060059e-01,5.465590000000000614e+00,4.944247901439666748e-01,2.830897569656372070e-01
2.707782791154133406e+01,2.253357881891757941e+01,1.098749511718750000e+03,7.780427336692810059e-01,5.465600000000000236e+00,5.499669909477233887e-01,3.125393390655517578e-01
2.708001838192808464e+01,2.255319577216169691e+01,1.433308593750000000e+03,7.482952475547790527e-01,5.465610000000000746e+00,5.779669880867004395e-01,3.590025305747985840e-01
2.708392019265739847e+01,2.257813096925975316e+01,1.658065307617187500e+03,8.518964648246765137e-01,5.465620000000000367e+00,5.009860992431640625e-01,3.237545788288116455e-01
2.707457778278020655e+01,2.260239484232387142e+01,1.235723144531250000e+03,9.266466498374938965e-01,5.465630000000000877e+00,5.152531266212463379e-01,3.054439723491668701e-01
2.708705187822011595e+01,2.262696878528479161e+01,1.130580566406250000e+03,8.651823401451110840e-01,5.465640000000000498e+00,5.379887819290161133e-01,3.090298175811767578e-01
2.708242745042805311e+01,2.264584659795192323e+01,1.361035156250000000e+03,8.474809527397155762e-01,5.465650000000000119e+00,5.478307604789733887e-01,3.350461423397064209e-01
2.707789039908985984e+01,2.266441188934555839e+01,1.299634155273437500e+03,8.237201571464538574e-01,5.465660000000000629e+00,6.019234061241149902e-01,3.628172278404235840e-01
2.707830626848382849e+01,2.268666087993811686e+01,1.379161499023437500e+03,8.310694098472595215e-01,5.465670000000000250e+00,5.001468658447265625e-01,3.071224391460418701e-01
2.708622717682699488e+01,2.271114995874331299e+01,1.095588500976562500e+03,9.324545264244079590e-01,5.465680000000000760e+00,5.832312703132629395e-01,3.310788273811340332e-01
2.708247259472478419e+01,2.273334083860811106e+01,1.472884277343750000e+03,8.469230532646179199e-01,5.465690000000000381e+00,6.181740760803222656e-01,3.870025277137756348e-01
2.707782292348008824e+01,2.275608370471932673e+01,1.297074096679687500e+03,8.993262648582458496e-01,5.465700000000000891e+00,4.808444380760192871e-01,2.896510660648345947e-01
2.707768985046219967e+01,2.277556198179731695e+01,1.131535156250000000e+03,9.293825030326843262e-01,5.465710000000000512e+00,4.937381446361541748e-01,2.837001085281372070e-01
2.708296374779876103e+01,2.279833365836018899e+01,1.087275756835937500e+03,7.151395678520202637e-01,5.465720000000000134e+00,5.377599000930786133e-01,3.043758571147918701e-01
2.707413204296227605e+01,2.282333520385511250e+01,1.115661254882812500e+03,7.505483031272888184e-01,5.465730000000000643e+00,4.697817564010620117e-01,2.685175538063049316e-01
2.707274965731789251e+01,2.284255467594605804e+01,1.464229614257812500e+03,6.796748042106628418e-01,5.465740000000000265e+00,4.939670264720916748e-01,3.087246417999267578e-01
2.707625814213741222e+01,2.286362535544367702e+01,1.317585327148437500e+03,6.981272101402282715e-01,5.465750000000000774e+00,4.847354292869567871e-01,2.934657931327819824e-01
2.707865129963618500e+01,2.288527295207429901e+01,1.529694213867187500e+03,7.184750437736511230e-01,5.465760000000000396e+00,5.826209187507629395e-01,3.686155974864959717e-01
2.707030177710159080e+01,2.290980010215601936e+01,1.467431640625000000e+03,7.498247027397155762e-01,5.465770000000000017e+00,6.390786767005920410e-01,3.996673524379730225e-01
2.707533848616499839e+01,2.293294046688444965e+01,1.706392456054687500e+03,9.517223238945007324e-01,5.465780000000000527e+00,6.448770165443420410e-01,4.197327494621276855e-01
2.707563992059161251e+01,2.295013579520014702e+01,1.203812011718750000e+03,1.042263031005859375e+00,5.465790000000000148e+00,6.776835322380065918e-01,3.981414735317230225e-01
2.707777040412484126e+01,2.298580798284821469e+01,1.309694213867187500e+03,9.734339118003845215e-01,5.465800000000000658e+00,4.337708950042724609e-01,2.621088624000549316e-01
2.707783060756416305e+01,2.299858708429337639e+01,1.386359985351562500e+03,9.271807074546813965e-01,5.465810000000000279e+00,4.760378897190093994e-01,2.927791178226470947e-01
2.707411583760547913e+01,2.302154936959365372e+01,1.405826660156250000e+03,6.630951762199401855e-01,5.465820000000000789e+00,5.207462906837463379e-01,3.216183483600616455e-01
2.707459535514996674e+01,2.304139241106762626e+01,1.272878417968750000e+03,7.879335284233093262e-01,5.465830000000000410e+00,5.146427750587463379e-01,3.081142604351043701e-01
2.707505867398358745e+01,2.307248633883310163e+01,8.808411865234375000e+02,7.694799304008483887e-01,5.465840000000000032e+00,5.233402848243713379e-01,2.706538140773773193e-01
2.707662072984463109e+01,2.310236700552912481e+01,1.033539794921875000e+03,6.938773989677429199e-01,5.465850000000000541e+00,4.529207348823547363e-01,2.512750625610351562e-01
2.707382189500910386e+01,2.311933555980068533e+01,1.446617431640625000e+03,6.321305632591247559e-01,5.465860000000000163e+00,5.530187487602233887e-01,3.444303274154663086e-01
2.706718529798711614e+01,2.314381082064011963e+01,1.673640502929687500e+03,6.527680754661560059e-01,5.465870000000000672e+00,5.479833483695983887e-01,3.549589216709136963e-01
2.706695817194846398e+01,2.316372872331248089e+01,1.577292846679687500e+03,9.433180689811706543e-01,5.465880000000000294e+00,5.350133180618286133e-01,3.413022756576538086e-01
2.707576086784696301e+01,2.318563124238698947e+01,1.427354003906250000e+03,9.498257040977478027e-01,5.465890000000000803e+00,5.058689117431640625e-01,3.138363361358642578e-01
2.706579001272794827e+01,2.320951297311602346e+01,1.700189575195312500e+03,7.439238429069519043e-01,5.465900000000000425e+00,4.666537046432495117e-01,3.034603297710418701e-01
2.706648891952078628e+01,2.323167118355905103e+01,1.171481323242187500e+03,7.914275527000427246e-01,5.465910000000000046e+00,5.005283355712890625e-01,2.912532389163970947e-01
2.706808244447486800e+01,2.325345729315457532e+01,1.291006469726562500e+03,7.750005125999450684e-01,5.465920000000000556e+00,4.889316260814666748e-01,2.940761446952819824e-01
2.707039761797703648e+01,2.327798077373741847e+01,1.152239501953125000e+03,7.240206599235534668e-01,5.465930000000000177e+00,5.036563873291015625e-01,2.913295328617095947e-01
2.706712792795807232e+01,2.329630347749939645e+01,1.904221679687500000e+03,5.586213469505310059e-01,5.465940000000000687e+00,8.691821098327636719e-01,5.803321003913879395e-01
2.707452646930942564e+01,2.332623349698363668e+01,2.218975097656250000e+03,8.724278807640075684e-01,5.465950000000000308e+00,4.906100928783416748e-01,3.379453122615814209e-01
2.706531430111648007e+01,2.334807930041316126e+01,1.082954711914062500e+03,1.504101276397705078e+00,5.465960000000000818e+00,5.015964508056640625e-01,2.834712266921997070e-01
2.706451263489809378e+01,2.336961168052879145e+01,1.691886352539062500e+03,7.923883795738220215e-01,5.465970000000000439e+00,5.431005358695983887e-01,3.527463972568511963e-01
2.706288657101503503e+01,2.338899119989860864e+01,9.803806762695312500e+02,8.085662722587585449e-01,5.465980000000000061e+00,5.012149810791015625e-01,2.720271050930023193e-01
2.707148592974734314e+01,2.341866346676719957e+01,1.763647583007812500e+03,7.848078608512878418e-01,5.465990000000000570e+00,5.319615602493286133e-01,3.490079939365386963e-01
2.706493881924270184e+01,2.343490813173886522e+01,1.199367919921875000e+03,7.085008025169372559e-01,5.466000000000000192e+00,4.628389775753021240e-01,2.715693414211273193e-01
2.707213529362742932e+01,2.345624064073633619e+01,1.570794067382812500e+03,7.125527262687683105e-01,5.466010000000000701e+00,5.430242419242858887e-01,3.460325002670288086e-01
2.707077968802116175e+01,2.348490875856617421e+01,1.232380859375000000e+03,8.240944743156433105e-01,5.466020000000000323e+00,4.790133535861968994e-01,2.837001085281372070e-01
2.706518828322215953e+01,2.350417376446681672e+01,1.778607055664062500e+03,8.024210333824157715e-01,5.466030000000000832e+00,5.852149128913879395e-01,3.847136795520782471e-01
2.706977121723110713e+01,2.352637390581277543e+01,1.967324951171875000e+03,7.062358260154724121e-01,5.466040000000000454e+00,5.787299275398254395e-01,3.891387581825256348e-01
2.707129775476115441e+01,2.354498689592284677e+01,1.501593872070312500e+03,1.009191989898681641e+00,5.466050000000000075e+00,4.957980811595916748e-01,3.120815753936767578e-01
2.707331420482508477e+01,2.357130719753446257e+01,1.522722290039062500e+03,8.273500800132751465e-01,5.466060000000000585e+00,4.669588804244995117e-01,2.950679659843444824e-01
2.707147976922490784e+01,2.359154749418711816e+01,2.024640502929687500e+03,7.646865248680114746e-01,5.466070000000000206e+00,5.437871813774108887e-01,3.678526580333709717e-01
2.708256392862185891e+01,2.361423011431671526e+01,1.267788818359375000e+03,7.392842173576354980e-01,5.466080000000000716e+00,5.390568971633911133e-01,3.223049938678741455e-01
2.707055763910560486e+01,2.363623648765694796e+01,1.401531860351562500e+03,7.669300436973571777e-01,5.466090000000000337e+00,5.665991306304931641e-01,3.496183454990386963e-01
2.707598165343425833e+01,2.364734224382392824e+01,1.417363525390625000e+03,9.643203616142272949e-01,5.466100000000000847e+00,4.120270311832427979e-01,2.550897896289825439e-01
2.707752840432378605e+01,2.367745707021279955e+01,1.294734619140625000e+03,8.237761855125427246e-01,5.466110000000000468e+00,4.211823344230651855e-01,2.535638809204101562e-01
2.708106562919122240e+01,2.369972131477177513e+01,1.629810913085937500e+03,5.417174696922302246e-01,5.466120000000000090e+00,5.156345963478088379e-01,3.317654728889465332e-01
2.707365052424554719e+01,2.371911048113744513e+01,1.585114624023437500e+03,6.761259436607360840e-01,5.466130000000000599e+00,5.537816882133483887e-01,3.537382185459136963e-01
2.707958156700722796e+01,2.374495648336786502e+01,1.160994262695312500e+03,7.395417094230651855e-01,5.466140000000000221e+00,6.123756766319274902e-01,3.551878035068511963e-01
2.707485603677987029e+01,2.377163480013371455e+01,1.160781127929687500e+03,8.814126849174499512e-01,5.466150000000000730e+00,5.144138932228088379e-01,2.983486056327819824e-01
2.708465037493899885e+01,2.377856364547848145e+01,1.241277099609375000e+03,9.444577097892761230e-01,5.466160000000000352e+00,4.822177290916442871e-01,2.862941324710845947e-01
2.707490107429255133e+01,2.379973572578269625e+01,1.430629882812500000e+03,7.259756922721862793e-01,5.466170000000000861e+00,4.356019496917724609e-01,2.704249322414398193e-01
2.707945955950583183e+01,2.381512181877107537e+01,1.165432861328125000e+03,6.365794539451599121e-01,5.466180000000000483e+00,1.829154342412948608e-01,1.062397211790084839e-01
2.707575426874964464e+01,2.383091347011539796e+01,2.368634033203125000e+03,6.268150210380554199e-01,5.466190000000000104e+00,5.893729627132415771e-02,4.108444601297378540e-02
2.706923808166929746e+01,2.383246329312055778e+01,-1.231504028320312500e+03,3.162044584751129150e-01,5.466200000000000614e+00,4.116073995828628540e-02,4.810351505875587463e-02
2.707118004654106969e+01,2.384124006665204121e+01,-1.359472656250000000e+03,2.163022905588150024e-01,5.466210000000000235e+00,3.818526491522789001e-02,4.322068393230438232e-02
