# x_coordinates, y_coordinates, TEP, TED, times, high, low
2.825041774868515176e+01,1.813217911117963510e+01,-6.037773925781250000e+03,1.309079080820083618e-01,5.475880000000000081e+00,6.122612580657005310e-02,5.458852648735046387e-02
2.824785269245544228e+01,1.813391834190365870e+01,3.619066894531250000e+03,1.289099603891372681e-01,5.475890000000000590e+00,1.787955462932586670e-01,1.324849426746368408e-01
2.824739981051332549e+01,1.812805519948725674e+01,1.945956420898437500e+03,1.437682062387466431e-01,5.475900000000000212e+00,3.205502331256866455e-01,2.150353044271469116e-01
2.825365052288421808e+01,1.812853922908631432e+01,1.574119506835937500e+03,2.226394563913345337e-01,5.475910000000000721e+00,3.616728186607360840e-01,2.305993288755416870e-01
2.824039189749624512e+01,1.812918100993800863e+01,1.615039062500000000e+03,4.682916700839996338e-01,5.475920000000000343e+00,3.281033635139465332e-01,2.106102406978607178e-01
2.825186647048079180e+01,1.813067171118062504e+01,1.034541870117187500e+03,5.070597529411315918e-01,5.475930000000000852e+00,3.547300398349761963e-01,1.968772709369659424e-01
2.824290609885918002e+01,1.812920617280324720e+01,1.285394897460937500e+03,4.552978575229644775e-01,5.475940000000000474e+00,3.963867127895355225e-01,2.380761653184890747e-01
2.825017469207120513e+01,1.813694596509449752e+01,1.931154541015625000e+03,5.481249690055847168e-01,5.475950000000000095e+00,3.947845399379730225e-01,2.643976807594299316e-01
2.824043992211903742e+01,1.814953396111869566e+01,3.279131591796875000e+03,6.143695712089538574e-01,5.475960000000000605e+00,3.532041609287261963e-01,2.585993111133575439e-01
2.825575736197237475e+01,1.816505494431659073e+01,1.693557495117187500e+03,6.112367510795593262e-01,5.475970000000000226e+00,3.342832028865814209e-01,2.171715497970581055e-01
2.823433888814672343e+01,1.817870046104268411e+01,2.771048339843750000e+03,5.883223414421081543e-01,5.475980000000000736e+00,4.471223652362823486e-01,3.197872936725616455e-01
2.825001848624514622e+01,1.818968499732156729e+01,1.468971313476562500e+03,4.510027468204498291e-01,5.475990000000000357e+00,4.285065829753875732e-01,2.680597901344299316e-01
2.824273968018964354e+01,1.820549114405794455e+01,2.148986816406250000e+03,8.287197947502136230e-01,5.476000000000000867e+00,3.139889240264892578e-01,2.149590104818344116e-01
2.824861712312052120e+01,1.822688864352144478e+01,1.316703125000000000e+03,6.434840559959411621e-01,5.476010000000000488e+00,3.146755695343017578e-01,1.904685646295547485e-01
2.823764031497151805e+01,1.824100274258096377e+01,1.224959838867187500e+03,4.055315554141998291e-01,5.476020000000000110e+00,3.270352482795715332e-01,1.932914406061172485e-01
2.825108101789595594e+01,1.826648860547357955e+01,1.445570190429687500e+03,4.567200243473052979e-01,5.476030000000000619e+00,2.784358263015747070e-01,1.733786463737487793e-01
2.825108593325888506e+01,1.828629762551684124e+01,1.632949340820312500e+03,3.533774912357330322e-01,5.476040000000000241e+00,2.466974109411239624e-01,1.588064581155776978e-01
2.825486912582271160e+01,1.830584209981584820e+01,1.201521362304687500e+03,4.279011785984039307e-01,5.476050000000000750e+00,2.261742651462554932e-01,1.327901184558868408e-01
2.825027920517171864e+01,1.833018327197327935e+01,1.280565795898437500e+03,3.328961431980133057e-01,5.476060000000000372e+00,2.515039443969726562e-01,1.508718580007553101e-01
2.825398485765236956e+01,1.834559380056913014e+01,1.159262695312500000e+03,2.486175447702407837e-01,5.476070000000000881e+00,2.653895020484924316e-01,1.538473218679428101e-01
2.825088749925122755e+01,1.837739730602184807e+01,1.359093139648437500e+03,3.030497133731842041e-01,5.476080000000000503e+00,2.763758599758148193e-01,1.689535826444625854e-01
2.825760507784461950e+01,1.839204980936523626e+01,1.474068847656250000e+03,3.125423491001129150e-01,5.476090000000000124e+00,5.273839235305786133e-01,3.302395939826965332e-01
2.826181149169621420e+01,1.842248716026468003e+01,1.170177490234375000e+03,4.303723871707916260e-01,5.476100000000000634e+00,3.286374211311340332e-01,1.911552101373672485e-01
2.826679296335684910e+01,1.843675734149261558e+01,1.293781494140625000e+03,7.441396117210388184e-01,5.476110000000000255e+00,4.532259106636047363e-01,2.727900445461273193e-01
2.826481273192538524e+01,1.846185556568001829e+01,3.064308105468750000e+03,5.736405253410339355e-01,5.476120000000000765e+00,5.083103775978088379e-01,3.688444793224334717e-01
2.826810997969192130e+01,1.848043223255999479e+01,4.300264160156250000e+03,9.529513716697692871e-01,5.476130000000000386e+00,3.924956917762756348e-01,2.962123751640319824e-01
2.826980704884848805e+01,1.849959641122160647e+01,3.002728271484375000e+03,9.159321188926696777e-01,5.476140000000000008e+00,4.143158495426177979e-01,2.997981905937194824e-01
2.826669259956064195e+01,1.852722227077982353e+01,2.325695312500000000e+03,7.380468249320983887e-01,5.476150000000000517e+00,4.702395200729370117e-01,3.267300724983215332e-01
2.827241253807036969e+01,1.854507109895390826e+01,1.546670043945312500e+03,8.086795210838317871e-01,5.476160000000000139e+00,4.102722704410552979e-01,2.603540718555450439e-01
2.827875415310339946e+01,1.855779973404557737e+01,1.509859497070312500e+03,7.778722643852233887e-01,5.476170000000000648e+00,5.292912721633911133e-01,3.336728513240814209e-01
2.827570739255822119e+01,1.857525440803517469e+01,1.308996337890625000e+03,7.327944636344909668e-01,5.476180000000000270e+00,5.437108874320983887e-01,3.284848332405090332e-01
2.826693160561531570e+01,1.859992074887383495e+01,1.322395263671875000e+03,9.733385443687438965e-01,5.476190000000000779e+00,3.219235241413116455e-01,1.951225101947784424e-01
2.828083837145204527e+01,1.862018707926010563e+01,1.725277709960937500e+03,7.413024306297302246e-01,5.476200000000000401e+00,4.137817919254302979e-01,2.700434625148773193e-01
2.826856748126682106e+01,1.863372233457758398e+01,1.147816406250000000e+03,5.518907904624938965e-01,5.476210000000000022e+00,3.811278641223907471e-01,2.201470136642456055e-01
2.828246118925345698e+01,1.865450121177891774e+01,1.308902832031250000e+03,6.352550387382507324e-01,5.476220000000000532e+00,3.833403885364532471e-01,2.315911501646041870e-01
2.827276007771303057e+01,1.867029582859664671e+01,1.090363647460937500e+03,6.028229594230651855e-01,5.476230000000000153e+00,3.323758542537689209e-01,1.883323192596435547e-01
2.828149972619947761e+01,1.868662940408915318e+01,1.224121093750000000e+03,5.747002959251403809e-01,5.476240000000000663e+00,2.952205538749694824e-01,1.744467765092849731e-01
2.826836099800113900e+01,1.871208907928153309e+01,1.452543334960937500e+03,4.668933451175689697e-01,5.476250000000000284e+00,3.595365881919860840e-01,2.241906076669692993e-01
2.827787996473105281e+01,1.872857787556721476e+01,1.387700073242187500e+03,3.896040022373199463e-01,5.476260000000000794e+00,3.921905159950256348e-01,2.412805259227752686e-01
2.827089413295915676e+01,1.874639628155137316e+01,1.643634521484375000e+03,5.387765765190124512e-01,5.476270000000000415e+00,4.437654316425323486e-01,2.861415445804595947e-01
2.827263859291462822e+01,1.877281979257702105e+01,3.165338378906250000e+03,5.701405405998229980e-01,5.476280000000000037e+00,3.747191429138183594e-01,2.730952203273773193e-01
2.826700374963834150e+01,1.879339510020492199e+01,1.586464721679687500e+03,7.019705176353454590e-01,5.476290000000000546e+00,4.137054979801177979e-01,2.643213868141174316e-01
2.827144455989441241e+01,1.881820801864659387e+01,1.485630371093750000e+03,6.717473864555358887e-01,5.476300000000000168e+00,4.211823344230651855e-01,2.643213868141174316e-01
2.826711121895995404e+01,1.883433567333587177e+01,1.634542602539062500e+03,6.565064787864685059e-01,5.476310000000000677e+00,3.612150549888610840e-01,2.325829863548278809e-01
2.826392988984179766e+01,1.886400476764508483e+01,1.303198608398437500e+03,6.600505709648132324e-01,5.476320000000000299e+00,3.890624642372131348e-01,2.347192168235778809e-01
2.826821865173572590e+01,1.887880131659807859e+01,2.153385986328125000e+03,5.793566107749938965e-01,5.476330000000000808e+00,4.922122657299041748e-01,3.371060788631439209e-01
2.826671308965072882e+01,1.889933756884114757e+01,1.710675537109375000e+03,5.860692858695983887e-01,5.476340000000000430e+00,7.359723448753356934e-01,4.793185293674468994e-01
2.825542193289997783e+01,1.892701941740691396e+01,1.717948120117187500e+03,1.147496223449707031e+00,5.476350000000000051e+00,3.809752762317657471e-01,2.483758926391601562e-01
2.825650030627325648e+01,1.895020186862645417e+01,2.007535522460937500e+03,1.142792224884033203e+00,5.476360000000000561e+00,3.590025305747985840e-01,2.424249351024627686e-01
2.826665425338558890e+01,1.896877364872542415e+01,1.789931152343750000e+03,7.571215033531188965e-01,5.476370000000000182e+00,3.539671003818511963e-01,2.330407500267028809e-01
2.825719654723218355e+01,1.898627812160498252e+01,1.295602050781250000e+03,6.434697508811950684e-01,5.476380000000000692e+00,3.321469724178314209e-01,2.000053375959396362e-01
2.825302585235879604e+01,1.901255914728731256e+01,1.083998901367187500e+03,5.751222968101501465e-01,5.476390000000000313e+00,3.289425969123840332e-01,1.859672069549560547e-01
2.824791353874707056e+01,1.902906354405884315e+01,1.492760986328125000e+03,4.428142607212066650e-01,5.476400000000000823e+00,3.839507400989532471e-01,2.412805259227752686e-01
2.825391297792805645e+01,1.905248087765728471e+01,1.188995361328125000e+03,5.369955897331237793e-01,5.476410000000000444e+00,4.779452383518218994e-01,2.795802354812622070e-01
2.824607940146626106e+01,1.907503562771467642e+01,1.913747070312500000e+03,5.708653330802917480e-01,5.476420000000000066e+00,6.502176523208618164e-01,4.346101284027099609e-01
2.825623267368195712e+01,1.909790093872573991e+01,1.886113037109375000e+03,9.504730105400085449e-01,5.476430000000000575e+00,4.149262011051177979e-01,2.764521539211273193e-01
2.824637709518096784e+01,1.911863347213836661e+01,2.760275146484375000e+03,1.161950349807739258e+00,5.476440000000000197e+00,3.886809945106506348e-01,2.778254747390747070e-01
2.825045982004037270e+01,1.913816718746415901e+01,1.671813598632812500e+03,7.105428576469421387e-01,5.476450000000000706e+00,3.803649246692657471e-01,2.463159412145614624e-01
2.824444706270333683e+01,1.915413355259843087e+01,1.883238647460937500e+03,6.488794684410095215e-01,5.476460000000000328e+00,4.685610532760620117e-01,3.120815753936767578e-01
2.825789914252553459e+01,1.917994448800889629e+01,1.865607666015625000e+03,6.666714549064636230e-01,5.476470000000000837e+00,4.213349223136901855e-01,2.800379991531372070e-01
2.824380373495796448e+01,1.920231275307144259e+01,1.683765014648437500e+03,6.633490920066833496e-01,5.476480000000000459e+00,4.941196143627166748e-01,3.205502331256866455e-01
2.825272363644789309e+01,1.922021457620312290e+01,1.631453613281250000e+03,7.332140803337097168e-01,5.476490000000000080e+00,4.268281161785125732e-01,2.746973931789398193e-01
2.825175388050728742e+01,1.923407741759393375e+01,2.997182861328125000e+03,8.119112849235534668e-01,5.476500000000000590e+00,5.505773425102233887e-01,3.982940614223480225e-01
2.825618138644537325e+01,1.926017427311198560e+01,1.442390625000000000e+03,7.724553942680358887e-01,5.476510000000000211e+00,5.086155533790588379e-01,3.165066540241241455e-01
2.824360473760334855e+01,1.927705213615348967e+01,2.315796386718750000e+03,1.016634225845336914e+00,5.476520000000000721e+00,4.756564199924468994e-01,3.302395939826965332e-01
2.824711509027555323e+01,1.929488131880829371e+01,1.671091796875000000e+03,9.103948473930358887e-01,5.476530000000000342e+00,3.298581242561340332e-01,2.135857194662094116e-01
2.825156079815700139e+01,1.931547184638460379e+01,1.310481933593750000e+03,7.984740138053894043e-01,5.476540000000000852e+00,4.362123012542724609e-01,2.636347413063049316e-01
2.824958984836298370e+01,1.934034367317129721e+01,1.146321044921875000e+03,5.268270373344421387e-01,5.476550000000000473e+00,3.859343826770782471e-01,2.228173166513442993e-01
2.825263712892450130e+01,1.936078641996371985e+01,1.179921386718750000e+03,6.973475813865661621e-01,5.476560000000000095e+00,3.332913815975189209e-01,1.944358646869659424e-01
2.825741959868634368e+01,1.938223618428483874e+01,1.217381225585937500e+03,4.692739546298980713e-01,5.476570000000000604e+00,4.675692319869995117e-01,2.757655084133148193e-01
2.826257210569236733e+01,1.940493747111669265e+01,1.865686767578125000e+03,4.778105318546295166e-01,5.476580000000000226e+00,3.722014427185058594e-01,2.473840564489364624e-01
2.825653237911315685e+01,1.942682138040487061e+01,1.926663208007812500e+03,6.746239066123962402e-01,5.476590000000000735e+00,3.410733938217163086e-01,2.283104956150054932e-01
2.826655525830518556e+01,1.944145451831497695e+01,1.736948730468750000e+03,5.418116450309753418e-01,5.476600000000000357e+00,3.987518250942230225e-01,2.606592476367950439e-01
2.825969347037776203e+01,1.946377307957310876e+01,1.375902832031250000e+03,6.447262167930603027e-01,5.476610000000000866e+00,3.281796574592590332e-01,2.013786435127258301e-01
2.825614958241383690e+01,1.948637014610821439e+01,1.570524536132812500e+03,6.107849478721618652e-01,5.476620000000000488e+00,2.809535264968872070e-01,1.790244281291961670e-01
2.826319271033379721e+01,1.951044316900647857e+01,1.586215454101562500e+03,4.902321398258209229e-01,5.476630000000000109e+00,3.135311603546142578e-01,2.003105133771896362e-01
2.827044060204597642e+01,1.953086282112749927e+01,1.128569458007812500e+03,4.106813967227935791e-01,5.476640000000000619e+00,3.320706784725189209e-01,1.906211525201797485e-01
2.826184270445229529e+01,1.955300366124350830e+01,1.245380126953125000e+03,4.821390211582183838e-01,5.476650000000000240e+00,3.519071638584136963e-01,2.091606557369232178e-01
2.827081522130748681e+01,1.957234273472093022e+01,1.876451538085937500e+03,4.207676947116851807e-01,5.476660000000000750e+00,4.057708978652954102e-01,2.700434625148773193e-01
2.826143100735305325e+01,1.959681811462823120e+01,4.775012695312500000e+03,5.829460024833679199e-01,5.476670000000000371e+00,3.622831702232360840e-01,2.760706841945648193e-01
2.826679278473356405e+01,1.961691607410989846e+01,2.801090087890625000e+03,7.051092982292175293e-01,5.476680000000000881e+00,4.336183071136474609e-01,3.106319904327392578e-01
2.826700446211521012e+01,1.963751378035479433e+01,2.064108642578125000e+03,7.054347395896911621e-01,5.476690000000000502e+00,3.495420515537261963e-01,2.373895198106765747e-01
2.826949218069682956e+01,1.966410527034708622e+01,1.530280273437500000e+03,7.234973311424255371e-01,5.476700000000000124e+00,3.955474793910980225e-01,2.502832412719726562e-01
2.826603259603228935e+01,1.968446018634872985e+01,1.279178955078125000e+03,5.333978533744812012e-01,5.476710000000000633e+00,4.112640917301177979e-01,2.466211169958114624e-01
2.827000191599690027e+01,1.970246479143857954e+01,2.192793457031250000e+03,7.394654154777526855e-01,5.476720000000000255e+00,3.522886335849761963e-01,2.421197593212127686e-01
2.826787386348006592e+01,1.972246424246101881e+01,1.303404785156250000e+03,6.162542700767517090e-01,5.476730000000000764e+00,3.258145451545715332e-01,1.965720951557159424e-01
2.826731821619705087e+01,1.974897488003195889e+01,1.006940185546875000e+03,4.700154364109039307e-01,5.476740000000000386e+00,2.579126656055450439e-01,1.415639519691467285e-01
2.826591249371102421e+01,1.976991671011668572e+01,9.001594848632812500e+02,3.788477480411529541e-01,5.476750000000000007e+00,2.979671359062194824e-01,1.556783914566040039e-01
2.826987747937197071e+01,1.978599038370109753e+01,2.841392333984375000e+03,3.228503763675689697e-01,5.476760000000000517e+00,2.598963081836700439e-01,1.865775585174560547e-01
2.826295560212994573e+01,1.980584341009490856e+01,1.343701293945312500e+03,3.525895178318023682e-01,5.476770000000000138e+00,2.297600954771041870e-01,1.399617791175842285e-01
2.826563347636588475e+01,1.983138024671347210e+01,1.270461791992187500e+03,3.421539366245269775e-01,5.476780000000000648e+00,2.907954752445220947e-01,1.739890128374099731e-01
2.827030346669206651e+01,1.985482560846069688e+01,2.422206054687500000e+03,3.290599882602691650e-01,5.476790000000000269e+00,5.235692262649536133e-01,3.664030730724334717e-01
2.827041119144204018e+01,1.986929781269162731e+01,1.896193725585937500e+03,4.817694723606109619e-01,5.476800000000000779e+00,5.568335056304931641e-01,3.714385032653808594e-01
2.827004017296872362e+01,1.989348547317392146e+01,1.711145507812500000e+03,9.175640940666198730e-01,5.476810000000000400e+00,5.723975300788879395e-01,3.728117942810058594e-01
2.826077751262207016e+01,1.991783796764673298e+01,1.702313964843750000e+03,9.624487757682800293e-01,5.476820000000000022e+00,6.422067284584045410e-01,4.177490770816802979e-01
2.827166930984609294e+01,1.993809359897546685e+01,1.371776611328125000e+03,1.000959396362304688e+00,5.476830000000000531e+00,4.964847564697265625e-01,3.043758571147918701e-01
2.826183696861859929e+01,1.995851796725823490e+01,1.406475463867187500e+03,1.061414003372192383e+00,5.476840000000000153e+00,4.889316260814666748e-01,3.020107448101043701e-01
2.826044150564805335e+01,1.997380389244854015e+01,1.540147460937500000e+03,8.074850440025329590e-01,5.476850000000000662e+00,5.128117203712463379e-01,3.250516057014465332e-01
2.826487597203228574e+01,2.000047896436915806e+01,1.238472412109375000e+03,8.501524329185485840e-01,5.476860000000000284e+00,4.837436079978942871e-01,2.869807779788970947e-01
2.826330391364026795e+01,2.001871019923908790e+01,1.762667480468750000e+03,7.953519225120544434e-01,5.476870000000000793e+00,5.014438629150390625e-01,3.289425969123840332e-01
2.825830424767047688e+01,2.003876224401054884e+01,1.742125366210937500e+03,8.367044329643249512e-01,5.476880000000000415e+00,4.116455614566802979e-01,2.692804932594299316e-01
2.826547756636748687e+01,2.005832320745471975e+01,1.120982666015625000e+03,7.928866744041442871e-01,5.476890000000000036e+00,4.332368075847625732e-01,2.480707168579101562e-01
2.826658160365608907e+01,2.008331061825457198e+01,1.493428833007812500e+03,7.241863608360290527e-01,5.476900000000000546e+00,3.807463943958282471e-01,2.392968684434890747e-01
2.825783656675868727e+01,2.010924954222078753e+01,1.652961425781250000e+03,6.221062541007995605e-01,5.476910000000000167e+00,3.650297820568084717e-01,2.357110381126403809e-01
2.826014581304011131e+01,2.012678360486584239e+01,1.686147094726562500e+03,5.779809355735778809e-01,5.476920000000000677e+00,3.899016976356506348e-01,2.530298233032226562e-01
2.826386734598156281e+01,2.015099206605960092e+01,1.114069091796875000e+03,5.941409468650817871e-01,5.476930000000000298e+00,3.850951492786407471e-01,2.199944257736206055e-01
2.826327813862169336e+01,2.017327253610102389e+01,1.252873413085937500e+03,5.975574851036071777e-01,5.476940000000000808e+00,3.985992372035980225e-01,2.373895198106765747e-01
2.825815405851860618e+01,2.019313044184472616e+01,1.113195068359375000e+03,5.977923274040222168e-01,5.476950000000000429e+00,4.874057173728942871e-01,2.783595323562622070e-01
2.826464918016370831e+01,2.020903352695369293e+01,1.349293090820312500e+03,6.081039309501647949e-01,5.476960000000000051e+00,4.369752407073974609e-01,2.665339112281799316e-01
2.826069834707265471e+01,2.023416191681618415e+01,1.208889404296875000e+03,7.390815615653991699e-01,5.476970000000000560e+00,3.710570037364959717e-01,2.183159589767456055e-01
2.825491531482222740e+01,2.026599200760763253e+01,1.282307006835937500e+03,7.250327467918395996e-01,5.476980000000000182e+00,4.207245707511901855e-01,2.524957656860351562e-01
2.826439938254858575e+01,2.028490278376332157e+01,1.494272094726562500e+03,5.939156413078308105e-01,5.476990000000000691e+00,5.400487780570983887e-01,3.394711911678314209e-01
2.826603037956635589e+01,2.029953215858153825e+01,1.230351196289062500e+03,7.101852297782897949e-01,5.477000000000000313e+00,6.010841131210327148e-01,3.557981848716735840e-01
2.826452176457629051e+01,2.032671026190872610e+01,1.819833129882812500e+03,9.406477808952331543e-01,5.477010000000000822e+00,4.787844717502593994e-01,3.164303600788116455e-01
2.826697679036792366e+01,2.034677507210202663e+01,1.674067260742187500e+03,8.993000388145446777e-01,5.477020000000000444e+00,3.834166824817657471e-01,2.483758926391601562e-01
2.826903379434666164e+01,2.036352531874709015e+01,1.225843872070312500e+03,8.404213786125183105e-01,5.477030000000000065e+00,3.428281545639038086e-01,2.026756405830383301e-01
2.826715779349304469e+01,2.038148756584274679e+01,1.277648803710937500e+03,5.379266142845153809e-01,5.477040000000000575e+00,4.559724926948547363e-01,2.733241021633148193e-01
2.826689174845650498e+01,2.040389771459479107e+01,1.308338745117187500e+03,5.801481604576110840e-01,5.477050000000000196e+00,4.250733256340026855e-01,2.567682564258575439e-01
2.827126825464071658e+01,2.043459623531582636e+01,1.244789184570312500e+03,7.100839018821716309e-01,5.477060000000000706e+00,3.886809945106506348e-01,2.309807986021041870e-01
2.827147013072253401e+01,2.045122375881730648e+01,1.961043945312500000e+03,6.281096339225769043e-01,5.477070000000000327e+00,3.060543239116668701e-01,2.056511193513870239e-01
2.826233971739685202e+01,2.047153963311867386e+01,1.086281005859375000e+03,5.550522208213806152e-01,5.477080000000000837e+00,2.530298233032226562e-01,1.431661397218704224e-01
2.826314689149008430e+01,2.049494035546150172e+01,1.160010009765625000e+03,3.867417871952056885e-01,5.477090000000000458e+00,3.738799095153808594e-01,2.167900651693344116e-01
2.827891077291567612e+01,2.051365530776147494e+01,2.018999023437500000e+03,3.768700659275054932e-01,5.477100000000000080e+00,4.041687250137329102e-01,2.732478082180023193e-01
2.827083145937708153e+01,2.053617806902362730e+01,1.534397094726562500e+03,6.205577254295349121e-01,5.477110000000000589e+00,4.010406434535980225e-01,2.539453804492950439e-01
2.826789238493743639e+01,2.056094628153277881e+01,1.179695068359375000e+03,6.608540415763854980e-01,5.477120000000000211e+00,3.993621766567230225e-01,2.329644560813903809e-01
2.827455586277115529e+01,2.058029230914880614e+01,1.372334106445312500e+03,6.400973200798034668e-01,5.477130000000000720e+00,3.356564939022064209e-01,2.058037072420120239e-01
2.826932191893863688e+01,2.060540858492230143e+01,1.243263671875000000e+03,5.319458842277526855e-01,5.477140000000000342e+00,4.059234857559204102e-01,2.411279380321502686e-01
2.826617850753093109e+01,2.062192167251702557e+01,1.894896728515625000e+03,5.144173502922058105e-01,5.477150000000000851e+00,3.981414735317230225e-01,2.655420899391174316e-01
2.826852861321912513e+01,2.064396231804483506e+01,1.854474609375000000e+03,6.627387404441833496e-01,5.477160000000000473e+00,3.879943490028381348e-01,2.575311958789825439e-01
2.827291790677986327e+01,2.066531622466951390e+01,2.977742187500000000e+03,5.838794112205505371e-01,5.477170000000000094e+00,2.999507784843444824e-01,2.167900651693344116e-01
2.826301696194397195e+01,2.069039725444823219e+01,1.398767822265625000e+03,6.078369021415710449e-01,5.477180000000000604e+00,2.734766900539398193e-01,1.686484068632125854e-01
2.826833958793746859e+01,2.071066625825981689e+01,1.365980224609375000e+03,4.889124929904937744e-01,5.477190000000000225e+00,2.985011935234069824e-01,1.827628463506698608e-01
2.827102072140466049e+01,2.072893300161573649e+01,1.033682617187500000e+03,3.584307730197906494e-01,5.477200000000000735e+00,2.647791504859924316e-01,1.469045579433441162e-01
2.826715920898757517e+01,2.075091839277322947e+01,1.071982788085937500e+03,3.969508707523345947e-01,5.477210000000000356e+00,2.640925049781799316e-01,1.486593186855316162e-01
2.826583722324808079e+01,2.077585062121248782e+01,1.378810913085937500e+03,3.081876337528228760e-01,5.477220000000000866e+00,2.982723116874694824e-01,1.831443160772323608e-01
2.827012766685011158e+01,2.079306084941557486e+01,1.005115417480468750e+03,3.385669291019439697e-01,5.477230000000000487e+00,3.002559542655944824e-01,1.646811068058013916e-01
2.827164713243154637e+01,2.080879762663183996e+01,1.610823730468750000e+03,3.990692198276519775e-01,5.477240000000000109e+00,2.528009414672851562e-01,1.621634066104888916e-01
2.826149329470726457e+01,2.083979308555978349e+01,2.092099121093750000e+03,3.408974707126617432e-01,5.477250000000000618e+00,2.281579077243804932e-01,1.553732156753540039e-01
2.826415427198530494e+01,2.085478786443904298e+01,1.418799438476562500e+03,3.228134214878082275e-01,5.477260000000000240e+00,2.649317383766174316e-01,1.640707552433013916e-01
2.827200959940326186e+01,2.087491133096985152e+01,1.482692871093750000e+03,2.641159594058990479e-01,5.477270000000000749e+00,2.943050265312194824e-01,1.845939010381698608e-01
2.826932774136210469e+01,2.089277864675281293e+01,9.159564208984375000e+02,3.474289476871490479e-01,5.477280000000000371e+00,3.510679304599761963e-01,1.848990768194198608e-01
2.826372998079774845e+01,2.091366572765550558e+01,9.550493774414062500e+02,3.559989035129547119e-01,5.477290000000000880e+00,3.734221458435058594e-01,2.003868073225021362e-01
2.826477109941632548e+01,2.094122998299374672e+01,1.071795898437500000e+03,4.393106997013092041e-01,5.477300000000000502e+00,4.729861319065093994e-01,2.662287354469299316e-01
2.826278517617249975e+01,2.095749767507372852e+01,9.569345703125000000e+02,6.072646975517272949e-01,5.477310000000000123e+00,3.584684729576110840e-01,1.925285011529922485e-01
2.826503469027354498e+01,2.097855112931969046e+01,1.614862548828125000e+03,6.422931551933288574e-01,5.477320000000000633e+00,3.555693030357360840e-01,2.282342016696929932e-01
2.827089543341002909e+01,2.100271347728342164e+01,1.356647705078125000e+03,4.949301779270172119e-01,5.477330000000000254e+00,3.043758571147918701e-01,1.859672069549560547e-01
2.826681315890824209e+01,2.102185275139441600e+01,1.359431884765625000e+03,5.441552996635437012e-01,5.477340000000000764e+00,4.256073832511901855e-01,2.602014839649200439e-01
2.825831383460467450e+01,2.103935165187575151e+01,1.367486450195312500e+03,4.708963930606842041e-01,5.477350000000000385e+00,4.024139642715454102e-01,2.464685291051864624e-01
2.826276622993597343e+01,2.106086950864805374e+01,8.430437622070312500e+02,6.392533183097839355e-01,5.477360000000000007e+00,3.807463943958282471e-01,1.927573829889297485e-01
2.826757147162526351e+01,2.108712583456423317e+01,1.422796142578125000e+03,5.469245314598083496e-01,5.477370000000000516e+00,3.774657249450683594e-01,2.339562773704528809e-01
2.826581640823030028e+01,2.110833307740742271e+01,1.137462890625000000e+03,4.915148317813873291e-01,5.477380000000000138e+00,3.096401691436767578e-01,1.782614886760711670e-01
2.826452332269319356e+01,2.112243327426061867e+01,1.471586669921875000e+03,5.335933566093444824e-01,5.477390000000000647e+00,2.965175509452819824e-01,1.855857372283935547e-01
2.827175764345362552e+01,2.114571628296067374e+01,1.507799072265625000e+03,4.748839437961578369e-01,5.477400000000000269e+00,2.846919298171997070e-01,1.794058978557586670e-01
2.826548056240885387e+01,2.116972039889413182e+01,1.540518188476562500e+03,3.704577982425689697e-01,5.477410000000000778e+00,3.326047360897064209e-01,2.108391225337982178e-01
2.826741852329705651e+01,2.119257206659269599e+01,2.317671386718750000e+03,3.822964727878570557e-01,5.477420000000000400e+00,3.647246062755584717e-01,2.532587051391601562e-01
2.827533022576860589e+01,2.121212302158262020e+01,1.998567382812500000e+03,5.004615187644958496e-01,5.477430000000000021e+00,4.288880527019500732e-01,2.893458902835845947e-01
2.828073026895489761e+01,2.123274763078982730e+01,9.878083496093750000e+02,6.320876479148864746e-01,5.477440000000000531e+00,4.523866772651672363e-01,2.463159412145614624e-01
2.826738495789663830e+01,2.125934284585256151e+01,1.680230957031250000e+03,7.034546732902526855e-01,5.477450000000000152e+00,4.278962314128875732e-01,2.774440050125122070e-01
2.828169133152952242e+01,2.128395540212138570e+01,1.732695434570312500e+03,6.505662798881530762e-01,5.477460000000000662e+00,4.442994892597198486e-01,2.902614176273345947e-01
2.827776974170651059e+01,2.129552198041337974e+01,1.509176513671875000e+03,6.840521693229675293e-01,5.477470000000000283e+00,4.084411859512329102e-01,2.574549019336700439e-01
2.826709417457511009e+01,2.131568635226236097e+01,2.915430175781250000e+03,6.963819861412048340e-01,5.477480000000000793e+00,3.582395911216735840e-01,2.581415474414825439e-01
2.827647496958650208e+01,2.134110984259364940e+01,3.149341064453125000e+03,6.352466940879821777e-01,5.477490000000000414e+00,3.776946067810058594e-01,2.750788629055023193e-01
2.828034712108031457e+01,2.136357105721393879e+01,1.224472778320312500e+03,6.541318297386169434e-01,5.477500000000000036e+00,4.321686923503875732e-01,2.553949654102325439e-01
2.827870957972028521e+01,2.138262611947434166e+01,1.505803222656250000e+03,6.585378050804138184e-01,5.477510000000000545e+00,4.677981138229370117e-01,2.946864962577819824e-01
2.827810077616297590e+01,2.140166357932106678e+01,1.787587402343750000e+03,6.949669718742370605e-01,5.477520000000000167e+00,4.173676073551177979e-01,2.746973931789398193e-01
2.827801122544621037e+01,2.142257043515678916e+01,1.517873291015625000e+03,7.664973139762878418e-01,5.477530000000000676e+00,4.416292011737823486e-01,2.788172960281372070e-01
2.827780526510303716e+01,2.144960667930718401e+01,1.553812500000000000e+03,7.542855143547058105e-01,5.477540000000000298e+00,3.450406789779663086e-01,2.192314863204956055e-01
2.827735243050430469e+01,2.146166658088299783e+01,1.984688720703125000e+03,6.787175536155700684e-01,5.477550000000000807e+00,3.366483151912689209e-01,2.267846167087554932e-01
2.827138871921707164e+01,2.148615835832057286e+01,1.422234130859375000e+03,5.142826437950134277e-01,5.477560000000000429e+00,3.958526551723480225e-01,2.453241199254989624e-01
2.827708845967909568e+01,2.151198603452370151e+01,1.289453491210937500e+03,5.372804999351501465e-01,5.477570000000000050e+00,4.211060404777526855e-01,2.531824111938476562e-01
2.827318644698121375e+01,2.152694141886385282e+01,1.025774658203125000e+03,6.227344870567321777e-01,5.477580000000000560e+00,3.265774846076965332e-01,1.806266009807586670e-01
2.826968127995645474e+01,2.154768737417208513e+01,1.262836425781250000e+03,5.187196135520935059e-01,5.477590000000000181e+00,4.149262011051177979e-01,2.477655261754989624e-01
2.827917677593240242e+01,2.156930551285223530e+01,1.425555908203125000e+03,4.661137163639068604e-01,5.477600000000000691e+00,3.360379636287689209e-01,2.083977013826370239e-01
2.826641728963577549e+01,2.159443940909332227e+01,1.165860351562500000e+03,5.553025603294372559e-01,5.477610000000000312e+00,3.369534909725189209e-01,1.957328617572784424e-01
2.826604600559346991e+01,2.161668836870692800e+01,1.872555053710937500e+03,4.744416773319244385e-01,5.477620000000000822e+00,4.069916009902954102e-01,2.707301080226898193e-01
2.827398027506130518e+01,2.163206632673523089e+01,1.372695922851562500e+03,4.474133551120758057e-01,5.477630000000000443e+00,4.767245352268218994e-01,2.923213541507720947e-01
2.826468912793813359e+01,2.165728127836589678e+01,1.746469726562500000e+03,7.048506140708923340e-01,5.477640000000000065e+00,3.619779944419860840e-01,2.369317561388015747e-01
2.826476344441958588e+01,2.168219621404602293e+01,1.253406494140625000e+03,6.288666129112243652e-01,5.477650000000000574e+00,3.467954397201538086e-01,2.065666466951370239e-01
2.826433218154628335e+01,2.169257601914825173e+01,1.347449462890625000e+03,5.320639014244079590e-01,5.477660000000000196e+00,3.541959822177886963e-01,2.159508317708969116e-01
2.826901165471650401e+01,2.171905753304453413e+01,1.270026245117187500e+03,4.862660467624664307e-01,5.477670000000000705e+00,3.232205212116241455e-01,1.933677494525909424e-01
2.826014202898505090e+01,2.173703346966507510e+01,1.251239013671875000e+03,4.463583528995513916e-01,5.477680000000000327e+00,3.700651824474334717e-01,2.202996015548706055e-01
2.826257523606798117e+01,2.175931098873972047e+01,1.820277587890625000e+03,4.790324270725250244e-01,5.477690000000000836e+00,3.219998180866241455e-01,2.128227651119232178e-01
2.826369222234711742e+01,2.177854742777157071e+01,1.267991455078125000e+03,4.854625761508941650e-01,5.477700000000000458e+00,3.254330754280090332e-01,1.945884525775909424e-01
2.826964918346814670e+01,2.179888491560989650e+01,1.231493652343750000e+03,4.576069414615631104e-01,5.477710000000000079e+00,3.870025277137756348e-01,2.291497439146041870e-01
2.826274721395854428e+01,2.182986793583286200e+01,1.374377807617187500e+03,4.810816347599029541e-01,5.477720000000000589e+00,3.503049910068511963e-01,2.148827165365219116e-01
2.826341103269189503e+01,2.185115523259151971e+01,1.910052246093750000e+03,5.232018828392028809e-01,5.477730000000000210e+00,4.797762930393218994e-01,3.205502331256866455e-01
2.826035482097815787e+01,2.186600250681060231e+01,1.353516357421875000e+03,5.208904147148132324e-01,5.477740000000000720e+00,4.139343798160552979e-01,2.527246475219726562e-01
2.825736061315545555e+01,2.188248569373051211e+01,1.182869018554687500e+03,7.609326243400573730e-01,5.477750000000000341e+00,3.439725637435913086e-01,2.008445709943771362e-01
2.826315766390856510e+01,2.191202935827609366e+01,1.190867919921875000e+03,6.392425894737243652e-01,5.477760000000000851e+00,2.945339083671569824e-01,1.723868250846862793e-01
2.826456661965543304e+01,2.193202829605545645e+01,1.149803344726562500e+03,4.635662138462066650e-01,5.477770000000000472e+00,2.917872965335845947e-01,1.686484068632125854e-01
2.825773151988393650e+01,2.195504615961361239e+01,9.986032104492187500e+02,3.707534372806549072e-01,5.477780000000000094e+00,2.748499810695648193e-01,1.503377854824066162e-01
2.826475995009482389e+01,2.197658962598946175e+01,1.601920776367187500e+03,3.147012293338775635e-01,5.477790000000000603e+00,3.470243215560913086e-01,2.222832590341567993e-01
2.827164490571655264e+01,2.199277301988887245e+01,1.735070922851562500e+03,3.704744875431060791e-01,5.477800000000000225e+00,3.703703582286834717e-01,2.420434653759002686e-01
2.826674523302967046e+01,2.202130885456347187e+01,1.247037841796875000e+03,5.457729697227478027e-01,5.477810000000000734e+00,4.517000317573547363e-01,2.685938477516174316e-01
2.826596475828646859e+01,2.202831828803670433e+01,1.114505615234375000e+03,5.926448702812194824e-01,5.477820000000000356e+00,3.808989822864532471e-01,2.176293134689331055e-01
2.827239899993774586e+01,2.205539369362236357e+01,1.806293090820312500e+03,6.950051188468933105e-01,5.477830000000000865e+00,3.924193978309631348e-01,2.589044868946075439e-01
2.827491357498309554e+01,2.207865872708515909e+01,1.164060913085937500e+03,5.547983050346374512e-01,5.477840000000000487e+00,3.643431365489959717e-01,2.115257680416107178e-01
2.826671678671225507e+01,2.209918027471624313e+01,1.160859497070312500e+03,5.737871527671813965e-01,5.477850000000000108e+00,2.806483507156372070e-01,1.627737581729888916e-01
2.826971777660496343e+01,2.211569358599230739e+01,1.697058715820312500e+03,4.061276018619537354e-01,5.477860000000000618e+00,3.714385032653808594e-01,2.414331138134002686e-01
2.827192655063049287e+01,2.213341554959839286e+01,1.117074340820312500e+03,4.116851389408111572e-01,5.477870000000000239e+00,3.485502302646636963e-01,1.993186920881271362e-01
2.827278381497788118e+01,2.216034251051199533e+01,1.528749877929687500e+03,5.545908808708190918e-01,5.477880000000000749e+00,4.159180223941802979e-01,2.631006836891174316e-01
2.826824475461166841e+01,2.217973919556760265e+01,1.434286010742187500e+03,4.727810919284820557e-01,5.477890000000000370e+00,3.644194304943084717e-01,2.264031469821929932e-01
2.827504018837232280e+01,2.219734688589866778e+01,1.193645263671875000e+03,6.565052866935729980e-01,5.477900000000000880e+00,3.698363006114959717e-01,2.166374772787094116e-01
2.827367648973102021e+01,2.221660941855738969e+01,1.331168701171875000e+03,5.349964499473571777e-01,5.477910000000000501e+00,4.527681469917297363e-01,2.750025689601898193e-01
2.827884183147484265e+01,2.224463578136608533e+01,1.098158813476562500e+03,6.304222941398620605e-01,5.477920000000000122e+00,3.998199403285980225e-01,2.271660864353179932e-01
2.827703153297414573e+01,2.226126049361822368e+01,1.234740600585937500e+03,7.584006190299987793e-01,5.477930000000000632e+00,4.127899706363677979e-01,2.446374744176864624e-01
2.827726388418876979e+01,2.227719739135232402e+01,2.746638916015625000e+03,6.332606673240661621e-01,5.477940000000000254e+00,3.273404240608215332e-01,2.338036894798278809e-01
2.826908435772526929e+01,2.230211579471616901e+01,1.351278686523437500e+03,6.368142962455749512e-01,5.477950000000000763e+00,3.728880882263183594e-01,2.275475561618804932e-01
2.827787421796084999e+01,2.232681665412581751e+01,1.903399169921875000e+03,5.513126254081726074e-01,5.477960000000000385e+00,3.360379636287689209e-01,2.243431955575942993e-01
2.827705720799472999e+01,2.234926031087405818e+01,2.369014160156250000e+03,4.820865690708160400e-01,5.477970000000000006e+00,3.362668454647064209e-01,2.344140410423278809e-01
2.827424704259214039e+01,2.236693876600825348e+01,1.016344909667968750e+03,5.644041895866394043e-01,5.477980000000000516e+00,3.646483123302459717e-01,2.009208649396896362e-01
2.827706178901664202e+01,2.238956543944313893e+01,9.822864379882812500e+02,5.733532309532165527e-01,5.477990000000000137e+00,3.255093693733215332e-01,1.768118888139724731e-01
2.827716567365168032e+01,2.240918727689221868e+01,1.246333740234375000e+03,5.662638545036315918e-01,5.478000000000000647e+00,2.754603326320648193e-01,1.637655794620513916e-01
2.827431755665690361e+01,2.243149440367567493e+01,1.066920410156250000e+03,3.848499357700347900e-01,5.478010000000000268e+00,3.036892116069793701e-01,1.706320643424987793e-01
2.826896067984224103e+01,2.244815526582082654e+01,1.190477172851562500e+03,3.154224455356597900e-01,5.478020000000000778e+00,2.983486056327819824e-01,1.745993643999099731e-01
2.827474405258437784e+01,2.247066457366154424e+01,1.369982299804687500e+03,3.944641649723052979e-01,5.478030000000000399e+00,3.416837453842163086e-01,2.093895375728607178e-01
2.827386788432193754e+01,2.249475638513256470e+01,1.766328857421875000e+03,4.415208399295806885e-01,5.478040000000000020e+00,3.918090462684631348e-01,2.571497261524200439e-01
2.827273446327661688e+01,2.251416510057651976e+01,1.510755859375000000e+03,5.412358641624450684e-01,5.478050000000000530e+00,3.879943490028381348e-01,2.446374744176864624e-01
2.827062066726237788e+01,2.253718783152448779e+01,2.104811767578125000e+03,6.239408850669860840e-01,5.478060000000000151e+00,3.668608367443084717e-01,2.501306533813476562e-01
2.827378675281486053e+01,2.256114009583250990e+01,1.311566284179687500e+03,6.469947695732116699e-01,5.478070000000000661e+00,3.804412186145782471e-01,2.299889773130416870e-01
2.826186473866076554e+01,2.258467944857969201e+01,1.310837036132812500e+03,5.937582850456237793e-01,5.478080000000000283e+00,3.724303245544433594e-01,2.251061499118804932e-01
2.826750447392042531e+01,2.260102454220495716e+01,1.153221313476562500e+03,5.611676573753356934e-01,5.478090000000000792e+00,4.379670619964599609e-01,2.534112930297851562e-01
2.827219587185169658e+01,2.262306360237500868e+01,1.365747924804687500e+03,5.737525820732116699e-01,5.478100000000000414e+00,4.613893926143646240e-01,2.824794054031372070e-01
2.826901693404901650e+01,2.264288393915452247e+01,1.349499145507812500e+03,7.334095835685729980e-01,5.478110000000000035e+00,5.381413698196411133e-01,3.282559514045715332e-01
2.826680098916964212e+01,2.266841520534536158e+01,1.828507446289062500e+03,8.516175150871276855e-01,5.478120000000000545e+00,4.867953658103942871e-01,3.220761120319366455e-01
2.827578762272018054e+01,2.268138031939687238e+01,1.759324462890625000e+03,8.789843916893005371e-01,5.478130000000000166e+00,4.230133891105651855e-01,2.773677110671997070e-01
2.826947018043044224e+01,2.270839540340960028e+01,1.041799804687500000e+03,7.793349623680114746e-01,5.478140000000000676e+00,4.999942779541015625e-01,2.782832384109497070e-01
2.826283663363883392e+01,2.273002778460743656e+01,1.445648193359375000e+03,7.941467165946960449e-01,5.478150000000000297e+00,4.867190718650817871e-01,3.030788600444793701e-01
2.827778515750436839e+01,2.274905064581083991e+01,1.031485839843750000e+03,8.896309733390808105e-01,5.478160000000000807e+00,4.187409281730651855e-01,2.321252077817916870e-01
2.827088118455133881e+01,2.276663222952270615e+01,1.122342163085937500e+03,7.662422060966491699e-01,5.478170000000000428e+00,4.233185648918151855e-01,2.425012290477752686e-01
2.826468259227300450e+01,2.278403366475323111e+01,1.559684814453125000e+03,6.794459223747253418e-01,5.478180000000000049e+00,4.485719501972198486e-01,2.853023111820220947e-01
2.826881571319612263e+01,2.280962770877299661e+01,1.208285278320312500e+03,6.867832541465759277e-01,5.478190000000000559e+00,4.445283710956573486e-01,2.614984810352325439e-01
2.827270528227511193e+01,2.282865455956028455e+01,1.384405273437500000e+03,7.448274493217468262e-01,5.478200000000000180e+00,3.873839974403381348e-01,2.381524592638015747e-01
2.827149286072108225e+01,2.284819508901722429e+01,1.521568725585937500e+03,6.520146727561950684e-01,5.478210000000000690e+00,3.857817947864532471e-01,2.437219321727752686e-01
2.826577331322000930e+01,2.287412628873124731e+01,1.929774902343750000e+03,5.931872725486755371e-01,5.478220000000000312e+00,3.570188879966735840e-01,2.390679866075515747e-01
2.827297814376833429e+01,2.290044218474587012e+01,1.538538574218750000e+03,5.501181483268737793e-01,5.478230000000000821e+00,4.421632587909698486e-01,2.801905870437622070e-01
2.827576048125355612e+01,2.291687907596677576e+01,1.237302856445312500e+03,5.206019282341003418e-01,5.478240000000000443e+00,4.441469013690948486e-01,2.634058594703674316e-01
2.826806276904811455e+01,2.293688530826745975e+01,1.617942993164062500e+03,7.098800539970397949e-01,5.478250000000000064e+00,3.528989851474761963e-01,2.266320288181304932e-01
2.827714478658026209e+01,2.296009379822099206e+01,1.349213989257812500e+03,6.489128470420837402e-01,5.478260000000000574e+00,3.422940969467163086e-01,2.087791711091995239e-01
2.827832050750126669e+01,2.298787263097431577e+01,2.108072265625000000e+03,5.266625285148620605e-01,5.478270000000000195e+00,2.790461778640747070e-01,1.903159767389297485e-01
2.827662875821193467e+01,2.300144332911362000e+01,1.188635131835937500e+03,4.480964243412017822e-01,5.478280000000000705e+00,2.779017686843872070e-01,1.625448763370513916e-01
2.827888291264006426e+01,2.302059525248795424e+01,1.026979980468750000e+03,3.619331419467926025e-01,5.478290000000000326e+00,3.235256969928741455e-01,1.790244281291961670e-01
2.828206602481843035e+01,2.304282185349102008e+01,3.348458496093750000e+03,4.284483492374420166e-01,5.478300000000000836e+00,2.619562745094299316e-01,1.922996193170547485e-01
2.827429261522189563e+01,2.306275244720447049e+01,2.174672851562500000e+03,4.690784513950347900e-01,5.478310000000000457e+00,2.482233047485351562e-01,1.703268885612487793e-01
2.827678959682522475e+01,2.309115930763703872e+01,9.506102905273437500e+02,3.675478994846343994e-01,5.478320000000000078e+00,3.677763640880584717e-01,1.969535648822784424e-01
2.827847983809066790e+01,2.310639416308737282e+01,1.364724365234375000e+03,3.331893980503082275e-01,5.478330000000000588e+00,3.809752762317657471e-01,2.331933379173278809e-01
2.827635565700085962e+01,2.313113981476249137e+01,1.109116699218750000e+03,5.849117636680603027e-01,5.478340000000000209e+00,3.474820852279663086e-01,1.981742829084396362e-01
2.827378752026333331e+01,2.315321190619484781e+01,1.417371582031250000e+03,5.471748709678649902e-01,5.478350000000000719e+00,3.473294973373413086e-01,2.150353044271469116e-01
2.827352640347160673e+01,2.317424638479029397e+01,1.947425415039062500e+03,5.065602660179138184e-01,5.478360000000000340e+00,3.004848361015319824e-01,2.016075253486633301e-01
2.828131821620562292e+01,2.319082934112157446e+01,9.388154296875000000e+02,4.881364405155181885e-01,5.478370000000000850e+00,3.566374182701110840e-01,1.899345070123672485e-01
2.827270631504809728e+01,2.321315285579048648e+01,1.091925292968750000e+03,4.570192396640777588e-01,5.478380000000000472e+00,3.165829479694366455e-01,1.794821918010711670e-01
2.827675205785539703e+01,2.323440193314699442e+01,1.181450439453125000e+03,4.524594843387603760e-01,5.478390000000000093e+00,2.920924723148345947e-01,1.704794764518737793e-01
2.827362294381034502e+01,2.325614915757681089e+01,1.635340332031250000e+03,4.309696257114410400e-01,5.478400000000000603e+00,3.008663356304168701e-01,1.937492191791534424e-01
2.827114361405435972e+01,2.328220868891324002e+01,1.100706909179687500e+03,3.489011824131011963e-01,5.478410000000000224e+00,4.963321685791015625e-01,2.822505235671997070e-01
2.826798414701615769e+01,2.330386802829417192e+01,1.184420166015625000e+03,4.904216825962066650e-01,5.478420000000000734e+00,4.838199019432067871e-01,2.826319932937622070e-01
2.827663042125864479e+01,2.332595787191057468e+01,1.276642333984375000e+03,7.039422392845153809e-01,5.478430000000000355e+00,4.005828797817230225e-01,2.400598078966140747e-01
2.827918938924683445e+01,2.334789546562135598e+01,1.456505004882812500e+03,6.919414401054382324e-01,5.478440000000000865e+00,2.741633355617523193e-01,1.710898280143737793e-01
2.826879051628121786e+01,2.336266517703280599e+01,2.364120117187500000e+03,5.486316084861755371e-01,5.478450000000000486e+00,4.132477343082427979e-01,2.879725992679595947e-01
2.827634814167680943e+01,2.338570529730866099e+01,1.480930541992187500e+03,4.452783167362213135e-01,5.478460000000000107e+00,3.536619246006011963e-01,2.217492014169692993e-01
2.827324751227351385e+01,2.341059224790048177e+01,1.962737670898437500e+03,6.336659789085388184e-01,5.478470000000000617e+00,4.874057173728942871e-01,3.275693058967590332e-01
2.827343397576157358e+01,2.342649555103219328e+01,1.285449218750000000e+03,5.122525095939636230e-01,5.478480000000000238e+00,5.866645574569702148e-01,3.523649275302886963e-01
2.827544637751173795e+01,2.344760817706395883e+01,2.383013427734375000e+03,8.565456271171569824e-01,5.478490000000000748e+00,5.259343385696411133e-01,3.670134246349334717e-01
2.827222446622725727e+01,2.346857567517628596e+01,1.171854370117187500e+03,9.173220992088317871e-01,5.478500000000000369e+00,5.615637302398681641e-01,3.268063664436340332e-01
2.826941567829523549e+01,2.349282478083626557e+01,1.605824951171875000e+03,8.851320147514343262e-01,5.478510000000000879e+00,5.038089752197265625e-01,3.229153454303741455e-01
2.826887974943884174e+01,2.350725623928737917e+01,1.620460815429687500e+03,9.122866988182067871e-01,5.478520000000000501e+00,4.722231626510620117e-01,3.033840358257293701e-01
2.828000246030817877e+01,2.352275876383800934e+01,1.600925048828125000e+03,8.584744334220886230e-01,5.478530000000000122e+00,4.716891050338745117e-01,3.020870387554168701e-01
2.827784409855804171e+01,2.355654409757358891e+01,1.317328125000000000e+03,8.077639937400817871e-01,5.478540000000000632e+00,5.562231540679931641e-01,3.367246091365814209e-01
2.826918044064893820e+01,2.357706768898495042e+01,1.776910400390625000e+03,7.950717806816101074e-01,5.478550000000000253e+00,4.222504496574401855e-01,2.775202989578247070e-01
2.827009843411926582e+01,2.359073046003762997e+01,1.146062988281250000e+03,8.784312605857849121e-01,5.478560000000000763e+00,4.113403856754302979e-01,2.374658137559890747e-01
2.828198566385029622e+01,2.360957228121845475e+01,1.111459594726562500e+03,7.159132361412048340e-01,5.478570000000000384e+00,3.883758187294006348e-01,2.216729074716567993e-01
2.827517561825970560e+01,2.363528895336213864e+01,1.345200805664062500e+03,6.360740065574645996e-01,5.478580000000000005e+00,3.873077034950256348e-01,2.360162138938903809e-01
2.827709650301287070e+01,2.365874580309455055e+01,8.329066162109375000e+02,5.353528857231140137e-01,5.478590000000000515e+00,3.860869705677032471e-01,1.942832767963409424e-01
2.827985219087275226e+01,2.367542959672153202e+01,1.025604858398437500e+03,5.847150683403015137e-01,5.478600000000000136e+00,3.555693030357360840e-01,1.966483891010284424e-01
2.827039059094337858e+01,2.369050986518098156e+01,1.952334838867187500e+03,4.834074079990386963e-01,5.478610000000000646e+00,4.579561650753021240e-01,3.074276149272918701e-01
2.827305969500503480e+01,2.371316220261362773e+01,2.162012451171875000e+03,5.568475127220153809e-01,5.478620000000000267e+00,4.850406050682067871e-01,3.324521481990814209e-01
2.827839016165432895e+01,2.373901869470704895e+01,2.029305908203125000e+03,7.599717974662780762e-01,5.478630000000000777e+00,5.440923571586608887e-01,3.682341277599334717e-01
2.827329410186967351e+01,2.375478905007731356e+01,1.218105102539062500e+03,8.579010367393493652e-01,5.478640000000000398e+00,3.854766190052032471e-01,2.273949682712554932e-01
2.826725845994554120e+01,2.377535699116075918e+01,1.024090820312500000e+03,9.113878607749938965e-01,5.478650000000000020e+00,3.346646726131439209e-01,1.849753707647323608e-01
2.827246631861704174e+01,2.378886209818060138e+01,1.275312622070312500e+03,5.773610472679138184e-01,5.478660000000000529e+00,3.286374211311340332e-01,1.968772709369659424e-01
2.828120441847911692e+01,2.381125815713410887e+01,1.183170532226562500e+03,5.039483904838562012e-01,5.478670000000000151e+00,3.764739036560058594e-01,2.198418378829956055e-01
2.826985798226506574e+01,2.382006567720878110e+01,2.271739257812500000e+03,5.384594798088073730e-01,5.478680000000000661e+00,1.287465244531631470e-01,8.907352387905120850e-02
2.827275617177105715e+01,2.382907245201464619e+01,-7.864668579101562500e+02,4.641300737857818604e-01,5.478690000000000282e+00,3.589643910527229309e-02,5.085010826587677002e-02
2.827922668335781253e+01,2.383910194042751485e+01,-8.698374023437500000e+02,2.403062731027603149e-01,5.478700000000000792e+00,3.681197017431259155e-02,4.955310747027397156e-02
2.827400952621249530e+01,2.384538100105336156e+01,-4.309347656250000000e+03,1.981336027383804321e-01,5.478710000000000413e+00,4.764575138688087463e-02,4.367845132946968079e-02
