# x_coordinates, y_coordinates, TEP, TED, times, high, low
-4.032573713981953745e+01,2.000133044163655782e+00,1.198886230468750000e+03,7.295192033052444458e-02,4.936350000000000016e+00,2.528772354125976562e-01,1.483541429042816162e-01
-4.031806878675695316e+01,1.993509489249131406e+00,3.458948974609375000e+03,7.636845856904983521e-02,4.936360000000000525e+00,3.992095887660980225e-01,2.942287325859069824e-01
-4.032371927101637965e+01,1.983125387452768340e+00,3.862582763671875000e+03,2.068263441324234009e-01,4.936370000000000147e+00,4.967136383056640625e-01,3.707518279552459717e-01
-4.032029966101364238e+01,1.980829543135550264e+00,3.026351318359375000e+03,5.607933402061462402e-01,4.936380000000000656e+00,4.769534170627593994e-01,3.454984426498413086e-01
-4.031871294470648337e+01,1.981672430773449900e+00,7.677482910156250000e+03,6.420213580131530762e-01,4.936390000000000278e+00,4.787081778049468994e-01,3.770842552185058594e-01
-4.031149616165533445e+01,1.974585593244659432e+00,2.394705566406250000e+03,5.767399668693542480e-01,4.936400000000000787e+00,5.904792547225952148e-01,4.124085009098052979e-01
-4.031512070936995684e+01,1.973110007192155013e+00,1.081449707031250000e+04,6.613571047782897949e-01,4.936410000000000409e+00,5.901740789413452148e-01,4.722994565963745117e-01
-4.031514771979491485e+01,1.979631214676456974e+00,2.703495849609375000e+03,6.510931849479675293e-01,4.936420000000000030e+00,5.299779176712036133e-01,3.776183128356933594e-01
-4.032005131285843902e+01,1.983752060005042672e+00,3.779882324218750000e+03,8.901662230491638184e-01,4.936430000000000540e+00,4.965610504150390625e-01,3.697600066661834717e-01
-4.030923418434070271e+01,1.992885413964488261e+00,7.385514648437500000e+03,6.401557326316833496e-01,4.936440000000000161e+00,6.956127285957336426e-01,5.467626452445983887e-01
-4.031183841130175693e+01,1.996260702821023969e+00,6.467516601562500000e+03,8.565790057182312012e-01,4.936450000000000671e+00,5.683538913726806641e-01,4.431550800800323486e-01
-4.030543139117627760e+01,2.004766975266016438e+00,2.789713623046875000e+03,1.101951122283935547e+00,4.936460000000000292e+00,6.077980399131774902e-01,4.351441860198974609e-01
-4.030999784384638218e+01,2.016584674678278066e+00,3.090707275390625000e+03,9.734219908714294434e-01,4.936470000000000802e+00,4.917545020580291748e-01,3.572477698326110840e-01
-4.030508982604496993e+01,2.025178779459511524e+00,7.468797851562500000e+03,7.646555304527282715e-01,4.936480000000000423e+00,5.356999635696411133e-01,4.213349223136901855e-01
-4.030882421823314843e+01,2.044699185177708767e+00,4.242416015625000000e+03,6.523222327232360840e-01,4.936490000000000045e+00,6.024574637413024902e-01,4.540651440620422363e-01
-4.030417611489141905e+01,2.059040648512043159e+00,3.589601318359375000e+03,8.444864153861999512e-01,4.936500000000000554e+00,7.429151535034179688e-01,5.499669909477233887e-01
-4.030963010470650687e+01,2.073177528455062646e+00,2.581166259765625000e+03,1.002779722213745117e+00,4.936510000000000176e+00,5.466100573539733887e-01,3.866210281848907471e-01
-4.030141551468131667e+01,2.087333090197657004e+00,1.488675537109375000e+03,1.112092256546020508e+00,4.936520000000000685e+00,4.277436435222625732e-01,2.685938477516174316e-01
-4.029851126869106537e+01,2.109385961955740019e+00,2.699118408203125000e+03,6.346971392631530762e-01,4.936530000000000307e+00,4.980869293212890625e-01,3.548063337802886963e-01
-4.030345612875014183e+01,2.123305896579989138e+00,4.022574707031250000e+03,5.398494601249694824e-01,4.936540000000000816e+00,4.954929053783416748e-01,3.714385032653808594e-01
-4.030500771368011215e+01,2.141830536718170030e+00,2.494093750000000000e+03,5.630964636802673340e-01,4.936550000000000438e+00,6.436563134193420410e-01,4.526918530464172363e-01
-4.030097211553520253e+01,2.151100875767624210e+00,5.202652832031250000e+03,6.770247817039489746e-01,4.936560000000000059e+00,5.507299304008483887e-01,4.227082133293151855e-01
-4.030142965944252609e+01,2.176229387669197823e+00,-4.955219062500000000e+05,8.141202330589294434e-01,4.936570000000000569e+00,5.695745944976806641e-01,4.742068350315093994e-01
-4.030946151776122832e+01,2.190067997270144229e+00,1.623866577148437500e+03,7.658237814903259277e-01,4.936580000000000190e+00,6.016945242881774902e-01,3.867736458778381348e-01
-4.030340084058683203e+01,2.203046176833183267e+00,1.100733886718750000e+04,8.890492320060729980e-01,4.936590000000000700e+00,5.902503728866577148e-01,4.726809561252593994e-01
-4.030852041597513136e+01,2.219277297555212414e+00,-1.340985253906250000e+04,8.094591498374938965e-01,4.936600000000000321e+00,7.593947052955627441e-01,6.517435312271118164e-01
-4.030468647025018925e+01,2.234236151954539285e+00,1.857256250000000000e+04,1.208295345306396484e+00,4.936610000000000831e+00,6.616617441177368164e-01,5.381413698196411133e-01
-4.031254361298287847e+01,2.250267699133811750e+00,-9.674954101562500000e+03,1.380034208297729492e+00,4.936620000000000452e+00,7.678633332252502441e-01,6.670023798942565918e-01
-4.030361488313866403e+01,2.261111828938049406e+00,1.347070937500000000e+05,1.100211858749389648e+00,4.936630000000000074e+00,8.106644153594970703e-01,6.722666621208190918e-01
-4.031543253438800178e+01,2.277731467520089481e+00,5.483281250000000000e+03,1.696278572082519531e+00,4.936640000000000583e+00,7.243756055831909180e-01,5.582830905914306641e-01
-4.030698459577461534e+01,2.286856637283601223e+00,4.905271484375000000e+03,1.587839841842651367e+00,4.936650000000000205e+00,5.588171482086181641e-01,4.268281161785125732e-01
-4.031115883254641119e+01,2.301671814501177415e+00,7.301480957031250000e+03,1.315252304077148438e+00,4.936660000000000714e+00,7.099559903144836426e-01,5.576727390289306641e-01
-4.031184064183515403e+01,2.309828949385065666e+00,4.812674804687500000e+03,9.411854147911071777e-01,4.936670000000000336e+00,5.295201539993286133e-01,4.037872552871704102e-01
-4.031450074241723058e+01,2.324589808080965714e+00,6.534229980468750000e+03,1.108986854553222656e+00,4.936680000000000845e+00,5.353184938430786133e-01,4.176727831363677979e-01
-4.030424537791060402e+01,2.337652572765139158e+00,1.153106054687500000e+04,8.269066214561462402e-01,4.936690000000000467e+00,7.251385450363159180e-01,5.817053914070129395e-01
-4.031473948678098651e+01,2.352551008880933381e+00,1.835274291992187500e+03,9.445518851280212402e-01,4.936700000000000088e+00,5.418035387992858887e-01,3.587736487388610840e-01
-4.031193998377383281e+01,2.363307873619574728e+00,3.684854248046875000e+03,1.070522785186767578e+00,4.936710000000000598e+00,5.875800848007202148e-01,4.362885951995849609e-01
-4.030781240350432881e+01,2.381370861580784926e+00,-5.581728515625000000e+03,6.848437190055847168e-01,4.936720000000000219e+00,9.109913110733032227e-01,8.168442249298095703e-01
-4.031941370671799518e+01,2.393193049901318759e+00,-2.551372265625000000e+04,1.155170917510986328e+00,4.936730000000000729e+00,8.179123401641845703e-01,6.916453838348388672e-01
-4.031464825504436789e+01,2.402443323336069358e+00,5.867300292968750000e+03,1.806597232818603516e+00,4.936740000000000350e+00,5.973457098007202148e-01,4.626863896846771240e-01
-4.031702987639716440e+01,2.418097122800164644e+00,6.206862792968750000e+03,1.425892829895019531e+00,4.936749999999999972e+00,7.156018018722534180e-01,5.564520359039306641e-01
-4.031568037042561770e+01,2.439923852108605740e+00,1.331660839843750000e+04,1.094889163970947266e+00,4.936760000000000481e+00,6.701304316520690918e-01,5.402013659477233887e-01
-4.031705884622388680e+01,2.450372191749995654e+00,2.737540039062500000e+03,1.204102754592895508e+00,4.936770000000000103e+00,5.242558717727661133e-01,3.742613792419433594e-01
-4.032348883874330170e+01,2.463810668011185534e+00,2.624966064453125000e+03,1.076396226882934570e+00,4.936780000000000612e+00,4.909152686595916748e-01,3.481687605381011963e-01
-4.031669691211816087e+01,2.475164343831402380e+00,5.236041015625000000e+03,8.163756728172302246e-01,4.936790000000000234e+00,5.460759997367858887e-01,4.193512797355651855e-01
-4.031966958637529075e+01,2.498647496717206096e+00,2.113396484375000000e+03,6.626862883567810059e-01,4.936800000000000743e+00,5.807898640632629395e-01,3.963104188442230225e-01
-4.032401560153876829e+01,2.513170153995297085e+00,5.340061523437500000e+03,8.528155684471130371e-01,4.936810000000000365e+00,6.285500526428222656e-01,4.834384322166442871e-01
-4.031522213135921362e+01,2.533206620513100304e+00,3.446890136718750000e+03,8.372635245323181152e-01,4.936819999999999986e+00,6.540323495864868164e-01,4.818362593650817871e-01
-4.032332538255671039e+01,2.546620127473087081e+00,8.584473632812500000e+03,1.041326045989990234e+00,4.936830000000000496e+00,6.735636591911315918e-01,5.336400270462036133e-01
-4.031687981387012343e+01,2.559909561567752956e+00,1.252559960937500000e+04,9.766787886619567871e-01,4.936840000000000117e+00,6.404519677162170410e-01,5.152531266212463379e-01
-4.032529973185169325e+01,2.578071277413930495e+00,8.286462890625000000e+03,1.051959514617919922e+00,4.936850000000000627e+00,5.844519734382629395e-01,4.622286260128021240e-01
-4.030873942227618301e+01,2.600645131084499351e+00,1.198515527343750000e+04,1.146392345428466797e+00,4.936860000000000248e+00,6.120705008506774902e-01,4.916782081127166748e-01
-4.031524279162594837e+01,2.609593258884117972e+00,2.681249218750000000e+04,9.170956015586853027e-01,4.936870000000000758e+00,6.760050654411315918e-01,5.536291003227233887e-01
-4.031320735177456527e+01,2.624115012896459209e+00,3.931546142578125000e+03,1.218287467956542969e+00,4.936880000000000379e+00,5.757544636726379395e-01,4.305665194988250732e-01
-4.031809335567895403e+01,2.633680246233993216e+00,1.968684960937500000e+04,1.180420637130737305e+00,4.936890000000000001e+00,5.946754217147827148e-01,4.842776656150817871e-01
-4.030351875386845251e+01,2.646708194343903919e+00,4.958212402343750000e+03,8.759505152702331543e-01,4.936900000000000510e+00,6.187844276428222656e-01,4.730624258518218994e-01
-4.030965082050165194e+01,2.663575496081998395e+00,-1.052240820312500000e+04,9.957200884819030762e-01,4.936910000000000132e+00,5.762885212898254395e-01,4.988498687744140625e-01
-4.030688201130826087e+01,2.682221487373452895e+00,9.713666992187500000e+03,9.120709300041198730e-01,4.936920000000000641e+00,6.303048133850097656e-01,5.022068023681640625e-01
-4.031026192571729894e+01,2.697443708251580752e+00,9.394181640625000000e+03,9.707540869712829590e-01,4.936930000000000263e+00,5.740759968757629395e-01,4.567354321479797363e-01
-4.030531751889239445e+01,2.705051381315089376e+00,4.186371582031250000e+03,9.612805247306823730e-01,4.936940000000000772e+00,5.630133152008056641e-01,4.237763285636901855e-01
-4.030638159488068339e+01,2.719670848599734292e+00,3.577531005859375000e+03,8.816773295402526855e-01,4.936950000000000394e+00,6.050514578819274902e-01,4.477327167987823486e-01
-4.030432815734790353e+01,2.734517994811491270e+00,1.504096679687500000e+03,7.617551684379577637e-01,4.936960000000000015e+00,4.893893897533416748e-01,3.081905543804168701e-01
-4.030699444465597736e+01,2.748308158497925646e+00,1.824753784179687500e+03,7.715517878532409668e-01,4.936970000000000525e+00,5.012149810791015625e-01,3.314602971076965332e-01
-4.030632747197980592e+01,2.759671336693530819e+00,1.127798730468750000e+04,4.676980078220367432e-01,4.936980000000000146e+00,6.170296072959899902e-01,4.945773780345916748e-01
-4.030290297258597576e+01,2.775227489764363842e+00,-7.771359863281250000e+03,7.459730505943298340e-01,4.936990000000000656e+00,7.373456358909606934e-01,6.473184227943420410e-01
-4.030472930613971272e+01,2.797009394046607422e+00,5.921434082031250000e+03,1.090591669082641602e+00,4.937000000000000277e+00,5.145664811134338379e-01,3.988281190395355225e-01
-4.030628810119874572e+01,2.809881722945801297e+00,9.426982421875000000e+03,1.320849180221557617e+00,4.937010000000000787e+00,5.299779176712036133e-01,4.217163920402526855e-01
-4.030726915078735573e+01,2.818216171360077738e+00,2.757262451171875000e+03,8.390159010887145996e-01,4.937020000000000408e+00,5.925391912460327148e-01,4.234711527824401855e-01
-4.029489629042003429e+01,2.836297470191324610e+00,1.207658300781250000e+04,9.189898371696472168e-01,4.937030000000000030e+00,5.750678181648254395e-01,4.620760381221771240e-01
-4.030901989897826354e+01,2.853094205928709659e+00,2.575307861328125000e+03,9.408254027366638184e-01,4.937040000000000539e+00,5.765936970710754395e-01,4.076782464981079102e-01
-4.030178416886199955e+01,2.862080842093359667e+00,1.485801879882812500e+03,7.708627581596374512e-01,4.937050000000000161e+00,4.988498687744140625e-01,3.130733966827392578e-01
-4.030935481567004075e+01,2.876891844390941255e+00,9.708112304687500000e+03,7.912856936454772949e-01,4.937060000000000670e+00,7.015636563301086426e-01,5.589697360992431641e-01
-4.030367352238739187e+01,2.900016663493699465e+00,3.033636962890625000e+03,7.092565894126892090e-01,4.937070000000000292e+00,5.649206638336181641e-01,4.093567132949829102e-01
-4.031288789460407429e+01,2.904787005176264980e+00,1.600291503906250000e+03,1.165583848953247070e+00,4.937080000000000801e+00,5.643103122711181641e-01,3.613676428794860840e-01
-4.030975690209951523e+01,2.926098029025268943e+00,2.899447021484375000e+03,7.892579436302185059e-01,4.937090000000000423e+00,5.727789998054504395e-01,4.124085009098052979e-01
-4.031369576096055596e+01,2.943134496132418398e+00,1.761407836914062500e+03,7.628995776176452637e-01,4.937100000000000044e+00,5.693457126617431641e-01,3.734221458435058594e-01
-4.031527710788289198e+01,2.958154373599905629e+00,1.598383300781250000e+03,7.082313895225524902e-01,4.937110000000000554e+00,5.101414322853088379e-01,3.265774846076965332e-01
-4.032119242032873530e+01,2.977711822962278099e+00,2.666893066406250000e+03,8.093578219413757324e-01,4.937120000000000175e+00,4.683321714401245117e-01,3.329862058162689209e-01
-4.031192783093028709e+01,2.987595330702661478e+00,5.148412597656250000e+03,6.069785952568054199e-01,4.937130000000000685e+00,6.509805917739868164e-01,4.992313385009765625e-01
-4.031484814818199425e+01,3.002595023078920455e+00,3.497255615234375000e+03,7.377118468284606934e-01,4.937140000000000306e+00,5.192204117774963379e-01,3.831878006458282471e-01
-4.032156848052413523e+01,3.019162981611778651e+00,5.542457519531250000e+03,9.666830897331237793e-01,4.937150000000000816e+00,5.528661608695983887e-01,4.264466464519500732e-01
-4.031307090847008823e+01,3.032414702868066581e+00,7.061326660156250000e+03,7.562393546104431152e-01,4.937160000000000437e+00,6.212258338928222656e-01,4.870242476463317871e-01
-4.032172043426374586e+01,3.055266177757808954e+00,3.481377441406250000e+03,7.940906882286071777e-01,4.937170000000000059e+00,6.146644949913024902e-01,4.533784985542297363e-01
-4.032814574554802078e+01,3.064899710550938572e+00,2.447521972656250000e+03,1.028928279876708984e+00,4.937180000000000568e+00,5.525609850883483887e-01,3.873839974403381348e-01
-4.032216197146753700e+01,3.083140144681976391e+00,2.335064941406250000e+03,8.410388827323913574e-01,4.937190000000000190e+00,5.614111423492431641e-01,3.903594613075256348e-01
-4.032103026439635585e+01,3.100881799565933683e+00,2.598427001953125000e+03,7.471460700035095215e-01,4.937200000000000699e+00,5.119724869728088379e-01,3.625120520591735840e-01
-4.031983151694817025e+01,3.114574007078225293e+00,2.644729980468750000e+03,7.158882021903991699e-01,4.937210000000000321e+00,4.989261627197265625e-01,3.542722761631011963e-01
-4.032182088405443920e+01,3.130156082043388466e+00,1.558784545898437500e+03,6.761390566825866699e-01,4.937220000000000830e+00,5.058689117431640625e-01,3.216946423053741455e-01
-4.031738456836382056e+01,3.146662688538183428e+00,2.160676757812500000e+03,7.016164660453796387e-01,4.937230000000000452e+00,4.667299985885620117e-01,3.198635876178741455e-01
-4.032148322441314292e+01,3.165079739751235799e+00,3.099142822265625000e+03,5.850488543510437012e-01,4.937240000000000073e+00,4.523103833198547363e-01,3.287137150764465332e-01
-4.032816242504716087e+01,3.182377318483716522e+00,3.054580566406250000e+03,5.538946986198425293e-01,4.937250000000000583e+00,5.821631550788879395e-01,4.222504496574401855e-01
-4.031392047362436415e+01,3.200042563704911025e+00,2.203027099609375000e+03,5.374307036399841309e-01,4.937260000000000204e+00,5.243321657180786133e-01,3.606809973716735840e-01
-4.032174657534786633e+01,3.209571318392244521e+00,1.409057421875000000e+04,7.376975417137145996e-01,4.937270000000000714e+00,5.782721638679504395e-01,4.669588804244995117e-01
-4.032235584807681050e+01,3.223277600130312948e+00,2.993353515625000000e+03,6.648404002189636230e-01,4.937280000000000335e+00,5.657598972320556641e-01,4.092041254043579102e-01
-4.032330942790962780e+01,3.241497088979288677e+00,1.048309667968750000e+04,8.399743437767028809e-01,4.937290000000000845e+00,6.363320946693420410e-01,5.086155533790588379e-01
-4.031603524701170471e+01,3.256669549511011397e+00,4.643543945312500000e+03,9.204227328300476074e-01,4.937300000000000466e+00,6.498361825942993164e-01,4.939670264720916748e-01
-4.032301136160536004e+01,3.270991099488723020e+00,4.725927246093750000e+03,1.119287729263305664e+00,4.937310000000000088e+00,5.594274997711181641e-01,4.259125888347625732e-01
-4.030974809856329699e+01,3.287130007416313671e+00,5.975152832031250000e+03,9.026700854301452637e-01,4.937320000000000597e+00,5.449315905570983887e-01,4.226319193840026855e-01
-4.031474316681946846e+01,3.301515291869985269e+00,2.673501953125000000e+03,9.277409911155700684e-01,4.937330000000000219e+00,4.859561324119567871e-01,3.456510305404663086e-01
-4.030866220897952701e+01,3.318448058994916572e+00,4.144418945312500000e+03,7.410568594932556152e-01,4.937340000000000728e+00,5.579016208648681641e-01,4.195038676261901855e-01
-4.031382533501329846e+01,3.339253441572277659e+00,2.749305175781250000e+03,6.643564105033874512e-01,4.937350000000000350e+00,6.028389334678649902e-01,4.306428134441375732e-01
-4.030711579375055464e+01,3.345528162284610474e+00,4.029350341796875000e+03,8.601815104484558105e-01,4.937359999999999971e+00,5.286809206008911133e-01,3.963867127895355225e-01
-4.030774965721602854e+01,3.364908290827201220e+00,1.872239746093750000e+03,8.636731505393981934e-01,4.937370000000000481e+00,5.363866090774536133e-01,3.567900061607360840e-01
-4.030338073271708765e+01,3.375939521596899695e+00,1.976527954101562500e+03,7.357162833213806152e-01,4.937380000000000102e+00,5.740759968757629395e-01,3.863921463489532471e-01
-4.030677962905474487e+01,3.399008884801556718e+00,1.235643188476562500e+03,5.939347147941589355e-01,4.937390000000000612e+00,5.206699967384338379e-01,3.086483478546142578e-01
-4.029473420387169114e+01,3.407951399124512282e+00,4.007196044921875000e+03,7.301027178764343262e-01,4.937400000000000233e+00,4.732913076877593994e-01,3.546537458896636963e-01
-4.030288852420348888e+01,3.426792363046012646e+00,3.732700927734375000e+03,6.168527007102966309e-01,4.937410000000000743e+00,5.855963826179504395e-01,4.354493618011474609e-01
-4.030854074997824199e+01,3.442052787571360906e+00,1.244895898437500000e+04,6.771618723869323730e-01,4.937420000000000364e+00,5.139561295509338379e-01,4.134003221988677979e-01
-4.029599305693472644e+01,3.457687744285043330e+00,2.515639160156250000e+03,7.726139426231384277e-01,4.937429999999999986e+00,5.777381062507629395e-01,4.069153070449829102e-01
-4.030741848025446217e+01,3.470687071788026046e+00,7.145369140625000000e+03,8.256430029869079590e-01,4.937440000000000495e+00,5.771277546882629395e-01,4.527681469917297363e-01
-4.030390494045455085e+01,3.486908368045986695e+00,4.494825195312500000e+03,9.728342890739440918e-01,4.937450000000000117e+00,5.533239245414733887e-01,4.193512797355651855e-01
-4.030932548000711790e+01,3.501778528668332946e+00,5.890329589843750000e+03,9.501892924308776855e-01,4.937460000000000626e+00,6.660105586051940918e-01,5.160160660743713379e-01
-4.030364571540306429e+01,3.513306831666971775e+00,3.285986083984375000e+03,1.062589406967163086e+00,4.937470000000000248e+00,5.624029636383056641e-01,4.118744432926177979e-01
-4.030939786349676979e+01,3.532363761340650665e+00,4.113101074218750000e+03,1.063414335250854492e+00,4.937480000000000757e+00,5.848334431648254395e-01,4.394166469573974609e-01
-4.029998687459394091e+01,3.544898131250667994e+00,1.388011816406250000e+04,8.222491145133972168e-01,4.937490000000000379e+00,5.692694187164306641e-01,4.594820439815521240e-01
-4.031179713084011240e+01,3.568998899971961070e+00,1.768617797851562500e+03,8.650333285331726074e-01,4.937500000000000000e+00,4.897708594799041748e-01,3.215420544147491455e-01
-4.030622139216639255e+01,3.578907365146614783e+00,1.598566528320312500e+03,8.567387461662292480e-01,4.937510000000000510e+00,4.586428105831146240e-01,2.936183810234069824e-01
-4.030859679578892951e+01,3.594943564116587442e+00,2.544583496093750000e+03,6.644386649131774902e-01,4.937520000000000131e+00,5.938361883163452148e-01,4.190461039543151855e-01
-4.030247740794177247e+01,3.610010752207851503e+00,5.574391113281250000e+03,6.590015292167663574e-01,4.937530000000000641e+00,6.094765067100524902e-01,4.703158140182495117e-01
-4.031927803324371951e+01,3.628777908951256848e+00,7.073054199218750000e+03,8.676380515098571777e-01,4.937540000000000262e+00,6.041359305381774902e-01,4.736727774143218994e-01
-4.030774211564102671e+01,3.639024813224978505e+00,4.790946777343750000e+03,9.777421355247497559e-01,4.937550000000000772e+00,5.487462878227233887e-01,4.182831645011901855e-01
-4.031407046770501523e+01,3.651878357780931061e+00,3.161600195312500000e+04,8.686692118644714355e-01,4.937560000000000393e+00,5.299779176712036133e-01,4.350678920745849609e-01
-4.031370378267068588e+01,3.672249254197824442e+00,4.456954589843750000e+03,7.205111384391784668e-01,4.937570000000000014e+00,5.805609822273254395e-01,4.396455287933349609e-01
-4.032450564667060888e+01,3.686296417534125958e+00,3.445171386718750000e+03,8.156604170799255371e-01,4.937580000000000524e+00,6.003211736679077148e-01,4.422395527362823486e-01
-4.030710721514344641e+01,3.701860195693802424e+00,2.674464599609375000e+03,9.814352393150329590e-01,4.937590000000000146e+00,5.550024509429931641e-01,3.947845399379730225e-01
-4.032146273419009219e+01,3.719554893331646905e+00,2.046241406250000000e+04,9.298593401908874512e-01,4.937600000000000655e+00,7.201031446456909180e-01,5.868934392929077148e-01
-4.032155394173609864e+01,3.733616633088829406e+00,-8.580998046875000000e+03,8.949131369590759277e-01,4.937610000000000277e+00,8.597216010093688965e-01,7.509260177612304688e-01
-4.031964873881667444e+01,3.747672632003822724e+00,5.194247558593750000e+03,1.703621864318847656e+00,4.937620000000000786e+00,5.134220719337463379e-01,3.940215706825256348e-01
-4.032140507686116138e+01,3.757165657211753551e+00,3.153587646484375000e+03,1.382106065750122070e+00,4.937630000000000408e+00,4.542940258979797363e-01,3.309262394905090332e-01
-4.032233532014711841e+01,3.780509489276477453e+00,1.660476562500000000e+04,7.756919264793395996e-01,4.937640000000000029e+00,5.837653279304504395e-01,4.735201895236968994e-01
-4.031987815756485816e+01,3.792721687669069475e+00,5.454512695312500000e+03,7.146305441856384277e-01,4.937650000000000539e+00,6.203866004943847656e-01,4.779452383518218994e-01
-4.031731678917268624e+01,3.808193335110724220e+00,9.953859375000000000e+03,8.441872000694274902e-01,4.937660000000000160e+00,6.445718407630920410e-01,5.141087174415588379e-01
-4.032461986932550957e+01,3.827349775649504071e+00,3.190847412109375000e+03,1.043840169906616211e+00,4.937670000000000670e+00,6.745554804801940918e-01,4.921359717845916748e-01
-4.032033174539531473e+01,3.832201302084252248e+00,6.105449707031250000e+03,1.081736803054809570e+00,4.937680000000000291e+00,5.983375310897827148e-01,4.647463262081146240e-01
-4.031706637271414451e+01,3.855114278993860832e+00,6.509933593750000000e+03,1.118679761886596680e+00,4.937690000000000801e+00,6.167244315147399902e-01,4.810733199119567871e-01
-4.031242222881097348e+01,3.869534358520676509e+00,7.255326660156250000e+03,9.932047724723815918e-01,4.937700000000000422e+00,5.640814304351806641e-01,4.429261982440948486e-01
-4.032555946365783228e+01,3.883875420492834962e+00,1.951427124023437500e+03,9.207648634910583496e-01,4.937710000000000043e+00,5.592749118804931641e-01,3.754057884216308594e-01
-4.030642852112731589e+01,3.897819113927928125e+00,4.079088134765625000e+03,7.634777426719665527e-01,4.937720000000000553e+00,5.726264119148254395e-01,4.298798739910125732e-01
-4.031755527055827315e+01,3.911685733634223894e+00,-3.707055937500000000e+05,7.277840971946716309e-01,4.937730000000000175e+00,5.603430271148681641e-01,4.666537046432495117e-01
-4.031173972798681859e+01,3.936125205961770845e+00,1.649744262695312500e+03,8.217567801475524902e-01,4.937740000000000684e+00,5.641577243804931641e-01,3.641142547130584717e-01
-4.031861427739012527e+01,3.944605620213812447e+00,3.421515625000000000e+03,8.614212870597839355e-01,4.937750000000000306e+00,6.639505624771118164e-01,4.887027442455291748e-01
-4.030415060573272257e+01,3.953102709826492145e+00,2.965379394531250000e+03,9.282023310661315918e-01,4.937760000000000815e+00,5.772803425788879395e-01,4.169861376285552979e-01
-4.031220042761402311e+01,3.971393391445716681e+00,2.465622070312500000e+03,9.595066905021667480e-01,4.937770000000000437e+00,6.432748436927795410e-01,4.515474438667297363e-01
-4.029853077848736120e+01,3.993466011831642959e+00,7.377496093750000000e+03,8.167189955711364746e-01,4.937780000000000058e+00,6.779887080192565918e-01,5.328770875930786133e-01
-4.030447284180227285e+01,4.002454068932411957e+00,1.918576904296875000e+03,9.213847517967224121e-01,4.937790000000000568e+00,5.728552937507629395e-01,3.831115067005157471e-01
-4.030444797512524957e+01,4.021876146336213154e+00,4.904768554687500000e+03,1.068062305450439453e+00,4.937800000000000189e+00,5.051822662353515625e-01,3.858580887317657471e-01
-4.030021559669317810e+01,4.032143200235270619e+00,-1.008119125000000000e+06,8.561033606529235840e-01,4.937810000000000699e+00,5.806372761726379395e-01,4.832095503807067871e-01
-4.030226371090687110e+01,4.046139124792514252e+00,5.029574707031250000e+03,6.663960814476013184e-01,4.937820000000000320e+00,6.982830166816711426e-01,5.344792604446411133e-01
-4.029932500128366257e+01,4.064039427438018492e+00,6.058297851562500000e+03,1.032630920410156250e+00,4.937830000000000830e+00,6.026863455772399902e-01,4.678744077682495117e-01
-4.029826855932654439e+01,4.078388082701698281e+00,3.235877441406250000e+03,1.029613733291625977e+00,4.937840000000000451e+00,6.637216806411743164e-01,4.851168990135192871e-01
-4.029415104046464791e+01,4.093036765557309664e+00,5.306261718750000000e+03,9.629899859428405762e-01,4.937850000000000072e+00,5.783484578132629395e-01,4.446046650409698486e-01
-4.029345835309462842e+01,4.109468314845673653e+00,2.471040771484375000e+03,1.008573293685913086e+00,4.937860000000000582e+00,5.362340211868286133e-01,3.765501976013183594e-01
-4.028945680426927112e+01,4.126148127696151136e+00,2.066029052734375000e+03,8.200878500938415527e-01,4.937870000000000203e+00,5.033512115478515625e-01,3.419126272201538086e-01
-4.030676651927141307e+01,4.143810439161811132e+00,1.270658691406250000e+03,6.975883841514587402e-01,4.937880000000000713e+00,4.442994892597198486e-01,2.658472657203674316e-01
-4.029810232935016501e+01,4.156962020919562129e+00,1.409247192382812500e+03,5.542177557945251465e-01,4.937890000000000335e+00,5.501195788383483887e-01,3.400052785873413086e-01
-4.030350546273842127e+01,4.169102714980087221e+00,3.481156982421875000e+03,5.137056708335876465e-01,4.937900000000000844e+00,5.128880143165588379e-01,3.783049583435058594e-01
-4.029500122549389118e+01,4.183550242040693590e+00,4.984572753906250000e+03,6.746847033500671387e-01,4.937910000000000466e+00,5.839942097663879395e-01,4.466646015644073486e-01
-4.030499273044367925e+01,4.205774501522306252e+00,4.326387207031250000e+03,7.818085551261901855e-01,4.937920000000000087e+00,6.966808438301086426e-01,5.260869264602661133e-01
-4.029634442994564125e+01,4.216349126910502676e+00,1.647828735351562500e+03,1.105362892150878906e+00,4.937930000000000597e+00,5.081577897071838379e-01,3.278744816780090332e-01
-4.031231510237793003e+01,4.233721977050736385e+00,1.980594482421875000e+03,1.053860902786254883e+00,4.937940000000000218e+00,5.299779176712036133e-01,3.568663001060485840e-01
-4.030008089485420442e+01,4.244383514678371938e+00,5.824617675781250000e+03,6.242186427116394043e-01,4.937950000000000728e+00,5.702612400054931641e-01,4.414766132831573486e-01
-4.031051453866019330e+01,4.256021440318713545e+00,-3.228654492187500000e+04,7.266015410423278809e-01,4.937960000000000349e+00,5.020542144775390625e-01,4.230896830558776855e-01
-4.031240353758587247e+01,4.274958122730179610e+00,3.002102783203125000e+03,8.718962073326110840e-01,4.937969999999999970e+00,5.771277546882629395e-01,4.175964891910552979e-01
-4.031627654832817598e+01,4.290125040976372262e+00,3.255973242187500000e+04,7.815760970115661621e-01,4.937980000000000480e+00,6.866862773895263672e-01,5.639288425445556641e-01
-4.030767104717808280e+01,4.305573894347438646e+00,-4.889856445312500000e+03,9.413666129112243652e-01,4.937990000000000101e+00,6.972149014472961426e-01,6.318306922912597656e-01
-4.031860103184004629e+01,4.317675556411080251e+00,-1.196457910156250000e+04,1.198880195617675781e+00,4.938000000000000611e+00,7.821303606033325195e-01,6.737925410270690918e-01
-4.031925147950079946e+01,4.338304397734119355e+00,1.358611230468750000e+04,1.431618452072143555e+00,4.938010000000000232e+00,8.498033285140991211e-01,6.854655742645263672e-01
-4.031217809646462769e+01,4.349972748873785378e+00,8.736527343750000000e+03,1.558775424957275391e+00,4.938020000000000742e+00,7.873946428298950195e-01,6.243538856506347656e-01
-4.031083299801274933e+01,4.365631636465611365e+00,8.795874023437500000e+03,1.488567113876342773e+00,4.938030000000000364e+00,6.175637245178222656e-01,4.898471534252166748e-01
-4.031890619443682766e+01,4.379030304395672424e+00,6.846054687500000000e+03,1.328565597534179688e+00,4.938039999999999985e+00,7.429914474487304688e-01,5.814002156257629395e-01
-4.032098718919690583e+01,4.395673327666663965e+00,-1.198530468750000000e+05,1.229042530059814453e+00,4.938050000000000495e+00,7.120159864425659180e-01,5.943702459335327148e-01
-4.031828764106943908e+01,4.407709306614051137e+00,-1.900556250000000000e+04,1.396692514419555664e+00,4.938060000000000116e+00,6.833293437957763672e-01,5.810950398445129395e-01
-4.032668102386215025e+01,4.426915776968653127e+00,-6.781703125000000000e+04,1.416327476501464844e+00,4.938070000000000626e+00,7.484846115112304688e-01,6.264901161193847656e-01
-4.031782767548783397e+01,4.449669042339594149e+00,3.323769062500000000e+05,1.420859813690185547e+00,4.938080000000000247e+00,6.331277489662170410e-01,5.260106325149536133e-01
-4.031776801260124188e+01,4.457485016267979994e+00,7.265031738281250000e+03,1.246340990066528320e+00,4.938090000000000757e+00,5.923103094100952148e-01,4.651278257369995117e-01
-4.031750321681018079e+01,4.471974369022677642e+00,1.932937988281250000e+03,1.093092679977416992e+00,4.938100000000000378e+00,5.772803425788879395e-01,3.866973221302032471e-01
-4.032627728730059147e+01,4.487843851248252136e+00,1.028688476562500000e+04,8.658856749534606934e-01,4.938109999999999999e+00,6.435037255287170410e-01,5.139561295509338379e-01
-4.030673954271469484e+01,4.501099887856710779e+00,4.164708496093750000e+03,9.355658888816833496e-01,4.938120000000000509e+00,6.422067284584045410e-01,4.831332564353942871e-01
-4.032427592583365339e+01,4.518491341333882971e+00,3.217091064453125000e+03,1.195799827575683594e+00,4.938130000000000130e+00,5.732367634773254395e-01,4.186646342277526855e-01
-4.031167814861084508e+01,4.530079706393793870e+00,4.495366406250000000e+04,1.019517898559570312e+00,4.938140000000000640e+00,5.254002809524536133e-01,4.330079257488250732e-01
-4.031688102457571432e+01,4.547631815299225444e+00,5.275478515625000000e+03,7.958573698997497559e-01,4.938150000000000261e+00,7.056072354316711426e-01,5.421850085258483887e-01
-4.030966262318325732e+01,4.563906949300034377e+00,9.698406250000000000e+03,8.840627074241638184e-01,4.938160000000000771e+00,6.477761864662170410e-01,5.160923600196838379e-01
-4.031431219741694605e+01,4.578709983447228460e+00,3.047074218750000000e+03,1.001916646957397461e+00,4.938170000000000393e+00,6.024574637413024902e-01,4.368226528167724609e-01
-4.030360968600160732e+01,4.592285116533589395e+00,3.565221679687500000e+03,1.173409938812255859e+00,4.938180000000000014e+00,5.727027058601379395e-01,4.236237406730651855e-01
-4.030567884957127234e+01,4.609228521323278649e+00,3.177805273437500000e+04,8.473855853080749512e-01,4.938190000000000524e+00,7.257488965988159180e-01,5.958198308944702148e-01
-4.030120205025707492e+01,4.622539475303917733e+00,3.620861816406250000e+03,1.012731313705444336e+00,4.938200000000000145e+00,6.537271738052368164e-01,4.844302535057067871e-01
-4.030770391241469497e+01,4.639470064828619122e+00,2.702731445312500000e+03,1.321712255477905273e+00,4.938210000000000655e+00,6.419015526771545410e-01,4.573458135128021240e-01
-4.029414384098036805e+01,4.655413402826922287e+00,4.458830078125000000e+03,1.084674119949340820e+00,4.938220000000000276e+00,6.277871131896972656e-01,4.754275381565093994e-01
-4.030539943017296878e+01,4.666767592408408660e+00,6.213504882812500000e+03,1.075493812561035156e+00,4.938230000000000786e+00,6.272530555725097656e-01,4.877871870994567871e-01
-4.029929005566120281e+01,4.681836808180663390e+00,4.200450683593750000e+03,8.971781134605407715e-01,4.938240000000000407e+00,7.090404629707336426e-01,5.338689088821411133e-01
-4.029914414268619538e+01,4.694339597519863183e+00,2.312265625000000000e+03,8.974749445915222168e-01,4.938250000000000028e+00,5.893348455429077148e-01,4.090515375137329102e-01
-4.029103738536925050e+01,4.707540724945904920e+00,3.322268798828125000e+03,1.168378114700317383e+00,4.938260000000000538e+00,6.003211736679077148e-01,4.402558803558349609e-01
-4.029106663017525136e+01,4.720826774516584834e+00,1.182230273437500000e+04,8.083958029747009277e-01,4.938270000000000159e+00,6.565500497817993164e-01,5.271550416946411133e-01
-4.029729282079929931e+01,4.735936397398491593e+00,3.386887695312500000e+03,9.683949351310729980e-01,4.938280000000000669e+00,5.766699910163879395e-01,4.239289164543151855e-01
-4.029197128641450831e+01,4.751137106861746950e+00,4.785838378906250000e+03,1.008671045303344727e+00,4.938290000000000290e+00,5.848334431648254395e-01,4.457490742206573486e-01
-4.029688528408755133e+01,4.758894582350168712e+00,5.627631835937500000e+03,9.371930956840515137e-01,4.938300000000000800e+00,5.231876969337463379e-01,4.040161371231079102e-01
-4.029618627596346414e+01,4.777995907154285682e+00,-2.381190781250000000e+05,8.974594473838806152e-01,4.938310000000000421e+00,6.715037226676940918e-01,5.595800876617431641e-01
-4.029850563615164560e+01,4.795108836581456480e+00,1.775474853515625000e+03,9.626430869102478027e-01,4.938320000000000043e+00,5.631659030914306641e-01,3.700651824474334717e-01
-4.029166847679881869e+01,4.814467068311241604e+00,6.437884277343750000e+03,9.496528506278991699e-01,4.938330000000000553e+00,6.705119013786315918e-01,5.226536393165588379e-01
-4.030327598628078078e+01,4.826341021138907728e+00,3.354131591796875000e+03,7.683712840080261230e-01,4.938340000000000174e+00,5.853675007820129395e-01,4.298035800457000732e-01
-4.029199167280366112e+01,4.843034407787224715e+00,5.567661132812500000e+03,1.046336412429809570e+00,4.938350000000000684e+00,5.160923600196838379e-01,3.982177674770355225e-01
-4.030523277571563767e+01,4.856365738531328802e+00,1.500953417968750000e+04,7.078308463096618652e-01,4.938360000000000305e+00,6.450296044349670410e-01,5.218144059181213379e-01
-4.030285790943743507e+01,4.873056529956449445e+00,3.804002197265625000e+03,8.591765761375427246e-01,4.938370000000000815e+00,4.595583379268646240e-01,3.424466848373413086e-01
-4.030848883848282327e+01,4.893342823193302493e+00,4.458355957031250000e+03,8.443707823753356934e-01,4.938380000000000436e+00,4.768771231174468994e-01,3.611387610435485840e-01
-4.030192849474464367e+01,4.902936475591681109e+00,3.300160888671875000e+03,7.234436869621276855e-01,4.938390000000000057e+00,6.174874305725097656e-01,4.524629712104797363e-01
-4.031619197393779785e+01,4.922429321721621953e+00,7.071349609375000000e+03,6.772119402885437012e-01,4.938400000000000567e+00,5.740759968757629395e-01,4.500978589057922363e-01
-4.030996810940995800e+01,4.937818700512590198e+00,4.932300292968750000e+03,8.891064524650573730e-01,4.938410000000000188e+00,5.878089666366577148e-01,4.491823017597198486e-01
-4.031510312052980538e+01,4.951610699935362625e+00,3.054754638671875000e+03,8.460218310356140137e-01,4.938420000000000698e+00,6.974437832832336426e-01,5.058689117431640625e-01
-4.031248050263963734e+01,4.963434440629722388e+00,2.259351318359375000e+03,9.343380331993103027e-01,4.938430000000000319e+00,5.997871160507202148e-01,4.145447313785552979e-01
-4.032637990580234089e+01,4.980185485381606547e+00,3.168681152343750000e+03,1.068214893341064453e+00,4.938440000000000829e+00,5.003757476806640625e-01,3.647246062755584717e-01
-4.031986432504331930e+01,4.992485279068700876e+00,6.734804687500000000e+03,7.939202189445495605e-01,4.938450000000000450e+00,5.221958756446838379e-01,4.082123041152954102e-01
-4.031838181327427861e+01,5.015923378233303254e+00,1.965013793945312500e+03,7.237417101860046387e-01,4.938460000000000072e+00,5.276890993118286133e-01,3.547300398349761963e-01
-4.032188368972528281e+01,5.026209717917989650e+00,4.265742675781250000e+03,6.644207835197448730e-01,4.938470000000000582e+00,5.845282673835754395e-01,4.407899379730224609e-01
-4.032448339868329867e+01,5.044452645896096321e+00,4.243377441406250000e+03,6.951434016227722168e-01,4.938480000000000203e+00,5.328007936477661133e-01,4.015747010707855225e-01
-4.031947061429585233e+01,5.058953622494541946e+00,2.200540283203125000e+03,8.295626044273376465e-01,4.938490000000000713e+00,5.292149782180786133e-01,3.639616668224334717e-01
-4.032782949568816377e+01,5.072715333498081236e+00,9.981772460937500000e+03,7.046193480491638184e-01,4.938500000000000334e+00,6.245064735412597656e-01,4.981632232666015625e-01
-4.032827199020680098e+01,5.092346068425300132e+00,6.371767089843750000e+03,7.970744967460632324e-01,4.938510000000000844e+00,6.747843623161315918e-01,5.256291627883911133e-01
-4.032193218713287308e+01,5.105360402215637805e+00,4.330852343750000000e+04,1.021754264831542969e+00,4.938520000000000465e+00,5.682775974273681641e-01,4.681795835494995117e-01
-4.032023026589750714e+01,5.120832872136976022e+00,2.158840039062500000e+04,9.559959769248962402e-01,4.938530000000000086e+00,5.250188112258911133e-01,4.283539950847625732e-01
-4.032194126487218000e+01,5.138096464886515058e+00,8.409332031250000000e+03,8.474738001823425293e-01,4.938540000000000596e+00,5.136509537696838379e-01,4.065338373184204102e-01
-4.032395745475869120e+01,5.151206457860999066e+00,4.917495117187500000e+03,7.459992766380310059e-01,4.938550000000000217e+00,5.659887790679931641e-01,4.323975741863250732e-01
-4.031559072472746408e+01,5.163467760139321960e+00,1.954016235351562500e+03,7.231826186180114746e-01,4.938560000000000727e+00,4.780978262424468994e-01,3.210079967975616455e-01
-4.032517719821817082e+01,5.182104462680053203e+00,2.521270019531250000e+03,7.514507174491882324e-01,4.938570000000000348e+00,5.247899293899536133e-01,3.697600066661834717e-01
-4.031348518271922643e+01,5.192590676632626412e+00,3.101634765625000000e+03,5.708021521568298340e-01,4.938579999999999970e+00,5.624792575836181641e-01,4.088226556777954102e-01
-4.031468616670451866e+01,5.208825419537135737e+00,2.997485595703125000e+03,7.000059485435485840e-01,4.938590000000000479e+00,6.024574637413024902e-01,4.358308315277099609e-01
-4.030724046718135156e+01,5.227603778185261341e+00,4.215187500000000000e+03,8.155757784843444824e-01,4.938600000000000101e+00,5.499669909477233887e-01,4.142395555973052979e-01
-4.031753833711565704e+01,5.234434332887828667e+00,3.219156982421875000e+03,8.020967841148376465e-01,4.938610000000000610e+00,5.643103122711181641e-01,4.121796190738677979e-01
-4.030404096034176575e+01,5.253445819334145561e+00,3.053480712890625000e+03,8.480615019798278809e-01,4.938620000000000232e+00,5.265446901321411133e-01,3.818908035755157471e-01
-4.031425598362417873e+01,5.272765935605434606e+00,1.944875488281250000e+03,7.833523154258728027e-01,4.938630000000000742e+00,4.887027442455291748e-01,3.277981877326965332e-01
-4.030508642637241934e+01,5.281855284638987236e+00,2.958467773437500000e+03,7.166463732719421387e-01,4.938640000000000363e+00,5.627844333648681641e-01,4.063812494277954102e-01
-4.030268581390946991e+01,5.297268935128703227e+00,2.393101318359375000e+03,6.238932013511657715e-01,4.938649999999999984e+00,6.674601435661315918e-01,4.661196470260620117e-01
-4.030137795794558286e+01,5.309750538707906031e+00,1.905469726562500000e+03,8.808357119560241699e-01,4.938660000000000494e+00,5.635473728179931641e-01,3.763213157653808594e-01
-4.030226026434704778e+01,5.328901916712677433e+00,-3.307577343750000000e+04,8.380050063133239746e-01,4.938670000000000115e+00,5.317326784133911133e-01,4.479615986347198486e-01
-4.029431625384000881e+01,5.339336883262923550e+00,9.259789062500000000e+03,7.759529948234558105e-01,4.938680000000000625e+00,4.735964834690093994e-01,3.765501976013183594e-01
-4.030107605193408205e+01,5.358460784423096257e+00,2.593531005859375000e+03,7.953483462333679199e-01,4.938690000000000246e+00,5.405828356742858887e-01,3.826537430286407471e-01
-4.030275815496620595e+01,5.370758667751642790e+00,8.158280273437500000e+03,7.639057040214538574e-01,4.938700000000000756e+00,6.172585487365722656e-01,4.877871870994567871e-01
-4.030049032649336027e+01,5.388300056932878945e+00,2.528951660156250000e+03,8.619708418846130371e-01,4.938710000000000377e+00,5.704138875007629395e-01,4.021087586879730225e-01
-4.029820907820257503e+01,5.408268903540416339e+00,2.487651367187500000e+03,8.647043108940124512e-01,4.938719999999999999e+00,6.329751610755920410e-01,4.449861347675323486e-01
-4.029822758340439037e+01,5.417417393638609191e+00,9.297961914062500000e+03,8.303160071372985840e-01,4.938730000000000508e+00,6.099342703819274902e-01,4.850406050682067871e-01
-4.029861263387921611e+01,5.430922770050487181e+00,5.159234863281250000e+03,9.868938326835632324e-01,4.938740000000000130e+00,6.975200772285461426e-01,5.350133180618286133e-01
-4.029799148372502771e+01,5.444439456105700792e+00,3.515044531250000000e+04,9.405094981193542480e-01,4.938750000000000639e+00,6.575418710708618164e-01,5.405065417289733887e-01
-4.030309185415651996e+01,5.467771918819193111e+00,2.991863281250000000e+03,1.021303653717041016e+00,4.938760000000000261e+00,5.604193210601806641e-01,4.053131341934204102e-01
-4.029828567493580493e+01,5.482097922008192903e+00,6.252645019531250000e+03,1.031921625137329102e+00,4.938770000000000771e+00,5.749152302742004395e-01,4.472749531269073486e-01
-4.031008907290369336e+01,5.492365880677414935e+00,2.520274169921875000e+03,8.892971873283386230e-01,4.938780000000000392e+00,5.167027115821838379e-01,3.640379607677459717e-01
-4.030108573753914669e+01,5.512808335918659708e+00,2.990211425781250000e+03,8.688861727714538574e-01,4.938790000000000013e+00,5.087681412696838379e-01,3.679289519786834717e-01
-4.030958193553519209e+01,5.529609585672070615e+00,8.091689453125000000e+03,6.985813975334167480e-01,4.938800000000000523e+00,5.105991959571838379e-01,4.033294916152954102e-01
-4.030548967058390986e+01,5.541679037656076723e+00,1.541755615234375000e+03,8.622569441795349121e-01,4.938810000000000144e+00,4.867953658103942871e-01,3.086483478546142578e-01
-4.031093761273740483e+01,5.557662142266862837e+00,2.987005615234375000e+03,6.418091654777526855e-01,4.938820000000000654e+00,6.193184852600097656e-01,4.478090107440948486e-01
-4.030535870514235341e+01,5.571384227435250303e+00,3.917273925781250000e+03,7.020241618156433105e-01,4.938830000000000275e+00,6.319069862365722656e-01,4.723757505416870117e-01
-4.031443772260062275e+01,5.585961287736878944e+00,7.291518554687500000e+03,8.396703600883483887e-01,4.938840000000000785e+00,5.298253297805786133e-01,4.161469042301177979e-01
-4.031338022684217037e+01,5.599752584284715340e+00,2.817149169921875000e+03,8.465606570243835449e-01,4.938850000000000406e+00,5.213566422462463379e-01,3.738036155700683594e-01
-4.031613068251733267e+01,5.615994330516901556e+00,1.720615625000000000e+04,7.606226801872253418e-01,4.938860000000000028e+00,5.279942750930786133e-01,4.286591708660125732e-01
-4.031144179551523621e+01,5.629781540723578281e+00,1.409526611328125000e+03,7.090312838554382324e-01,4.938870000000000537e+00,5.102177262306213379e-01,3.153622150421142578e-01
-4.031973375056493580e+01,5.644352243487626986e+00,9.682503906250000000e+03,6.806535124778747559e-01,4.938880000000000159e+00,5.455419421195983887e-01,4.346101284027099609e-01
-4.031269759468865033e+01,5.659431414882901024e+00,2.942698974609375000e+03,6.317824721336364746e-01,4.938890000000000668e+00,5.211277604103088379e-01,3.760161399841308594e-01
-4.031642538620069161e+01,5.675099504802938455e+00,3.626861328125000000e+03,8.054060339927673340e-01,4.938900000000000290e+00,5.497381091117858887e-01,4.074493646621704102e-01
-4.031803916574230584e+01,5.691933589309583041e+00,1.050720703125000000e+04,6.068271994590759277e-01,4.938910000000000800e+00,5.654547214508056641e-01,4.520052075386047363e-01
-4.031363123221318290e+01,5.711772478364320449e+00,2.244509277343750000e+03,7.965738177299499512e-01,4.938920000000000421e+00,4.986209869384765625e-01,3.442014455795288086e-01
-4.031722613770011066e+01,5.723943144930326632e+00,9.128024414062500000e+03,7.668394446372985840e-01,4.938930000000000042e+00,5.856726765632629395e-01,4.653567075729370117e-01
-4.032442456434944944e+01,5.737760795523309199e+00,2.360942382812500000e+03,6.610912680625915527e-01,4.938940000000000552e+00,5.951331853866577148e-01,4.146210253238677979e-01
-4.031908230187493558e+01,5.755453897529331009e+00,2.607744384765625000e+03,8.377034068107604980e-01,4.938950000000000173e+00,4.972476959228515625e-01,3.522886335849761963e-01
-4.030993062721574205e+01,5.768557095820261438e+00,1.391271362304687500e+03,7.523412108421325684e-01,4.938960000000000683e+00,4.143158495426177979e-01,2.550897896289825439e-01
-4.032261481645066681e+01,5.784688459408927841e+00,2.728825927734375000e+03,6.064910292625427246e-01,4.938970000000000304e+00,5.422613024711608887e-01,3.869262337684631348e-01
-4.031241366903063295e+01,5.798679412472562689e+00,7.015525878906250000e+03,4.347211420536041260e-01,4.938980000000000814e+00,7.395581603050231934e-01,5.795691609382629395e-01
-4.031465432722021092e+01,5.813567057730477217e+00,1.061020605468750000e+04,9.078628420829772949e-01,4.938990000000000435e+00,7.281903624534606934e-01,5.823157429695129395e-01
-4.031412338475642088e+01,5.827672931819941837e+00,6.703737792968750000e+03,1.165383577346801758e+00,4.939000000000000057e+00,7.178906202316284180e-01,5.610296726226806641e-01
-4.031626303509997911e+01,5.843993820992469779e+00,2.161524609375000000e+04,1.230364561080932617e+00,4.939010000000000566e+00,5.934547185897827148e-01,4.842013716697692871e-01
-4.030710261806769523e+01,5.865955333093288537e+00,-1.400540429687500000e+04,1.103550910949707031e+00,4.939020000000000188e+00,6.700541377067565918e-01,5.743048787117004395e-01
-4.031644382374330604e+01,5.876100295047304023e+00,3.599930419921875000e+03,1.151600599288940430e+00,4.939030000000000697e+00,5.971931219100952148e-01,4.422395527362823486e-01
-4.031410128482004041e+01,5.885035753611129294e+00,2.227697265625000000e+03,1.070159196853637695e+00,4.939040000000000319e+00,6.792857050895690918e-01,4.682558774948120117e-01
-4.031363243569948196e+01,5.904332566655340564e+00,1.191847070312500000e+04,9.189803004264831543e-01,4.939050000000000828e+00,6.328988671302795410e-01,5.083103775978088379e-01
-4.030604164100557796e+01,5.917146870576047490e+00,3.327461425781250000e+03,9.746748805046081543e-01,4.939060000000000450e+00,5.708716511726379395e-01,4.187409281730651855e-01
-4.031312651881778208e+01,5.933573080393267141e+00,2.761390136718750000e+03,8.827728629112243652e-01,4.939070000000000071e+00,5.762885212898254395e-01,4.119507372379302979e-01
-4.030138172516944195e+01,5.950742703033769843e+00,3.510429931640625000e+03,8.209461569786071777e-01,4.939080000000000581e+00,6.108497977256774902e-01,4.510133862495422363e-01
-4.030012342591777497e+01,5.966742958234272365e+00,3.560285644531250000e+03,8.151454329490661621e-01,4.939090000000000202e+00,6.538797616958618164e-01,4.835910201072692871e-01
-4.030347759247926120e+01,5.987469256389595706e+00,1.886533789062500000e+04,8.895940184593200684e-01,4.939100000000000712e+00,7.330731749534606934e-01,5.964301824569702148e-01
-4.029935947675910057e+01,6.001780039011884504e+00,1.551559375000000000e+04,9.679633975028991699e-01,4.939110000000000333e+00,6.888225078582763672e-01,5.577490329742431641e-01
-4.030126211599555575e+01,6.011199295246107965e+00,1.252542675781250000e+04,1.236320257186889648e+00,4.939120000000000843e+00,7.013347744941711426e-01,5.642340183258056641e-01
-4.030318028558187393e+01,6.021934404890803449e+00,-8.714845312500000000e+04,1.127365350723266602e+00,4.939130000000000464e+00,6.702830195426940918e-01,5.602667331695556641e-01
-4.030633092195761691e+01,6.042986891362218671e+00,2.950878173828125000e+03,1.080092906951904297e+00,4.939140000000000086e+00,6.069588065147399902e-01,4.381196498870849609e-01
-4.029916191614330501e+01,6.053578559456329167e+00,2.549231445312500000e+03,1.029638767242431641e+00,4.939150000000000595e+00,5.971168279647827148e-01,4.214875102043151855e-01
-4.030166587730828098e+01,6.067390820560206066e+00,2.512972167968750000e+03,8.601564764976501465e-01,4.939160000000000217e+00,4.949588477611541748e-01,3.485502302646636963e-01
-4.029651763592347180e+01,6.089010903168253108e+00,3.605042968750000000e+03,8.006018996238708496e-01,4.939170000000000726e+00,4.948062598705291748e-01,3.664793670177459717e-01
-4.030333774049183404e+01,6.100585662557826083e+00,1.208252343750000000e+04,5.911690592765808105e-01,4.939180000000000348e+00,5.987952947616577148e-01,4.811496138572692871e-01
-4.029913456515085102e+01,6.117680422614053981e+00,4.405874023437500000e+03,7.920665144920349121e-01,4.939189999999999969e+00,5.867408514022827148e-01,4.438417255878448486e-01
-4.029782930238751959e+01,6.128079360048204194e+00,2.952647460937500000e+03,9.610170722007751465e-01,4.939200000000000479e+00,6.551004648208618164e-01,4.729098379611968994e-01
-4.029858644950218860e+01,6.146268311510758586e+00,3.278113525390625000e+03,8.370894789695739746e-01,4.939210000000000100e+00,5.969642400741577148e-01,4.370515346527099609e-01
-4.030141687012061880e+01,6.166995468534134162e+00,7.091079589843750000e+03,9.036332964897155762e-01,4.939220000000000610e+00,7.030895352363586426e-01,5.513402819633483887e-01
-4.030481794472356682e+01,6.170255420220732034e+00,5.944325683593750000e+03,8.818919062614440918e-01,4.939230000000000231e+00,7.078960537910461426e-01,5.488225817680358887e-01
-4.030642311532002964e+01,6.190772669598782585e+00,5.133885742187500000e+03,1.221960306167602539e+00,4.939240000000000741e+00,6.589914560317993164e-01,5.052585601806640625e-01
-4.030811464684843060e+01,6.209565589715444922e+00,9.674432617187500000e+03,1.183430671691894531e+00,4.939250000000000362e+00,6.223702430725097656e-01,4.957980811595916748e-01
-4.030668358537761975e+01,6.226824676648765156e+00,7.996597656250000000e+03,1.011503458023071289e+00,4.939259999999999984e+00,7.050731778144836426e-01,5.566046237945556641e-01
-4.030966797795493761e+01,6.238306710739947469e+00,3.731527187500000000e+05,1.049543142318725586e+00,4.939270000000000493e+00,6.051277518272399902e-01,5.028171539306640625e-01
-4.031545363922663228e+01,6.250552162999779782e+00,5.942722656250000000e+03,1.129923582077026367e+00,4.939280000000000115e+00,6.969860196113586426e-01,5.403539538383483887e-01
-4.031118044423393343e+01,6.270480984827051962e+00,-9.939364257812500000e+03,1.121956825256347656e+00,4.939290000000000624e+00,6.842448711395263672e-01,5.936836004257202148e-01
-4.031282253221598921e+01,6.281329927543076508e+00,2.387643750000000000e+05,1.089496135711669922e+00,4.939300000000000246e+00,7.571058273315429688e-01,6.287026405334472656e-01
-4.031725731777680721e+01,6.300645714441957423e+00,1.468624804687500000e+04,1.301955699920654297e+00,4.939310000000000755e+00,7.907516360282897949e-01,6.393075585365295410e-01
-4.031574799467153980e+01,6.310514157515710210e+00,3.873601074218750000e+03,1.440031051635742188e+00,4.939320000000000377e+00,6.612802743911743164e-01,4.937381446361541748e-01
-4.031282641619628748e+01,6.323761708025585904e+00,2.672884277343750000e+03,1.385163784027099609e+00,4.939329999999999998e+00,5.141850113868713379e-01,3.657164275646209717e-01
-4.031574788282288324e+01,6.347456252166939095e+00,7.748686523437500000e+03,1.042806625366210938e+00,4.939340000000000508e+00,4.407136440277099609e-01,3.473294973373413086e-01
-4.031168902796515852e+01,6.361204167744819671e+00,2.623301269531250000e+03,6.771189570426940918e-01,4.939350000000000129e+00,5.222721695899963379e-01,3.703703582286834717e-01
-4.031451340903178249e+01,6.372627567715585251e+00,2.171529785156250000e+03,5.778426527976989746e-01,4.939360000000000639e+00,4.888553321361541748e-01,3.353513181209564209e-01
-4.031808315721833225e+01,6.385802523187279256e+00,2.432332763671875000e+03,7.149845957756042480e-01,4.939370000000000260e+00,6.048988699913024902e-01,4.236237406730651855e-01
-4.032301517731441010e+01,6.406019027382861886e+00,2.762108886718750000e+03,6.474632620811462402e-01,4.939380000000000770e+00,6.614328622817993164e-01,4.728335440158843994e-01
-4.031211687809616961e+01,6.421848311942408571e+00,2.859593750000000000e+03,7.809097170829772949e-01,4.939390000000000391e+00,5.500432848930358887e-01,3.952423036098480225e-01
-4.031246472806695635e+01,6.437120624662896695e+00,3.630894042968750000e+03,8.591968417167663574e-01,4.939400000000000013e+00,5.579016208648681641e-01,4.135529100894927979e-01
-4.031639844524556082e+01,6.449209663873628706e+00,1.756966992187500000e+04,7.326764464378356934e-01,4.939410000000000522e+00,6.173348426818847656e-01,5.014438629150390625e-01
-4.030950314731157391e+01,6.472515971562328829e+00,2.746423095703125000e+03,9.277624487876892090e-01,4.939420000000000144e+00,5.208988785743713379e-01,3.720488548278808594e-01
-4.031084087640824265e+01,6.485127392476981889e+00,4.795671386718750000e+03,9.170503020286560059e-01,4.939430000000000653e+00,5.318852663040161133e-01,4.054657220840454102e-01
-4.031141845034040472e+01,6.495724934197682821e+00,2.118317382812500000e+03,6.870622038841247559e-01,4.939440000000000275e+00,5.662176609039306641e-01,3.865447342395782471e-01
-4.031489353073189363e+01,6.517569365998005182e+00,3.187215820312500000e+03,7.482618689537048340e-01,4.939450000000000784e+00,5.846045613288879395e-01,4.264466464519500732e-01
-4.030569422529718793e+01,6.523851794242217395e+00,1.285925000000000000e+04,7.382554411888122559e-01,4.939460000000000406e+00,6.278634071350097656e-01,5.055637359619140625e-01
-4.031363297278268476e+01,6.545576191453200465e+00,2.315325585937500000e+04,8.239287734031677246e-01,4.939470000000000027e+00,6.943919658660888672e-01,5.672857761383056641e-01
-4.031038825252899471e+01,6.555492193292497660e+00,3.688505615234375000e+03,1.138891696929931641e+00,4.939480000000000537e+00,6.174111366271972656e-01,4.584902226924896240e-01
-4.031471883360982389e+01,6.570923866181805906e+00,3.578192626953125000e+03,1.227635860443115234e+00,4.939490000000000158e+00,5.334874391555786133e-01,3.947845399379730225e-01
-4.030577429640562315e+01,6.585323239457220090e+00,3.893259033203125000e+03,8.782846331596374512e-01,4.939500000000000668e+00,5.652258396148681641e-01,4.222504496574401855e-01
-4.031166690199273006e+01,6.602104048045800866e+00,8.184326171875000000e+03,8.097714781761169434e-01,4.939510000000000289e+00,5.335637331008911133e-01,4.217163920402526855e-01
-4.030681991379439211e+01,6.614724440462374844e+00,4.322153808593750000e+03,8.626074194908142090e-01,4.939520000000000799e+00,5.407354235649108887e-01,4.082885980606079102e-01
-4.030850830106112426e+01,6.627714383302368617e+00,2.941702636718750000e+03,8.419150710105895996e-01,4.939530000000000420e+00,5.372258424758911133e-01,3.876128792762756348e-01
-4.030702153938763388e+01,6.646472951786886796e+00,2.625760986328125000e+03,7.637900710105895996e-01,4.939540000000000042e+00,5.311223268508911133e-01,3.767027854919433594e-01
-4.031166017984197936e+01,6.663758816335674240e+00,1.783461547851562500e+03,7.478696703910827637e-01,4.939550000000000551e+00,5.096836686134338379e-01,3.352750241756439209e-01
-4.030383489922826357e+01,6.673305824590431534e+00,1.909853637695312500e+03,7.057983279228210449e-01,4.939560000000000173e+00,4.848117232322692871e-01,3.239071667194366455e-01
-4.030699745286474922e+01,6.687223873467501356e+00,2.336629882812500000e+03,7.250768542289733887e-01,4.939570000000000682e+00,4.438417255878448486e-01,3.086483478546142578e-01
-4.030755309456783664e+01,6.706096475258849665e+00,1.939530029296875000e+03,6.439334750175476074e-01,4.939580000000000304e+00,4.862613081932067871e-01,3.259671330451965332e-01
-4.030574182706349262e+01,6.720454791338569045e+00,2.594442138671875000e+03,4.859870970249176025e-01,4.939590000000000813e+00,5.900214910507202148e-01,4.176727831363677979e-01
-4.031127105230143570e+01,6.738531050846396475e+00,1.807131347656250000e+03,6.535059809684753418e-01,4.939600000000000435e+00,5.342503786087036133e-01,3.525175154209136963e-01
-4.030570963514726657e+01,6.751361581955372948e+00,9.465824218750000000e+03,6.868881583213806152e-01,4.939610000000000056e+00,6.039833426475524902e-01,4.806918501853942871e-01
-4.029972457981644141e+01,6.763489284937863388e+00,-3.852830859375000000e+04,8.273882269859313965e-01,4.939620000000000566e+00,7.238415479660034180e-01,6.087135672569274902e-01
-4.030052580501418191e+01,6.779413624792824500e+00,-1.098209765625000000e+04,1.065531492233276367e+00,4.939630000000000187e+00,7.746535539627075195e-01,6.694437861442565918e-01
-4.030561717374125408e+01,6.797112304278441819e+00,9.889290039062500000e+03,1.515175819396972656e+00,4.939640000000000697e+00,5.674383640289306641e-01,4.524629712104797363e-01
-4.029856941282930904e+01,6.811731307610262576e+00,5.349183593750000000e+03,1.396904706954956055e+00,4.939650000000000318e+00,6.093239188194274902e-01,4.687136411666870117e-01
-4.030641536839173966e+01,6.826606213861332151e+00,4.494505371093750000e+03,1.017306566238403320e+00,4.939660000000000828e+00,5.391332507133483887e-01,4.085937738418579102e-01
-4.030798724584490600e+01,6.839604193187847514e+00,5.744872070312500000e+03,9.176058173179626465e-01,4.939670000000000449e+00,6.168007254600524902e-01,4.770297110080718994e-01
-4.030611238172581778e+01,6.847672204344663172e+00,1.870575073242187500e+03,8.879501223564147949e-01,4.939680000000000071e+00,5.083866715431213379e-01,3.380979001522064209e-01
-4.030419034163863756e+01,6.868855273044120580e+00,1.119836059570312500e+03,8.801001906394958496e-01,4.939690000000000580e+00,5.215092301368713379e-01,2.985011935234069824e-01
-4.031210846001275883e+01,6.882889225134823263e+00,2.307960449218750000e+03,6.466800570487976074e-01,4.939700000000000202e+00,4.662722349166870117e-01,3.235256969928741455e-01
-4.030628602228615875e+01,6.897396909992313141e+00,1.978922363281250000e+03,5.652434229850769043e-01,4.939710000000000711e+00,4.081360101699829102e-01,2.747736871242523193e-01
-4.030909969589222897e+01,6.912620892199154099e+00,2.062612304687500000e+03,4.976350367069244385e-01,4.939720000000000333e+00,4.982395172119140625e-01,3.383267819881439209e-01
-4.031287655617436627e+01,6.928392478203213578e+00,3.458390869140625000e+03,5.077773928642272949e-01,4.939730000000000842e+00,4.325501620769500732e-01,3.187954723834991455e-01
-4.031224913857112568e+01,6.945311300858301173e+00,3.375116943359375000e+03,5.600375533103942871e-01,4.939740000000000464e+00,5.043430328369140625e-01,3.705992400646209717e-01
-4.031010021204262728e+01,6.956977418022531445e+00,2.930619384765625000e+03,4.547077715396881104e-01,4.939750000000000085e+00,4.672640562057495117e-01,3.369534909725189209e-01
-4.031449348467002380e+01,6.977212610358462186e+00,1.978487670898437500e+03,5.652493834495544434e-01,4.939760000000000595e+00,4.606264531612396240e-01,3.100979328155517578e-01
-4.031479916817063724e+01,6.993617640061976282e+00,4.764918945312500000e+03,5.053395628929138184e-01,4.939770000000000216e+00,5.607244968414306641e-01,4.272095859050750732e-01
-4.031696875833101501e+01,7.006272850981503098e+00,1.195867285156250000e+04,5.371338725090026855e-01,4.939780000000000726e+00,6.661631464958190918e-01,5.350896120071411133e-01
-4.030961498168872481e+01,7.021032265421748519e+00,-7.098684570312500000e+03,9.399909377098083496e-01,4.939790000000000347e+00,9.199177622795104980e-01,8.117325305938720703e-01
-4.031614758906269458e+01,7.035565380234250377e+00,-4.591918945312500000e+03,1.257583618164062500e+00,4.939799999999999969e+00,7.403210997581481934e-01,6.746317744255065918e-01
-4.031912017025877759e+01,7.049124634483136198e+00,8.241543945312500000e+03,1.795365333557128906e+00,4.939810000000000478e+00,5.969642400741577148e-01,4.719942808151245117e-01
-4.031966146350763580e+01,7.068237047349476221e+00,6.715311035156250000e+03,1.298697710037231445e+00,4.939820000000000100e+00,5.861304998397827148e-01,4.581087529659271240e-01
-4.031557602102993343e+01,7.084071788356883559e+00,9.113476562500000000e+03,9.641475081443786621e-01,4.939830000000000609e+00,6.267189979553222656e-01,4.979343414306640625e-01
-4.032250914519806173e+01,7.089417553636852887e+00,1.132382128906250000e+04,8.319634795188903809e-01,4.939840000000000231e+00,7.189587354660034180e-01,5.763648152351379395e-01
-4.031984264851234911e+01,7.110070880250285441e+00,2.027048828125000000e+03,1.066487550735473633e+00,4.939850000000000740e+00,6.240487098693847656e-01,4.222504496574401855e-01
-4.031190704750046194e+01,7.126750066079827306e+00,4.220453125000000000e+03,1.059598445892333984e+00,4.939860000000000362e+00,6.441903710365295410e-01,4.852694869041442871e-01
-4.032635697256669971e+01,7.137856483227484894e+00,9.000918945312500000e+03,9.788293242454528809e-01,4.939869999999999983e+00,5.760596394538879395e-01,4.574221074581146240e-01
-4.032109404085837667e+01,7.158513730558686561e+00,2.896137109375000000e+04,8.939701914787292480e-01,4.939880000000000493e+00,6.100868582725524902e-01,5.002231597900390625e-01
-4.031570887583033880e+01,7.172592252172517391e+00,4.914966796875000000e+03,1.036281108856201172e+00,4.939890000000000114e+00,7.452802658081054688e-01,5.693457126617431641e-01
-4.031545925514730300e+01,7.188047276262023111e+00,-2.075774023437500000e+04,1.162471294403076172e+00,4.939900000000000624e+00,7.185772657394409180e-01,6.099342703819274902e-01
-4.031933375320954127e+01,7.198967269034247884e+00,1.321682031250000000e+04,1.387438297271728516e+00,4.939910000000000245e+00,6.093239188194274902e-01,4.910678565502166748e-01
-4.031121675747834132e+01,7.225566296007301936e+00,-4.475495605468750000e+03,1.117485284805297852e+00,4.939920000000000755e+00,8.857379555702209473e-01,8.090622425079345703e-01
-4.031819581990679779e+01,7.233771237843648727e+00,5.054814453125000000e+04,1.181616306304931641e+00,4.939930000000000376e+00,6.827189922332763672e-01,5.632421970367431641e-01
-4.031792069236729503e+01,7.253790739828608558e+00,1.703894218750000000e+05,1.790380001068115234e+00,4.939939999999999998e+00,9.315907955169677734e-01,7.730513215065002441e-01
-4.031813570678280456e+01,7.266862967756351210e+00,7.499533203125000000e+03,1.646766185760498047e+00,4.939950000000000507e+00,6.427407860755920410e-01,5.056400299072265625e-01
-4.031091090490906481e+01,7.278895563125284518e+00,7.718744140625000000e+03,1.683225154876708984e+00,4.939960000000000129e+00,5.688116550445556641e-01,4.481904804706573486e-01
-4.031595806456308395e+01,7.297034056073004926e+00,6.261883300781250000e+03,9.948939681053161621e-01,4.939970000000000638e+00,5.685827732086181641e-01,4.423921406269073486e-01
-4.031095145790517620e+01,7.310436080441093942e+00,3.302358886718750000e+03,9.252924323081970215e-01,4.939980000000000260e+00,6.807353496551513672e-01,4.988498687744140625e-01
-4.030744728509368002e+01,7.323944496995527409e+00,6.268051269531250000e+03,9.028858542442321777e-01,4.939990000000000769e+00,6.082558035850524902e-01,4.732913076877593994e-01
-4.030575474313943118e+01,7.341091437099465544e+00,1.208529492187500000e+04,1.171717166900634766e+00,4.940000000000000391e+00,5.545446276664733887e-01,4.455964863300323486e-01
-4.030968039392518421e+01,7.361453380612963393e+00,8.313674804687500000e+03,9.963316321372985840e-01,4.940010000000000012e+00,5.895637273788452148e-01,4.663485288619995117e-01
-4.031242931476835167e+01,7.369785770239402289e+00,3.268725097656250000e+03,9.078711867332458496e-01,4.940020000000000522e+00,5.608007907867431641e-01,4.104248583316802979e-01
-4.030559983054106254e+01,7.383752429947655571e+00,3.228669433593750000e+03,9.157127737998962402e-01,4.940030000000000143e+00,6.357217431068420410e-01,4.645174443721771240e-01
-4.031100879636237977e+01,7.398836351824537694e+00,5.026316406250000000e+03,9.431237578392028809e-01,4.940040000000000653e+00,5.476018786430358887e-01,4.191223978996276855e-01
-4.030816575917740607e+01,7.418460462932988442e+00,4.218200000000000000e+04,8.789700865745544434e-01,4.940050000000000274e+00,6.437326073646545410e-01,5.302067995071411133e-01
-4.030411873300084835e+01,7.428221841085383303e+00,4.781772460937500000e+03,8.478671908378601074e-01,4.940060000000000784e+00,6.693674921989440918e-01,5.101414322853088379e-01
-4.030584956353528270e+01,7.440349951803486128e+00,-3.106565937500000000e+05,1.170749187469482422e+00,4.940070000000000405e+00,6.692149043083190918e-01,5.574438571929931641e-01
-4.030282854713996699e+01,7.456423289773843166e+00,-1.365641992187500000e+04,1.113165140151977539e+00,4.940080000000000027e+00,8.249314427375793457e-01,7.075908780097961426e-01
-4.030406960450716980e+01,7.476393319625788791e+00,-1.466510644531250000e+04,1.368091821670532227e+00,4.940090000000000536e+00,7.632094025611877441e-01,6.532694101333618164e-01
-4.030664488519646937e+01,7.486782161563942495e+00,-4.284105957031250000e+03,1.565120935440063477e+00,4.940100000000000158e+00,7.146099805831909180e-01,6.554819345474243164e-01
-4.030473225518518632e+01,7.502867811661761976e+00,1.087562011718750000e+04,1.502475261688232422e+00,4.940110000000000667e+00,5.650732517242431641e-01,4.523103833198547363e-01
-4.030601404483517314e+01,7.519263021393697066e+00,1.008328320312500000e+04,1.251376390457153320e+00,4.940120000000000289e+00,5.609533786773681641e-01,4.476564228534698486e-01
-4.030664066803333156e+01,7.537267983673060279e+00,9.585716796875000000e+03,1.054054021835327148e+00,4.940130000000000798e+00,5.727027058601379395e-01,4.560487866401672363e-01
-4.030609350704771288e+01,7.546393294299480026e+00,4.145241699218750000e+03,1.041355848312377930e+00,4.940140000000000420e+00,4.751986563205718994e-01,3.573240637779235840e-01
-4.029914589959323479e+01,7.558817986124029886e+00,3.108904541015625000e+03,8.336753249168395996e-01,4.940150000000000041e+00,5.814002156257629395e-01,4.227082133293151855e-01
-4.030646757669127567e+01,7.577538110244867120e+00,2.369324951171875000e+03,6.686920523643493652e-01,4.940160000000000551e+00,5.264683961868286133e-01,3.670134246349334717e-01
-4.031250681751687637e+01,7.597923901235611233e+00,2.009559082031250000e+03,8.700389266014099121e-01,4.940170000000000172e+00,5.624792575836181641e-01,3.799071609973907471e-01
-4.031630352203823975e+01,7.603979713398302032e+00,2.766685058593750000e+03,8.089572787284851074e-01,4.940180000000000682e+00,5.622503757476806641e-01,4.020324647426605225e-01
-4.030639905635278808e+01,7.621624771940118670e+00,4.714351562500000000e+03,7.777077555656433105e-01,4.940190000000000303e+00,5.916236639022827148e-01,4.503267407417297363e-01
-4.031320687029906935e+01,7.636524428757200056e+00,1.111867187500000000e+04,9.226507544517517090e-01,4.940200000000000813e+00,5.247899293899536133e-01,4.204193949699401855e-01
-4.031375042346165571e+01,7.641749706356868010e+00,-1.632239453125000000e+04,7.873458266258239746e-01,4.940210000000000434e+00,5.717108845710754395e-01,4.879397749900817871e-01
-4.031200394677669152e+01,7.666306615614995934e+00,-2.183041601562500000e+04,7.841843962669372559e-01,4.940220000000000056e+00,5.695745944976806641e-01,4.829806685447692871e-01
-4.030788635824529820e+01,7.679690946315735900e+00,3.382909179687500000e+03,9.932608008384704590e-01,4.940230000000000565e+00,5.980323553085327148e-01,4.395692348480224609e-01
-4.031471195191077328e+01,7.699120936228180945e+00,1.028124843750000000e+05,9.466952681541442871e-01,4.940240000000000187e+00,6.641032099723815918e-01,5.501958727836608887e-01
-4.030804378980090519e+01,7.714530767159611280e+00,-3.501601171875000000e+04,9.891230463981628418e-01,4.940250000000000696e+00,6.117653250694274902e-01,5.150242447853088379e-01
-4.031189339832637586e+01,7.731702449151970136e+00,2.300839355468750000e+03,1.184575080871582031e+00,4.940260000000000318e+00,5.926154851913452148e-01,4.109589159488677979e-01
-4.031601532397274212e+01,7.742310141929231726e+00,1.484259277343750000e+03,9.586579203605651855e-01,4.940270000000000827e+00,4.893893897533416748e-01,3.070461452007293701e-01
-4.032249352504386053e+01,7.761662444090258184e+00,4.116558593750000000e+03,7.939822077751159668e-01,4.940280000000000449e+00,4.910678565502166748e-01,3.689970672130584717e-01
-4.031819814476281039e+01,7.770442454706021351e+00,6.790892089843750000e+03,6.585270762443542480e-01,4.940290000000000070e+00,5.578253269195556641e-01,4.362885951995849609e-01
-4.031862336931348523e+01,7.789275626445527401e+00,2.262481445312500000e+03,7.269448637962341309e-01,4.940300000000000580e+00,5.284520387649536133e-01,3.653349578380584717e-01
-4.031633461043384159e+01,7.806755962520260717e+00,2.577509033203125000e+03,6.344825625419616699e-01,4.940310000000000201e+00,6.562448740005493164e-01,4.640596807003021240e-01
-4.031217671073433451e+01,7.821867865279277687e+00,2.643241455078125000e+03,8.310634493827819824e-01,4.940320000000000711e+00,5.424901843070983887e-01,3.851714432239532471e-01
-4.031429202528844513e+01,7.837192164669928296e+00,6.030836425781250000e+03,7.683987021446228027e-01,4.940330000000000332e+00,5.958961248397827148e-01,4.624575078487396240e-01
-4.031166155980126575e+01,7.847440836831349742e+00,4.083518310546875000e+03,9.232718348503112793e-01,4.940340000000000842e+00,5.128117203712463379e-01,3.850188553333282471e-01
-4.031885923382181858e+01,7.867601562803959503e+00,3.141950585937500000e+04,8.264822363853454590e-01,4.940350000000000463e+00,7.593184113502502441e-01,6.232857704162597656e-01
-4.031191575210442579e+01,7.882631769686576639e+00,5.308477539062500000e+03,8.993155360221862793e-01,4.940360000000000085e+00,6.232857704162597656e-01,4.791659414768218994e-01
-4.031347995048954402e+01,7.899662680877695742e+00,6.388743652343750000e+03,1.424576759338378906e+00,4.940370000000000594e+00,5.857489705085754395e-01,4.563539624214172363e-01
-4.030968746999973007e+01,7.914119033693602034e+00,3.178970214843750000e+03,9.342021346092224121e-01,4.940380000000000216e+00,4.950351417064666748e-01,3.609861731529235840e-01
-4.031238555396647882e+01,7.926700139218797680e+00,1.812937622070312500e+03,8.658415675163269043e-01,4.940390000000000725e+00,5.273839235305786133e-01,3.482450544834136963e-01
-4.030842465986023626e+01,7.946841251223130342e+00,2.213759521484375000e+03,6.331533789634704590e-01,4.940400000000000347e+00,4.648989439010620117e-01,3.200924694538116455e-01
-4.031575809142726996e+01,7.954974751700514268e+00,1.688139160156250000e+03,5.936748385429382324e-01,4.940409999999999968e+00,4.768771231174468994e-01,3.095638751983642578e-01
-4.030701971000364381e+01,7.968978612905096348e+00,3.091503173828125000e+03,5.738181471824645996e-01,4.940420000000000478e+00,4.809207320213317871e-01,3.493894636631011963e-01
-4.031318774636510227e+01,7.990874163911100503e+00,1.697067749023437500e+03,6.176561713218688965e-01,4.940430000000000099e+00,4.401032924652099609e-01,2.860652506351470947e-01
-4.031283516980548143e+01,8.001210272741637652e+00,1.611069824218750000e+03,5.192322134971618652e-01,4.940440000000000609e+00,4.611605107784271240e-01,2.958309054374694824e-01
-4.031118794008520467e+01,8.014758899607992149e+00,7.200661132812500000e+03,5.284959673881530762e-01,4.940450000000000230e+00,4.695528745651245117e-01,3.685393035411834717e-01
-4.030952002777485887e+01,8.035130593933708099e+00,1.973330664062500000e+04,4.760760366916656494e-01,4.940460000000000740e+00,5.919288396835327148e-01,4.820651412010192871e-01
-4.031506569639873305e+01,8.047552351644748470e+00,1.839556762695312500e+03,7.677025198936462402e-01,4.940470000000000361e+00,5.202122330665588379e-01,3.446592092514038086e-01
-4.031518406397945142e+01,8.060491222198249872e+00,2.463256591796875000e+03,8.979482054710388184e-01,4.940479999999999983e+00,5.296727418899536133e-01,3.717436790466308594e-01
-4.031029860424223443e+01,8.074354543794235894e+00,2.263596435546875000e+03,7.521111369132995605e-01,4.940490000000000492e+00,5.199070572853088379e-01,3.594602942466735840e-01
-4.030720808905373076e+01,8.088193395178883804e+00,3.867177734375000000e+03,8.276707530021667480e-01,4.940500000000000114e+00,5.595037937164306641e-01,4.176727831363677979e-01
-4.030963924801917386e+01,8.106200229305873250e+00,3.894557861328125000e+03,6.802875399589538574e-01,4.940510000000000623e+00,5.704138875007629395e-01,4.261414706707000732e-01
-4.030421091708838333e+01,8.117532442173557072e+00,5.117848632812500000e+03,8.027309775352478027e-01,4.940520000000000245e+00,6.113838553428649902e-01,4.686373472213745117e-01
-4.030885674025763166e+01,8.132441014342797203e+00,-3.271457812500000000e+04,8.448464274406433105e-01,4.940530000000000754e+00,5.524846911430358887e-01,4.655092954635620117e-01
-4.031587246563388049e+01,8.151258717640908813e+00,1.066902343750000000e+04,8.338338732719421387e-01,4.940540000000000376e+00,6.571604013442993164e-01,5.256291627883911133e-01
-4.030935230176232409e+01,8.164298923403839225e+00,4.045593994140625000e+03,9.566969275474548340e-01,4.940549999999999997e+00,6.077980399131774902e-01,4.558961987495422363e-01
-4.030628491422906023e+01,8.183515622113075594e+00,4.964951171875000000e+03,1.051294326782226562e+00,4.940560000000000507e+00,5.444738268852233887e-01,4.162994921207427979e-01
-4.031290790448962724e+01,8.191968909581648361e+00,5.417315429687500000e+03,8.903557658195495605e-01,4.940570000000000128e+00,6.119942069053649902e-01,4.712313413619995117e-01
-4.031434902142709120e+01,8.209956407630322417e+00,3.824920898437500000e+03,8.689350485801696777e-01,4.940580000000000638e+00,6.109260916709899902e-01,4.555147290229797363e-01
-4.030368421973435744e+01,8.222898713749662747e+00,-1.220641406250000000e+04,9.488827586174011230e-01,4.940590000000000259e+00,5.429479479789733887e-01,4.674166440963745117e-01
-4.031518029027605365e+01,8.239906594087464953e+00,3.147601318359375000e+03,9.819263815879821777e-01,4.940600000000000769e+00,5.039615631103515625e-01,3.670134246349334717e-01
-4.031107969784184064e+01,8.250330590480228210e+00,8.533505859375000000e+03,7.439572215080261230e-01,4.940610000000000390e+00,4.816836714744567871e-01,3.815093338489532471e-01
-4.031763957266819176e+01,8.264737004557012767e+00,3.817356933593750000e+03,7.379872202873229980e-01,4.940620000000000012e+00,4.927463233470916748e-01,3.673186004161834717e-01
-4.031069617876062949e+01,8.287047269639659319e+00,1.075625585937500000e+04,6.619459986686706543e-01,4.940630000000000521e+00,6.625772714614868164e-01,5.301305055618286133e-01
-4.031694924637769617e+01,8.300787979083436241e+00,4.488346191406250000e+03,7.953829169273376465e-01,4.940640000000000143e+00,6.390786767005920410e-01,4.842776656150817871e-01
-4.030943957356218732e+01,8.315142302728013135e+00,8.277977539062500000e+03,1.002803564071655273e+00,4.940650000000000652e+00,6.817271709442138672e-01,5.391332507133483887e-01
-4.031925224128395513e+01,8.327357707862690361e+00,5.197984863281250000e+03,1.121904373168945312e+00,4.940660000000000274e+00,6.779124140739440918e-01,5.202885270118713379e-01
-4.032024346015487737e+01,8.354801577732247964e+00,-3.996866210937500000e+03,1.235097169876098633e+00,4.940670000000000783e+00,8.311875462532043457e-01,7.677870392799377441e-01
-4.031928109933804905e+01,8.364931643532932171e+00,-2.227326757812500000e+04,1.296315908432006836e+00,4.940680000000000405e+00,8.427842855453491211e-01,7.143810987472534180e-01
-4.031244085972880953e+01,8.378016744556097350e+00,7.133652832031250000e+03,1.654386043548583984e+00,4.940690000000000026e+00,5.556890964508056641e-01,4.359071254730224609e-01
-4.032053813037141055e+01,8.394758742542084207e+00,3.537916015625000000e+03,1.567853212356567383e+00,4.940700000000000536e+00,5.203648209571838379e-01,3.845610916614532471e-01
-4.031896720165279646e+01,8.408028243742579733e+00,2.534855468750000000e+03,8.688051104545593262e-01,4.940710000000000157e+00,6.211495399475097656e-01,4.380433559417724609e-01
-4.031878085630955155e+01,8.429738689659156847e+00,3.910693115234375000e+03,7.933408617973327637e-01,4.940720000000000667e+00,5.624029636383056641e-01,4.203431010246276855e-01
-4.031873589355262766e+01,8.448562424049070430e+00,5.383655761718750000e+03,8.862823843955993652e-01,4.940730000000000288e+00,5.487462878227233887e-01,4.223267436027526855e-01
-4.031995030302580574e+01,8.460400046242929406e+00,2.215977294921875000e+03,8.374351859092712402e-01,4.940740000000000798e+00,5.199833512306213379e-01,3.580870032310485840e-01
-4.032155298187044679e+01,8.468325699495711234e+00,1.543254272460937500e+03,7.044739127159118652e-01,4.940750000000000419e+00,5.245610475540161133e-01,3.326810300350189209e-01
-4.031659448821992697e+01,8.481219096996133189e+00,3.390468017578125000e+03,7.575435042381286621e-01,4.940760000000000041e+00,4.964847564697265625e-01,3.650297820568084717e-01
-4.032463326671678772e+01,8.498621464604003251e+00,4.549752929687500000e+03,6.916994452476501465e-01,4.940770000000000550e+00,5.691931247711181641e-01,4.318635165691375732e-01
-4.031233937299897718e+01,8.516303590906936449e+00,-6.224871250000000000e+05,7.684559226036071777e-01,4.940780000000000172e+00,6.332803368568420410e-01,5.271550416946411133e-01
-4.032016267248462782e+01,8.526188330182989716e+00,5.857933105468750000e+03,8.685976862907409668e-01,4.940790000000000681e+00,6.353402733802795410e-01,4.920596778392791748e-01
-4.032040815989127225e+01,8.544812139307346399e+00,5.717149414062500000e+03,1.022074937820434570e+00,4.940800000000000303e+00,6.042885184288024902e-01,4.671877622604370117e-01
-4.032336529460283003e+01,8.561254849318169491e+00,2.290417480468750000e+03,9.206957221031188965e-01,4.940810000000000812e+00,6.724955439567565918e-01,4.659670591354370117e-01
-4.031390805061266747e+01,8.572576901243902370e+00,6.710657714843750000e+03,1.033879041671752930e+00,4.940820000000000434e+00,5.643866062164306641e-01,4.410951137542724609e-01
-4.031621286631109058e+01,8.592501944043133832e+00,2.573857226562500000e+04,8.325654864311218262e-01,4.940830000000000055e+00,6.756998896598815918e-01,5.530187487602233887e-01
-4.031381827752566949e+01,8.602511426567852837e+00,6.926326660156250000e+03,1.017256498336791992e+00,4.940840000000000565e+00,4.807681441307067871e-01,3.764739036560058594e-01
-4.031681884441360353e+01,8.619160220946366024e+00,4.144648925781250000e+03,1.081177711486816406e+00,4.940850000000000186e+00,5.566809177398681641e-01,4.185883402824401855e-01
-4.030343816566184501e+01,8.633085953847453808e+00,2.714145263671875000e+03,7.748407721519470215e-01,4.940860000000000696e+00,5.794165730476379395e-01,4.130951464176177979e-01
-4.031571007481003477e+01,8.651856857289569547e+00,2.138823974609375000e+03,8.287197947502136230e-01,4.940870000000000317e+00,5.253239870071411133e-01,3.593077063560485840e-01
-4.030932411661049031e+01,8.668239251803642631e+00,3.038307617187500000e+04,8.201319575309753418e-01,4.940880000000000827e+00,7.165173292160034180e-01,5.878852605819702148e-01
-4.030671681285672037e+01,8.683360738279148450e+00,5.558081250000000000e+04,8.156771063804626465e-01,4.940890000000000448e+00,7.490186691284179688e-01,6.184029579162597656e-01
-4.030965048109962368e+01,8.694234788039739925e+00,-1.333625468750000000e+05,1.295531511306762695e+00,4.940900000000000070e+00,6.623483896255493164e-01,5.527135729789733887e-01
-4.031327788517691602e+01,8.711066619023169366e+00,9.021450781250000000e+04,1.302533864974975586e+00,4.940910000000000579e+00,7.008770108222961426e-01,5.803321003913879395e-01
-4.030955765539557945e+01,8.723771424475053493e+00,6.669632812500000000e+03,1.295635223388671875e+00,4.940920000000000201e+00,5.716345906257629395e-01,4.465883076190948486e-01
-4.030603418785072023e+01,8.730673716696484732e+00,4.554162500000000000e+04,1.163938760757446289e+00,4.940930000000000710e+00,7.340649962425231934e-01,6.050514578819274902e-01
-4.031461318852354481e+01,8.750461368563421161e+00,3.575451171875000000e+03,1.084573984146118164e+00,4.940940000000000332e+00,6.058143973350524902e-01,4.482667744159698486e-01
-4.030792579209682458e+01,8.771801439305297876e+00,4.784255859375000000e+03,1.352390766143798828e+00,4.940950000000000841e+00,6.925609111785888672e-01,5.278416872024536133e-01
-4.031192465188322416e+01,8.782930480498814418e+00,9.497002929687500000e+03,1.148989915847778320e+00,4.940960000000000463e+00,6.783701777458190918e-01,5.399724841117858887e-01
-4.031419699181267191e+01,8.802579414754829301e+00,3.174009033203125000e+03,1.170353412628173828e+00,4.940970000000000084e+00,6.682230830192565918e-01,4.871768355369567871e-01
-4.031608508024819315e+01,8.818589199545467494e+00,3.921771240234375000e+03,1.099221229553222656e+00,4.940980000000000594e+00,5.919288396835327148e-01,4.425447285175323486e-01
-4.030896658632094187e+01,8.834375318002541277e+00,2.928319335937500000e+04,1.107170104980468750e+00,4.940990000000000215e+00,5.490514636039733887e-01,4.502504467964172363e-01
-4.031295288865996440e+01,8.847618193690237831e+00,1.125575156250000000e+05,9.585589766502380371e-01,4.941000000000000725e+00,5.337926149368286133e-01,4.423921406269073486e-01
-4.031310722376491640e+01,8.866798269717914849e+00,1.825565156250000000e+05,8.026117682456970215e-01,4.941010000000000346e+00,6.115364432334899902e-01,5.075473785400390625e-01
-4.031141489045031534e+01,8.879852031123917300e+00,2.576756591796875000e+03,8.553404211997985840e-01,4.941019999999999968e+00,5.316563844680786133e-01,3.759398460388183594e-01
-4.031119553339955530e+01,8.891918191911221570e+00,7.990778808593750000e+03,8.391661047935485840e-01,4.941030000000000477e+00,6.901195049285888672e-01,5.447790026664733887e-01
-4.031764044199842090e+01,8.911153737502008454e+00,5.058759277343750000e+03,8.676702380180358887e-01,4.941040000000000099e+00,5.853675007820129395e-01,4.482667744159698486e-01
-4.030179976435260158e+01,8.920933946157939332e+00,4.315015625000000000e+03,1.206446409225463867e+00,4.941050000000000608e+00,7.238415479660034180e-01,5.464574694633483887e-01
-4.031680705903787043e+01,8.935391220834818071e+00,5.398425781250000000e+03,9.519750475883483887e-01,4.941060000000000230e+00,6.512094736099243164e-01,5.012912750244140625e-01
-4.031374683037836348e+01,8.952758104427779529e+00,3.517383300781250000e+03,1.257818460464477539e+00,4.941070000000000739e+00,5.952094793319702148e-01,4.395692348480224609e-01
-4.032660961822452350e+01,8.968655999951344882e+00,4.811284667968750000e+03,9.774929881095886230e-01,4.941080000000000361e+00,5.744574666023254395e-01,4.380433559417724609e-01
-4.031817565413425086e+01,8.984423411089732525e+00,-6.599603906250000000e+04,9.296936392784118652e-01,4.941089999999999982e+00,5.608007907867431641e-01,4.694765806198120117e-01
-4.032036842767998763e+01,9.000762778365695382e+00,2.769391357421875000e+03,9.589666724205017090e-01,4.941100000000000492e+00,5.059452056884765625e-01,3.618254065513610840e-01
-4.032146275070146402e+01,9.014176566351741471e+00,-6.681747070312500000e+03,1.001715183258056641e+00,4.941110000000000113e+00,6.111549735069274902e-01,5.412694811820983887e-01
-4.032126231635286473e+01,9.033042153458675116e+00,-3.605645263671875000e+03,6.687027812004089355e-01,4.941120000000000623e+00,1.070369958877563477e+00,1.000026702880859375e+00
-4.031922832476680441e+01,9.043472668269046721e+00,3.925372314453125000e+03,1.546886682510375977e+00,4.941130000000000244e+00,7.687025666236877441e-01,5.747626423835754395e-01
-4.032198639686406239e+01,9.059818515499314273e+00,3.395323974609375000e+03,1.722316265106201172e+00,4.941140000000000754e+00,5.399724841117858887e-01,3.970733582973480225e-01
-4.031896616825270030e+01,9.080486221824225268e+00,1.931685546875000000e+03,1.494948387145996094e+00,4.941150000000000375e+00,5.865882635116577148e-01,3.928771615028381348e-01
-4.032179081990223324e+01,9.091298154383512298e+00,9.675758789062500000e+03,1.045522212982177734e+00,4.941159999999999997e+00,6.640268564224243164e-01,5.289860963821411133e-01
-4.032930237643306981e+01,9.105304375567216724e+00,3.585186035156250000e+03,8.902389407157897949e-01,4.941170000000000506e+00,5.329533815383911133e-01,3.944793343544006348e-01
-4.032150263151359582e+01,9.121707577769896602e+00,3.601471679687500000e+03,1.107266664505004883e+00,4.941180000000000128e+00,5.449315905570983887e-01,4.035583734512329102e-01
-4.032016566627959975e+01,9.133308689481703269e+00,5.573012695312500000e+03,7.766181826591491699e-01,4.941190000000000637e+00,5.526372790336608887e-01,4.264466464519500732e-01
-4.032012975185627113e+01,9.150994173323702796e+00,5.019211914062500000e+03,8.679038882255554199e-01,4.941200000000000259e+00,4.859561324119567871e-01,3.718962669372558594e-01
-4.031931588583508841e+01,9.160141705322255135e+00,3.361826660156250000e+03,7.811469435691833496e-01,4.941210000000000768e+00,5.846808552742004395e-01,4.294221103191375732e-01
-4.031262111700591788e+01,9.175156331188141223e+00,3.380656494140625000e+03,9.015280604362487793e-01,4.941220000000000390e+00,6.856944561004638672e-01,5.039615631103515625e-01
-4.032242021382506891e+01,9.193713971035721855e+00,-1.090380566406250000e+04,9.940773844718933105e-01,4.941230000000000011e+00,6.251931190490722656e-01,5.404302477836608887e-01
-4.031146089645122998e+01,9.207255430100467208e+00,-1.534034375000000000e+04,1.122920036315917969e+00,4.941240000000000521e+00,7.522993087768554688e-01,6.431222558021545410e-01
-4.032116906710948712e+01,9.218017910188860853e+00,4.168186035156250000e+03,1.202585220336914062e+00,4.941250000000000142e+00,6.331277489662170410e-01,4.763430655002593994e-01
-4.031228145992884748e+01,9.240075691407461989e+00,4.835091308593750000e+03,1.469137191772460938e+00,4.941260000000000652e+00,6.251168251037597656e-01,4.768771231174468994e-01
-4.031676240263951172e+01,9.257716082712425631e+00,-2.380764453125000000e+04,1.104819297790527344e+00,4.941270000000000273e+00,6.829478740692138672e-01,5.781958699226379395e-01
-4.030825218919277120e+01,9.265824511453129020e+00,2.861231933593750000e+03,1.123655557632446289e+00,4.941280000000000783e+00,5.675146579742431641e-01,4.078308343887329102e-01
-4.031325666793402718e+01,9.283952940250799202e+00,1.899006835937500000e+03,1.176787137985229492e+00,4.941290000000000404e+00,5.661413669586181641e-01,3.777709007263183594e-01
-4.031389652147051805e+01,9.297263994856473701e+00,2.674792236328125000e+03,9.494490027427673340e-01,4.941300000000000026e+00,5.058689117431640625e-01,3.598417639732360840e-01
-4.031456444212571455e+01,9.312141232602190399e+00,4.413487304687500000e+03,6.499666571617126465e-01,4.941310000000000535e+00,5.669806003570556641e-01,4.289643466472625732e-01
-4.030161152060605900e+01,9.331688316247293002e+00,3.548531250000000000e+03,7.156676650047302246e-01,4.941320000000000157e+00,4.974765777587890625e-01,3.677763640880584717e-01
-4.030791277943485795e+01,9.343639237846581125e+00,2.803491210937500000e+03,7.598156332969665527e-01,4.941330000000000666e+00,6.605936288833618164e-01,4.732913076877593994e-01
-4.030254882972096908e+01,9.360441801724579847e+00,5.560526562500000000e+04,7.655007243156433105e-01,4.941340000000000288e+00,5.827735066413879395e-01,4.811496138572692871e-01
-4.031010419121687960e+01,9.372031623811574619e+00,-9.634473632812500000e+03,9.295756220817565918e-01,4.941350000000000797e+00,6.088661551475524902e-01,5.289860963821411133e-01
-4.030294567731687039e+01,9.384137651101637445e+00,-1.397866601562500000e+04,9.623796343803405762e-01,4.941360000000000419e+00,6.531931161880493164e-01,5.598852634429931641e-01
-4.031284706737338297e+01,9.400550204449061198e+00,2.393466796875000000e+03,1.242689609527587891e+00,4.941370000000000040e+00,5.956672430038452148e-01,4.159943163394927979e-01
-4.030517174213139953e+01,9.419644026765615408e+00,6.375872070312500000e+03,1.133067131042480469e+00,4.941380000000000550e+00,6.075691580772399902e-01,4.732913076877593994e-01
-4.030244601371543212e+01,9.434936994096274177e+00,7.441687011718750000e+03,8.085424304008483887e-01,4.941390000000000171e+00,5.338689088821411133e-01,4.198090434074401855e-01
-4.030381147461082492e+01,9.443686080106855840e+00,6.884234863281250000e+03,8.509022593498229980e-01,4.941400000000000681e+00,4.797762930393218994e-01,3.755583763122558594e-01
-4.029982869304181037e+01,9.459503370327619010e+00,1.143455371093750000e+04,7.538027167320251465e-01,4.941410000000000302e+00,5.585882663726806641e-01,4.479615986347198486e-01
-4.030414535286401900e+01,9.480781715431222167e+00,3.758330322265625000e+03,7.084960341453552246e-01,4.941420000000000812e+00,6.689097285270690918e-01,4.977817535400390625e-01
-4.029928791933402721e+01,9.493222785236230976e+00,1.180132910156250000e+04,9.678704142570495605e-01,4.941430000000000433e+00,6.095528006553649902e-01,4.893893897533416748e-01
-4.031128970424155966e+01,9.504381906074909736e+00,5.265426757812500000e+03,1.076346158981323242e+00,4.941440000000000055e+00,6.871440410614013672e-01,5.279179811477661133e-01
-4.030407028896035371e+01,9.527296401263859238e+00,2.083668164062500000e+04,1.098389148712158203e+00,4.941450000000000564e+00,6.840922832489013672e-01,5.577490329742431641e-01
-4.031510565387942790e+01,9.539952067771480415e+00,2.447491699218750000e+03,1.291800260543823242e+00,4.941460000000000186e+00,5.533239245414733887e-01,3.879180550575256348e-01
-4.031549949352054796e+01,9.553021444405759510e+00,2.707268066406250000e+03,1.025391340255737305e+00,4.941470000000000695e+00,5.331822633743286133e-01,3.799834549427032471e-01
-4.031770514534824912e+01,9.563998554417452169e+00,1.894310058593750000e+03,7.827598452568054199e-01,4.941480000000000317e+00,5.783484578132629395e-01,3.857055008411407471e-01
-4.031051633618996277e+01,9.582127903151256731e+00,-1.229188867187500000e+04,8.444601893424987793e-01,4.941490000000000826e+00,4.758853018283843994e-01,4.095855951309204102e-01
-4.032259379416174028e+01,9.599599891656692918e+00,6.047103515625000000e+03,8.452278971672058105e-01,4.941500000000000448e+00,5.263921022415161133e-01,4.085937738418579102e-01
-4.031757073101616839e+01,9.612105914056384037e+00,2.049516357421875000e+03,7.231063246726989746e-01,4.941510000000000069e+00,5.186863541603088379e-01,3.517545759677886963e-01
-4.032437222424857026e+01,9.622803832625779208e+00,3.459027587890625000e+03,6.422311663627624512e-01,4.941520000000000579e+00,6.081032156944274902e-01,4.481904804706573486e-01
-4.031658273187662189e+01,9.640108446978018719e+00,2.701794677734375000e+03,7.034344077110290527e-01,4.941530000000000200e+00,6.285500526428222656e-01,4.478090107440948486e-01
-4.033332551534714128e+01,9.658752546221556656e+00,5.823682617187500000e+03,8.575374484062194824e-01,4.941540000000000710e+00,5.665228366851806641e-01,4.385774135589599609e-01
-4.031902282315101615e+01,9.667698201029381266e+00,2.044935180664062500e+03,8.618540167808532715e-01,4.941550000000000331e+00,6.058143973350524902e-01,4.106537401676177979e-01
-4.032692606173440453e+01,9.681905565158897886e+00,4.300531738281250000e+03,8.751077055931091309e-01,4.941560000000000841e+00,5.952857732772827148e-01,4.492586255073547363e-01
-4.032688918811086154e+01,9.704699079008769047e+00,4.129862304687500000e+03,9.354490637779235840e-01,4.941570000000000462e+00,4.986209869384765625e-01,3.747954368591308594e-01
-4.032999400339728169e+01,9.715838834660562640e+00,4.920633300781250000e+03,8.444005846977233887e-01,4.941580000000000084e+00,4.771822988986968994e-01,3.645720183849334717e-01
-4.032447223930744684e+01,9.735580039986922785e+00,1.601340942382812500e+03,7.570309042930603027e-01,4.941590000000000593e+00,4.734438955783843994e-01,3.032314479351043701e-01
-4.032761926645450501e+01,9.747014861576870359e+00,1.644092529296875000e+03,7.089013457298278809e-01,4.941600000000000215e+00,4.773348867893218994e-01,3.078090846538543701e-01
-4.033024015678169860e+01,9.758614104241519982e+00,2.909357910156250000e+03,5.306274294853210449e-01,4.941610000000000724e+00,5.770514607429504395e-01,4.156891405582427979e-01
-4.032311925299037370e+01,9.773634771574991831e+00,3.371931152343750000e+03,6.442195773124694824e-01,4.941620000000000346e+00,5.864356756210327148e-01,4.308716952800750732e-01
-4.033606694231818324e+01,9.780520824825373438e+00,5.250451660156250000e+03,7.369715571403503418e-01,4.941629999999999967e+00,5.652258396148681641e-01,4.341523647308349609e-01
-4.033047890906915711e+01,9.787226941198033714e+00,-1.211177246093750000e+03,8.530802130699157715e-01,4.941640000000000477e+00,8.701357990503311157e-02,1.022724211215972900e-01
-4.032631959772863439e+01,9.794702747121318609e+00,-5.207681884765625000e+02,6.622595191001892090e-01,4.941650000000000098e+00,2.185829915106296539e-02,4.062668234109878540e-02
-4.031764992341479825e+01,9.794755424115354714e+00,-5.998197631835937500e+02,2.575260698795318604e-01,4.941660000000000608e+00,1.987464912235736847e-02,3.322613984346389771e-02
