# x_coordinates, y_coordinates, TEP, TED, times, high, low
-3.402156713332136206e+01,2.048534208595944150e+00,-2.959557373046875000e+03,7.889688760042190552e-02,4.994160000000000821e+00,2.376565523445606232e-02,2.277383022010326385e-02
-3.402229590068448317e+01,2.046732913780718643e+00,1.117151000976562500e+03,7.075250893831253052e-02,4.994170000000000442e+00,2.120598256587982178e-01,1.212696880102157593e-01
-3.401871888414591183e+01,2.036311985412135872e+00,1.710352783203125000e+03,8.739770203828811646e-02,4.994180000000000064e+00,2.563867866992950439e-01,1.669699400663375854e-01
-3.402046151441358290e+01,2.034138855080130259e+00,3.457905029296875000e+03,1.828986555337905884e-01,4.994190000000000573e+00,2.648554444313049316e-01,1.951988041400909424e-01
-3.401914930744123211e+01,2.030248044674609176e+00,3.875991699218750000e+03,3.706807196140289307e-01,4.994200000000000195e+00,2.448663562536239624e-01,1.828391402959823608e-01
-3.401637406629176041e+01,2.041234879802535485e+00,2.321555908203125000e+03,2.938455641269683838e-01,4.994210000000000704e+00,2.490625381469726562e-01,1.729971766471862793e-01
-3.401181410371369651e+01,2.041184721279094116e+00,4.773270507812500000e+03,2.251678854227066040e-01,4.994220000000000326e+00,3.058254420757293701e-01,2.330407500267028809e-01
-3.401515631151104202e+01,2.043934193105064523e+00,1.339130664062500000e+04,2.975958883762359619e-01,4.994230000000000835e+00,3.256619572639465332e-01,2.625666260719299316e-01
-3.401338731850767516e+01,2.061009043940408514e+00,1.413373413085937500e+03,4.005807936191558838e-01,4.994240000000000457e+00,3.118526935577392578e-01,1.929099708795547485e-01
-3.400710246563356520e+01,2.067746270022186028e+00,1.428462036132812500e+03,4.401570856571197510e-01,4.994250000000000078e+00,3.084194362163543701e-01,1.913840919733047485e-01
-3.401327149174930753e+01,2.076133169347586183e+00,1.630263916015625000e+03,3.859502375125885010e-01,4.994260000000000588e+00,2.766810357570648193e-01,1.780326068401336670e-01
-3.401518404779071858e+01,2.080129553573332402e+00,2.730230712890625000e+03,3.674787580966949463e-01,4.994270000000000209e+00,2.695856988430023193e-01,1.923759132623672485e-01
-3.401063208823332928e+01,2.099169270617621041e+00,1.605739379882812500e+03,2.868038713932037354e-01,4.994280000000000719e+00,2.713404595851898193e-01,1.739127188920974731e-01
-3.401393452172195708e+01,2.121484026914314036e+00,2.007937988281250000e+03,2.981156408786773682e-01,4.994290000000000340e+00,2.812587022781372070e-01,1.899345070123672485e-01
-3.401239092340590275e+01,2.137428076469961358e+00,2.689079833984375000e+03,2.528518736362457275e-01,4.994300000000000850e+00,2.632532715797424316e-01,1.874167919158935547e-01
-3.400945094920058409e+01,2.151423484160746025e+00,2.523621337890625000e+03,3.632253706455230713e-01,4.994310000000000471e+00,2.250298559665679932e-01,1.585775762796401978e-01
-3.400980613433505084e+01,2.168547594518432042e+00,1.530106445312500000e+03,2.611893713474273682e-01,4.994320000000000093e+00,2.769099175930023193e-01,1.752097159624099731e-01
-3.401827790290899145e+01,2.196602552696570232e+00,2.188545898437500000e+03,2.012866884469985962e-01,4.994330000000000602e+00,3.342069089412689209e-01,2.296075075864791870e-01
-3.400237226292440340e+01,2.219036641954795552e+00,2.240174609375000000e+04,3.005463182926177979e-01,4.994340000000000224e+00,3.379453122615814209e-01,2.759180963039398193e-01
-3.400902876880318360e+01,2.238927833351186614e+00,1.117600708007812500e+03,4.833823740482330322e-01,4.994350000000000733e+00,2.812587022781372070e-01,1.608663946390151978e-01
-3.400976560901342083e+01,2.263212306377254013e+00,1.716385498046875000e+03,3.816622793674468994e-01,4.994360000000000355e+00,3.755583763122558594e-01,2.447900623083114624e-01
-3.400695864539634528e+01,2.291744596714664794e+00,8.315714843750000000e+03,3.202277719974517822e-01,4.994369999999999976e+00,3.150570392608642578e-01,2.492151260375976562e-01
-3.400911095572678278e+01,2.309517758963784750e+00,1.654025146484375000e+03,5.397409796714782715e-01,4.994380000000000486e+00,2.826319932937622070e-01,1.825339645147323608e-01
-3.400679801427815363e+01,2.331231751650576278e+00,1.277685302734375000e+03,4.487115442752838135e-01,4.994390000000000107e+00,2.437982261180877686e-01,1.461416035890579224e-01
-3.400935224635270515e+01,2.352784677608441122e+00,1.187253540039062500e+03,2.725416719913482666e-01,4.994400000000000617e+00,3.232968151569366455e-01,1.890189647674560547e-01
-3.400824081092140005e+01,2.374465425252960227e+00,1.493938720703125000e+03,2.600068151950836182e-01,4.994410000000000238e+00,3.179562389850616455e-01,1.998527497053146362e-01
-3.400910408114965122e+01,2.396769623095901469e+00,1.794205932617187500e+03,3.687638342380523682e-01,4.994420000000000748e+00,2.901851236820220947e-01,1.911552101373672485e-01
-3.401739730648291982e+01,2.411877873465880562e+00,1.778940307617187500e+03,2.978831827640533447e-01,4.994430000000000369e+00,3.093349933624267578e-01,2.033622860908508301e-01
-3.401169943992577060e+01,2.425891801740877263e+00,1.871611206054687500e+03,3.630024492740631104e-01,4.994439999999999991e+00,3.048336207866668701e-01,2.027519345283508301e-01
-3.400454513303321136e+01,2.445675271279815099e+00,1.792011718750000000e+03,3.944939672946929932e-01,4.994450000000000500e+00,3.492368757724761963e-01,2.299889773130416870e-01
-3.401156315209335901e+01,2.463088074184883958e+00,1.398929980468750000e+04,3.870278894901275635e-01,4.994460000000000122e+00,2.902614176273345947e-01,2.343377470970153809e-01
-3.400978025723614451e+01,2.491308642910694537e+00,1.475735961914062500e+03,4.069143831729888916e-01,4.994470000000000631e+00,2.856837809085845947e-01,1.789481341838836670e-01
-3.400382146777521797e+01,2.504812486089029733e+00,1.586363403320312500e+03,3.356188833713531494e-01,4.994480000000000253e+00,2.569208443164825439e-01,1.641470491886138916e-01
-3.400766271512767247e+01,2.526520451296168090e+00,1.055607910156250000e+03,2.440029531717300415e-01,4.994490000000000762e+00,3.368771970272064209e-01,1.884849071502685547e-01
-3.400807103303802847e+01,2.541635803021362161e+00,2.498845947265625000e+03,2.678424417972564697e-01,4.994500000000000384e+00,2.210625559091567993e-01,1.555258035659790039e-01
-3.401034029384519641e+01,2.559443110140309230e+00,1.052482421875000000e+03,3.345221579074859619e-01,4.994510000000000005e+00,2.317437380552291870e-01,1.295094639062881470e-01
-3.400901236361151092e+01,2.586100640778942861e+00,1.341473754882812500e+03,1.968366056680679321e-01,4.994520000000000515e+00,2.689753174781799316e-01,1.637655794620513916e-01
-3.400581769538579380e+01,2.603820272206835984e+00,8.183881835937500000e+02,1.817327886819839478e-01,4.994530000000000136e+00,2.581415474414825439e-01,1.287465244531631470e-01
-3.401011151912774011e+01,2.619363707994236456e+00,1.364160644531250000e+03,2.110797315835952759e-01,4.994540000000000646e+00,2.780543565750122070e-01,1.701743006706237793e-01
-3.400232553992094608e+01,2.638044940568232910e+00,1.658778320312500000e+03,2.039247900247573853e-01,4.994550000000000267e+00,2.916347086429595947e-01,1.884849071502685547e-01
-3.400865355184290451e+01,2.657141043196304953e+00,1.086454467773437500e+03,2.843743860721588135e-01,4.994560000000000777e+00,2.760706841945648193e-01,1.562124490737915039e-01
-3.400961443777578097e+01,2.682280512477507095e+00,1.726073486328125000e+03,3.156692087650299072e-01,4.994570000000000398e+00,3.431333303451538086e-01,2.239617258310317993e-01
-3.400859616864830315e+01,2.697018339977454993e+00,3.019437500000000000e+03,3.033238947391510010e-01,4.994580000000000020e+00,2.793513536453247070e-01,2.022941708564758301e-01
-3.400709852461583438e+01,2.713816810700001358e+00,2.355395263671875000e+03,3.828758299350738525e-01,4.994590000000000529e+00,3.058254420757293701e-01,2.129753679037094116e-01
-3.400774953721071370e+01,2.734732143789214476e+00,1.748516357421875000e+03,3.584271967411041260e-01,4.994600000000000151e+00,2.503595352172851562e-01,1.639181673526763916e-01
-3.400947332052297156e+01,2.758258665779370844e+00,3.405675781250000000e+03,4.574495851993560791e-01,4.994610000000000660e+00,2.210625559091567993e-01,1.626211702823638916e-01
-3.400724219446352237e+01,2.781591068544655432e+00,2.689160888671875000e+03,2.886396944522857666e-01,4.994620000000000282e+00,2.497491836547851562e-01,1.778037250041961670e-01
-3.400614908713350815e+01,2.806385358133678398e+00,5.521903808593750000e+03,2.256745249032974243e-01,4.994630000000000791e+00,2.623377442359924316e-01,2.022941708564758301e-01
-3.400795264802137297e+01,2.823939710968580652e+00,2.144092285156250000e+03,2.446311861276626587e-01,4.994640000000000413e+00,2.617273926734924316e-01,1.791007220745086670e-01
-3.401416750535737776e+01,2.845024543646503812e+00,1.322992431640625000e+03,2.657264769077301025e-01,4.994650000000000034e+00,2.878963053226470947e-01,1.745230704545974731e-01
-3.401086548631119655e+01,2.867014577496919348e+00,1.937168212890625000e+03,2.327591329813003540e-01,4.994660000000000544e+00,2.643976807594299316e-01,1.771933585405349731e-01
-3.401313586697006031e+01,2.882848788611900304e+00,1.959312133789062500e+03,2.816456854343414307e-01,4.994670000000000165e+00,2.543268501758575439e-01,1.708609461784362793e-01
-3.400690177565432748e+01,2.908664950901366453e+00,2.331729980468750000e+03,2.085346132516860962e-01,4.994680000000000675e+00,3.335965573787689209e-01,2.318963259458541870e-01
-3.401074699071392615e+01,2.936662184841074996e+00,2.371108154296875000e+03,3.240257799625396729e-01,4.994690000000000296e+00,2.534875869750976562e-01,1.767355948686599731e-01
-3.401394477015762163e+01,2.952668714757060275e+00,2.967435546875000000e+03,3.963142931461334229e-01,4.994700000000000806e+00,3.949371278285980225e-01,2.853023111820220947e-01
-3.401301726179022467e+01,2.966826677616878793e+00,1.126391601562500000e+03,3.775996267795562744e-01,4.994710000000000427e+00,2.950679659843444824e-01,1.692587584257125854e-01
-3.401413679677845181e+01,2.985857979672334128e+00,1.691454345703125000e+03,4.662174284458160400e-01,4.994720000000000049e+00,3.023159205913543701e-01,1.963432133197784424e-01
-3.401203336726263160e+01,3.001168657817649521e+00,1.062511962890625000e+03,3.100258409976959229e-01,4.994730000000000558e+00,2.907191812992095947e-01,1.630789339542388916e-01
-3.400856862210456200e+01,3.023066539842196754e+00,2.311567138671875000e+03,3.243285715579986572e-01,4.994740000000000180e+00,3.431333303451538086e-01,2.381524592638015747e-01
-3.400850437576943364e+01,3.045283303175244871e+00,5.920867187500000000e+03,2.877241671085357666e-01,4.994750000000000689e+00,3.914275765419006348e-01,3.033840358257293701e-01
-3.401189755208406496e+01,3.068269741711743048e+00,3.537127685546875000e+03,5.323237776756286621e-01,4.994760000000000311e+00,4.153839647769927979e-01,3.069698512554168701e-01
-3.401279925507209612e+01,3.084050467797756934e+00,2.203708496093750000e+03,6.109423041343688965e-01,4.994770000000000820e+00,3.630461096763610840e-01,2.497491836547851562e-01
-3.400724875068952713e+01,3.110541333383096685e+00,3.850781494140625000e+03,5.846232771873474121e-01,4.994780000000000442e+00,3.354276120662689209e-01,2.502832412719726562e-01
-3.401240550278172492e+01,3.132824224350627240e+00,1.950639160156250000e+03,5.241162180900573730e-01,4.994790000000000063e+00,4.030243158340454102e-01,2.705012261867523193e-01
-3.400975910842858241e+01,3.148654226340036999e+00,3.523185302734375000e+03,6.026048064231872559e-01,4.994800000000000573e+00,5.389043092727661133e-01,3.980651795864105225e-01
-3.400623419016108784e+01,3.167739564260530827e+00,9.457800781250000000e+03,6.137019991874694824e-01,4.994810000000000194e+00,5.336400270462036133e-01,4.246918559074401855e-01
-3.400818137510666617e+01,3.182703537899234547e+00,-9.778133789062500000e+03,1.069546461105346680e+00,4.994820000000000704e+00,5.009098052978515625e-01,4.349153041839599609e-01
-3.401267080142459776e+01,3.210701693929614908e+00,7.078119628906250000e+03,9.758490920066833496e-01,4.994830000000000325e+00,3.925719857215881348e-01,3.078090846538543701e-01
-3.400909698466555398e+01,3.231146381064744499e+00,1.335288574218750000e+03,8.242053389549255371e-01,4.994840000000000835e+00,4.001251161098480225e-01,2.432641685009002686e-01
-3.400992026523508116e+01,3.248601358765463853e+00,3.607093505859375000e+03,5.544680953025817871e-01,4.994850000000000456e+00,3.928008675575256348e-01,2.909480631351470947e-01
-3.401194608283157805e+01,3.266108990218792751e+00,4.362546386718750000e+03,6.144875884056091309e-01,4.994860000000000078e+00,3.738799095153808594e-01,2.825556993484497070e-01
-3.400628458372050744e+01,3.291620219389654434e+00,5.185650878906250000e+03,5.999881625175476074e-01,4.994870000000000587e+00,4.669588804244995117e-01,3.583158850669860840e-01
-3.400509674825681827e+01,3.313380131598480105e+00,2.861121337890625000e+03,5.375868678092956543e-01,4.994880000000000209e+00,5.680487155914306641e-01,4.082123041152954102e-01
-3.399919019721536273e+01,3.334314388243695415e+00,4.728833496093750000e+03,1.022064208984375000e+00,4.994890000000000718e+00,3.344357907772064209e-01,2.546320259571075439e-01
-3.400571425847419960e+01,3.353132166005726056e+00,3.490241699218750000e+03,7.891935706138610840e-01,4.994900000000000340e+00,3.439725637435913086e-01,2.537927627563476562e-01
-3.400345207309764817e+01,3.376058131774287485e+00,1.677550903320312500e+03,7.345337271690368652e-01,4.994910000000000849e+00,3.217709362506866455e-01,2.085502892732620239e-01
-3.400685418271724103e+01,3.398289647178792450e+00,4.561174804687500000e+03,5.644924044609069824e-01,4.994920000000000471e+00,2.923976480960845947e-01,2.219017893075942993e-01
-3.400476557040518344e+01,3.418307381521101806e+00,3.753009765625000000e+03,3.318590223789215088e-01,4.994930000000000092e+00,3.094112873077392578e-01,2.302178591489791870e-01
-3.400332721727455976e+01,3.444589572635171848e+00,2.977542724609375000e+03,4.551548063755035400e-01,4.994940000000000602e+00,3.929534554481506348e-01,2.840052843093872070e-01
-3.399987690572125842e+01,3.464166506404851908e+00,1.442606445312500000e+03,4.866522848606109619e-01,4.994950000000000223e+00,2.577600777149200439e-01,1.604086309671401978e-01
-3.400717008936442198e+01,3.485755368121810971e+00,1.387979492187500000e+03,4.928273260593414307e-01,4.994960000000000733e+00,2.831660509109497070e-01,1.742178946733474731e-01
-3.400179825686736024e+01,3.501737259507023747e+00,1.377196899414062500e+03,3.035492002964019775e-01,4.994970000000000354e+00,2.830897569656372070e-01,1.737601161003112793e-01
-3.400310148285056044e+01,3.524989385870264780e+00,1.653009277343750000e+03,2.987677156925201416e-01,4.994979999999999976e+00,2.849208116531372070e-01,1.839835494756698608e-01
-3.400485788541157461e+01,3.548770520210227986e+00,1.467949951171875000e+03,3.316277563571929932e-01,4.994990000000000485e+00,2.902614176273345947e-01,1.815421283245086670e-01
-3.399884844148792240e+01,3.566696052264991756e+00,1.885039550781250000e+03,3.539640009403228760e-01,4.995000000000000107e+00,2.898036539554595947e-01,1.930625587701797485e-01
-3.400821583162047546e+01,3.591206432747655608e+00,2.674586425781250000e+03,3.259772360324859619e-01,4.995010000000000616e+00,3.203213512897491455e-01,2.278527319431304932e-01
-3.400200765723939611e+01,3.611390628386260904e+00,1.714833251953125000e+03,3.869170248508453369e-01,4.995020000000000238e+00,3.092586994171142578e-01,2.015312314033508301e-01
-3.400631084917995395e+01,3.625500254116705179e+00,3.992961669921875000e+03,3.702611029148101807e-01,4.995030000000000747e+00,5.353947877883911133e-01,4.010406434535980225e-01
-3.400651942406485517e+01,3.648006177954550289e+00,2.355399169921875000e+03,6.094438433647155762e-01,4.995040000000000369e+00,3.905120491981506348e-01,2.719508111476898193e-01
-3.400119712911537562e+01,3.670785298890309800e+00,1.513713500976562500e+03,1.022233486175537109e+00,4.995049999999999990e+00,2.595911324024200439e-01,1.637655794620513916e-01
-3.400660539762989032e+01,3.687782718306130914e+00,1.183361450195312500e+03,4.999357759952545166e-01,4.995060000000000500e+00,2.886592447757720947e-01,1.685721129179000854e-01
-3.400624635007748253e+01,3.713397037144321899e+00,5.467292480468750000e+03,2.215081602334976196e-01,4.995070000000000121e+00,3.301633000373840332e-01,2.544031441211700439e-01
-3.400629612624381792e+01,3.731722958563164827e+00,2.087861083984375000e+03,3.467494547367095947e-01,4.995080000000000631e+00,2.652369141578674316e-01,1.805503070354461670e-01
-3.400296205293914653e+01,3.752793366923619089e+00,3.556461914062500000e+03,4.090363085269927979e-01,4.995090000000000252e+00,2.383813410997390747e-01,1.762778311967849731e-01
-3.401185896269250009e+01,3.771045106921015133e+00,9.794867553710937500e+02,2.972609102725982666e-01,4.995100000000000762e+00,2.354821562767028809e-01,1.277547031641006470e-01
-3.400672326803024959e+01,3.795606672713751184e+00,2.288781250000000000e+03,2.586597502231597900e-01,4.995110000000000383e+00,2.612695991992950439e-01,1.810080707073211670e-01
-3.400075710594473577e+01,3.814604520142887978e+00,2.061259765625000000e+03,2.081149965524673462e-01,4.995120000000000005e+00,2.742396295070648193e-01,1.861960887908935547e-01
-3.401144926086414699e+01,3.831765932772910777e+00,2.034419189453125000e+03,3.092915117740631104e-01,4.995130000000000514e+00,2.441034018993377686e-01,1.652914583683013916e-01
-3.400007293140955511e+01,3.858201303074233923e+00,1.103145874023437500e+03,2.804321348667144775e-01,4.995140000000000136e+00,2.799617052078247070e-01,1.593405157327651978e-01
-3.400268294695269589e+01,3.875164685917071417e+00,1.610112426757812500e+03,2.471703439950942993e-01,4.995150000000000645e+00,2.289208620786666870e-01,1.468282639980316162e-01
-3.400589061934527990e+01,3.897509358307698069e+00,3.667786865234375000e+03,2.159696966409683228e-01,4.995160000000000267e+00,2.724848687648773193e-01,2.022178769111633301e-01
-3.400448501635972320e+01,3.921846956219368519e+00,3.076202636718750000e+03,2.299839407205581665e-01,4.995170000000000776e+00,3.383267819881439209e-01,2.456292957067489624e-01
-3.400488510100772999e+01,3.937590031137987889e+00,1.157320434570312500e+03,4.024499952793121338e-01,4.995180000000000398e+00,3.170407116413116455e-01,1.836783736944198608e-01
-3.400140164678862220e+01,3.956335281492431744e+00,2.494516113281250000e+03,4.259616434574127197e-01,4.995190000000000019e+00,3.811278641223907471e-01,2.680597901344299316e-01
-3.400203116165902628e+01,3.978076305325512152e+00,5.053693847656250000e+03,3.176123201847076416e-01,4.995200000000000529e+00,4.057708978652954102e-01,3.107082843780517578e-01
-3.399571092954190021e+01,3.994181218329958760e+00,1.805765014648437500e+03,5.461711287498474121e-01,4.995210000000000150e+00,3.679289519786834717e-01,2.427301108837127686e-01
-3.400697025564153364e+01,4.027237713658487372e+00,3.484575195312500000e+03,5.627841353416442871e-01,4.995220000000000660e+00,3.693785369396209717e-01,2.724848687648773193e-01
-3.400801398544221144e+01,4.044169631663418585e+00,3.604854980468750000e+03,4.928058683872222900e-01,4.995230000000000281e+00,3.803649246692657471e-01,2.817164659500122070e-01
-3.400133220886210239e+01,4.067949999918646142e+00,1.365762451171875000e+03,5.103940367698669434e-01,4.995240000000000791e+00,3.628172278404235840e-01,2.221306711435317993e-01
-3.400061927288948027e+01,4.083948891382300772e+00,3.680573486328125000e+03,5.720216631889343262e-01,4.995250000000000412e+00,3.660978972911834717e-01,2.717982232570648193e-01
-3.399954293184136134e+01,4.108047138461361492e+00,1.267683398437500000e+04,4.582554399967193604e-01,4.995260000000000034e+00,4.843539595603942871e-01,3.898254036903381348e-01
-3.400710801446976461e+01,4.132764000110898728e+00,4.370878417968750000e+03,7.217473387718200684e-01,4.995270000000000543e+00,3.975311219692230225e-01,3.004848361015319824e-01
-3.399880685518411383e+01,4.149937007679735501e+00,3.354770751953125000e+03,7.884568572044372559e-01,4.995280000000000165e+00,4.211823344230651855e-01,3.092586994171142578e-01
-3.400861046247797503e+01,4.177259884334966422e+00,1.891653564453125000e+03,6.992918848991394043e-01,4.995290000000000674e+00,3.648771941661834717e-01,2.432641685009002686e-01
-3.400007375017126066e+01,4.195029661800760756e+00,4.642287597656250000e+03,7.218784689903259277e-01,4.995300000000000296e+00,3.495420515537261963e-01,2.656946778297424316e-01
-3.399700236118976449e+01,4.215498324571696820e+00,1.273402734375000000e+04,4.361445009708404541e-01,4.995310000000000805e+00,3.864684402942657471e-01,3.110897541046142578e-01
-3.400289927853125960e+01,4.235274388027697512e+00,2.536583007812500000e+03,6.285519003868103027e-01,4.995320000000000427e+00,3.999725282192230225e-01,2.820979356765747070e-01
-3.399918739378786370e+01,4.254449742213592067e+00,1.729073242187500000e+03,5.785090327262878418e-01,4.995330000000000048e+00,4.038635492324829102e-01,2.637110352516174316e-01
-3.399767071113500805e+01,4.280685883166293948e+00,3.992422119140625000e+03,6.759256720542907715e-01,4.995340000000000558e+00,3.496183454990386963e-01,2.618799805641174316e-01
-3.400043026302068228e+01,4.295231928745077532e+00,2.241136718750000000e+03,5.302340388298034668e-01,4.995350000000000179e+00,3.476346731185913086e-01,2.399072200059890747e-01
-3.400191999714620295e+01,4.312579177193833324e+00,1.332098266601562500e+03,4.660660326480865479e-01,4.995360000000000689e+00,2.680597901344299316e-01,1.628500521183013916e-01
-3.400472359950343559e+01,4.332434361648220822e+00,1.396323364257812500e+03,3.619867861270904541e-01,4.995370000000000310e+00,2.798091173171997070e-01,1.724631190299987793e-01
-3.400534916710962818e+01,4.354700365399745365e+00,4.812016113281250000e+03,3.524262011051177979e-01,4.995380000000000820e+00,4.006591737270355225e-01,3.055202662944793701e-01
-3.400738021413158663e+01,4.383587904007475444e+00,1.657685000000000000e+05,3.289562761783599854e-01,4.995390000000000441e+00,5.109043717384338379e-01,4.239289164543151855e-01
-3.399966088612122661e+01,4.404773315814422219e+00,2.690206298828125000e+03,7.665151953697204590e-01,4.995400000000000063e+00,3.297818303108215332e-01,2.347955107688903809e-01
-3.399442237392749888e+01,4.425872433181154975e+00,1.585156494140625000e+03,7.731599211692810059e-01,4.995410000000000572e+00,2.648554444313049316e-01,1.691824644804000854e-01
-3.399921717149695155e+01,4.448680469905352375e+00,2.171836669921875000e+03,4.015893042087554932e-01,4.995420000000000194e+00,2.162560075521469116e-01,1.483541429042816162e-01
-3.399920868226186599e+01,4.473563337131833073e+00,1.376403320312500000e+03,3.285783827304840088e-01,4.995430000000000703e+00,2.373895198106765747e-01,1.456838399171829224e-01
-3.400578604957845386e+01,4.488884921533643713e+00,1.315430786132812500e+03,1.724821478128433228e-01,4.995440000000000325e+00,2.513513565063476562e-01,1.520925611257553101e-01
-3.399947385462640881e+01,4.511918164273887477e+00,2.220602783203125000e+03,2.144330888986587524e-01,4.995450000000000834e+00,2.565393745899200439e-01,1.767355948686599731e-01
-3.400527351412513610e+01,4.533256255870091955e+00,1.671270507812500000e+03,1.939028650522232056e-01,4.995460000000000456e+00,2.982723116874694824e-01,1.931388527154922485e-01
-3.399751801382490157e+01,4.547429560971563589e+00,1.432027099609375000e+03,3.278428614139556885e-01,4.995470000000000077e+00,3.075802028179168701e-01,1.910026222467422485e-01
-3.400251187521082130e+01,4.562940901341755229e+00,2.980181396484375000e+03,3.368574678897857666e-01,4.995480000000000587e+00,3.352750241756439209e-01,2.423486411571502686e-01
-3.399956385432780337e+01,4.585532336184758861e+00,1.611339477539062500e+03,4.136127531528472900e-01,4.995490000000000208e+00,3.362668454647064209e-01,2.157219499349594116e-01
-3.400048376094022728e+01,4.616934638100837596e+00,2.890985107421875000e+03,4.908150732517242432e-01,4.995500000000000718e+00,3.094875812530517578e-01,2.227410227060317993e-01
-3.400101416133500720e+01,4.628055802281664910e+00,3.650436035156250000e+03,4.586583673954010010e-01,4.995510000000000339e+00,3.352750241756439209e-01,2.486810684204101562e-01
-3.400371341944901360e+01,4.646598181340753975e+00,1.145777587890625000e+03,4.552465975284576416e-01,4.995520000000000849e+00,2.688990235328674316e-01,1.552206277847290039e-01
-3.400090757200207747e+01,4.672320259890266669e+00,1.433861816406250000e+03,3.969294130802154541e-01,4.995530000000000470e+00,3.466428518295288086e-01,2.153404802083969116e-01
-3.399787360544601711e+01,4.689339154264598797e+00,5.165000000000000000e+03,2.269476801156997681e-01,4.995540000000000092e+00,4.458253681659698486e-01,3.419889211654663086e-01
-3.400223832215452546e+01,4.711913877384932725e+00,4.462491699218750000e+03,4.633504450321197510e-01,4.995550000000000601e+00,3.405393362045288086e-01,2.579126656055450439e-01
-3.400461663227795839e+01,4.730700765198070812e+00,2.507577880859375000e+03,6.985206007957458496e-01,4.995560000000000223e+00,3.120815753936767578e-01,2.196892499923706055e-01
-3.400507064093108767e+01,4.750533810311871719e+00,1.774122436523437500e+03,4.625159800052642822e-01,4.995570000000000732e+00,2.853786051273345947e-01,1.874930858612060547e-01
-3.399944556994017830e+01,4.778758913987394052e+00,2.367579589843750000e+03,3.955537378787994385e-01,4.995580000000000354e+00,2.943813204765319824e-01,2.051933556795120239e-01
-3.399853024650266775e+01,4.801315006703344324e+00,1.803553100585937500e+03,3.484803736209869385e-01,4.995589999999999975e+00,3.867736458778381348e-01,2.550897896289825439e-01
-3.400262813302860820e+01,4.813346455447807593e+00,8.864299316406250000e+02,3.970104753971099854e-01,4.995600000000000485e+00,2.618799805641174316e-01,1.358418911695480347e-01
-3.399914212810884351e+01,4.837598025705247551e+00,1.523573486328125000e+03,4.200476706027984619e-01,4.995610000000000106e+00,2.394494563341140747e-01,1.513296216726303101e-01
-3.399636226723055898e+01,4.854424786376989154e+00,2.229251220703125000e+03,2.513426840305328369e-01,4.995620000000000616e+00,3.156673908233642578e-01,2.176293134689331055e-01
-3.400083477570619550e+01,4.870320778436734166e+00,1.637557861328125000e+03,2.645510733127593994e-01,4.995630000000000237e+00,3.525175154209136963e-01,2.270897924900054932e-01
-3.399974166353574390e+01,4.895270368904779623e+00,1.879331787109375000e+03,3.909689486026763916e-01,4.995640000000000747e+00,3.138363361358642578e-01,2.089317589998245239e-01
-3.400272744139879677e+01,4.913911700978897734e+00,3.124302490234375000e+03,4.440933763980865479e-01,4.995650000000000368e+00,3.043758571147918701e-01,2.214440256357192993e-01
-3.400463618430386958e+01,4.935717977352886976e+00,-2.014185937500000000e+04,3.897112905979156494e-01,4.995659999999999989e+00,3.453458547592163086e-01,2.933132052421569824e-01
-3.400009937030044682e+01,4.951658743678036600e+00,2.636932861328125000e+03,4.885119497776031494e-01,4.995670000000000499e+00,3.498472273349761963e-01,2.482995986938476562e-01
-3.399861027466373287e+01,4.970401820235700541e+00,3.212329833984375000e+03,5.824965834617614746e-01,4.995680000000000121e+00,3.339780271053314209e-01,2.438745200634002686e-01
-3.399985323810420113e+01,4.996071863184307738e+00,1.277681396484375000e+03,5.505961775779724121e-01,4.995690000000000630e+00,3.788390159606933594e-01,2.270897924900054932e-01
-3.400103559433964051e+01,5.015354518638501347e+00,5.413882812500000000e+03,4.701739847660064697e-01,4.995700000000000252e+00,3.684630095958709717e-01,2.837001085281372070e-01
-3.399600503237707017e+01,5.037508933695947100e+00,2.282954101562500000e+03,4.197269976139068604e-01,4.995710000000000761e+00,4.468171894550323486e-01,3.094112873077392578e-01
-3.399421783368639183e+01,5.060195837308153699e+00,1.091141992187500000e+04,6.936807036399841309e-01,4.995720000000000383e+00,4.326264560222625732e-01,3.463376760482788086e-01
-3.400102504644492996e+01,5.078537444979830617e+00,2.595946289062500000e+04,9.031278491020202637e-01,4.995730000000000004e+00,3.187191784381866455e-01,2.608881294727325439e-01
-3.399628673541745627e+01,5.094107814701655634e+00,1.833820434570312500e+03,6.366986632347106934e-01,4.995740000000000514e+00,3.950897157192230225e-01,2.615747749805450439e-01
-3.399830332086057183e+01,5.116543992912137462e+00,2.585050537109375000e+03,5.888552069664001465e-01,4.995750000000000135e+00,3.554930090904235840e-01,2.515039443969726562e-01
-3.400729941103291765e+01,5.134752445650669017e+00,1.363697753906250000e+03,5.226749777793884277e-01,4.995760000000000645e+00,3.242123425006866455e-01,1.984031647443771362e-01
-3.399263065256994309e+01,5.156389876860279387e+00,1.294877441406250000e+03,5.276173949241638184e-01,4.995770000000000266e+00,2.902614176273345947e-01,1.747519522905349731e-01
-3.399175370284636699e+01,5.181514048575870390e+00,2.258334960937500000e+03,3.917187750339508057e-01,4.995780000000000776e+00,3.534330427646636963e-01,2.442560046911239624e-01
-3.399408924010896982e+01,5.199029078442972462e+00,1.554588989257812500e+03,4.429978430271148682e-01,4.995790000000000397e+00,2.930080294609069824e-01,1.861960887908935547e-01
-3.399781249169135577e+01,5.221235299758540727e+00,1.406018554687500000e+03,4.561418592929840088e-01,4.995800000000000018e+00,2.933132052421569824e-01,1.811606585979461670e-01
-3.399209962049388878e+01,5.242888572487607313e+00,3.783918212890625000e+03,3.168362677097320557e-01,4.995810000000000528e+00,2.334222197532653809e-01,1.738364249467849731e-01
-3.400426640601329353e+01,5.263550199741769298e+00,1.606255004882812500e+03,3.622001707553863525e-01,4.995820000000000149e+00,2.382287532091140747e-01,1.527029126882553101e-01
-3.399756078257688330e+01,5.282431735618585478e+00,2.344369384765625000e+03,3.018182814121246338e-01,4.995830000000000659e+00,2.779017686843872070e-01,1.933677494525909424e-01
-3.399144752411028492e+01,5.308432864194995382e+00,3.188172363281250000e+03,2.807814180850982666e-01,4.995840000000000281e+00,4.050079584121704102e-01,2.954494357109069824e-01
-3.400072157728764921e+01,5.320863716732946003e+00,2.796549804687500000e+03,3.601378500461578369e-01,4.995850000000000790e+00,4.274384677410125732e-01,3.061306178569793701e-01
-3.400045024252422365e+01,5.347988533531028210e+00,1.058384765625000000e+03,6.395429968833923340e-01,4.995860000000000412e+00,3.609098792076110840e-01,2.021415829658508301e-01
-3.400129210739142138e+01,5.366430593494127876e+00,3.127517333984375000e+03,5.148882269859313965e-01,4.995870000000000033e+00,3.159725666046142578e-01,2.299126833677291870e-01
-3.399818355980148965e+01,5.386839990025808156e+00,1.501207397460937500e+03,4.222959578037261963e-01,4.995880000000000543e+00,2.801905870437622070e-01,1.763541251420974731e-01
-3.400336416568104880e+01,5.411124104104813703e+00,3.404046875000000000e+03,3.290480673313140869e-01,4.995890000000000164e+00,3.289425969123840332e-01,2.419671714305877686e-01
-3.400432490197982105e+01,5.429907556315162864e+00,5.097679687500000000e+03,3.686362802982330322e-01,4.995900000000000674e+00,2.666864991188049316e-01,2.043541073799133301e-01
-3.399929631639762562e+01,5.449570341518512606e+00,1.548714111328125000e+03,4.357463419437408447e-01,4.995910000000000295e+00,3.046047389507293701e-01,1.933677494525909424e-01
-3.400541795429727898e+01,5.474644372836611872e+00,2.759205566406250000e+03,3.473168909549713135e-01,4.995920000000000805e+00,3.768553733825683594e-01,2.693567872047424316e-01
-3.400102972769668952e+01,5.487170196246561993e+00,1.870923217773437500e+03,4.292077124118804932e-01,4.995930000000000426e+00,3.421415090560913086e-01,2.275475561618804932e-01
-3.400108624021913784e+01,5.502600542317590993e+00,3.863181152343750000e+03,4.734808504581451416e-01,4.995940000000000047e+00,3.598417639732360840e-01,2.685938477516174316e-01
-3.400057433809263330e+01,5.528501493695250346e+00,2.945042968750000000e+03,3.835696280002593994e-01,4.995950000000000557e+00,3.653349578380584717e-01,2.636347413063049316e-01
-3.400150521297149453e+01,5.551222483830835053e+00,3.342937744140625000e+03,5.275005698204040527e-01,4.995960000000000178e+00,2.939235568046569824e-01,2.157219499349594116e-01
-3.400301055571910069e+01,5.572746736900551667e+00,2.361083251953125000e+03,4.446345865726470947e-01,4.995970000000000688e+00,3.934112191200256348e-01,2.740870416164398193e-01
-3.400070030411786348e+01,5.594005560136124267e+00,2.099422851562500000e+03,6.051308512687683105e-01,4.995980000000000310e+00,2.998744845390319824e-01,2.043541073799133301e-01
-3.400363073932090430e+01,5.615811529267567437e+00,3.040439453125000000e+03,5.396074652671813965e-01,4.995990000000000819e+00,4.023376405239105225e-01,2.916347086429595947e-01
-3.400151480119058078e+01,5.634698002278338613e+00,1.534868652343750000e+03,6.888551115989685059e-01,4.996000000000000441e+00,2.577600777149200439e-01,1.632315218448638916e-01
-3.401227198316519917e+01,5.655122412102930873e+00,2.052708251953125000e+03,6.014580130577087402e-01,4.996010000000000062e+00,3.767027854919433594e-01,2.555475533008575439e-01
-3.399719429691135986e+01,5.675127483967576048e+00,1.448152954101562500e+03,2.990991175174713135e-01,4.996020000000000572e+00,3.713622093200683594e-01,2.313622683286666870e-01
-3.400401760651091365e+01,5.696991311653571977e+00,2.703852294921875000e+03,4.713791906833648682e-01,4.996030000000000193e+00,2.858363687992095947e-01,2.036674618721008301e-01
-3.399468182967289920e+01,5.715600081534633503e+00,2.989974609375000000e+03,3.875679075717926025e-01,4.996040000000000703e+00,2.576837837696075439e-01,1.863486766815185547e-01
-3.400514478451067646e+01,5.740836462681095043e+00,2.419778808593750000e+03,3.147143423557281494e-01,4.996050000000000324e+00,2.891170084476470947e-01,2.022941708564758301e-01
-3.400083154299678512e+01,5.758193173330719894e+00,2.722353271484375000e+03,3.159386217594146729e-01,4.996060000000000834e+00,2.714167535305023193e-01,1.935966312885284424e-01
-3.400815725015922197e+01,5.779696040814201297e+00,1.420869018554687500e+03,3.338545858860015869e-01,4.996070000000000455e+00,2.761469781398773193e-01,1.710898280143737793e-01
-3.399761802459351401e+01,5.801379324742679700e+00,1.623230590820312500e+03,2.855569422245025635e-01,4.996080000000000076e+00,2.609644234180450439e-01,1.677328795194625854e-01
-3.400579806555804652e+01,5.820540310753812285e+00,1.581797973632812500e+03,2.986640036106109619e-01,4.996090000000000586e+00,2.569971382617950439e-01,1.640707552433013916e-01
-3.399875541397283740e+01,5.839644157537483338e+00,1.731929687500000000e+03,2.461677938699722290e-01,4.996100000000000207e+00,2.697382867336273193e-01,1.762015372514724731e-01
-3.399617801366088088e+01,5.855069832188937617e+00,6.024582519531250000e+03,2.572590410709381104e-01,4.996110000000000717e+00,3.317654728889465332e-01,2.574549019336700439e-01
-3.399783842044619320e+01,5.880880027206287330e+00,4.321202636718750000e+03,3.011280596256256104e-01,4.996120000000000339e+00,3.307736515998840332e-01,2.497491836547851562e-01
-3.399705093710980464e+01,5.900779929683462655e+00,1.771614379882812500e+03,4.548937380313873291e-01,4.996130000000000848e+00,3.407682180404663086e-01,2.238091379404067993e-01
-3.399042208867550130e+01,5.918645733639912088e+00,2.389872558593750000e+03,4.974013864994049072e-01,4.996140000000000470e+00,2.876674234867095947e-01,2.008445709943771362e-01
-3.398364482412311816e+01,5.941631483607372921e+00,1.760320678710937500e+03,4.429334700107574463e-01,4.996150000000000091e+00,2.885829508304595947e-01,1.892478466033935547e-01
-3.399561693787569538e+01,5.960817831806919820e+00,1.216416381835937500e+03,3.298420011997222900e-01,4.996160000000000601e+00,2.794276475906372070e-01,1.647574007511138916e-01
-3.399146830214911574e+01,5.985957654610242429e+00,1.605843994140625000e+03,3.367311060428619385e-01,4.996170000000000222e+00,2.585993111133575439e-01,1.657492220401763916e-01
-3.398811556204108797e+01,6.003621510571443665e+00,1.084155395507812500e+03,2.832776606082916260e-01,4.996180000000000732e+00,2.243431955575942993e-01,1.268391609191894531e-01
-3.398959294027694256e+01,6.022671977517731534e+00,8.377142944335937500e+02,2.480834871530532837e-01,4.996190000000000353e+00,2.248772680759429932e-01,1.134876757860183716e-01
-3.399220058098727293e+01,6.044995384510538194e+00,1.496864135742187500e+03,1.496845632791519165e-01,4.996199999999999974e+00,2.164848893880844116e-01,1.361470669507980347e-01
-3.398258068267968213e+01,6.062235591763315945e+00,1.362908691406250000e+03,1.712900549173355103e-01,4.996210000000000484e+00,2.164085954427719116e-01,1.324086487293243408e-01
-3.399518805384576581e+01,6.081970006982332144e+00,2.104384033203125000e+03,1.505464464426040649e-01,4.996220000000000105e+00,2.682886719703674316e-01,1.829154342412948608e-01
-3.398724170615155060e+01,6.106420667315545892e+00,1.306345092773437500e+03,2.291816622018814087e-01,4.996230000000000615e+00,2.961360812187194824e-01,1.787955462932586670e-01
-3.399529894148899700e+01,6.130921926960152035e+00,1.969892333984375000e+03,2.808410227298736572e-01,4.996240000000000236e+00,2.985011935234069824e-01,2.007682770490646362e-01
-3.398568111456180674e+01,6.148651510275270127e+00,1.953155883789062500e+03,3.181094229221343994e-01,4.996250000000000746e+00,2.788172960281372070e-01,1.871879100799560547e-01
-3.400052311595612764e+01,6.168819263752616244e+00,2.599468261718750000e+03,3.069764673709869385e-01,4.996260000000000367e+00,2.402123957872390747e-01,1.700980067253112793e-01
-3.399111179860241094e+01,6.186897783287372832e+00,2.251242675781250000e+03,2.864796221256256104e-01,4.996269999999999989e+00,2.651606202125549316e-01,1.831443160772323608e-01
-3.399442999431227719e+01,6.205399384885224912e+00,1.791550170898437500e+03,2.441126257181167603e-01,4.996280000000000499e+00,2.571497261524200439e-01,1.693350523710250854e-01
-3.399344730502542689e+01,6.229584609819249330e+00,1.333795654296875000e+03,2.863115370273590088e-01,4.996290000000000120e+00,2.950679659843444824e-01,1.793296039104461670e-01
-3.400029050398052988e+01,6.248388915689887746e+00,3.065934570312500000e+03,2.602345049381256104e-01,4.996300000000000630e+00,4.074493646621704102e-01,2.956783175468444824e-01
-3.399199664993057013e+01,6.262778366650849193e+00,1.497630615234375000e+03,4.132527410984039307e-01,4.996310000000000251e+00,3.526701033115386963e-01,2.218254953622817993e-01
-3.400282125890186080e+01,6.291485123213668373e+00,2.568644531250000000e+03,5.315429568290710449e-01,4.996320000000000761e+00,3.759398460388183594e-01,2.656946778297424316e-01
-3.400323553952008382e+01,6.309637505055748719e+00,1.862986083984375000e+03,4.547828733921051025e-01,4.996330000000000382e+00,2.905665934085845947e-01,1.930625587701797485e-01
-3.399934788333724356e+01,6.325259470622729197e+00,1.694963867187500000e+03,4.932493269443511963e-01,4.996340000000000003e+00,2.721033990383148193e-01,1.768118888139724731e-01
-3.400242153604360595e+01,6.347095044352539794e+00,2.488379882812500000e+03,2.872318327426910400e-01,4.996350000000000513e+00,3.373349606990814209e-01,2.371606379747390747e-01
-3.400333782530242388e+01,6.369520533543189700e+00,1.351487792968750000e+03,3.954583704471588135e-01,4.996360000000000134e+00,2.662287354469299316e-01,1.624685823917388916e-01
-3.400945095092275494e+01,6.386852429880117477e+00,1.997310913085937500e+03,3.989059031009674072e-01,4.996370000000000644e+00,3.563322424888610840e-01,2.403649985790252686e-01
-3.400542037891757730e+01,6.408514511261014235e+00,1.967763305664062500e+03,3.053540289402008057e-01,4.996380000000000265e+00,3.726592063903808594e-01,2.505884170532226562e-01
-3.401952365446769733e+01,6.429915451035033591e+00,2.617269287109375000e+03,5.694574713706970215e-01,4.996390000000000775e+00,3.333676755428314209e-01,2.363213896751403809e-01
-3.400796083751824028e+01,6.448183432656497516e+00,1.409480834960937500e+03,5.263835787773132324e-01,4.996400000000000396e+00,2.573023140430450439e-01,1.590353399515151978e-01
-3.401315230714010340e+01,6.467860885613713862e+00,2.355565917968750000e+03,3.800541460514068604e-01,4.996410000000000018e+00,3.065883815288543701e-01,2.135094255208969116e-01
-3.400820082797326194e+01,6.492488020177098917e+00,2.081845947265625000e+03,2.572042047977447510e-01,4.996420000000000528e+00,3.921142220497131348e-01,2.667627930641174316e-01
-3.401728207599448695e+01,6.506847336942459314e+00,3.043608398437500000e+03,4.031592905521392822e-01,4.996430000000000149e+00,3.575529456138610840e-01,2.592096626758575439e-01
-3.400754559460167314e+01,6.531918476269385820e+00,8.204509765625000000e+03,5.467528700828552246e-01,4.996440000000000659e+00,3.004085421562194824e-01,2.374658137559890747e-01
-3.402224212617630883e+01,6.555362596081676152e+00,7.083758300781250000e+03,5.552429556846618652e-01,4.996450000000000280e+00,2.820216417312622070e-01,2.211388498544692993e-01
-3.400802080401926020e+01,6.566980799499821053e+00,2.629296142578125000e+03,4.090410768985748291e-01,4.996460000000000790e+00,3.911986947059631348e-01,2.775202989578247070e-01
-3.401302998640713326e+01,6.594033893816887648e+00,3.637016357421875000e+03,4.322856962680816650e-01,4.996470000000000411e+00,3.785338401794433594e-01,2.806483507156372070e-01
-3.400531891697033160e+01,6.613008754409195333e+00,2.637914794921875000e+03,5.169708132743835449e-01,4.996480000000000032e+00,3.506864607334136963e-01,2.489099502563476562e-01
-3.401136814248993545e+01,6.633702976843141030e+00,1.187828002929687500e+03,4.682582914829254150e-01,4.996490000000000542e+00,4.165283739566802979e-01,2.435693442821502686e-01
-3.399802043884068325e+01,6.653792659309836210e+00,2.993003173828125000e+03,4.451364576816558838e-01,4.996500000000000163e+00,4.063812494277954102e-01,2.939235568046569824e-01
-3.400163648558431362e+01,6.678350647092988979e+00,6.596281250000000000e+03,5.875665545463562012e-01,4.996510000000000673e+00,3.419889211654663086e-01,2.669916749000549316e-01
-3.399708252479072712e+01,6.694528128579125159e+00,3.694238525390625000e+03,6.487364172935485840e-01,4.996520000000000294e+00,3.398526906967163086e-01,2.524194717407226562e-01
-3.399649915203658423e+01,6.717387246364578068e+00,1.594286132812500000e+03,5.083710551261901855e-01,4.996530000000000804e+00,2.403649985790252686e-01,1.537710279226303101e-01
-3.399620845461390672e+01,6.738141522854951049e+00,2.327719238281250000e+03,3.973132669925689697e-01,4.996540000000000425e+00,2.623377442359924316e-01,1.823050826787948608e-01
-3.399189486142817884e+01,6.758765050691419418e+00,1.056479736328125000e+03,3.223890364170074463e-01,4.996550000000000047e+00,2.604303658008575439e-01,1.457601338624954224e-01
-3.399781914982482078e+01,6.781881474616804795e+00,1.642298950195312500e+03,3.519529402256011963e-01,4.996560000000000556e+00,2.930843234062194824e-01,1.889426708221435547e-01
-3.399658815144418611e+01,6.799915061596547794e+00,2.504542480468750000e+03,2.085596472024917603e-01,4.996570000000000178e+00,3.879180550575256348e-01,2.730189263820648193e-01
-3.399469231160371407e+01,6.813358558266387810e+00,8.789011718750000000e+03,3.909129202365875244e-01,4.996580000000000688e+00,3.515256941318511963e-01,2.788172960281372070e-01
-3.398628867070635806e+01,6.838440662820530314e+00,4.215925292968750000e+03,5.415028929710388184e-01,4.996590000000000309e+00,4.056183099746704102e-01,3.055202662944793701e-01
-3.398405351267300034e+01,6.863587697431280610e+00,2.943139404296875000e+03,5.771202445030212402e-01,4.996600000000000819e+00,3.671660125255584717e-01,2.649317383766174316e-01
-3.398721555849821385e+01,6.881697303661018950e+00,3.141929687500000000e+03,5.419451594352722168e-01,4.996610000000000440e+00,3.128445148468017578e-01,2.277764379978179932e-01
-3.399233843326778981e+01,6.906178327979051623e+00,2.934266601562500000e+03,4.630750715732574463e-01,4.996620000000000061e+00,4.242340922355651855e-01,3.059780299663543701e-01
-3.398040073415897666e+01,6.932563914009776340e+00,3.600682861328125000e+03,5.543405413627624512e-01,4.996630000000000571e+00,3.743376731872558594e-01,2.772150933742523193e-01
-3.398359752043879212e+01,6.953443467922468813e+00,5.288983398437500000e+03,6.618911623954772949e-01,4.996640000000000192e+00,3.408445119857788086e-01,2.619562745094299316e-01
-3.397912064280593114e+01,6.967184524505455556e+00,8.386482421875000000e+03,5.300063490867614746e-01,4.996650000000000702e+00,3.890624642372131348e-01,3.078853785991668701e-01
-3.399388064413090405e+01,6.991874208869686136e+00,4.939457031250000000e+03,5.628854632377624512e-01,4.996660000000000323e+00,3.404630422592163086e-01,2.602014839649200439e-01
-3.398538950955283866e+01,7.012306758924278682e+00,2.031435791015625000e+03,6.749040484428405762e-01,4.996670000000000833e+00,3.133785724639892578e-01,2.121361196041107178e-01
-3.399036215784567361e+01,7.030331868597469835e+00,2.967320312500000000e+03,4.977757036685943604e-01,4.996680000000000454e+00,3.306210637092590332e-01,2.388391047716140747e-01
-3.398764126539946773e+01,7.059973601561360113e+00,9.276785156250000000e+03,4.124826490879058838e-01,4.996690000000000076e+00,3.415311574935913086e-01,2.715693414211273193e-01
-3.399468061839657196e+01,7.074486520990011407e+00,2.459536865234375000e+03,5.090708136558532715e-01,4.996700000000000585e+00,3.339780271053314209e-01,2.343377470970153809e-01
-3.398751422151246260e+01,7.095415001118991150e+00,1.535024414062500000e+03,5.971569418907165527e-01,4.996710000000000207e+00,2.997981905937194824e-01,1.898582130670547485e-01
-3.400269012928442436e+01,7.120739907536087543e+00,1.145751586914062500e+03,4.706007540225982666e-01,4.996720000000000717e+00,2.728663384914398193e-01,1.575094461441040039e-01
-3.399329959384406408e+01,7.136125653754211484e+00,1.467868286132812500e+03,2.961319983005523682e-01,4.996730000000000338e+00,2.969753146171569824e-01,1.857383251190185547e-01
-3.399562914865946794e+01,7.152563386999078787e+00,3.402492675781250000e+03,2.711767256259918213e-01,4.996740000000000848e+00,4.085174798965454102e-01,3.004848361015319824e-01
-3.399528871048350709e+01,7.180283856265947229e+00,3.450258300781250000e+03,3.842407763004302979e-01,4.996750000000000469e+00,4.690188169479370117e-01,3.455747365951538086e-01
-3.400213102575816038e+01,7.199319783897825786e+00,-7.735812011718750000e+03,6.467158198356628418e-01,4.996760000000000090e+00,4.507082104682922363e-01,3.957763612270355225e-01
-3.399928000878929879e+01,7.207379398166525064e+00,6.318548828125000000e+03,7.983309626579284668e-01,4.996770000000000600e+00,4.182068705558776855e-01,3.255856633186340332e-01
-3.400429804340931383e+01,7.233285073061767712e+00,4.024589355468750000e+03,7.518381476402282715e-01,4.996780000000000221e+00,4.964847564697265625e-01,3.722014427185058594e-01
-3.401102425388662454e+01,7.261872603139424953e+00,2.151421289062500000e+04,7.711381316184997559e-01,4.996790000000000731e+00,4.362123012542724609e-01,3.558744788169860840e-01
-3.400897673200723403e+01,7.276100418446191931e+00,4.064380371093750000e+03,8.049446940422058105e-01,4.996800000000000352e+00,4.579561650753021240e-01,3.436673879623413086e-01
-3.400719250384971559e+01,7.298537901441433107e+00,2.212576416015625000e+03,8.121508955955505371e-01,4.996809999999999974e+00,4.838961958885192871e-01,3.331387937068939209e-01
-3.400499257142347176e+01,7.317857963675939104e+00,2.770668457031250000e+03,7.559735178947448730e-01,4.996820000000000483e+00,4.902286231517791748e-01,3.506101667881011963e-01
-3.401288839316352863e+01,7.342038153757986407e+00,4.160327148437500000e+03,7.551259398460388184e-01,4.996830000000000105e+00,4.849643111228942871e-01,3.648009002208709717e-01
-3.401350466843445020e+01,7.359133075778088617e+00,3.176915527343750000e+03,8.004671931266784668e-01,4.996840000000000614e+00,4.597109258174896240e-01,3.351987302303314209e-01
-3.401220513415050561e+01,7.380446347571627541e+00,1.143430273437500000e+04,8.550423979759216309e-01,4.996850000000000236e+00,4.102722704410552979e-01,3.290188908576965332e-01
-3.400987592168176832e+01,7.400363117586519657e+00,7.847818359375000000e+03,7.499200701713562012e-01,4.996860000000000746e+00,3.876891732215881348e-01,3.057491481304168701e-01
-3.401357614684574315e+01,7.425520362773665006e+00,1.785095458984375000e+03,6.692308783531188965e-01,4.996870000000000367e+00,3.370297849178314209e-01,2.217492014169692993e-01
-3.401164698311127665e+01,7.438716099108071411e+00,3.755637695312500000e+03,5.714244246482849121e-01,4.996879999999999988e+00,3.124630451202392578e-01,2.325066924095153809e-01
-3.400876219353538943e+01,7.451071655271270799e+00,4.431486328125000000e+03,4.520887434482574463e-01,4.996890000000000498e+00,3.235256969928741455e-01,2.448663562536239624e-01
-3.400467641493115423e+01,7.472953368417289077e+00,1.623919555664062500e+03,4.473978579044342041e-01,4.996900000000000119e+00,4.291169345378875732e-01,2.758418023586273193e-01
-3.400473529413493878e+01,7.504797940967272041e+00,5.755586425781250000e+03,4.712957441806793213e-01,4.996910000000000629e+00,3.664793670177459717e-01,2.834712266921997070e-01
-3.400594856136234512e+01,7.525458049356665846e+00,2.405447021484375000e+03,5.904967188835144043e-01,4.996920000000000250e+00,3.388608396053314209e-01,2.368554621934890747e-01
-3.401894869915467723e+01,7.537146825744514445e+00,1.703025268554687500e+03,5.545217394828796387e-01,4.996930000000000760e+00,3.528226912021636963e-01,2.295312136411666870e-01
-3.400601242044161410e+01,7.566629689283812077e+00,1.697538208007812500e+03,4.572803080081939697e-01,4.996940000000000381e+00,3.326810300350189209e-01,2.162560075521469116e-01
-3.401096362643358617e+01,7.583763080454275496e+00,1.584964843750000000e+03,4.210979044437408447e-01,4.996950000000000003e+00,3.339017331600189209e-01,2.132805436849594116e-01
-3.400087538373916374e+01,7.604894601614078375e+00,1.815557617187500000e+03,4.424196779727935791e-01,4.996960000000000512e+00,3.593840003013610840e-01,2.373895198106765747e-01
-3.399974700577526221e+01,7.620748890061203262e+00,3.482819335937500000e+03,4.030412733554840088e-01,4.996970000000000134e+00,3.850188553333282471e-01,2.840052843093872070e-01
-3.400224411867592522e+01,7.650819539928902735e+00,2.060606201171875000e+03,4.847783148288726807e-01,4.996980000000000643e+00,3.416837453842163086e-01,2.319726198911666870e-01
-3.400719242195536651e+01,7.665919535674620811e+00,2.135413330078125000e+03,5.391246676445007324e-01,4.996990000000000265e+00,3.384793698787689209e-01,2.314385622739791870e-01
-3.399850793147142980e+01,7.676068966978057517e+00,2.830063476562500000e+03,3.785699903964996338e-01,4.997000000000000774e+00,2.670679688453674316e-01,1.916129738092422485e-01
-3.399827423460008902e+01,7.705181206693371365e+00,4.674895019531250000e+03,3.939003050327301025e-01,4.997010000000000396e+00,2.743922173976898193e-01,2.087028771638870239e-01
-3.399898197420329637e+01,7.727831797305422690e+00,2.278122558593750000e+03,3.874165117740631104e-01,4.997020000000000017e+00,2.384576350450515747e-01,1.650625765323638916e-01
-3.400089875186248634e+01,7.745845326999725167e+00,1.536508789062500000e+03,3.657299578189849854e-01,4.997030000000000527e+00,2.431115806102752686e-01,1.539999097585678101e-01
-3.399569423183724837e+01,7.769672020581487537e+00,1.045458007812500000e+03,2.121180444955825806e-01,4.997040000000000148e+00,2.683649659156799316e-01,1.495748460292816162e-01
-3.400017013384152875e+01,7.789703769838726366e+00,2.071477539062500000e+03,2.170604616403579712e-01,4.997050000000000658e+00,2.421960532665252686e-01,1.646048128604888916e-01
-3.400520713980403542e+01,7.811176479927837590e+00,4.208346679687500000e+03,2.067917734384536743e-01,4.997060000000000279e+00,4.047790765762329102e-01,3.048336207866668701e-01
-3.399346672903893563e+01,7.832369504525157566e+00,7.284007812500000000e+03,3.759712278842926025e-01,4.997070000000000789e+00,4.184357523918151855e-01,3.286374211311340332e-01
-3.399644280041534472e+01,7.850740722183746634e+00,1.918860351562500000e+04,6.260210871696472168e-01,4.997080000000000410e+00,4.558961987495422363e-01,3.710570037364959717e-01
-3.399067000761357349e+01,7.875178931010866634e+00,3.428358154296875000e+03,6.538230776786804199e-01,4.997090000000000032e+00,4.315583407878875732e-01,3.177273571491241455e-01
-3.399606120938864251e+01,7.890296060424708102e+00,1.996066528320312500e+03,7.838637232780456543e-01,4.997100000000000541e+00,3.831878006458282471e-01,2.584467232227325439e-01
-3.398877266421471433e+01,7.918967740475677530e+00,1.547407226562500000e+03,6.385058760643005371e-01,4.997110000000000163e+00,3.604521155357360840e-01,2.287682741880416870e-01
-3.398939278263570429e+01,7.933439168322746760e+00,2.288314453125000000e+03,5.502540469169616699e-01,4.997120000000000672e+00,3.258145451545715332e-01,2.257165014743804932e-01
-3.399503814852493377e+01,7.950349028169481080e+00,1.525138427734375000e+03,4.609757959842681885e-01,4.997130000000000294e+00,3.306210637092590332e-01,2.090080678462982178e-01
-3.399506613293758051e+01,7.975179711920405090e+00,1.330537963867187500e+03,4.057652056217193604e-01,4.997140000000000803e+00,3.055965602397918701e-01,1.855857372283935547e-01
-3.399316095688542561e+01,7.995262591252505047e+00,1.315301513671875000e+03,3.794330656528472900e-01,4.997150000000000425e+00,2.582941353321075439e-01,1.562887430191040039e-01
-3.399881421616187538e+01,8.015280873144185136e+00,2.174992919921875000e+03,2.960914671421051025e-01,4.997160000000000046e+00,2.740107476711273193e-01,1.880271434783935547e-01
-3.399328750184808712e+01,8.030217511219172266e+00,8.510058593750000000e+03,2.517420351505279541e-01,4.997170000000000556e+00,2.636347413063049316e-01,2.087791711091995239e-01
-3.399918843399239421e+01,8.054960748607049581e+00,3.639263671875000000e+03,3.192204535007476807e-01,4.997180000000000177e+00,2.959834933280944824e-01,2.194603681564331055e-01
-3.400237039680514073e+01,8.077645762193622403e+00,3.973578369140625000e+03,3.448397219181060791e-01,4.997190000000000687e+00,3.090298175811767578e-01,2.313622683286666870e-01
-3.400056890603031690e+01,8.096688665379561556e+00,1.491406250000000000e+03,3.871220648288726807e-01,4.997200000000000308e+00,3.413022756576538086e-01,2.144249528646469116e-01
-3.399895572770618202e+01,8.120218878948842089e+00,2.162427246093750000e+03,4.260355532169342041e-01,4.997210000000000818e+00,3.177273571491241455e-01,2.177819013595581055e-01
-3.400519681454696297e+01,8.144252013788891631e+00,2.991119384765625000e+03,3.986984789371490479e-01,4.997220000000000439e+00,4.068390130996704102e-01,2.942287325859069824e-01
-3.399390449081746368e+01,8.164220657324356978e+00,2.372438476562500000e+03,4.351252615451812744e-01,4.997230000000000061e+00,4.032531976699829102e-01,2.811824083328247070e-01
-3.399801251364534238e+01,8.180199213980930750e+00,9.012936523437500000e+03,5.851370692253112793e-01,4.997240000000000570e+00,3.738799095153808594e-01,2.968990206718444824e-01
-3.400567131246743457e+01,8.195645195145500495e+00,3.321806152343750000e+03,6.091541647911071777e-01,4.997250000000000192e+00,4.818362593650817871e-01,3.533567488193511963e-01
-3.401101867735166451e+01,8.218977487178003472e+00,3.785338378906250000e+03,5.851072669029235840e-01,4.997260000000000701e+00,5.296727418899536133e-01,3.944793343544006348e-01
-3.400246022066651364e+01,8.244664011694261774e+00,2.062408691406250000e+03,8.676857352256774902e-01,4.997270000000000323e+00,3.054439723491668701e-01,2.074058800935745239e-01
-3.400548683612188938e+01,8.261434893675449587e+00,1.757803222656250000e+03,7.183355689048767090e-01,4.997280000000000832e+00,2.988063693046569824e-01,1.958854496479034424e-01
-3.401001602305390747e+01,8.279964301417434669e+00,2.246484863281250000e+03,3.151840269565582275e-01,4.997290000000000454e+00,4.694765806198120117e-01,3.241360485553741455e-01
-3.400715580531870330e+01,8.305958210634690531e+00,4.912536132812500000e+03,5.007905364036560059e-01,4.997300000000000075e+00,3.409208059310913086e-01,2.604303658008575439e-01
-3.400634479144090250e+01,8.319713578425181666e+00,5.626309570312500000e+03,6.229979395866394043e-01,4.997310000000000585e+00,3.165066540241241455e-01,2.444085925817489624e-01
-3.401013587171996733e+01,8.346020355807434399e+00,6.447552734375000000e+03,5.328328013420104980e-01,4.997320000000000206e+00,4.184357523918151855e-01,3.261960148811340332e-01
-3.401085282464228499e+01,8.364856180399071306e+00,-1.809506054687500000e+04,4.407495558261871338e-01,4.997330000000000716e+00,7.867079973220825195e-01,6.697489619255065918e-01
-3.400467016602376447e+01,8.382978852189246766e+00,-1.705245898437500000e+04,9.108418822288513184e-01,4.997340000000000337e+00,6.399942040443420410e-01,5.456182360649108887e-01
-3.400960110862541086e+01,8.406760952060491121e+00,3.073378662109375000e+03,1.778085947036743164e+00,4.997350000000000847e+00,4.233948588371276855e-01,3.073513209819793701e-01
-3.401207403935162432e+01,8.432690722614040624e+00,1.100249389648437500e+03,1.232780933380126953e+00,4.997360000000000468e+00,3.006374239921569824e-01,1.709372401237487793e-01
-3.401005642486857994e+01,8.453798538618162439e+00,1.614815551757812500e+03,6.290227770805358887e-01,4.997370000000000090e+00,2.590570747852325439e-01,1.662832945585250854e-01
-3.400125051146633837e+01,8.472272829171307862e+00,1.945467041015625000e+03,3.297132551670074463e-01,4.997380000000000599e+00,2.987300753593444824e-01,2.003868073225021362e-01
-3.401186417017969177e+01,8.491304522199451199e+00,1.578892456054687500e+03,2.523857653141021729e-01,4.997390000000000221e+00,3.387845456600189209e-01,2.161797136068344116e-01
-3.400643840448860544e+01,8.510812418494964504e+00,5.966843261718750000e+03,4.200917780399322510e-01,4.997400000000000730e+00,3.191006481647491455e-01,2.474603503942489624e-01
-3.400955873182766709e+01,8.540377556578579998e+00,2.020218627929687500e+03,4.351944029331207275e-01,4.997410000000000352e+00,2.478418201208114624e-01,1.675802916288375854e-01
-3.400835925298915186e+01,8.559293772853427740e+00,1.818802246093750000e+03,4.173130095005035400e-01,4.997419999999999973e+00,3.369534909725189209e-01,2.226647287607192993e-01
-3.400850291227823874e+01,8.575939348452667588e+00,1.801378784179687500e+03,3.130489885807037354e-01,4.997430000000000483e+00,2.936183810234069824e-01,1.935966312885284424e-01
-3.400074424702997788e+01,8.594900226710654678e+00,2.203407714843750000e+03,3.949743807315826416e-01,4.997440000000000104e+00,3.322232663631439209e-01,2.285393923521041870e-01
-3.399903296651221041e+01,8.618212260698600247e+00,6.514847656250000000e+03,4.256052076816558838e-01,4.997450000000000614e+00,2.830897569656372070e-01,2.208336740732192993e-01
-3.400296255955348101e+01,8.638541756604942279e+00,1.036723632812500000e+03,4.266351759433746338e-01,4.997460000000000235e+00,3.310788273811340332e-01,1.839072555303573608e-01
-3.400085650082107946e+01,8.653397726867353867e+00,2.968441894531250000e+03,3.659540712833404541e-01,4.997470000000000745e+00,3.705229461193084717e-01,2.676783204078674316e-01
-3.400755875787067595e+01,8.673120692439557189e+00,5.775814941406250000e+03,4.257864058017730713e-01,4.997480000000000366e+00,3.384793698787689209e-01,2.618799805641174316e-01
-3.400311952217743539e+01,8.696180212259442044e+00,3.999747314453125000e+03,5.695278048515319824e-01,4.997489999999999988e+00,3.175747692584991455e-01,2.379235774278640747e-01
-3.399904730192643143e+01,8.719040919944990975e+00,2.372470703125000000e+03,4.837972223758697510e-01,4.997500000000000497e+00,3.500761091709136963e-01,2.441034018993377686e-01
-3.399677876590683212e+01,8.741272740504701488e+00,3.017123046875000000e+03,4.558962881565093994e-01,4.997510000000000119e+00,3.160488605499267578e-01,2.288445681333541870e-01
-3.399759999120972509e+01,8.757363349302154987e+00,1.570734375000000000e+03,4.018801748752593994e-01,4.997520000000000628e+00,3.459562063217163086e-01,2.204521894454956055e-01
-3.399688583066132708e+01,8.782910872293106408e+00,1.175271972656250000e+03,4.313379824161529541e-01,4.997530000000000250e+00,3.176510632038116455e-01,1.850516647100448608e-01
-3.399221806956016678e+01,8.802636974544313375e+00,1.181819335937500000e+04,4.187447130680084229e-01,4.997540000000000759e+00,3.700651824474334717e-01,2.971279025077819824e-01
-3.399952182254158117e+01,8.821178930649868022e+00,1.886942626953125000e+03,3.744894564151763916e-01,4.997550000000000381e+00,3.432096242904663086e-01,2.286919802427291870e-01
-3.399177265410671112e+01,8.844626979495261665e+00,1.267369140625000000e+03,6.031460165977478027e-01,4.997560000000000002e+00,2.684412598609924316e-01,1.604849249124526978e-01
-3.399189909923395447e+01,8.866488700073221096e+00,2.197655761718750000e+03,3.911334574222564697e-01,4.997570000000000512e+00,2.488336563110351562e-01,1.710898280143737793e-01
-3.399856268588410302e+01,8.889895336781011181e+00,1.778353027343750000e+03,3.323167860507965088e-01,4.997580000000000133e+00,2.338036894798278809e-01,1.536947339773178101e-01
-3.399484243444327092e+01,8.907104202049088926e+00,1.735700805664062500e+03,2.678519785404205322e-01,4.997590000000000643e+00,3.078853785991668701e-01,2.012260556221008301e-01
-3.399622701746528719e+01,8.923638739063772363e+00,8.029949707031250000e+03,2.321344763040542603e-01,4.997600000000000264e+00,3.499235212802886963e-01,2.762995660305023193e-01
-3.399905705036974268e+01,8.953208253794564087e+00,1.199098876953125000e+03,4.390710890293121338e-01,4.997610000000000774e+00,3.407682180404663086e-01,1.999290436506271362e-01
-3.399620053786190965e+01,8.969450914112046647e+00,1.208091552734375000e+03,5.212087035179138184e-01,4.997620000000000395e+00,3.020107448101043701e-01,1.776511222124099731e-01
-3.399535765400628406e+01,8.990079492865413968e+00,1.668325805664062500e+03,4.269284307956695557e-01,4.997630000000000017e+00,3.239834606647491455e-01,2.096947133541107178e-01
-3.400130475783304007e+01,9.009374720109944334e+00,1.657674926757812500e+03,3.438908159732818604e-01,4.997640000000000526e+00,2.913295328617095947e-01,1.882560253143310547e-01
-3.400167025017083233e+01,9.030335568558768955e+00,6.411346679687500000e+03,3.724009096622467041e-01,4.997650000000000148e+00,2.661524415016174316e-01,2.074058800935745239e-01
-3.400488997741481256e+01,9.055563899977396858e+00,1.730482421875000000e+03,3.496641218662261963e-01,4.997660000000000657e+00,2.652369141578674316e-01,1.732260584831237793e-01
-3.400071605789072038e+01,9.067332519970962679e+00,1.513899536132812500e+03,3.237551748752593994e-01,4.997670000000000279e+00,3.251278996467590332e-01,2.051170617341995239e-01
-3.400213010687178183e+01,9.094061528645074333e+00,1.390838256835937500e+03,3.083867132663726807e-01,4.997680000000000788e+00,2.733241021633148193e-01,1.682669371366500854e-01
-3.400476527973277996e+01,9.117358794077821571e+00,1.123267822265625000e+03,3.523451387882232666e-01,4.997690000000000410e+00,3.021633327007293701e-01,1.731497645378112793e-01
-3.401045229278989268e+01,9.136876916062613319e+00,2.762418701171875000e+03,2.633327543735504150e-01,4.997700000000000031e+00,3.146755695343017578e-01,2.249535620212554932e-01
-3.400781757375777659e+01,9.152712753411149649e+00,1.780906738281250000e+03,3.997940123081207275e-01,4.997710000000000541e+00,2.983486056327819824e-01,1.961906254291534424e-01
-3.400590086907911314e+01,9.181947806698305570e+00,1.066897949218750000e+03,4.428535997867584229e-01,4.997720000000000162e+00,2.568445503711700439e-01,1.443105489015579224e-01
-3.401429231594226366e+01,9.200675271806035838e+00,1.325087890625000000e+03,3.154200613498687744e-01,4.997730000000000672e+00,2.369317561388015747e-01,1.437001973390579224e-01
-3.400734106569201032e+01,9.214797730230106509e+00,2.103480957031250000e+03,2.210122495889663696e-01,4.997740000000000293e+00,2.490625381469726562e-01,1.697928160429000854e-01
-3.401397578840207103e+01,9.241265232959731790e+00,9.450448242187500000e+03,2.305001169443130493e-01,4.997750000000000803e+00,2.787410020828247070e-01,2.218254953622817993e-01
-3.401425614045125201e+01,9.261832211915651314e+00,1.851731933593750000e+03,3.177541792392730713e-01,4.997760000000000424e+00,3.038417994976043701e-01,2.016075253486633301e-01
-3.401044818480108489e+01,9.275490687956446934e+00,1.104059326171875000e+03,3.701848089694976807e-01,4.997770000000000046e+00,2.726374566555023193e-01,1.552206277847290039e-01
-3.400876007031479986e+01,9.294926950955510137e+00,2.054089111328125000e+03,3.147989809513092041e-01,4.997780000000000555e+00,3.177273571491241455e-01,2.155693620443344116e-01
-3.402032282638874960e+01,9.314096829223892371e+00,3.829638916015625000e+03,2.900415956974029541e-01,4.997790000000000177e+00,3.315365910530090332e-01,2.472314685583114624e-01
-3.401467476752116426e+01,9.337704660232278187e+00,3.432269775390625000e+03,4.128915369510650635e-01,4.997800000000000686e+00,3.287137150764465332e-01,2.420434653759002686e-01
-3.401235234682597763e+01,9.355425390490154314e+00,4.813745117187500000e+03,4.942328035831451416e-01,4.997810000000000308e+00,2.875911295413970947e-01,2.193077802658081055e-01
-3.401602433240673662e+01,9.380712740338132960e+00,1.676769653320312500e+03,4.494351446628570557e-01,4.997820000000000817e+00,3.191006481647491455e-01,2.067955285310745239e-01
-3.401757207375420933e+01,9.399392284275554843e+00,2.639110595703125000e+03,3.702777922153472900e-01,4.997830000000000439e+00,3.302395939826965332e-01,2.344140410423278809e-01
-3.401896248461094530e+01,9.418362449746298992e+00,2.977900146484375000e+03,3.911871016025543213e-01,4.997840000000000060e+00,3.602232336997985840e-01,2.603540718555450439e-01
-3.401743913883607462e+01,9.437910824061731319e+00,1.303471801757812500e+03,4.787594377994537354e-01,4.997850000000000570e+00,3.660216033458709717e-01,2.208336740732192993e-01
-3.402108357167585240e+01,9.459634954261812112e+00,6.718666992187500000e+03,4.674667418003082275e-01,4.997860000000000191e+00,3.853240311145782471e-01,3.011715114116668701e-01
-3.401719276962255378e+01,9.477811391968929300e+00,1.664383911132812500e+03,5.152387022972106934e-01,4.997870000000000701e+00,3.292477726936340332e-01,2.129753679037094116e-01
-3.401291289929263684e+01,9.496699372783544035e+00,3.585896240234375000e+03,5.281073451042175293e-01,4.997880000000000322e+00,3.277218937873840332e-01,2.425775229930877686e-01
-3.401407608024084794e+01,9.521189024822643177e+00,4.606562011718750000e+03,4.926711618900299072e-01,4.997890000000000832e+00,3.132259845733642578e-01,2.379235774278640747e-01
-3.401167802283625718e+01,9.539959222784712978e+00,2.664599853515625000e+03,5.032820105552673340e-01,4.997900000000000453e+00,2.549372017383575439e-01,1.812369525432586670e-01
-3.401203913302708060e+01,9.558573339391196910e+00,3.418577880859375000e+03,4.048389494419097900e-01,4.997910000000000075e+00,3.869262337684631348e-01,2.847682237625122070e-01
-3.401477286787321930e+01,9.585862628507225480e+00,2.347698242187500000e+03,3.697902262210845947e-01,4.997920000000000584e+00,3.490842878818511963e-01,2.429589927196502686e-01
-3.401422868869376259e+01,9.598856261201314410e+00,1.124686767578125000e+03,6.037825942039489746e-01,4.997930000000000206e+00,2.703486382961273193e-01,1.549917459487915039e-01
-3.400503583929091889e+01,9.621992302370994565e+00,1.063084716796875000e+03,4.094893038272857666e-01,4.997940000000000715e+00,2.982723116874694824e-01,1.673514097929000854e-01
-3.401450870600066168e+01,9.639653885656422005e+00,1.507943237304687500e+03,2.721470892429351807e-01,4.997950000000000337e+00,3.113186359405517578e-01,1.961906254291534424e-01
-3.401435669882887680e+01,9.660741823510029747e+00,2.450363281250000000e+03,2.764827311038970947e-01,4.997960000000000846e+00,2.933894991874694824e-01,2.057274132966995239e-01
-3.400523057650232062e+01,9.683966664363849119e+00,1.533719726562500000e+03,4.407185614109039307e-01,4.997970000000000468e+00,2.431115806102752686e-01,1.539236158132553101e-01
-3.400780426087128916e+01,9.705863660512717317e+00,2.692865478515625000e+03,3.612453043460845947e-01,4.997980000000000089e+00,3.065883815288543701e-01,2.183159589767456055e-01
-3.401255768372097066e+01,9.723274961310069742e+00,1.852576538085937500e+03,2.649611532688140869e-01,4.997990000000000599e+00,2.857600748538970947e-01,1.896293312311172485e-01
-3.401187249842585913e+01,9.739348991448618875e+00,2.620951416015625000e+03,4.637509882450103760e-01,4.998000000000000220e+00,3.435148000717163086e-01,2.435693442821502686e-01
-3.400892214273915215e+01,9.751202807144229823e+00,1.601504028320312500e+03,3.431707918643951416e-01,4.998010000000000730e+00,3.406156301498413086e-01,2.181633710861206055e-01
-3.401192426099665056e+01,9.760786450148488669e+00,-3.925448437500000000e+05,4.860180914402008057e-01,4.998020000000000351e+00,5.428335070610046387e-02,4.520433396100997925e-02
-3.400524253253141893e+01,9.771958993316152586e+00,-1.303421264648437500e+03,3.076750338077545166e-01,4.998029999999999973e+00,3.322613984346389771e-02,3.810897096991539001e-02
-3.400922205108303586e+01,9.774049812811492544e+00,-9.524398193359375000e+02,1.523488909006118774e-01,4.998040000000000482e+00,2.437600865960121155e-02,3.147137165069580078e-02
