# x_coordinates, y_coordinates, TEP, TED, times, high, low
-3.852151730408432684e+01,2.002337526270710377e+00,-1.458664184570312500e+03,7.498682290315628052e-02,4.954950000000000188e+00,2.040870860219001770e-02,2.262124046683311462e-02
-3.852372057646893921e+01,1.992636112685259864e+00,1.295313598632812500e+03,7.311404496431350708e-02,4.954960000000000697e+00,1.298146396875381470e-01,7.816344499588012695e-02
-3.851908483133443895e+01,1.988590862417563221e+00,8.732158203125000000e+02,7.701338082551956177e-02,4.954970000000000319e+00,1.993186920881271362e-01,1.026538982987403870e-01
-3.852593187636279026e+01,1.984385175754164399e+00,9.066955566406250000e+02,8.063972741365432739e-02,4.954980000000000828e+00,2.196892499923706055e-01,1.151661500334739685e-01
-3.851948549353640061e+01,1.980697836925430888e+00,2.394017578125000000e+03,1.189702823758125305e-01,4.954990000000000450e+00,2.400598078966140747e-01,1.676565855741500854e-01
-3.852289929103588406e+01,1.980732535180124598e+00,1.032227343750000000e+04,1.641065031290054321e-01,4.955000000000000071e+00,2.343377470970153809e-01,1.871879100799560547e-01
-3.853262848901444215e+01,1.984352551610491622e+00,3.178369873046875000e+03,2.877027094364166260e-01,4.955010000000000581e+00,3.084957301616668701e-01,2.249535620212554932e-01
-3.852840008734020927e+01,1.980597985782137638e+00,-1.048702832031250000e+04,3.632706701755523682e-01,4.955020000000000202e+00,3.023159205913543701e-01,2.617273926734924316e-01
-3.852132929170221587e+01,1.989109984425738720e+00,-1.299034843750000000e+05,4.648703634738922119e-01,4.955030000000000712e+00,3.619779944419860840e-01,3.020870387554168701e-01
-3.852139070883686855e+01,1.994862418025834749e+00,-9.512663085937500000e+03,5.488247275352478027e-01,4.955040000000000333e+00,4.500215649604797363e-01,3.911986947059631348e-01
-3.852554368658631745e+01,2.005653220337293874e+00,7.194523437500000000e+03,6.683821082115173340e-01,4.955050000000000843e+00,4.673403501510620117e-01,3.667845427989959717e-01
-3.852018942744523144e+01,2.018506268957909189e+00,4.554424804687500000e+03,8.625966906547546387e-01,4.955060000000000464e+00,3.868499398231506348e-01,2.935420870780944824e-01
-3.852061788915654006e+01,2.027025648638203670e+00,3.780312011718750000e+03,8.707827925682067871e-01,4.955070000000000086e+00,3.262723088264465332e-01,2.429589927196502686e-01
-3.851609294503481351e+01,2.046894076189771816e+00,1.284777441406250000e+04,7.019276022911071777e-01,4.955080000000000595e+00,2.808009386062622070e-01,2.260979712009429932e-01
-3.852184152965405417e+01,2.059975073700829551e+00,1.666047363281250000e+03,4.988569319248199463e-01,4.955090000000000217e+00,2.141960710287094116e-01,1.385884732007980347e-01
-3.851312593974422782e+01,2.077339215522206572e+00,1.164824096679687500e+03,3.631049692630767822e-01,4.955100000000000726e+00,1.874167919158935547e-01,1.088337302207946777e-01
-3.852183012808844609e+01,2.088738655556605206e+00,1.839586059570312500e+03,1.767772585153579712e-01,4.955110000000000348e+00,2.125175893306732178e-01,1.408010125160217285e-01
-3.850876500102832267e+01,2.103102558654033505e+00,1.315718750000000000e+03,1.360827833414077759e-01,4.955119999999999969e+00,1.899345070123672485e-01,1.149372681975364685e-01
-3.851534322989910919e+01,2.123549823491238442e+00,1.660625000000000000e+03,1.868897825479507446e-01,4.955130000000000479e+00,1.959617435932159424e-01,1.266865730285644531e-01
-3.851066251529772444e+01,2.139321461646519040e+00,1.079396728515625000e+03,1.322311311960220337e-01,4.955140000000000100e+00,2.075584679841995239e-01,1.171498000621795654e-01
-3.851731885272364053e+01,2.158852599633010350e+00,1.696548950195312500e+03,1.434928327798843384e-01,4.955150000000000610e+00,1.787192523479461670e-01,1.161579713225364685e-01
-3.850448354223797764e+01,2.167315464022114391e+00,3.115367431640625000e+03,1.224762275815010071e-01,4.955160000000000231e+00,1.983268707990646362e-01,1.442342549562454224e-01
-3.850648784778309874e+01,2.189614212926612513e+00,1.907417236328125000e+03,1.346081644296646118e-01,4.955170000000000741e+00,2.329644560813903809e-01,1.556020975112915039e-01
-3.849732316120662290e+01,2.206291949772624772e+00,4.357270507812500000e+03,1.539820581674575806e-01,4.955180000000000362e+00,2.210625559091567993e-01,1.670462340116500854e-01
-3.850788461824078723e+01,2.227752510874560166e+00,2.329547119140625000e+03,2.448231130838394165e-01,4.955189999999999984e+00,2.399072200059890747e-01,1.667410582304000854e-01
-3.850792592303189110e+01,2.238532511293545468e+00,2.394084716796875000e+03,2.244573980569839478e-01,4.955200000000000493e+00,2.977382540702819824e-01,2.079399377107620239e-01
-3.850222059073107062e+01,2.258686086725422371e+00,1.622231201171875000e+03,2.719384729862213135e-01,4.955210000000000115e+00,2.386865168809890747e-01,1.533895581960678101e-01
-3.850136842037008478e+01,2.266852017842466260e+00,-4.254409375000000000e+04,3.053635656833648682e-01,4.955220000000000624e+00,3.172695934772491455e-01,2.665339112281799316e-01
-3.850043671407190971e+01,2.283453373188556235e+00,3.826979248046875000e+03,2.847236692905426025e-01,4.955230000000000246e+00,3.008663356304168701e-01,2.243431955575942993e-01
-3.849995502571735528e+01,2.300711450948401904e+00,2.654448242187500000e+03,5.030936598777770996e-01,4.955240000000000755e+00,2.893458902835845947e-01,2.055748254060745239e-01
-3.850112061111950368e+01,2.311615828897771951e+00,1.392962524414062500e+03,3.810137808322906494e-01,4.955250000000000377e+00,3.269589543342590332e-01,2.013786435127258301e-01
-3.849807272022730587e+01,2.324851338208925977e+00,1.372285034179687500e+03,3.320497572422027588e-01,4.955259999999999998e+00,2.591333687305450439e-01,1.588827520608901978e-01
-3.849536943182992843e+01,2.335987089141979389e+00,8.821317749023437500e+02,4.570037424564361572e-01,4.955270000000000508e+00,2.035148739814758301e-01,1.053241938352584839e-01
-3.850161725676301216e+01,2.349954991288791817e+00,1.028985351562500000e+03,2.547830641269683838e-01,4.955280000000000129e+00,1.925285011529922485e-01,1.066211983561515808e-01
-3.849997355587218095e+01,2.362634349867087646e+00,1.186451416015625000e+03,1.082652881741523743e-01,4.955290000000000639e+00,2.060325890779495239e-01,1.204304546117782593e-01
-3.850457970086851844e+01,2.378414678656401993e+00,1.623512817382812500e+03,1.203185394406318665e-01,4.955300000000000260e+00,2.219017893075942993e-01,1.426320821046829224e-01
-3.849476420196387494e+01,2.386879052574631732e+00,1.691801757812500000e+03,1.543039232492446899e-01,4.955310000000000770e+00,1.932914406061172485e-01,1.255421638488769531e-01
-3.850132163045839917e+01,2.404012031293327745e+00,2.016733154296875000e+03,1.919108778238296509e-01,4.955320000000000391e+00,1.800925433635711670e-01,1.217274516820907593e-01
-3.848657737315622285e+01,2.425327929657679960e+00,1.655828979492187500e+03,1.264566332101821899e-01,4.955330000000000013e+00,1.976402252912521362e-01,1.276784092187881470e-01
-3.849724289044756631e+01,2.437747212783897055e+00,4.864134765625000000e+03,1.649826914072036743e-01,4.955340000000000522e+00,2.165611833333969116e-01,1.652914583683013916e-01
-3.850754371854799984e+01,2.453796796430852023e+00,1.451284545898437500e+03,1.836830526590347290e-01,4.955350000000000144e+00,2.947627902030944824e-01,1.837546676397323608e-01
-3.850574240598634645e+01,2.473475175271412141e+00,2.094833007812500000e+03,2.702230513095855713e-01,4.955360000000000653e+00,2.639399170875549316e-01,1.797873675823211670e-01
-3.850288295796563887e+01,2.487641351032870318e+00,2.284996826171875000e+03,3.273707926273345947e-01,4.955370000000000275e+00,2.476892322301864624e-01,1.715475916862487793e-01
-3.851320499718567447e+01,2.498753743340617728e+00,4.124988769531250000e+03,2.495998293161392212e-01,4.955380000000000784e+00,2.241906076669692993e-01,1.684958189725875854e-01
-3.850723315706982675e+01,2.513746436999913847e+00,2.209911621093750000e+03,2.459854036569595337e-01,4.955390000000000406e+00,3.333676755428314209e-01,2.294549196958541870e-01
-3.850645219277316755e+01,2.534419880183558682e+00,5.528172363281250000e+03,2.369195371866226196e-01,4.955400000000000027e+00,3.524412214756011963e-01,2.717982232570648193e-01
-3.850651933968272544e+01,2.551222825210786471e+00,1.377160449218750000e+04,5.030054450035095215e-01,4.955410000000000537e+00,3.545011579990386963e-01,2.860652506351470947e-01
-3.851538997256928099e+01,2.564455419168767403e+00,-8.152552734375000000e+03,5.859774947166442871e-01,4.955420000000000158e+00,3.087246417999267578e-01,2.703486382961273193e-01
-3.851080171260568363e+01,2.577185697746089410e+00,3.527968750000000000e+03,6.001264452934265137e-01,4.955430000000000668e+00,3.084194362163543701e-01,2.278527319431304932e-01
-3.852307010314586222e+01,2.599729308952576812e+00,2.943571777343750000e+03,4.979664385318756104e-01,4.955440000000000289e+00,3.364957273006439209e-01,2.428064048290252686e-01
-3.852129037629018882e+01,2.611365473057027486e+00,2.382485839843750000e+03,4.676348268985748291e-01,4.955450000000000799e+00,3.213894665241241455e-01,2.242669016122817993e-01
-3.852386847632984512e+01,2.629304487229719101e+00,1.265698364257812500e+03,5.099601149559020996e-01,4.955460000000000420e+00,2.773677110671997070e-01,1.657492220401763916e-01
-3.852194623229343051e+01,2.648545063740786354e+00,1.791084228515625000e+03,3.979653418064117432e-01,4.955470000000000041e+00,2.155693620443344116e-01,1.419454216957092285e-01
-3.852160979371764427e+01,2.665504357416565107e+00,1.625854248046875000e+03,3.016430437564849854e-01,4.955480000000000551e+00,1.961906254291534424e-01,1.261525154113769531e-01
-3.852266563690687207e+01,2.685470850112059438e+00,9.522935791015625000e+02,1.763361841440200806e-01,4.955490000000000173e+00,2.329644560813903809e-01,1.248555183410644531e-01
-3.851984826819459329e+01,2.698338022017959581e+00,2.308527587890625000e+03,2.002400308847427368e-01,4.955500000000000682e+00,2.564630806446075439e-01,1.779563128948211670e-01
-3.852410468850044367e+01,2.713540760942895869e+00,2.014255126953125000e+03,2.409237772226333618e-01,4.955510000000000304e+00,3.039943873882293701e-01,2.054222375154495239e-01
-3.852022532796446086e+01,2.730084788319848244e+00,2.938673339843750000e+03,3.066748678684234619e-01,4.955520000000000813e+00,3.231442272663116455e-01,2.331170439720153809e-01
-3.851929893332479793e+01,2.741168808168236826e+00,3.154031494140625000e+03,4.065078794956207275e-01,4.955530000000000435e+00,3.023159205913543701e-01,2.202233076095581055e-01
-3.851718238770681069e+01,2.764028780241380545e+00,1.780981689453125000e+03,4.536646902561187744e-01,4.955540000000000056e+00,3.181851208209991455e-01,2.092369496822357178e-01
-3.852585241854827558e+01,2.769457902240618274e+00,6.739091796875000000e+03,3.979009687900543213e-01,4.955550000000000566e+00,3.432859182357788086e-01,2.683649659156799316e-01
-3.852007375550025614e+01,2.792225711636787455e+00,-5.295080566406250000e+03,4.762178957462310791e-01,4.955560000000000187e+00,3.152859210968017578e-01,2.838526964187622070e-01
-3.851938263813839569e+01,2.808402691763371095e+00,7.169335449218750000e+03,4.729301035404205322e-01,4.955570000000000697e+00,3.638853728771209717e-01,2.855311930179595947e-01
-3.851268953888255453e+01,2.825335684515997148e+00,4.092443847656250000e+03,5.057544112205505371e-01,4.955580000000000318e+00,2.858363687992095947e-01,2.146538347005844116e-01
-3.851983035000722566e+01,2.834920185689630667e+00,3.213199462890625000e+03,5.275518298149108887e-01,4.955590000000000828e+00,3.170407116413116455e-01,2.315148562192916870e-01
-3.851072565499607236e+01,2.848161143368878712e+00,3.755497558593750000e+03,4.276830255985260010e-01,4.955600000000000449e+00,3.446592092514038086e-01,2.564630806446075439e-01
-3.851800590620123899e+01,2.860370465094367987e+00,3.692657226562500000e+03,4.582459032535552979e-01,4.955610000000000070e+00,6.019234061241149902e-01,4.470460712909698486e-01
-3.851326275679379307e+01,2.880804977730006655e+00,-9.385470703125000000e+03,6.480986475944519043e-01,4.955620000000000580e+00,5.408880114555358887e-01,4.704684019088745117e-01
-3.851241436175467214e+01,2.897632050514120206e+00,2.424635742187500000e+03,1.170246124267578125e+00,4.955630000000000202e+00,3.129971027374267578e-01,2.190788984298706055e-01
-3.850751707553875747e+01,2.916620588346837017e+00,1.056324340820312500e+03,9.142834544181823730e-01,4.955640000000000711e+00,2.356347441673278809e-01,1.318745911121368408e-01
-3.851012963813452927e+01,2.939851100010251628e+00,1.243791381835937500e+03,4.892677366733551025e-01,4.955650000000000333e+00,2.097710072994232178e-01,1.246266365051269531e-01
-3.850661852044927969e+01,2.948520692413564070e+00,2.954206054687500000e+03,2.613050043582916260e-01,4.955660000000000842e+00,2.505121231079101562e-01,1.808554828166961670e-01
-3.850557687352076641e+01,2.968532453842640972e+00,2.630903808593750000e+03,1.904505640268325806e-01,4.955670000000000464e+00,3.287900090217590332e-01,2.332696318626403809e-01
-3.851067350664536093e+01,2.986584986323410185e+00,4.294587402343750000e+03,3.585833609104156494e-01,4.955680000000000085e+00,3.177273571491241455e-01,2.397546321153640747e-01
-3.850066369261137567e+01,2.996559334580146228e+00,4.092766601562500000e+03,4.399460852146148682e-01,4.955690000000000595e+00,3.428281545639038086e-01,2.574549019336700439e-01
-3.850173026172581103e+01,3.008997116056285392e+00,-1.195875683593750000e+04,4.460817873477935791e-01,4.955700000000000216e+00,3.365720212459564209e-01,2.899562418460845947e-01
-3.850155931639191920e+01,3.032621772861761489e+00,1.844937744140625000e+03,6.269533038139343262e-01,4.955710000000000726e+00,2.997218966484069824e-01,1.987083405256271362e-01
-3.850124760800513712e+01,3.047572270942954908e+00,4.165865722656250000e+03,4.917401373386383057e-01,4.955720000000000347e+00,2.997218966484069824e-01,2.254876196384429932e-01
-3.849892211954681898e+01,3.062026684455423364e+00,3.502652832031250000e+03,4.438299238681793213e-01,4.955729999999999968e+00,2.517328262329101562e-01,1.858146190643310547e-01
-3.850033664862479554e+01,3.075496169965443727e+00,6.049125488281250000e+03,4.303497374057769775e-01,4.955740000000000478e+00,2.744685113430023193e-01,2.130516618490219116e-01
-3.850154626230498423e+01,3.095528221214624232e+00,1.581890747070312500e+03,4.217535555362701416e-01,4.955750000000000099e+00,2.624903321266174316e-01,1.675802916288375854e-01
-3.850540123024128292e+01,3.114395575879633338e+00,1.180467407226562500e+03,3.842860758304595947e-01,4.955760000000000609e+00,2.437982261180877686e-01,1.422505974769592285e-01
-3.849899751120511837e+01,3.137179614981019160e+00,8.109578247070312500e+02,2.491134554147720337e-01,4.955770000000000231e+00,2.498254776000976562e-01,1.240162774920463562e-01
-3.850315518523622416e+01,3.145050049837244899e+00,2.814297119140625000e+03,1.994162946939468384e-01,4.955780000000000740e+00,2.904902994632720947e-01,2.082451134920120239e-01
-3.850823442470737490e+01,3.164832608403234104e+00,1.505162109375000000e+03,2.494818121194839478e-01,4.955790000000000362e+00,2.360162138938903809e-01,1.486593186855316162e-01
-3.850329144183280761e+01,3.180977017022943443e+00,-1.344589648437500000e+04,3.506237566471099854e-01,4.955799999999999983e+00,2.495965957641601562e-01,2.141960710287094116e-01
-3.850547210371863827e+01,3.197741643064958339e+00,1.479634887695312500e+03,2.855772078037261963e-01,4.955810000000000493e+00,2.392205744981765747e-01,1.499563157558441162e-01
-3.851432693408758468e+01,3.207397244512646406e+00,4.053813720703125000e+03,3.344482481479644775e-01,4.955820000000000114e+00,2.022178769111633301e-01,1.517110913991928101e-01
-3.850425196771195147e+01,3.226678043286334230e+00,2.320964111328125000e+03,2.080089002847671509e-01,4.955830000000000624e+00,2.447900623083114624e-01,1.700217127799987793e-01
-3.850889869711389935e+01,3.244053457775911475e+00,3.343597900390625000e+03,2.351480871438980103e-01,4.955840000000000245e+00,3.180325329303741455e-01,2.334222197532653809e-01
-3.851497461763043617e+01,3.255817639922828466e+00,1.338144531250000000e+03,3.649229109287261963e-01,4.955850000000000755e+00,2.968990206718444824e-01,1.806266009807586670e-01
-3.851922160155757524e+01,3.275691296590351076e+00,2.777719970703125000e+03,4.224664270877838135e-01,4.955860000000000376e+00,2.665339112281799316e-01,1.906974464654922485e-01
-3.851171804991126635e+01,3.288004843256550291e+00,1.596354614257812500e+03,3.388017714023590088e-01,4.955869999999999997e+00,2.508935928344726562e-01,1.605612188577651978e-01
-3.851788424523313381e+01,3.305160653119774139e+00,4.481819824218750000e+03,3.425056040287017822e-01,4.955880000000000507e+00,2.647791504859924316e-01,2.006156891584396362e-01
-3.851381602688042705e+01,3.322130821494421848e+00,4.292939453125000000e+03,2.862221300601959229e-01,4.955890000000000128e+00,2.779017686843872070e-01,2.096947133541107178e-01
-3.850972435728716903e+01,3.343066445772542750e+00,-1.988013281250000000e+04,3.907841742038726807e-01,4.955900000000000638e+00,2.495203018188476562e-01,2.119835317134857178e-01
-3.851546221714190921e+01,3.356158108922198124e+00,2.182278320312500000e+03,3.907984793186187744e-01,4.955910000000000259e+00,2.425012290477752686e-01,1.665121763944625854e-01
-3.851871287793807141e+01,3.371550996558990487e+00,1.472926513671875000e+03,3.786379396915435791e-01,4.955920000000000769e+00,2.870570719242095947e-01,1.797110736370086670e-01
-3.851376533974993777e+01,3.390215763957126427e+00,1.101736572265625000e+03,3.052753508090972900e-01,4.955930000000000391e+00,2.539453804492950439e-01,1.444631367921829224e-01
-3.851359797776305527e+01,3.406373254068848500e+00,1.280961181640625000e+03,3.161710798740386963e-01,4.955940000000000012e+00,2.509698867797851562e-01,1.505666822195053101e-01
-3.852154526935982659e+01,3.417535014970757956e+00,2.143572509765625000e+03,2.120810896158218384e-01,4.955950000000000522e+00,2.694330811500549316e-01,1.843650192022323608e-01
-3.850824817561716884e+01,3.441987241822921373e+00,2.337823486328125000e+03,2.873796522617340088e-01,4.955960000000000143e+00,2.397546321153640747e-01,1.667410582304000854e-01
-3.851971465351912371e+01,3.453115953998150633e+00,3.574855468750000000e+03,2.542656958103179932e-01,4.955970000000000653e+00,3.001033663749694824e-01,2.220543771982192993e-01
-3.852015596337820824e+01,3.471578239777878494e+00,5.081301269531250000e+03,3.206676542758941650e-01,4.955980000000000274e+00,2.273186743259429932e-01,1.741416007280349731e-01
-3.851745346216060284e+01,3.485541232869465045e+00,2.684552246093750000e+03,3.115314543247222900e-01,4.955990000000000784e+00,2.524957656860351562e-01,1.797110736370086670e-01
-3.850947233958131477e+01,3.503080647058090413e+00,1.241705566406250000e+03,2.451557070016860962e-01,4.956000000000000405e+00,2.695093750953674316e-01,1.600271612405776978e-01
-3.851302398005925909e+01,3.522019546681396829e+00,4.398493164062500000e+03,2.872604429721832275e-01,4.956010000000000026e+00,3.569425940513610840e-01,2.699671685695648193e-01
-3.851505940446551790e+01,3.533209408325960865e+00,9.608814086914062500e+02,2.856034338474273682e-01,4.956020000000000536e+00,3.012478053569793701e-01,1.620870977640151978e-01
-3.850763464259132718e+01,3.550504879550281156e+00,1.101819335937500000e+03,6.239003539085388184e-01,4.956030000000000157e+00,2.383813410997390747e-01,1.356130093336105347e-01
-3.850877101436821448e+01,3.566066590714755069e+00,4.256108398437500000e+03,3.023630678653717041e-01,4.956040000000000667e+00,2.306756228208541870e-01,1.739127188920974731e-01
-3.850893165509372551e+01,3.580545156299620668e+00,1.527685058593750000e+03,2.292233854532241821e-01,4.956050000000000288e+00,2.308282107114791870e-01,1.459890156984329224e-01
-3.850356250131896729e+01,3.600060196401993373e+00,7.072973632812500000e+03,2.455347925424575806e-01,4.956060000000000798e+00,2.405938804149627686e-01,1.886374950408935547e-01
-3.851309289708489558e+01,3.618197391566271737e+00,2.263835205078125000e+03,2.986079752445220947e-01,4.956070000000000420e+00,2.605829536914825439e-01,1.801688373088836670e-01
-3.849939645548199962e+01,3.632037046889565080e+00,1.178389648437500000e+03,2.815419733524322510e-01,4.956080000000000041e+00,2.728663384914398193e-01,1.591116338968276978e-01
-3.850578077144271560e+01,3.654170442027703025e+00,5.930770019531250000e+03,2.466350942850112915e-01,4.956090000000000551e+00,3.467954397201538086e-01,2.688227295875549316e-01
-3.849841154710525615e+01,3.674288227629388004e+00,6.240509277343750000e+03,3.151828348636627197e-01,4.956100000000000172e+00,3.225338757038116455e-01,2.508935928344726562e-01
-3.850746882868880760e+01,3.689460739489013985e+00,1.928847656250000000e+03,5.729812979698181152e-01,4.956110000000000682e+00,2.687464356422424316e-01,1.799399554729461670e-01
-3.849783023129483439e+01,3.696773166954402612e+00,-7.423525878906250000e+03,4.521435797214508057e-01,4.956120000000000303e+00,3.863158524036407471e-01,3.400052785873413086e-01
-3.849419063071457003e+01,3.714598330219211153e+00,6.371918945312500000e+03,4.004961550235748291e-01,4.956130000000000813e+00,3.513731062412261963e-01,2.737055718898773193e-01
-3.849594142614814984e+01,3.732425825365880634e+00,2.030554565429687500e+03,7.628268599510192871e-01,4.956140000000000434e+00,3.326810300350189209e-01,2.251824438571929932e-01
-3.849608746717905916e+01,3.749441051634812894e+00,9.625810546875000000e+03,5.358237624168395996e-01,4.956150000000000055e+00,3.077327907085418701e-01,2.450952380895614624e-01
-3.850104690321438738e+01,3.762331939365378464e+00,4.062658447265625000e+03,4.472393095493316650e-01,4.956160000000000565e+00,4.007354676723480225e-01,3.007137179374694824e-01
-3.849751905541910446e+01,3.775538648406047137e+00,1.978279174804687500e+03,5.202097296714782715e-01,4.956170000000000186e+00,3.564848303794860840e-01,2.399835139513015747e-01
-3.850469208678578781e+01,3.793199188802246269e+00,3.029242919921875000e+03,5.791849493980407715e-01,4.956180000000000696e+00,2.447900623083114624e-01,1.773459464311599731e-01
-3.849568292738420894e+01,3.808717579578062562e+00,1.749447998046875000e+03,4.118949472904205322e-01,4.956190000000000317e+00,2.499780654907226562e-01,1.636892855167388916e-01
-3.850200905869387213e+01,3.826979420611249960e+00,7.447594726562500000e+03,2.912181913852691650e-01,4.956200000000000827e+00,2.550134956836700439e-01,2.005393952131271362e-01
-3.849120054986229889e+01,3.844311052604589829e+00,1.683214355468750000e+03,2.877945005893707275e-01,4.956210000000000448e+00,3.244412541389465332e-01,2.104576528072357178e-01
-3.850246162171621478e+01,3.855872510497611927e+00,-1.786936132812500000e+04,3.776687681674957275e-01,4.956220000000000070e+00,4.261414706707000732e-01,3.628935217857360840e-01
-3.849807571396195272e+01,3.877480026604103625e+00,-2.589450195312500000e+03,4.778462946414947510e-01,4.956230000000000580e+00,4.578798711299896240e-01,4.477327167987823486e-01
-3.849951764716590219e+01,3.890575015011561000e+00,2.188848876953125000e+03,9.855193495750427246e-01,4.956240000000000201e+00,2.852260172367095947e-01,1.959617435932159424e-01
-3.850286121849460130e+01,3.902340460601537497e+00,2.541041748046875000e+03,8.548278212547302246e-01,4.956250000000000711e+00,2.740870416164398193e-01,1.933677494525909424e-01
-3.850615428615114411e+01,3.919145617239033541e+00,2.009525634765625000e+03,3.630692064762115479e-01,4.956260000000000332e+00,2.747736871242523193e-01,1.855857372283935547e-01
-3.849795495508005416e+01,3.942139877517377933e+00,4.232397949218750000e+03,3.598803579807281494e-01,4.956270000000000842e+00,3.339780271053314209e-01,2.516565322875976562e-01
-3.850821835673975357e+01,3.959509422479359220e+00,1.248546484375000000e+04,3.518611490726470947e-01,4.956280000000000463e+00,3.187191784381866455e-01,2.563867866992950439e-01
-3.849984157325661727e+01,3.973768439322561186e+00,2.423772705078125000e+03,5.112165808677673340e-01,4.956290000000000084e+00,3.302395939826965332e-01,2.311333864927291870e-01
-3.850121619881325330e+01,3.995673481188016130e+00,2.027948608398437500e+03,5.359763503074645996e-01,4.956300000000000594e+00,3.284848332405090332e-01,2.222832590341567993e-01
-3.850885868877008988e+01,4.007153839550721131e+00,1.815840820312500000e+03,4.981667101383209229e-01,4.956310000000000215e+00,2.773677110671997070e-01,1.832206100225448608e-01
-3.851504923381252610e+01,4.023004933269001882e+00,1.392514038085937500e+03,3.606683313846588135e-01,4.956320000000000725e+00,2.685175538063049316e-01,1.653677523136138916e-01
-3.851171655496147395e+01,4.035794224904099892e+00,2.429839648437500000e+04,3.501051962375640869e-01,4.956330000000000346e+00,2.476892322301864624e-01,2.025230526924133301e-01
-3.850717474532898876e+01,4.057760671758964932e+00,5.195806640625000000e+03,2.905696928501129150e-01,4.956339999999999968e+00,3.828826248645782471e-01,2.938472628593444824e-01
-3.851278352742848199e+01,4.072140615857087198e+00,3.360540283203125000e+03,3.622275888919830322e-01,4.956350000000000477e+00,3.274930119514465332e-01,2.405175864696502686e-01
-3.851003153985998750e+01,4.088744461455822155e+00,4.186489257812500000e+03,5.952603220939636230e-01,4.956360000000000099e+00,3.998199403285980225e-01,3.009426295757293701e-01
-3.851297907687714428e+01,4.105103724542808585e+00,3.479322509765625000e+03,5.712384581565856934e-01,4.956370000000000609e+00,3.654112517833709717e-01,2.695093750953674316e-01
-3.851528472704836759e+01,4.120778393029389086e+00,2.540702148437500000e+04,6.360597014427185059e-01,4.956380000000000230e+00,3.345883786678314209e-01,2.737818658351898193e-01
-3.851979660366036029e+01,4.136955657079808724e+00,3.115611572265625000e+03,5.498582720756530762e-01,4.956390000000000740e+00,3.510679304599761963e-01,2.553186714649200439e-01
-3.850994349585480592e+01,4.153987072181299034e+00,1.720398681640625000e+03,5.613297820091247559e-01,4.956400000000000361e+00,3.553403913974761963e-01,2.317437380552291870e-01
-3.851590845728269841e+01,4.164809339494645712e+00,3.261661865234375000e+03,5.166715979576110840e-01,4.956409999999999982e+00,3.872314095497131348e-01,2.833186388015747070e-01
-3.850764544893146279e+01,4.184733528557540438e+00,2.173101318359375000e+03,5.616731047630310059e-01,4.956420000000000492e+00,4.105011522769927979e-01,2.816401720046997070e-01
-3.851051928184133288e+01,4.203433801805188885e+00,2.962816162109375000e+03,5.879074931144714355e-01,4.956430000000000113e+00,3.493894636631011963e-01,2.523431777954101562e-01
-3.851012687303925475e+01,4.215532165629172212e+00,3.717165771484375000e+03,6.451255679130554199e-01,4.956440000000000623e+00,3.179562389850616455e-01,2.363213896751403809e-01
-3.852086428865158041e+01,4.233131688084985633e+00,1.121087109375000000e+04,5.017346739768981934e-01,4.956450000000000244e+00,3.403104543685913086e-01,2.727137506008148193e-01
-3.851637777166457255e+01,4.248129133993225892e+00,4.172104980468750000e+03,5.330557227134704590e-01,4.956460000000000754e+00,2.779780626296997070e-01,2.091606557369232178e-01
-3.850515404317781787e+01,4.263676610325929595e+00,4.922907714843750000e+03,6.488699316978454590e-01,4.956470000000000375e+00,2.628718018531799316e-01,2.008445709943771362e-01
-3.850534637550761374e+01,4.276345312620430938e+00,1.005258007812500000e+04,5.339164137840270996e-01,4.956479999999999997e+00,2.465448230504989624e-01,1.967246830463409424e-01
-3.851170325041385212e+01,4.291734501970734250e+00,5.959311523437500000e+03,4.531318247318267822e-01,4.956490000000000506e+00,2.629480957984924316e-01,2.038963437080383301e-01
-3.851158490021330039e+01,4.308921533925548886e+00,1.685507690429687500e+03,3.711957037448883057e-01,4.956500000000000128e+00,3.198635876178741455e-01,2.075584679841995239e-01
-3.850756640716537760e+01,4.324552178680313830e+00,2.488664550781250000e+03,3.944391310214996338e-01,4.956510000000000637e+00,2.659235596656799316e-01,1.869590282440185547e-01
-3.850804401158258372e+01,4.345983059274949767e+00,6.934617675781250000e+03,3.996402323246002197e-01,4.956520000000000259e+00,2.156456559896469116e-01,1.688772886991500854e-01
-3.850644125589678879e+01,4.357136048921853799e+00,1.313569921875000000e+04,3.394371569156646729e-01,4.956530000000000769e+00,3.189480602741241455e-01,2.569971382617950439e-01
-3.850447855122887830e+01,4.379126630299777112e+00,8.651625781250000000e+04,3.269809782505035400e-01,4.956540000000000390e+00,3.926482796669006348e-01,3.250516057014465332e-01
-3.850858689288153869e+01,4.394275156596020970e+00,-3.993368896484375000e+03,6.915778517723083496e-01,4.956550000000000011e+00,4.135529100894927979e-01,3.820433914661407471e-01
-3.850176532433337684e+01,4.407935733714061222e+00,9.482256835937500000e+03,8.426172137260437012e-01,4.956560000000000521e+00,3.880706429481506348e-01,3.088772296905517578e-01
-3.850602383976701049e+01,4.418722095366720559e+00,5.036982910156250000e+03,8.349103331565856934e-01,4.956570000000000142e+00,3.670134246349334717e-01,2.809535264968872070e-01
-3.850432372681301274e+01,4.442996480801951087e+00,1.419735839843750000e+04,7.055217623710632324e-01,4.956580000000000652e+00,3.046810328960418701e-01,2.460870593786239624e-01
-3.850626995172241607e+01,4.458463078859900008e+00,2.477133203125000000e+04,5.727893710136413574e-01,4.956590000000000273e+00,3.955474793910980225e-01,3.235256969928741455e-01
-3.849892273317662017e+01,4.472451061117348026e+00,-4.165954589843750000e+03,5.591732859611511230e-01,4.956600000000000783e+00,3.738799095153808594e-01,3.438962697982788086e-01
-3.850496027864691939e+01,4.489569994348836524e+00,3.793150781250000000e+04,7.442027926445007324e-01,4.956610000000000404e+00,3.111660480499267578e-01,2.560053169727325439e-01
-3.850581413548552945e+01,4.500953938407910471e+00,1.654724804687500000e+04,6.978911757469177246e-01,4.956620000000000026e+00,2.362450957298278809e-01,1.916129738092422485e-01
-3.850227363472422581e+01,4.526484130567362207e+00,3.901572021484375000e+03,4.718548357486724854e-01,4.956630000000000535e+00,2.571497261524200439e-01,1.921470314264297485e-01
-3.850488526850148219e+01,4.532723801600222480e+00,8.141339355468750000e+03,3.340310156345367432e-01,4.956640000000000157e+00,4.134003221988677979e-01,3.266537785530090332e-01
-3.850645193642476727e+01,4.549639421635606418e+00,2.810367431640625000e+03,4.573911726474761963e-01,4.956650000000000666e+00,3.350461423397064209e-01,2.401361018419265747e-01
-3.850605902204720365e+01,4.568803577223753187e+00,2.219479980468750000e+03,6.564289927482604980e-01,4.956660000000000288e+00,3.638853728771209717e-01,2.506647109985351562e-01
-3.850410629162793441e+01,4.582400123187517771e+00,-4.880225097656250000e+03,4.719764292240142822e-01,4.956670000000000798e+00,3.944030404090881348e-01,3.574766516685485840e-01
-3.851536288684054909e+01,4.600016216305116146e+00,6.264035937500000000e+04,6.350356936454772949e-01,4.956680000000000419e+00,3.435148000717163086e-01,2.838526964187622070e-01
-3.850380658003171419e+01,4.617024302023903459e+00,3.672300292968750000e+03,6.863362193107604980e-01,4.956690000000000040e+00,3.350461423397064209e-01,2.486810684204101562e-01
-3.851212495002986458e+01,4.636894815641213974e+00,1.649133984375000000e+04,5.422503352165222168e-01,4.956700000000000550e+00,3.722014427185058594e-01,3.018581569194793701e-01
-3.851701375610140587e+01,4.648904627585974225e+00,6.473740234375000000e+03,5.822760462760925293e-01,4.956710000000000171e+00,3.284085392951965332e-01,2.560816109180450439e-01
-3.852172599284138954e+01,4.663187165480982443e+00,3.467331298828125000e+03,6.416494250297546387e-01,4.956720000000000681e+00,3.147518634796142578e-01,2.320489138364791870e-01
-3.851116570609277545e+01,4.678138544700442658e+00,2.312968017578125000e+03,4.808837473392486572e-01,4.956730000000000302e+00,2.514276504516601562e-01,1.745230704545974731e-01
-3.851342056446451068e+01,4.697116252952273641e+00,1.488418823242187500e+03,4.497844278812408447e-01,4.956740000000000812e+00,3.171932995319366455e-01,1.991661041975021362e-01
-3.851607352503636861e+01,4.710094666757596471e+00,1.853582031250000000e+03,3.216928541660308838e-01,4.956750000000000433e+00,2.935420870780944824e-01,1.948173344135284424e-01
-3.851414830653692434e+01,4.730612577386432704e+00,3.405669921875000000e+03,4.214364588260650635e-01,4.956760000000000055e+00,2.409753501415252686e-01,1.772696524858474731e-01
-3.851529547943987808e+01,4.745332855192554433e+00,2.860445068359375000e+03,3.591889441013336182e-01,4.956770000000000564e+00,2.730189263820648193e-01,1.961906254291534424e-01
-3.852446678740923147e+01,4.759281959002929163e+00,6.171136718750000000e+03,2.989310324192047119e-01,4.956780000000000186e+00,2.994167208671569824e-01,2.327355742454528809e-01
-3.851589371077812984e+01,4.777721952332091071e+00,3.220323486328125000e+03,5.629677176475524902e-01,4.956790000000000695e+00,2.872859537601470947e-01,2.098473012447357178e-01
-3.851754182238802571e+01,4.785039591791321101e+00,1.665413085937500000e+03,4.707485735416412354e-01,4.956800000000000317e+00,3.025448024272918701e-01,1.957328617572784424e-01
-3.851883070346314497e+01,4.811534799629973769e+00,1.889280517578125000e+03,3.939467966556549072e-01,4.956810000000000827e+00,2.534875869750976562e-01,1.689535826444625854e-01
-3.851540638629488456e+01,4.821672720458844097e+00,3.069888183593750000e+03,3.425759375095367432e-01,4.956820000000000448e+00,2.724085748195648193e-01,1.977165192365646362e-01
-3.852123088319125799e+01,4.838254085206098232e+00,3.176152587890625000e+03,2.502924501895904541e-01,4.956830000000000069e+00,3.084194362163543701e-01,2.248772680759429932e-01
-3.851406434714832727e+01,4.850765991258294108e+00,5.588446289062500000e+03,2.989942133426666260e-01,4.956840000000000579e+00,3.754820823669433594e-01,2.898036539554595947e-01
-3.851944941809252043e+01,4.871123160359331905e+00,4.110952636718750000e+03,5.187041163444519043e-01,4.956850000000000200e+00,3.267300724983215332e-01,2.454767078161239624e-01
-3.851492751943244741e+01,4.886459952213679792e+00,6.786352050781250000e+03,5.018193125724792480e-01,4.956860000000000710e+00,3.497709333896636963e-01,2.735529839992523193e-01
-3.851078491521407443e+01,4.904171541073350404e+00,-8.969152343750000000e+03,4.873460829257965088e-01,4.956870000000000331e+00,5.669043064117431641e-01,4.941196143627166748e-01
-3.851574844088367655e+01,4.920794217525657821e+00,-4.554046386718750000e+03,6.543940901756286621e-01,4.956880000000000841e+00,4.532259106636047363e-01,4.133240282535552979e-01
-3.851527422719809124e+01,4.940513099276258480e+00,5.387238769531250000e+03,1.226839542388916016e+00,4.956890000000000462e+00,3.342069089412689209e-01,2.572260200977325439e-01
-3.850812322797618492e+01,4.952864438593580054e+00,-7.991170898437500000e+03,9.044236540794372559e-01,4.956900000000000084e+00,3.895202279090881348e-01,3.414548635482788086e-01
-3.851378919183043337e+01,4.969110660593442752e+00,1.443025878906250000e+04,6.240398287773132324e-01,4.956910000000000593e+00,3.979125916957855225e-01,3.215420544147491455e-01
-3.850934202333912992e+01,4.982698344048258399e+00,2.008358398437500000e+04,6.560046076774597168e-01,4.956920000000000215e+00,4.739016592502593994e-01,3.860869705677032471e-01
-3.851455215668083554e+01,5.010858715992743129e+00,7.510801562500000000e+04,6.786758303642272949e-01,4.956930000000000724e+00,4.619234502315521240e-01,3.821196854114532471e-01
-3.850550238617640986e+01,5.020533373525323917e+00,4.157645996093750000e+03,9.326774477958679199e-01,4.956940000000000346e+00,2.589044868946075439e-01,1.947410404682159424e-01
-3.851827334606048936e+01,5.034025648415409115e+00,2.061444335937500000e+03,6.540400385856628418e-01,4.956949999999999967e+00,3.277218937873840332e-01,2.225121408700942993e-01
-3.850605104190285033e+01,5.048317379363198576e+00,2.764225585937500000e+03,3.686207830905914307e-01,4.956960000000000477e+00,2.973567843437194824e-01,2.125938832759857178e-01
-3.850878006535599241e+01,5.067101975066129249e+00,3.090500488281250000e+03,5.493850111961364746e-01,4.956970000000000098e+00,2.460107654333114624e-01,1.787192523479461670e-01
-3.851015009352169471e+01,5.085852790693186520e+00,1.406322753906250000e+03,3.768283426761627197e-01,4.956980000000000608e+00,2.779780626296997070e-01,1.717001795768737793e-01
-3.850554229432410835e+01,5.105089019017583496e+00,2.152365234375000000e+04,2.564269602298736572e-01,4.956990000000000229e+00,2.394494563341140747e-01,1.953513920307159424e-01
-3.850799523459918561e+01,5.119683743958876043e+00,6.987585937500000000e+03,3.125661909580230713e-01,4.957000000000000739e+00,2.600488960742950439e-01,2.037437558174133301e-01
-3.850438277183648950e+01,5.133031426974081768e+00,5.076229003906250000e+03,3.689140379428863525e-01,4.957010000000000360e+00,2.901851236820220947e-01,2.222832590341567993e-01
-3.851054821001162765e+01,5.150311900119394437e+00,1.432404394531250000e+04,3.439742624759674072e-01,4.957019999999999982e+00,3.776946067810058594e-01,3.051387965679168701e-01
-3.850030078309655579e+01,5.159369402360817425e+00,-7.622915039062500000e+03,5.712015032768249512e-01,4.957030000000000491e+00,3.104031085968017578e-01,2.727900445461273193e-01
-3.850395205384366193e+01,5.181254638795134149e+00,2.863583984375000000e+03,6.085605025291442871e-01,4.957040000000000113e+00,3.496183454990386963e-01,2.512750625610351562e-01
-3.850393638981863376e+01,5.190072516404642400e+00,1.958799316406250000e+03,4.636055529117584229e-01,4.957050000000000622e+00,3.158962726593017578e-01,2.122124135494232178e-01
-3.850463548115392598e+01,5.213772384589885789e+00,1.825291381835937500e+03,5.136222243309020996e-01,4.957060000000000244e+00,2.802668809890747070e-01,1.853568404912948608e-01
-3.850518995382876142e+01,5.224191116195028073e+00,-8.145545898437500000e+03,4.209798872470855713e-01,4.957070000000000753e+00,2.664576172828674316e-01,2.333459258079528809e-01
-3.851109388265627587e+01,5.238206919599553757e+00,3.554414062500000000e+03,4.468494951725006104e-01,4.957080000000000375e+00,3.454984426498413086e-01,2.554712593555450439e-01
-3.850862240265667680e+01,5.257036247607379309e+00,2.193337646484375000e+03,4.053384363651275635e-01,4.957089999999999996e+00,3.874602913856506348e-01,2.663050293922424316e-01
-3.851129645034399118e+01,5.270999114585798395e+00,3.562388916015625000e+03,6.555206179618835449e-01,4.957100000000000506e+00,2.894984781742095947e-01,2.141197770833969116e-01
-3.850746597299166751e+01,5.293379344383275509e+00,9.936928710937500000e+03,5.510825514793395996e-01,4.957110000000000127e+00,3.504575788974761963e-01,2.795039415359497070e-01
-3.850631082141119776e+01,5.309301865217682881e+00,2.817755126953125000e+03,4.310733377933502197e-01,4.957120000000000637e+00,3.245938420295715332e-01,2.327355742454528809e-01
-3.851114868573562688e+01,5.329160592225443693e+00,2.049304931640625000e+03,5.697006583213806152e-01,4.957130000000000258e+00,3.200161755084991455e-01,2.170189619064331055e-01
-3.851142638634273396e+01,5.337765127902739160e+00,1.753534912109375000e+03,4.362553656101226807e-01,4.957140000000000768e+00,3.509153425693511963e-01,2.299126833677291870e-01
-3.850796240829380679e+01,5.358023431586051544e+00,3.593103125000000000e+05,4.296332895755767822e-01,4.957150000000000389e+00,2.837764024734497070e-01,2.357873320579528809e-01
-3.851110523292602750e+01,5.368820245315814255e+00,5.698744140625000000e+03,4.674727022647857666e-01,4.957160000000000011e+00,2.557001411914825439e-01,1.976402252912521362e-01
-3.850702790019099098e+01,5.391423182096851896e+00,1.862389526367187500e+03,4.225117266178131104e-01,4.957170000000000520e+00,2.286919802427291870e-01,1.519399732351303101e-01
-3.851389852044820827e+01,5.406781215192943080e+00,2.190589111328125000e+03,3.586620390415191650e-01,4.957180000000000142e+00,2.750788629055023193e-01,1.890189647674560547e-01
-3.851113657148391667e+01,5.417435824258122423e+00,8.384114990234375000e+02,3.284114897251129150e-01,4.957190000000000651e+00,3.091061115264892578e-01,1.560598611831665039e-01
-3.851718938259744363e+01,5.438843407738479740e+00,1.899064453125000000e+03,3.470498621463775635e-01,4.957200000000000273e+00,2.705775201320648193e-01,1.805503070354461670e-01
-3.850950213228423991e+01,5.452992021898879216e+00,1.958947509765625000e+03,2.770847380161285400e-01,4.957210000000000782e+00,3.003322482109069824e-01,2.017601132392883301e-01
-3.851730912963162723e+01,5.470273852938834835e+00,2.469387939453125000e+03,3.347736895084381104e-01,4.957220000000000404e+00,3.129971027374267578e-01,2.197655439376831055e-01
-3.851396375368734937e+01,5.487637725816241208e+00,1.273551269531250000e+03,4.559737741947174072e-01,4.957230000000000025e+00,2.287682741880416870e-01,1.369863003492355347e-01
-3.851177277864633197e+01,5.500835285019454624e+00,1.484075195312500000e+03,3.268903791904449463e-01,4.957240000000000535e+00,2.819453477859497070e-01,1.768881827592849731e-01
-3.851086929782755419e+01,5.522131363104817225e+00,1.236972851562500000e+04,2.688700258731842041e-01,4.957250000000000156e+00,3.525938093662261963e-01,2.835475206375122070e-01
-3.851166079818689525e+01,5.537386437759480806e+00,2.652325390625000000e+04,3.350001871585845947e-01,4.957260000000000666e+00,3.731169700622558594e-01,3.055202662944793701e-01
-3.851224726437276047e+01,5.549083529907962387e+00,3.017057617187500000e+03,7.653087973594665527e-01,4.957270000000000287e+00,3.049862086772918701e-01,2.208336740732192993e-01
-3.851278961349541419e+01,5.558570388494322501e+00,2.513538574218750000e+03,5.579215884208679199e-01,4.957280000000000797e+00,3.510679304599761963e-01,2.472314685583114624e-01
-3.851862567078347155e+01,5.581339956204986130e+00,3.275796630859375000e+03,4.620272219181060791e-01,4.957290000000000418e+00,3.109371662139892578e-01,2.276238501071929932e-01
-3.850861731773834151e+01,5.604198491429720264e+00,4.818607421875000000e+03,4.905671179294586182e-01,4.957300000000000040e+00,3.857055008411407471e-01,2.941524386405944824e-01
-3.850975935555419483e+01,5.613762227444872188e+00,2.371651367187500000e+03,5.044180750846862793e-01,4.957310000000000549e+00,3.031551539897918701e-01,2.113731801509857178e-01
-3.851023160221569697e+01,5.635250498202201364e+00,-1.791648632812500000e+04,5.430323481559753418e-01,4.957320000000000171e+00,3.483976423740386963e-01,2.966701388359069824e-01
-3.850945906239513050e+01,5.645119112099914460e+00,-2.867545625000000000e+05,4.576093256473541260e-01,4.957330000000000680e+00,3.697600066661834717e-01,3.080379664897918701e-01
-3.850737283742863326e+01,5.662753870276148405e+00,3.053786132812500000e+04,6.209236979484558105e-01,4.957340000000000302e+00,3.332913815975189209e-01,2.734766900539398193e-01
-3.851126518059006543e+01,5.679980265381147753e+00,2.117698242187500000e+04,5.814213156700134277e-01,4.957350000000000811e+00,3.805938065052032471e-01,3.104031085968017578e-01
-3.850505611193794664e+01,5.693067283070441853e+00,-9.530345703125000000e+03,6.111139655113220215e-01,4.957360000000000433e+00,3.867736458778381348e-01,3.361905515193939209e-01
-3.850976781005307714e+01,5.711818515997317824e+00,3.126377500000000000e+05,6.257063746452331543e-01,4.957370000000000054e+00,3.908172249794006348e-01,3.246701359748840332e-01
-3.851082498459899739e+01,5.729079384369368810e+00,4.867642089843750000e+03,7.650739550590515137e-01,4.957380000000000564e+00,4.093567132949829102e-01,3.124630451202392578e-01
-3.850783216560532907e+01,5.742227959454299757e+00,-9.561481250000000000e+04,6.859130263328552246e-01,4.957390000000000185e+00,3.942504525184631348e-01,3.294003605842590332e-01
-3.850437122982355476e+01,5.753879362537348996e+00,1.418727929687500000e+04,7.393438220024108887e-01,4.957400000000000695e+00,3.371823728084564209e-01,2.723322808742523193e-01
-3.851234466331379025e+01,5.776794052837167293e+00,5.752413574218750000e+03,6.797439455986022949e-01,4.957410000000000316e+00,3.677763640880584717e-01,2.844630479812622070e-01
-3.850432485410662764e+01,5.793107080753328475e+00,4.900156250000000000e+03,6.581003069877624512e-01,4.957420000000000826e+00,3.061306178569793701e-01,2.338036894798278809e-01
-3.851038114599948159e+01,5.807406063110978955e+00,4.962391601562500000e+03,5.321843028068542480e-01,4.957430000000000447e+00,3.924193978309631348e-01,3.000270724296569824e-01
-3.850857584381775212e+01,5.828917552941700109e+00,4.570001464843750000e+03,5.286557078361511230e-01,4.957440000000000069e+00,3.492368757724761963e-01,2.650843262672424316e-01
-3.851293639727467877e+01,5.842031048711017860e+00,-4.255320312500000000e+03,5.996150374412536621e-01,4.957450000000000578e+00,4.059234857559204102e-01,3.725829124450683594e-01
-3.850222827165988093e+01,5.860219847842491170e+00,5.598804687500000000e+03,6.362504363059997559e-01,4.957460000000000200e+00,3.779997825622558594e-01,2.917872965335845947e-01
-3.850569687258266072e+01,5.871708331422257565e+00,-7.588829101562500000e+03,6.607574820518493652e-01,4.957470000000000709e+00,4.730624258518218994e-01,4.158417284488677979e-01
-3.851422588004840009e+01,5.890346992231701329e+00,7.297756347656250000e+03,7.623166441917419434e-01,4.957480000000000331e+00,3.841033279895782471e-01,3.017055690288543701e-01
-3.851062171385671462e+01,5.906672778197021856e+00,5.751099609375000000e+03,8.331686854362487793e-01,4.957490000000000840e+00,3.647246062755584717e-01,2.820979356765747070e-01
-3.850665035294381511e+01,5.918306917124826150e+00,-2.457375000000000000e+04,6.756169199943542480e-01,4.957500000000000462e+00,4.210297465324401855e-01,3.562559485435485840e-01
-3.851433179684713082e+01,5.936225340849874854e+00,-6.187185546875000000e+03,6.470567584037780762e-01,4.957510000000000083e+00,5.859015583992004395e-01,5.215092301368713379e-01
-3.851549466868839744e+01,5.955659156457286940e+00,4.687064453125000000e+03,1.022617340087890625e+00,4.957520000000000593e+00,4.592531621456146240e-01,3.493894636631011963e-01
-3.850439079732613123e+01,5.968457399411041919e+00,5.243568359375000000e+03,1.233946800231933594e+00,4.957530000000000214e+00,3.963104188442230225e-01,3.043758571147918701e-01
-3.851632552794106346e+01,5.984155252662961999e+00,-2.613573486328125000e+03,7.264930605888366699e-01,4.957540000000000724e+00,5.588171482086181641e-01,5.456182360649108887e-01
-3.851444603328149441e+01,5.998008029057323220e+00,-7.825212890625000000e+03,8.843905329704284668e-01,4.957550000000000345e+00,5.714820027351379395e-01,5.015201568603515625e-01
-3.851685239795200033e+01,6.018095634185603338e+00,-1.498608691406250000e+04,1.343689680099487305e+00,4.957559999999999967e+00,4.986972808837890625e-01,4.265992343425750732e-01
-3.850849676317157844e+01,6.030124783735995031e+00,3.527515625000000000e+03,1.315062761306762695e+00,4.957570000000000476e+00,3.352750241756439209e-01,2.476892322301864624e-01
-3.851784788358746425e+01,6.052429503413344847e+00,8.506860351562500000e+03,9.201568961143493652e-01,4.957580000000000098e+00,3.574766516685485840e-01,2.830897569656372070e-01
-3.851756251920474483e+01,6.066866642863352865e+00,2.687545898437500000e+03,5.972141623497009277e-01,4.957590000000000607e+00,3.508390486240386963e-01,2.497491836547851562e-01
-3.851746783706130373e+01,6.082388366657382583e+00,4.351856445312500000e+03,5.868417620658874512e-01,4.957600000000000229e+00,4.613130986690521240e-01,3.485502302646636963e-01
-3.851408664515902558e+01,6.102404792825003810e+00,4.042549804687500000e+03,5.803341269493103027e-01,4.957610000000000738e+00,4.773348867893218994e-01,3.580107092857360840e-01
-3.851944275496133940e+01,6.114416581197342992e+00,5.591427246093750000e+03,8.685976862907409668e-01,4.957620000000000360e+00,3.531278669834136963e-01,2.725611627101898193e-01
-3.850942235513692680e+01,6.128299239182307900e+00,-5.962071484375000000e+04,7.885975241661071777e-01,4.957629999999999981e+00,3.027736842632293701e-01,2.536401748657226562e-01
-3.852014757367796705e+01,6.148393651919798586e+00,5.297122265625000000e+04,5.745465159416198730e-01,4.957640000000000491e+00,3.463376760482788086e-01,2.858363687992095947e-01
-3.851592698239925028e+01,6.155552455260023592e+00,3.220048828125000000e+03,4.898041784763336182e-01,4.957650000000000112e+00,3.602995276451110840e-01,2.631769776344299316e-01
-3.851798375803713270e+01,6.174609077156368642e+00,-2.241186523437500000e+04,6.549865603446960449e-01,4.957660000000000622e+00,3.458036184310913086e-01,2.930843234062194824e-01
-3.851847582559816630e+01,6.192159177692821537e+00,-7.025739257812500000e+03,5.190307497978210449e-01,4.957670000000000243e+00,4.607790410518646240e-01,4.068390130996704102e-01
-3.852031418476607172e+01,6.212055074350196548e+00,4.907512207031250000e+03,7.118744254112243652e-01,4.957680000000000753e+00,3.921905159950256348e-01,2.995693087577819824e-01
-3.851411345351007753e+01,6.232432548957122620e+00,2.371737548828125000e+03,8.436114192008972168e-01,4.957690000000000374e+00,3.812804520130157471e-01,2.658472657203674316e-01
-3.851246857484303376e+01,6.244308914853569092e+00,-4.735051171875000000e+04,6.445998549461364746e-01,4.957699999999999996e+00,3.407682180404663086e-01,2.859889566898345947e-01
-3.851754724956161624e+01,6.255199922765410037e+00,3.893541992187500000e+03,5.831009745597839355e-01,4.957710000000000505e+00,3.592314124107360840e-01,2.683649659156799316e-01
-3.851756161721547755e+01,6.279282861913156211e+00,1.495961035156250000e+04,5.753499865531921387e-01,4.957720000000000127e+00,3.213894665241241455e-01,2.599726021289825439e-01
-3.851664711240811556e+01,6.289843549390745636e+00,4.912618750000000000e+05,5.728728175163269043e-01,4.957730000000000636e+00,3.700651824474334717e-01,3.075802028179168701e-01
-3.851088305348889662e+01,6.305975181532386564e+00,-7.678117675781250000e+03,5.432445406913757324e-01,4.957740000000000258e+00,3.358853757381439209e-01,2.950679659843444824e-01
-3.851533308448065895e+01,6.316130684322091682e+00,5.129041503906250000e+03,7.394296526908874512e-01,4.957750000000000767e+00,3.521360456943511963e-01,2.699671685695648193e-01
-3.851100773874201622e+01,6.341731464944273533e+00,5.657369140625000000e+03,6.339318156242370605e-01,4.957760000000000389e+00,4.145447313785552979e-01,3.202450573444366455e-01
-3.851304923528680746e+01,6.356850181118909759e+00,7.544762207031250000e+03,6.658501029014587402e-01,4.957770000000000010e+00,4.275910556316375732e-01,3.364957273006439209e-01
-3.850981424690748156e+01,6.372534442479437899e+00,-2.360506591796875000e+03,7.841593623161315918e-01,4.957780000000000520e+00,3.754057884216308594e-01,3.728880882263183594e-01
-3.851328653270317659e+01,6.384650716124944836e+00,5.753692871093750000e+03,6.798202395439147949e-01,4.957790000000000141e+00,3.570188879966735840e-01,2.761469781398773193e-01
-3.850385270030663065e+01,6.398646275977025510e+00,-8.478411132812500000e+03,7.122439742088317871e-01,4.957800000000000651e+00,3.928771615028381348e-01,3.433622121810913086e-01
-3.851427643258814726e+01,6.422478550850287959e+00,-3.725989062500000000e+04,6.084389090538024902e-01,4.957810000000000272e+00,4.820651412010192871e-01,4.055420160293579102e-01
-3.850475383270065777e+01,6.434507126193719451e+00,3.778429931640625000e+03,8.510596156120300293e-01,4.957820000000000782e+00,3.202450573444366455e-01,2.384576350450515747e-01
-3.850937304541730555e+01,6.455856847925741882e+00,6.791274902343750000e+03,8.812934756278991699e-01,4.957830000000000403e+00,2.787410020828247070e-01,2.180107831954956055e-01
-3.850866314319763717e+01,6.465059994679254629e+00,3.536292480468750000e+03,4.351896345615386963e-01,4.957840000000000025e+00,3.574766516685485840e-01,2.641687989234924316e-01
-3.851507725851317332e+01,6.481688821285130686e+00,5.685689453125000000e+03,4.390973150730133057e-01,4.957850000000000534e+00,3.257382512092590332e-01,2.517328262329101562e-01
-3.851175323592339339e+01,6.494156619515106144e+00,4.640729492187500000e+03,4.543751776218414307e-01,4.957860000000000156e+00,3.692259490489959717e-01,2.806483507156372070e-01
-3.851374085471194064e+01,6.514171893791705692e+00,-4.558999218750000000e+04,5.454356074333190918e-01,4.957870000000000665e+00,4.521577954292297363e-01,3.796019852161407471e-01
-3.850707225616210394e+01,6.530375159284910858e+00,-7.518466796875000000e+03,6.273455023765563965e-01,4.957880000000000287e+00,4.571169316768646240e-01,4.020324647426605225e-01
-3.850866452176362742e+01,6.548993196862240573e+00,7.408860156250000000e+04,8.819252848625183105e-01,4.957890000000000796e+00,3.911224007606506348e-01,3.235256969928741455e-01
-3.849622049882779606e+01,6.563163574478823037e+00,7.494066406250000000e+04,8.184403777122497559e-01,4.957900000000000418e+00,3.612150549888610840e-01,2.988063693046569824e-01
-3.850830384652030602e+01,6.575266880698533711e+00,6.135291992187500000e+03,6.743234992027282715e-01,4.957910000000000039e+00,3.007137179374694824e-01,2.336511015892028809e-01
-3.850697233520589435e+01,6.593084433666931865e+00,2.314395263671875000e+03,5.629534125328063965e-01,4.957920000000000549e+00,3.153622150421142578e-01,2.189263105392456055e-01
-3.850287778655970072e+01,6.610366533719425064e+00,2.417587402343750000e+03,4.315084517002105713e-01,4.957930000000000170e+00,2.862178385257720947e-01,2.002342194318771362e-01
-3.850619686260200325e+01,6.630615778450177800e+00,1.689128906250000000e+03,4.448157846927642822e-01,4.957940000000000680e+00,2.795039415359497070e-01,1.814658343791961670e-01
-3.850644242632038328e+01,6.645772143245157082e+00,2.965666503906250000e+03,3.397637903690338135e-01,4.957950000000000301e+00,2.734003961086273193e-01,1.974876374006271362e-01
-3.850614282678943567e+01,6.655275334424507250e+00,1.436998144531250000e+04,3.401845991611480713e-01,4.957960000000000811e+00,3.492368757724761963e-01,2.821742296218872070e-01
-3.850174259386506037e+01,6.673619525771568028e+00,4.314856933593750000e+03,3.490048944950103760e-01,4.957970000000000432e+00,3.418363332748413086e-01,2.580652534961700439e-01
-3.851348161279549487e+01,6.693450774090496935e+00,8.278107421875000000e+03,5.547446608543395996e-01,4.957980000000000054e+00,4.070678949356079102e-01,3.219235241413116455e-01
-3.850498661295766567e+01,6.709071875581760658e+00,8.155130859375000000e+03,4.980260431766510010e-01,4.957990000000000563e+00,4.553621411323547363e-01,3.598417639732360840e-01
-3.850872792517938592e+01,6.726262846303797893e+00,3.328398437500000000e+03,6.977266669273376465e-01,4.958000000000000185e+00,3.736510276794433594e-01,2.740870416164398193e-01
-3.850821462924371730e+01,6.742240487924270553e+00,2.141512695312500000e+03,6.864971518516540527e-01,4.958010000000000694e+00,4.664248228073120117e-01,3.191006481647491455e-01
-3.850998070327095490e+01,6.756909275919848135e+00,4.987638671875000000e+03,6.295246481895446777e-01,4.958020000000000316e+00,3.786864280700683594e-01,2.896510660648345947e-01
-3.850347431914051555e+01,6.772825174522571601e+00,6.983816894531250000e+03,6.433684229850769043e-01,4.958030000000000825e+00,3.850951492786407471e-01,3.017055690288543701e-01
-3.851815976441206146e+01,6.784294366786462582e+00,1.902624511718750000e+03,6.638938784599304199e-01,4.958040000000000447e+00,3.300107121467590332e-01,2.202996015548706055e-01
-3.850714057286803182e+01,6.804660272435202550e+00,9.662140625000000000e+04,4.831332266330718994e-01,4.958050000000000068e+00,3.749480247497558594e-01,3.105556964874267578e-01
-3.851828078893555585e+01,6.824144902330527174e+00,4.980673339843750000e+03,5.270213484764099121e-01,4.958060000000000578e+00,3.564848303794860840e-01,2.726374566555023193e-01
-3.850781321618055841e+01,6.839598375447835998e+00,1.598712304687500000e+04,6.506795287132263184e-01,4.958070000000000199e+00,4.352967739105224609e-01,3.527463972568511963e-01
-3.851679930089603232e+01,6.852519747475964706e+00,-3.186568750000000000e+04,7.125896811485290527e-01,4.958080000000000709e+00,3.850188553333282471e-01,3.245175480842590332e-01
-3.850530818495263219e+01,6.867438131610202667e+00,-9.358963867187500000e+03,7.348698973655700684e-01,4.958090000000000330e+00,4.662722349166870117e-01,4.056183099746704102e-01
-3.851358420479228073e+01,6.887312588552655157e+00,5.715774902343750000e+03,7.375258803367614746e-01,4.958100000000000840e+00,3.792968094348907471e-01,2.932369112968444824e-01
-3.851798401275992489e+01,6.904147144645733647e+00,2.653198242187500000e+03,8.625215888023376465e-01,4.958110000000000461e+00,3.588499426841735840e-01,2.549372017383575439e-01
-3.851347811502878926e+01,6.916518435311797219e+00,-4.450110546875000000e+04,7.009298205375671387e-01,4.958120000000000083e+00,2.975093722343444824e-01,2.498254776000976562e-01
-3.851429952942462620e+01,6.936355499434581517e+00,6.638639160156250000e+03,5.738145709037780762e-01,4.958130000000000592e+00,3.766264915466308594e-01,2.941524386405944824e-01
-3.851903863610836964e+01,6.956387057469874513e+00,2.664624023437500000e+03,5.109304785728454590e-01,4.958140000000000214e+00,3.486265242099761963e-01,2.478418201208114624e-01
-3.851533723414364374e+01,6.969097721127402778e+00,6.908027343750000000e+03,6.732422709465026855e-01,4.958150000000000723e+00,3.233731091022491455e-01,2.531824111938476562e-01
-3.851483866715826565e+01,6.983624834327296860e+00,8.014540039062500000e+03,5.597502589225769043e-01,4.958160000000000345e+00,3.414548635482788086e-01,2.695856988430023193e-01
-3.852211649800506876e+01,6.998223192102440926e+00,6.074405273437500000e+03,5.926830172538757324e-01,4.958169999999999966e+00,3.017055690288543701e-01,2.342614531517028809e-01
-3.852058952943141179e+01,7.022925677541512535e+00,1.828452270507812500e+03,5.286867022514343262e-01,4.958180000000000476e+00,2.998744845390319824e-01,1.984031647443771362e-01
-3.852026247096948453e+01,7.032921984222308076e+00,-8.185292968750000000e+03,4.173809587955474854e-01,4.958190000000000097e+00,2.684412598609924316e-01,2.350243926048278809e-01
-3.851577702989277441e+01,7.050993873595703398e+00,-2.141864843750000000e+04,3.604704439640045166e-01,4.958200000000000607e+00,3.781523704528808594e-01,3.207791149616241455e-01
-3.852385552108761146e+01,7.061787019562414613e+00,4.443215332031250000e+03,4.911464750766754150e-01,4.958210000000000228e+00,2.986537814140319824e-01,2.260979712009429932e-01
-3.851710683189909901e+01,7.082196363078615775e+00,3.543726806640625000e+03,5.837566256523132324e-01,4.958220000000000738e+00,2.843104600906372070e-01,2.101524770259857178e-01
-3.852414031516173054e+01,7.100846053291004267e+00,5.574481933593750000e+03,4.619556963443756104e-01,4.958230000000000359e+00,3.304684758186340332e-01,2.550134956836700439e-01
-3.851747484890298523e+01,7.116213685534935607e+00,1.937559082031250000e+03,4.140681326389312744e-01,4.958239999999999981e+00,3.340543210506439209e-01,2.238854318857192993e-01
-3.852500297577626043e+01,7.132238537941594458e+00,1.218679321289062500e+03,5.355913043022155762e-01,4.958250000000000490e+00,2.579126656055450439e-01,1.521688550710678101e-01
-3.850894027999260061e+01,7.148988067464200569e+00,2.326576660156250000e+03,4.173976480960845947e-01,4.958260000000000112e+00,2.755366265773773193e-01,1.914603859186172485e-01
-3.851825297241037305e+01,7.166096632138348355e+00,4.412896972656250000e+03,2.764767706394195557e-01,4.958270000000000621e+00,2.773677110671997070e-01,2.098473012447357178e-01
-3.851280720756187748e+01,7.172720159032934362e+00,2.893066406250000000e+03,3.911370337009429932e-01,4.958280000000000243e+00,2.755366265773773193e-01,1.983268707990646362e-01
-3.851401367625784644e+01,7.196142290650978879e+00,8.620923828125000000e+03,3.822917044162750244e-01,4.958290000000000752e+00,3.072750270366668701e-01,2.434930503368377686e-01
-3.850425362069778146e+01,7.215518458877511421e+00,3.499580810546875000e+03,4.005629122257232666e-01,4.958300000000000374e+00,2.676783204078674316e-01,1.975639313459396362e-01
-3.851471617910276279e+01,7.227270436493716588e+00,3.791368652343750000e+03,4.166060984134674072e-01,4.958309999999999995e+00,3.005611300468444824e-01,2.238854318857192993e-01
-3.850140046342981748e+01,7.242655871885194330e+00,1.993766235351562500e+03,3.550070822238922119e-01,4.958320000000000505e+00,3.947082459926605225e-01,2.661524415016174316e-01
-3.850675506280710181e+01,7.262410211054871390e+00,6.983372070312500000e+03,4.806262552738189697e-01,4.958330000000000126e+00,3.628935217857360840e-01,2.843104600906372070e-01
-3.850277841549988267e+01,7.276440964263713340e+00,2.074045410156250000e+03,6.841248869895935059e-01,4.958340000000000636e+00,3.281033635139465332e-01,2.230461984872817993e-01
-3.851115939640973806e+01,7.296763851943436130e+00,4.178886230468750000e+03,6.447822451591491699e-01,4.958350000000000257e+00,2.497491836547851562e-01,1.879508495330810547e-01
-3.850057252260855734e+01,7.307268637270107448e+00,3.039132812500000000e+03,4.874867498874664307e-01,4.958360000000000767e+00,2.827845811843872070e-01,2.049644589424133301e-01
-3.850457955271517818e+01,7.323915582657583911e+00,-1.077695703125000000e+04,3.119272291660308838e-01,4.958370000000000388e+00,2.934657931327819824e-01,2.537927627563476562e-01
-3.850652786600038979e+01,7.342800097990584973e+00,2.278459472656250000e+03,4.573744833469390869e-01,4.958380000000000010e+00,2.949916720390319824e-01,2.042015194892883301e-01
-3.850387295536943810e+01,7.362691602339380914e+00,8.153332519531250000e+03,4.651207029819488525e-01,4.958390000000000519e+00,2.785884141921997070e-01,2.201470136642456055e-01
-3.850252409780824792e+01,7.373121869090564218e+00,8.685478515625000000e+03,3.647762835025787354e-01,4.958400000000000141e+00,3.235256969928741455e-01,2.564630806446075439e-01
-3.849927105630690960e+01,7.394026420139279132e+00,2.587552539062500000e+04,4.255253374576568604e-01,4.958410000000000650e+00,4.241577982902526855e-01,3.471769094467163086e-01
-3.850770372798260155e+01,7.407191068394124223e+00,-1.695764843750000000e+04,5.521840453147888184e-01,4.958420000000000272e+00,3.702177703380584717e-01,3.156673908233642578e-01
-3.848529294958144931e+01,7.418720785939706630e+00,7.017652343750000000e+03,8.620101809501647949e-01,4.958430000000000781e+00,4.736727774143218994e-01,3.712096214294433594e-01
-3.850745546661840990e+01,7.436082381134079711e+00,-4.923650878906250000e+03,9.227818846702575684e-01,4.958440000000000403e+00,4.352204799652099609e-01,3.941741585731506348e-01
-3.849956250323036500e+01,7.450429649598483195e+00,-5.498292480468750000e+03,9.120387434959411621e-01,4.958450000000000024e+00,3.593840003013610840e-01,3.226101696491241455e-01
-3.850875230275941163e+01,7.474861815977793533e+00,-3.767773925781250000e+03,8.559293150901794434e-01,4.958460000000000534e+00,3.957000672817230225e-01,3.678526580333709717e-01
-3.850128100319270885e+01,7.486889626781414897e+00,-1.238841796875000000e+04,7.442445158958435059e-01,4.958470000000000155e+00,5.877326726913452148e-01,5.057163238525390625e-01
-3.851538809204917158e+01,7.503115697270961171e+00,-4.969390136718750000e+03,8.303100466728210449e-01,4.958480000000000665e+00,4.833621382713317871e-01,4.374330043792724609e-01
-3.850174002109275762e+01,7.520762713346319295e+00,5.133145996093750000e+03,1.178398847579956055e+00,4.958490000000000286e+00,3.567900061607360840e-01,2.735529839992523193e-01
-3.850982407632564275e+01,7.535885556651638062e+00,2.058060937500000000e+04,8.936650156974792480e-01,4.958500000000000796e+00,3.317654728889465332e-01,2.704249322414398193e-01
-3.850596548235738226e+01,7.550022029170076365e+00,2.354405273437500000e+03,6.995493769645690918e-01,4.958510000000000417e+00,2.472314685583114624e-01,1.721579432487487793e-01
-3.852154359610335632e+01,7.561377413766690481e+00,7.097077148437500000e+03,5.418092608451843262e-01,4.958520000000000039e+00,2.874385416507720947e-01,2.254113256931304932e-01
-3.851061461415153531e+01,7.579014999261045382e+00,5.491797851562500000e+03,3.756159842014312744e-01,4.958530000000000548e+00,3.158962726593017578e-01,2.434930503368377686e-01
-3.851812594100680087e+01,7.591646575119812113e+00,2.605444335937500000e+03,4.612547457218170166e-01,4.958540000000000170e+00,2.563867866992950439e-01,1.816184222698211670e-01
-3.851445421679992620e+01,7.616458978847828298e+00,2.872520263671875000e+03,4.011029303073883057e-01,4.958550000000000679e+00,2.430352866649627686e-01,1.747519522905349731e-01
-3.852056772274726626e+01,7.620294236100803253e+00,2.430016357421875000e+03,3.903729021549224854e-01,4.958560000000000301e+00,3.506864607334136963e-01,2.455530017614364624e-01
-3.852503433079299811e+01,7.642471040149382056e+00,1.211654882812500000e+04,3.421086370944976807e-01,4.958570000000000810e+00,3.574003577232360840e-01,2.872096598148345947e-01
-3.852258017245470256e+01,7.657475355911770087e+00,3.684954345703125000e+03,5.929369330406188965e-01,4.958580000000000432e+00,4.169098436832427979e-01,3.095638751983642578e-01
-3.852005834951572893e+01,7.677539350188558487e+00,2.527546630859375000e+03,7.119447588920593262e-01,4.958590000000000053e+00,3.371060788631439209e-01,2.376184016466140747e-01
-3.852589065762622766e+01,7.691915225376559917e+00,3.173227294921875000e+03,7.042986750602722168e-01,4.958600000000000563e+00,3.435148000717163086e-01,2.504358291625976562e-01
-3.853499951946251656e+01,7.708932568556587483e+00,-1.168945625000000000e+05,4.262358248233795166e-01,4.958610000000000184e+00,3.575529456138610840e-01,2.985011935234069824e-01
-3.852731078361465222e+01,7.721596443036049529e+00,-1.587596875000000000e+04,5.401594042778015137e-01,4.958620000000000694e+00,3.158199787139892578e-01,2.697382867336273193e-01
-3.852465637992089853e+01,7.740485996666948587e+00,3.641698974609375000e+03,5.727536082267761230e-01,4.958630000000000315e+00,3.069698512554168701e-01,2.276238501071929932e-01
-3.852349617895939105e+01,7.762522973801588400e+00,3.554513183593750000e+03,5.244309306144714355e-01,4.958640000000000825e+00,3.094875812530517578e-01,2.288445681333541870e-01
-3.853219866613722644e+01,7.768499554650665218e+00,2.209391601562500000e+03,4.625553190708160400e-01,4.958650000000000446e+00,2.655420899391174316e-01,1.827628463506698608e-01
-3.851787947656598021e+01,7.785614058662604364e+00,1.903828857421875000e+03,5.270583033561706543e-01,4.958660000000000068e+00,2.727137506008148193e-01,1.820762008428573608e-01
-3.852844229336394477e+01,7.808965279671509663e+00,-8.819004882812500000e+03,2.476686388254165649e-01,4.958670000000000577e+00,4.367463588714599609e-01,3.809752762317657471e-01
-3.851678256634200892e+01,7.825490749002725899e+00,2.109505078125000000e+04,5.607635378837585449e-01,4.958680000000000199e+00,3.742613792419433594e-01,3.052150905132293701e-01
-3.852460039913149359e+01,7.837750106392038063e+00,3.536637451171875000e+03,8.634776473045349121e-01,4.958690000000000708e+00,2.607355415821075439e-01,1.926810890436172485e-01
-3.851542446554140753e+01,7.853483546595097842e+00,3.093312744140625000e+03,5.937690138816833496e-01,4.958700000000000330e+00,3.934112191200256348e-01,2.858363687992095947e-01
-3.852776088009637334e+01,7.868064966058313736e+00,-8.333926757812500000e+03,2.949399054050445557e-01,4.958710000000000839e+00,5.894874334335327148e-01,5.156345963478088379e-01
-3.851218411219344517e+01,7.884265550172036008e+00,2.961968750000000000e+04,9.562010169029235840e-01,4.958720000000000461e+00,4.501741528511047363e-01,3.692259490489959717e-01
-3.852575168588788301e+01,7.902012239359178736e+00,-5.063814453125000000e+03,1.154691696166992188e+00,4.958730000000000082e+00,4.833621382713317871e-01,4.367463588714599609e-01
-3.850872766011573134e+01,7.917815153383285676e+00,4.845326660156250000e+03,1.167686700820922852e+00,4.958740000000000592e+00,3.631224036216735840e-01,2.770625054836273193e-01
-3.851520774885310061e+01,7.936236102286347460e+00,3.079998291015625000e+03,1.124490022659301758e+00,4.958750000000000213e+00,2.161797136068344116e-01,1.569753885269165039e-01
-3.850276946021746483e+01,7.948969525158628535e+00,2.289339355468750000e+03,4.596549570560455322e-01,4.958760000000000723e+00,2.347192168235778809e-01,1.626211702823638916e-01
-3.851411366018502491e+01,7.964802732362146642e+00,4.472618652343750000e+03,3.091723024845123291e-01,4.958770000000000344e+00,2.800379991531372070e-01,2.121361196041107178e-01
-3.851122545773768735e+01,7.983219343681093427e+00,1.566853515625000000e+03,2.950519621372222900e-01,4.958779999999999966e+00,2.985011935234069824e-01,1.900870949029922485e-01
-3.851192124846792808e+01,7.991308131664928815e+00,-8.859082031250000000e+04,3.950137197971343994e-01,4.958790000000000475e+00,3.633513152599334717e-01,3.036892116069793701e-01
-3.850119766403252441e+01,8.021466629755023448e+00,4.317220214843750000e+03,3.732806742191314697e-01,4.958800000000000097e+00,3.390897214412689209e-01,2.560053169727325439e-01
-3.850807753287912050e+01,8.031213082130182812e+00,3.033182861328125000e+03,6.103796362876892090e-01,4.958810000000000606e+00,3.219235241413116455e-01,2.332696318626403809e-01
-3.850719813989730511e+01,8.055473459803563330e+00,2.153820800781250000e+03,5.411464571952819824e-01,4.958820000000000228e+00,3.116238117218017578e-01,2.134331315755844116e-01
-3.849882346154183921e+01,8.068505777591518324e+00,2.951762451171875000e+03,4.855031073093414307e-01,4.958830000000000737e+00,2.504358291625976562e-01,1.807791888713836670e-01
-3.850284089548385680e+01,8.080169188795492730e+00,2.095345703125000000e+03,4.046219885349273682e-01,4.958840000000000359e+00,2.388391047716140747e-01,1.626974642276763916e-01
-3.849878796557071325e+01,8.102481074835285568e+00,3.789936035156250000e+03,3.359550535678863525e-01,4.958849999999999980e+00,2.801905870437622070e-01,2.087028771638870239e-01
-3.850196025453411863e+01,8.116437623895661702e+00,2.780154052734375000e+03,2.914816439151763916e-01,4.958860000000000490e+00,2.894221842288970947e-01,2.071007043123245239e-01
-3.849586313510867086e+01,8.127237008802016049e+00,1.979904052734375000e+03,3.725129663944244385e-01,4.958870000000000111e+00,2.851496934890747070e-01,1.919944435358047485e-01
-3.850809975786420125e+01,8.144021700683458320e+00,1.156468872070312500e+03,3.674632608890533447e-01,4.958880000000000621e+00,2.560053169727325439e-01,1.482778489589691162e-01
-3.849334243733990490e+01,8.160545096969075374e+00,2.596657470703125000e+03,4.274457991123199463e-01,4.958890000000000242e+00,2.372369319200515747e-01,1.679617613554000854e-01
-3.850466682324577050e+01,8.171805053638227179e+00,2.567479980468750000e+03,2.525180876255035400e-01,4.958900000000000752e+00,2.455530017614364624e-01,1.735312342643737793e-01
-3.849713257244491160e+01,8.191273495302139551e+00,3.900622314453125000e+03,2.887922823429107666e-01,4.958910000000000373e+00,2.417382895946502686e-01,1.806266009807586670e-01
-3.851802042337524767e+01,8.207858681367023124e+00,1.132907920000000000e+08,3.076285421848297119e-01,4.958919999999999995e+00,2.196129560470581055e-01,1.826865524053573608e-01
-3.849806202255530252e+01,8.225481042677751375e+00,1.706477416992187500e+03,3.237754404544830322e-01,4.958930000000000504e+00,2.231224924325942993e-01,1.452260762453079224e-01
-3.851636491916126914e+01,8.243828567571849675e+00,3.289129394531250000e+03,2.903729975223541260e-01,4.958940000000000126e+00,2.666102051734924316e-01,1.952750980854034424e-01
-3.850451312550888616e+01,8.257346345133187882e+00,2.574874511718750000e+03,2.449685484170913696e-01,4.958950000000000635e+00,2.882777750492095947e-01,2.038200497627258301e-01
-3.851548025571681677e+01,8.276431308857679525e+00,1.421397583007812500e+03,3.585321009159088135e-01,4.958960000000000257e+00,2.814112901687622070e-01,1.743704825639724731e-01
-3.851241726656814990e+01,8.295038927556301900e+00,2.343733398437500000e+03,3.600067198276519775e-01,4.958970000000000766e+00,3.516019880771636963e-01,2.446374744176864624e-01
-3.852752725667199485e+01,8.307715845175369651e+00,2.613160888671875000e+03,3.348869383335113525e-01,4.958980000000000388e+00,2.972804903984069824e-01,2.106865346431732178e-01
-3.851181804493152327e+01,8.321441738002381072e+00,2.878471679687500000e+03,4.272193014621734619e-01,4.958990000000000009e+00,3.179562389850616455e-01,2.286919802427291870e-01
-3.852336511244246964e+01,8.336710867872641373e+00,1.153774609375000000e+04,3.906101286411285400e-01,4.959000000000000519e+00,2.788935899734497070e-01,2.237328439950942993e-01
-3.852593696740346729e+01,8.363164753488144143e+00,3.710411865234375000e+03,4.202717840671539307e-01,4.959010000000000140e+00,3.109371662139892578e-01,2.310570925474166870e-01
-3.852612725795954418e+01,8.376742519152083233e+00,-1.652191796875000000e+04,4.361421167850494385e-01,4.959020000000000650e+00,2.894984781742095947e-01,2.470025867223739624e-01
-3.852292996738637498e+01,8.392781823063437230e+00,1.182383984375000000e+04,4.941493570804595947e-01,4.959030000000000271e+00,3.631224036216735840e-01,2.915584146976470947e-01
-3.853497257398650788e+01,8.407378484722229928e+00,-4.631125976562500000e+03,4.606598913669586182e-01,4.959040000000000781e+00,5.101414322853088379e-01,4.645174443721771240e-01
-3.853042496863361066e+01,8.417993302972858416e+00,-1.930567578125000000e+04,6.860525012016296387e-01,4.959050000000000402e+00,4.926700294017791748e-01,4.188172221183776855e-01
-3.852475458278838971e+01,8.430840680765509632e+00,1.724340625000000000e+05,1.187585115432739258e+00,4.959060000000000024e+00,4.098144769668579102e-01,3.400815725326538086e-01
-3.852626001342170525e+01,8.444427088663626790e+00,9.968542968750000000e+03,1.056215286254882812e+00,4.959070000000000533e+00,3.792968094348907471e-01,3.025448024272918701e-01
-3.852403861971704657e+01,8.470904700257857911e+00,4.019276855468750000e+03,7.822114825248718262e-01,4.959080000000000155e+00,3.329862058162689209e-01,2.495965957641601562e-01
-3.852996466945126031e+01,8.491448307838263432e+00,2.097135009765625000e+03,6.939155459403991699e-01,4.959090000000000664e+00,2.872859537601470947e-01,1.957328617572784424e-01
-3.851403857259330010e+01,8.506616454197780897e+00,7.607438476562500000e+03,4.875701963901519775e-01,4.959100000000000286e+00,2.941524386405944824e-01,2.315911501646041870e-01
-3.853244035533414547e+01,8.523897522259511916e+00,1.092605566406250000e+04,4.313737452030181885e-01,4.959110000000000795e+00,3.504575788974761963e-01,2.805720567703247070e-01
-3.851654885835220909e+01,8.543660696019678369e+00,3.780789550781250000e+03,4.789275228977203369e-01,4.959120000000000417e+00,3.340543210506439209e-01,2.487573623657226562e-01
-3.852731602090388208e+01,8.554862850566255617e+00,2.146760009765625000e+03,5.508739352226257324e-01,4.959130000000000038e+00,3.578581213951110840e-01,2.449426501989364624e-01
-3.852020256683554322e+01,8.570541413480887272e+00,2.036826293945312500e+03,5.471093058586120605e-01,4.959140000000000548e+00,3.766264915466308594e-01,2.550897896289825439e-01
-3.852974702958029241e+01,8.586152482424466825e+00,8.901900390625000000e+03,5.555600523948669434e-01,4.959150000000000169e+00,3.708281219005584717e-01,2.943050265312194824e-01
-3.850524342430265534e+01,8.599954423946780224e+00,7.153110351562500000e+03,6.595808863639831543e-01,4.959160000000000679e+00,3.070461452007293701e-01,2.408990561962127686e-01
-3.852529257823052689e+01,8.614179242908651446e+00,7.139437988281250000e+03,5.779249072074890137e-01,4.959170000000000300e+00,2.895747721195220947e-01,2.271660864353179932e-01
-3.850636303011456363e+01,8.633461643828201915e+00,2.489875488281250000e+03,5.181843638420104980e-01,4.959180000000000810e+00,3.492368757724761963e-01,2.455530017614364624e-01
-3.850983729982904435e+01,8.643258725741867821e+00,4.341147460937500000e+03,4.459327757358551025e-01,4.959190000000000431e+00,3.561796545982360840e-01,2.690516114234924316e-01
-3.850199817328698515e+01,8.662215254570170941e+00,1.896327514648437500e+03,5.878192782402038574e-01,4.959200000000000053e+00,3.508390486240386963e-01,2.340325713157653809e-01
-3.850790600684700138e+01,8.678841911713316648e+00,-1.009369921875000000e+04,5.240017771720886230e-01,4.959210000000000562e+00,3.851714432239532471e-01,3.339780271053314209e-01
-3.850145300131659809e+01,8.695708995471219893e+00,3.977393798828125000e+03,5.795163512229919434e-01,4.959220000000000184e+00,3.886809945106506348e-01,2.910243570804595947e-01
-3.849936370230544469e+01,8.708141246854230744e+00,-7.182452636718750000e+03,7.623953223228454590e-01,4.959230000000000693e+00,4.304902255535125732e-01,3.796019852161407471e-01
-3.849877342480576203e+01,8.727762526535313370e+00,1.130390625000000000e+04,8.204621672630310059e-01,4.959240000000000315e+00,3.072750270366668701e-01,2.463159412145614624e-01
-3.849924057897072061e+01,8.739620780730025018e+00,4.803220703125000000e+03,7.767147421836853027e-01,4.959250000000000824e+00,2.771387994289398193e-01,2.112968862056732178e-01
-3.849321811601910071e+01,8.761455740998481900e+00,5.476073242187500000e+03,4.455262720584869385e-01,4.959260000000000446e+00,3.748717308044433594e-01,2.888881266117095947e-01
-3.849345132713293083e+01,8.772989646211566850e+00,4.101773437500000000e+03,4.565817415714263916e-01,4.959270000000000067e+00,3.590025305747985840e-01,2.696619927883148193e-01
-3.848925007115762753e+01,8.790257009027337531e+00,6.056991699218750000e+03,6.534761786460876465e-01,4.959280000000000577e+00,3.622068762779235840e-01,2.811824083328247070e-01
-3.849152050045806561e+01,8.806812461722572039e+00,4.382680664062500000e+03,5.335397124290466309e-01,4.959290000000000198e+00,2.968227267265319824e-01,2.244194895029067993e-01
-3.849510681602888695e+01,8.824124934434150802e+00,2.914348876953125000e+03,5.611926913261413574e-01,4.959300000000000708e+00,2.994930148124694824e-01,2.157982438802719116e-01
-3.849714105828834931e+01,8.838659550093268535e+00,1.582420507812500000e+04,4.043656885623931885e-01,4.959310000000000329e+00,2.535638809204101562e-01,2.054222375154495239e-01
-3.849406713729299412e+01,8.857267746205483405e+00,3.084471191406250000e+03,3.805584013462066650e-01,4.959320000000000839e+00,2.890407145023345947e-01,2.099235951900482178e-01
-3.849541817318113601e+01,8.874373237827059668e+00,3.052802978515625000e+03,3.334909975528717041e-01,4.959330000000000460e+00,3.179562389850616455e-01,2.305993288755416870e-01
-3.850463734166660856e+01,8.886592012906469051e+00,2.972644775390625000e+03,4.593831598758697510e-01,4.959340000000000082e+00,2.681360840797424316e-01,1.937492191791534424e-01
-3.849991002156241393e+01,8.902798547536947993e+00,-2.516147070312500000e+04,4.381066858768463135e-01,4.959350000000000591e+00,3.834929764270782471e-01,3.243649601936340332e-01
-3.850197699510250260e+01,8.919831489591830476e+00,1.987047851562500000e+03,4.612464010715484619e-01,4.959360000000000213e+00,2.860652506351470947e-01,1.927573829889297485e-01
-3.849346780186835559e+01,8.937061934774305882e+00,2.225751953125000000e+03,5.682844519615173340e-01,4.959370000000000722e+00,3.252804875373840332e-01,2.241906076669692993e-01
-3.851546024699403148e+01,8.953920815773752651e+00,3.090756835937500000e+03,4.156917631626129150e-01,4.959380000000000344e+00,2.136620134115219116e-01,1.552206277847290039e-01
-3.849834447388824543e+01,8.968825844102918055e+00,1.156241455078125000e+03,3.951996862888336182e-01,4.959389999999999965e+00,2.489099502563476562e-01,1.441579610109329224e-01
-3.851356819223579464e+01,8.981902383475311780e+00,2.355506103515625000e+03,1.793176084756851196e-01,4.959400000000000475e+00,2.724085748195648193e-01,1.897056251764297485e-01
-3.850910408845758326e+01,8.997520048172036766e+00,1.482441772460937500e+03,3.224689066410064697e-01,4.959410000000000096e+00,2.547846138477325439e-01,1.597982794046401978e-01
-3.852484045832359527e+01,9.011674691041692498e+00,2.598608642578125000e+03,2.582353651523590088e-01,4.959420000000000606e+00,2.545557320117950439e-01,1.802451312541961670e-01
-3.851848794917124508e+01,9.032325502377286597e+00,2.593097412109375000e+03,3.913873732089996338e-01,4.959430000000000227e+00,2.838526964187622070e-01,2.009208649396896362e-01
-3.852422200551135489e+01,9.046415957924455853e+00,6.258271972656250000e+03,3.100806772708892822e-01,4.959440000000000737e+00,2.677546143531799316e-01,2.083214074373245239e-01
-3.852114364164405913e+01,9.065119425944894616e+00,1.921514160156250000e+03,4.358703196048736572e-01,4.959450000000000358e+00,2.235802561044692993e-01,1.495748460292816162e-01
-3.852797183931279079e+01,9.084268945199445611e+00,1.594768798828125000e+03,2.892762720584869385e-01,4.959459999999999980e+00,2.550134956836700439e-01,1.631552278995513916e-01
-3.852755607167225804e+01,9.102391508955422594e+00,3.446129394531250000e+03,2.242309004068374634e-01,4.959470000000000489e+00,2.344140410423278809e-01,1.726920008659362793e-01
-3.853380628294168986e+01,9.115485143318744932e+00,1.744263867187500000e+04,2.435201555490493774e-01,4.959480000000000111e+00,3.037655055522918701e-01,2.466974109411239624e-01
-3.852782284598460905e+01,9.130455099386031392e+00,1.115595214843750000e+04,3.685182631015777588e-01,4.959490000000000620e+00,1.938255131244659424e-01,1.552969217300415039e-01
-3.853389231574703899e+01,9.146215533312936685e+00,2.535060302734375000e+03,4.209417402744293213e-01,4.959500000000000242e+00,2.826319932937622070e-01,1.993186920881271362e-01
-3.853847143629181460e+01,9.172343768391559848e+00,9.874868164062500000e+02,2.883118689060211182e-01,4.959510000000000751e+00,2.744685113430023193e-01,1.494222581386566162e-01
-3.853147336292033032e+01,9.176906859520272519e+00,5.754876464843750000e+03,3.844589293003082275e-01,4.959520000000000373e+00,2.927028238773345947e-01,2.264031469821929932e-01
-3.852961231335462600e+01,9.190691036895684007e+00,6.212158691406250000e+03,2.774745523929595947e-01,4.959529999999999994e+00,3.825774490833282471e-01,2.975093722343444824e-01
-3.853805932298759984e+01,9.213189929215648277e+00,3.770073242187500000e+03,4.504400789737701416e-01,4.959540000000000504e+00,3.644957244396209717e-01,2.713404595851898193e-01
-3.853624178489603480e+01,9.235241729711063385e+00,1.852849365234375000e+03,6.636673808097839355e-01,4.959550000000000125e+00,2.127464711666107178e-01,1.411824822425842285e-01
-3.853102704072804130e+01,9.244338200180289178e+00,2.510466064453125000e+03,5.342764258384704590e-01,4.959560000000000635e+00,2.307519167661666870e-01,1.624685823917388916e-01
-3.853784311292231024e+01,9.262761512829662536e+00,-9.789640625000000000e+03,2.237779051065444946e-01,4.959570000000000256e+00,3.236019909381866455e-01,2.809535264968872070e-01
-3.853634547178378966e+01,9.279833405878674668e+00,1.053978320312500000e+04,4.138642847537994385e-01,4.959580000000000766e+00,3.275693058967590332e-01,2.618799805641174316e-01
-3.853931015915234326e+01,9.300704953291809574e+00,2.335469970703125000e+03,5.505151152610778809e-01,4.959590000000000387e+00,2.709589898586273193e-01,1.884086132049560547e-01
-3.852637589252839945e+01,9.310638232249099033e+00,1.832166137695312500e+03,4.877132475376129150e-01,4.959600000000000009e+00,2.924739420413970947e-01,1.935966312885284424e-01
-3.853590456772774075e+01,9.330659236619341712e+00,3.514086914062500000e+03,3.029674589633941650e-01,4.959610000000000518e+00,3.453458547592163086e-01,2.550134956836700439e-01
-3.852434159611683384e+01,9.345169445955310294e+00,1.956314819335937500e+03,3.813964426517486572e-01,4.959620000000000140e+00,3.017818629741668701e-01,2.026756405830383301e-01
-3.853237030412345376e+01,9.356856095474119783e+00,3.712580810546875000e+03,4.758233129978179932e-01,4.959630000000000649e+00,3.409970998764038086e-01,2.534112930297851562e-01
-3.851923777810379335e+01,9.373500650602446527e+00,6.436943359375000000e+04,4.370373785495758057e-01,4.959640000000000271e+00,3.490842878818511963e-01,2.885066568851470947e-01
-3.852575406595352803e+01,9.387927665326335713e+00,1.212062890625000000e+04,6.171650290489196777e-01,4.959650000000000780e+00,3.438199758529663086e-01,2.762995660305023193e-01
-3.851652272130738908e+01,9.406450756926105328e+00,1.214991796875000000e+04,6.159061789512634277e-01,4.959660000000000402e+00,3.210079967975616455e-01,2.579889595508575439e-01
-3.852094452186341300e+01,9.418594935392931689e+00,2.989339599609375000e+03,5.614013075828552246e-01,4.959670000000000023e+00,2.865993082523345947e-01,2.072532922029495239e-01
-3.851321290244219142e+01,9.436015772940097079e+00,2.502763671875000000e+03,5.256373286247253418e-01,4.959680000000000533e+00,3.084957301616668701e-01,2.170952558517456055e-01
-3.851617565364787055e+01,9.448716307550892424e+00,-1.146427421875000000e+05,3.694099485874176025e-01,4.959690000000000154e+00,3.928008675575256348e-01,3.279507756233215332e-01
-3.850562134071822129e+01,9.468944631918409627e+00,4.247483398437500000e+03,6.411380171775817871e-01,4.959700000000000664e+00,3.055202662944793701e-01,2.302941530942916870e-01
-3.851124034998347412e+01,9.483283228370392948e+00,2.716795898437500000e+03,6.669945120811462402e-01,4.959710000000000285e+00,3.549589216709136963e-01,2.531061172485351562e-01
-3.850562549718569016e+01,9.502000591590581635e+00,2.706513916015625000e+03,4.686278402805328369e-01,4.959720000000000795e+00,3.775420188903808594e-01,2.690516114234924316e-01
-3.850083520363033784e+01,9.524677983912628321e+00,8.466997070312500000e+03,5.931014418601989746e-01,4.959730000000000416e+00,3.384793698787689209e-01,2.679834961891174316e-01
-3.850112928421847158e+01,9.532683410666161095e+00,2.354384765625000000e+04,5.167240500450134277e-01,4.959740000000000038e+00,3.455747365951538086e-01,2.824031114578247070e-01
-3.849878420974552284e+01,9.547534165606258227e+00,-5.016526855468750000e+03,5.626303553581237793e-01,4.959750000000000547e+00,3.355039060115814209e-01,3.033840358257293701e-01
-3.850169478700303216e+01,9.559938068504740372e+00,4.939916992187500000e+03,6.105417609214782715e-01,4.959760000000000169e+00,3.349698483943939209e-01,2.560053169727325439e-01
-3.849894187876004992e+01,9.575865682873129003e+00,2.988097167968750000e+03,5.940110087394714355e-01,4.959770000000000678e+00,3.003322482109069824e-01,2.171715497970581055e-01
-3.850608369375607509e+01,9.593200875315723408e+00,4.735720703125000000e+03,4.949230253696441650e-01,4.959780000000000300e+00,3.432096242904663086e-01,2.613458931446075439e-01
-3.850000905902603421e+01,9.610598022379893024e+00,1.224459082031250000e+04,4.535621702671051025e-01,4.959790000000000809e+00,4.442994892597198486e-01,3.571714758872985840e-01
-3.850203194082998692e+01,9.627359202779395275e+00,-3.163585449218750000e+03,6.650490164756774902e-01,4.959800000000000431e+00,6.338143944740295410e-01,6.018471121788024902e-01
-3.850161720532049969e+01,9.641857642293267361e+00,-4.660291503906250000e+03,1.120688438415527344e+00,4.959810000000000052e+00,5.309697389602661133e-01,4.832095503807067871e-01
-3.851263034440525246e+01,9.654743055535767837e+00,3.467613525390625000e+03,1.417766332626342773e+00,4.959820000000000562e+00,3.583158850669860840e-01,2.641687989234924316e-01
-3.849993686759970046e+01,9.668495225479112776e+00,3.697687255859375000e+03,1.075542688369750977e+00,4.959830000000000183e+00,3.037655055522918701e-01,2.256402075290679932e-01
-3.850961708326308752e+01,9.690053662071186125e+00,1.950435424804687500e+03,6.741983294486999512e-01,4.959840000000000693e+00,3.308499455451965332e-01,2.220543771982192993e-01
-3.850724059528153731e+01,9.699493244473790909e+00,1.940348754882812500e+03,5.211026072502136230e-01,4.959850000000000314e+00,2.951442599296569824e-01,1.978691071271896362e-01
-3.850728490387319169e+01,9.713256854716451727e+00,7.677006347656250000e+03,4.552465975284576416e-01,4.959860000000000824e+00,2.389916926622390747e-01,1.882560253143310547e-01
-3.850328325944042973e+01,9.728036065032179991e+00,3.704360839843750000e+03,3.693062365055084229e-01,4.959870000000000445e+00,2.181633710861206055e-01,1.620870977640151978e-01
-3.851925051808550649e+01,9.747904333891185047e+00,3.148797119140625000e+03,2.936619818210601807e-01,4.959880000000000067e+00,2.412042319774627686e-01,1.756674796342849731e-01
-3.850760683377708915e+01,9.761486630663160469e+00,3.801608398437500000e+03,2.938658297061920166e-01,4.959890000000000576e+00,2.478418201208114624e-01,1.846701949834823608e-01
-3.851916390839605242e+01,9.768323498076236788e+00,4.093451416015625000e+03,3.228432238101959229e-01,4.959900000000000198e+00,2.610407173633575439e-01,1.960380375385284424e-01
-3.852174783674457359e+01,9.782263562326164674e+00,-6.286787109375000000e+03,3.309434950351715088e-01,4.959910000000000707e+00,8.327516168355941772e-02,7.404355704784393311e-02
-3.852012015236335429e+01,9.784739058069890305e+00,-2.407474609375000000e+03,3.051179945468902588e-01,4.959920000000000329e+00,5.268117040395736694e-02,5.214710906147956848e-02
-3.851780830870227845e+01,9.786390587333313462e+00,3.187086669921875000e+03,2.072423845529556274e-01,4.959930000000000838e+00,6.824519485235214233e-02,4.978198930621147156e-02
