# x_coordinates, y_coordinates, TEP, TED, times, high, low
-4.040053291587461359e+01,-9.911642984023316671e+00,1.297229125976562500e+03,1.020497158169746399e-01,2.461710000000000065e+00,2.158745378255844116e-01,1.300435215234756470e-01
-4.039435373649460814e+01,-9.921682179831520898e+00,1.947523071289062500e+03,5.012691393494606018e-02,2.461720000000000130e+00,4.365937709808349609e-01,2.929317057132720947e-01
-4.039134070265971133e+01,-9.930658334954932442e+00,4.829944824218750000e+03,2.135569006204605103e-01,2.461730000000000196e+00,4.779452383518218994e-01,3.645720183849334717e-01
-4.039650319250461052e+01,-9.940601927067215016e+00,1.632942000000000000e+06,3.755027353763580322e-01,2.461740000000000261e+00,5.691931247711181641e-01,4.733676016330718994e-01
-4.039245559643155303e+01,-9.938745653274294156e+00,3.817223144531250000e+03,7.161182761192321777e-01,2.461750000000000327e+00,4.924411475658416748e-01,3.670897185802459717e-01
-4.039106168660880769e+01,-9.942026029554822841e+00,2.039967163085937500e+03,5.977994799613952637e-01,2.461760000000000392e+00,5.590460300445556641e-01,3.787627220153808594e-01
-4.038993815367397389e+01,-9.942399503787443749e+00,3.199895507812500000e+03,6.951910853385925293e-01,2.461770000000000014e+00,4.981632232666015625e-01,3.635801970958709717e-01
-4.038952468645378246e+01,-9.933706375493340346e+00,1.778261132812500000e+04,6.489223837852478027e-01,2.461780000000000079e+00,6.278634071350097656e-01,5.101414322853088379e-01
-4.038330849299608616e+01,-9.935897328043663990e+00,1.806076538085937500e+03,8.184034228324890137e-01,2.461790000000000145e+00,4.906100928783416748e-01,3.236782848834991455e-01
-4.039073814847331079e+01,-9.932431052902076729e+00,2.134471435546875000e+03,7.979673743247985840e-01,2.461800000000000210e+00,4.172913134098052979e-01,2.853023111820220947e-01
-4.039289035745033374e+01,-9.923730946354211824e+00,1.537958618164062500e+03,4.979807436466217041e-01,2.461810000000000276e+00,4.897708594799041748e-01,3.103268146514892578e-01
-4.038978239224018552e+01,-9.919481113396203753e+00,6.243673339843750000e+03,4.983526766300201416e-01,2.461820000000000341e+00,6.441140770912170410e-01,5.010623931884765625e-01
-4.039374391910069306e+01,-9.904811356742142081e+00,2.292795410156250000e+03,5.347818732261657715e-01,2.461830000000000407e+00,5.900214910507202148e-01,4.088989496231079102e-01
-4.039128706546976133e+01,-9.897034014902336807e+00,1.867951538085937500e+03,1.004466533660888672e+00,2.461840000000000028e+00,5.613348484039306641e-01,3.731932640075683594e-01
-4.038207937985022511e+01,-9.884574006684227143e+00,2.858928222656250000e+03,7.304555773735046387e-01,2.461850000000000094e+00,5.199070572853088379e-01,3.735747337341308594e-01
-4.038518196341675548e+01,-9.864136147994740256e+00,2.039678710937500000e+03,7.283205389976501465e-01,2.461860000000000159e+00,5.741522908210754395e-01,3.889861702919006348e-01
-4.038553031311865027e+01,-9.859353964111809532e+00,3.764291503906250000e+03,6.461960673332214355e-01,2.461870000000000225e+00,4.902286231517791748e-01,3.648771941661834717e-01
-4.037899841807464441e+01,-9.844013426982831660e+00,2.902082763671875000e+03,6.925768256187438965e-01,2.461880000000000290e+00,5.522558093070983887e-01,3.976837098598480225e-01
-4.038195354291238459e+01,-9.818756408762839172e+00,1.706251708984375000e+03,5.598229765892028809e-01,2.461890000000000356e+00,5.349370241165161133e-01,3.481687605381011963e-01
-4.038594629214442477e+01,-9.803059599186425999e+00,2.964321044921875000e+03,6.642073988914489746e-01,2.461900000000000421e+00,6.357217431068420410e-01,4.591768682003021240e-01
-4.038919693146022638e+01,-9.786826130167769477e+00,-9.544242187500000000e+03,6.243926882743835449e-01,2.461910000000000043e+00,6.379342675209045410e-01,5.544683337211608887e-01
-4.037969803982044681e+01,-9.769256993674341416e+00,2.382372070312500000e+03,1.015538692474365234e+00,2.461920000000000108e+00,5.804083943367004395e-01,4.050079584121704102e-01
-4.038601627645598313e+01,-9.755761307784091230e+00,2.191250732421875000e+03,9.853119254112243652e-01,2.461930000000000174e+00,5.360814332962036133e-01,3.683867156505584717e-01
-4.038379909806508294e+01,-9.740275254049972631e+00,2.460440917968750000e+03,8.544129729270935059e-01,2.461940000000000239e+00,6.036018729209899902e-01,4.235474467277526855e-01
-4.038575120354094139e+01,-9.724361061935956840e+00,7.178859863281250000e+03,7.313079237937927246e-01,2.461950000000000305e+00,5.922340154647827148e-01,4.647463262081146240e-01
-4.038726476585632952e+01,-9.708875019224365133e+00,3.014156982421875000e+03,9.623665213584899902e-01,2.461960000000000370e+00,4.856509566307067871e-01,3.516019880771636963e-01
-4.039734387224162049e+01,-9.694672901358339701e+00,3.653185058593750000e+03,7.953161597251892090e-01,2.461969999999999992e+00,6.119179129600524902e-01,4.539125561714172363e-01
-4.038498767295993019e+01,-9.677579033560572697e+00,3.203517089843750000e+03,6.279630064964294434e-01,2.461980000000000057e+00,5.817053914070129395e-01,4.246155619621276855e-01
-4.038981593015327576e+01,-9.670382531966849271e+00,3.187467041015625000e+03,8.384425044059753418e-01,2.461990000000000123e+00,5.699560642242431641e-01,4.157654345035552979e-01
-4.039415517856625115e+01,-9.655205817927807743e+00,9.673743164062500000e+03,9.704942107200622559e-01,2.462000000000000188e+00,7.214001417160034180e-01,5.746863484382629395e-01
-4.038753510643585543e+01,-9.645775071821391933e+00,4.812967187500000000e+04,9.876984953880310059e-01,2.462010000000000254e+00,8.271439671516418457e-01,6.821086406707763672e-01
-4.038713156153289674e+01,-9.627568694052854426e+00,2.544150390625000000e+03,1.216353893280029297e+00,2.462020000000000319e+00,5.823920369148254395e-01,4.109589159488677979e-01
-4.039005906442422855e+01,-9.617071031539962789e+00,3.141685791015625000e+03,1.339339733123779297e+00,2.462030000000000385e+00,5.580542087554931641e-01,4.063049554824829102e-01
-4.039267412848767691e+01,-9.608971828909139035e+00,8.184706542968750000e+03,7.852680087089538574e-01,2.462040000000000006e+00,6.478524804115295410e-01,5.120487809181213379e-01
-4.038850332494575213e+01,-9.588015837663048657e+00,4.506217773437500000e+03,8.146519064903259277e-01,2.462050000000000072e+00,5.884193181991577148e-01,4.460542500019073486e-01
-4.038567283194192470e+01,-9.578287819321554153e+00,4.242495117187500000e+03,1.098720550537109375e+00,2.462060000000000137e+00,5.402013659477233887e-01,4.071441888809204102e-01
-4.039323840853306535e+01,-9.565859123989429946e+00,9.047784179687500000e+03,8.206350207328796387e-01,2.462070000000000203e+00,6.800487041473388672e-01,5.401250720024108887e-01
-4.039175883136716294e+01,-9.552066462779457368e+00,3.143812744140625000e+03,9.308583140373229980e-01,2.462080000000000268e+00,6.277871131896972656e-01,4.571169316768646240e-01
-4.038860130655255176e+01,-9.539162442334017555e+00,7.509011230468750000e+03,1.117983579635620117e+00,2.462090000000000334e+00,5.187626481056213379e-01,4.081360101699829102e-01
-4.039315399761095904e+01,-9.519550719749231504e+00,3.213300292968750000e+03,7.566089034080505371e-01,2.462100000000000399e+00,5.738471150398254395e-01,4.190461039543151855e-01
-4.039460352116915232e+01,-9.505391585252823461e+00,2.441835205078125000e+03,7.890540957450866699e-01,2.462110000000000021e+00,5.160923600196838379e-01,3.616728186607360840e-01
-4.038974356101471130e+01,-9.491526969698142580e+00,1.255487500000000000e+04,7.179684042930603027e-01,2.462120000000000086e+00,5.883430242538452148e-01,4.733676016330718994e-01
-4.039272678378056725e+01,-9.481443414740741815e+00,3.035201660156250000e+03,7.025761008262634277e-01,2.462130000000000152e+00,5.012912750244140625e-01,3.632749915122985840e-01
-4.039118045597636097e+01,-9.464991290353781395e+00,2.693049316406250000e+03,7.746655344963073730e-01,2.462140000000000217e+00,5.607244968414306641e-01,3.992858827114105225e-01
-4.038451729706077487e+01,-9.455554225942520929e+00,9.004070312500000000e+03,6.750721335411071777e-01,2.462150000000000283e+00,5.027408599853515625e-01,3.992095887660980225e-01
-4.038487595361832661e+01,-9.434652008750685326e+00,1.747960815429687500e+03,6.712550520896911621e-01,2.462160000000000348e+00,5.463811755180358887e-01,3.577055335044860840e-01
-4.038477602301423985e+01,-9.416397398204596314e+00,1.697355468750000000e+03,7.187671065330505371e-01,2.462170000000000414e+00,5.844519734382629395e-01,3.799071609973907471e-01
-4.038846081519527331e+01,-9.405036187235760181e+00,5.075830566406250000e+03,6.412596106529235840e-01,2.462180000000000035e+00,5.131931900978088379e-01,3.931060433387756348e-01
-4.038036675553887989e+01,-9.391123309336013136e+00,5.421472167968750000e+03,6.408674120903015137e-01,2.462190000000000101e+00,5.411168932914733887e-01,4.166809618473052979e-01
-4.038899589619182251e+01,-9.371215002120001358e+00,-1.058790820312500000e+04,6.384868025779724121e-01,2.462200000000000166e+00,5.067844390869140625e-01,4.385774135589599609e-01
-4.038216639192588531e+01,-9.352452304742254086e+00,8.441392578125000000e+03,7.637197375297546387e-01,2.462210000000000232e+00,5.791876912117004395e-01,4.584902226924896240e-01
-4.038331282815839529e+01,-9.336289682052996142e+00,2.631663818359375000e+03,7.666928172111511230e-01,2.462220000000000297e+00,5.867408514022827148e-01,4.162994921207427979e-01
-4.038135031790779550e+01,-9.328679165474992985e+00,2.044776000976562500e+03,8.700591921806335449e-01,2.462230000000000363e+00,5.108280777931213379e-01,3.462613821029663086e-01
-4.037869763462479256e+01,-9.305272158404214622e+00,1.393007202148437500e+03,7.799238562583923340e-01,2.462239999999999984e+00,5.424901843070983887e-01,3.341306149959564209e-01
-4.038085369645847322e+01,-9.292960642024521434e+00,4.733448242187500000e+03,5.860514044761657715e-01,2.462250000000000050e+00,5.791876912117004395e-01,4.410188198089599609e-01
-4.038749668341262122e+01,-9.280168304180380190e+00,3.549108154296875000e+03,7.197720408439636230e-01,2.462260000000000115e+00,6.139778494834899902e-01,4.539125561714172363e-01
-4.038969658077434843e+01,-9.267568460314439704e+00,3.285369140625000000e+03,8.133656382560729980e-01,2.462270000000000181e+00,5.931495428085327148e-01,4.343812465667724609e-01
-4.038490532611846362e+01,-9.254955674965373191e+00,3.358182861328125000e+03,8.895427584648132324e-01,2.462280000000000246e+00,5.419561266899108887e-01,3.979888856410980225e-01
-4.038013406608533984e+01,-9.240028106886910564e+00,4.402503906250000000e+03,8.959979414939880371e-01,2.462290000000000312e+00,5.888007879257202148e-01,4.453676044940948486e-01
-4.038549229974452714e+01,-9.228068025659329265e+00,1.786238476562500000e+04,8.156616091728210449e-01,2.462300000000000377e+00,6.139015555381774902e-01,4.988498687744140625e-01
-4.038272934945246817e+01,-9.207327526568127141e+00,9.114334960937500000e+03,8.899003863334655762e-01,2.462309999999999999e+00,6.326699256896972656e-01,5.026645660400390625e-01
-4.037561875387390842e+01,-9.196262433495512312e+00,1.203652734375000000e+04,8.236331343650817871e-01,2.462320000000000064e+00,6.842448711395263672e-01,5.497381091117858887e-01
-4.038215975882123132e+01,-9.176097208465353816e+00,3.216185791015625000e+03,9.674579501152038574e-01,2.462330000000000130e+00,6.577707529067993164e-01,4.803866446018218994e-01
-4.038506062715657663e+01,-9.168354247189666850e+00,2.705217041015625000e+03,1.019172191619873047e+00,2.462340000000000195e+00,5.839942097663879395e-01,4.161469042301177979e-01
-4.038873968645684442e+01,-9.157693431477094137e+00,6.390300781250000000e+03,9.440452456474304199e-01,2.462350000000000261e+00,5.802558064460754395e-01,4.520815014839172363e-01
-4.038988114617301051e+01,-9.135449154576509301e+00,5.468435546875000000e+03,9.179121851921081543e-01,2.462360000000000326e+00,5.406591296195983887e-01,4.166046679019927979e-01
-4.038815917237517539e+01,-9.123864462953136467e+00,3.556628417968750000e+03,8.473998904228210449e-01,2.462370000000000392e+00,6.410623192787170410e-01,4.740542471408843994e-01
-4.038661980216846104e+01,-9.108615951074916950e+00,4.216764160156250000e+03,8.924717307090759277e-01,2.462380000000000013e+00,5.098362565040588379e-01,3.840270340442657471e-01
-4.038746078885948521e+01,-9.096811958818568300e+00,5.056392578125000000e+03,8.221513628959655762e-01,2.462390000000000079e+00,6.445718407630920410e-01,4.935855567455291748e-01
-4.038657816666699318e+01,-9.080647889430879971e+00,3.199691162109375000e+03,7.947070002555847168e-01,2.462400000000000144e+00,5.074710845947265625e-01,3.703703582286834717e-01
-4.039128859440460673e+01,-9.063457816679822088e+00,2.946879882812500000e+03,8.803052306175231934e-01,2.462410000000000210e+00,6.316018104553222656e-01,4.558199048042297363e-01
-4.038730893477139006e+01,-9.044904970720052617e+00,2.665057861328125000e+03,6.899482607841491699e-01,2.462420000000000275e+00,6.231331825256347656e-01,4.430024921894073486e-01
-4.039163822329889797e+01,-9.035493369066072589e+00,3.345058837890625000e+03,9.139449000358581543e-01,2.462430000000000341e+00,6.358743309974670410e-01,4.667299985885620117e-01
-4.039027607088640792e+01,-9.018224339162928871e+00,1.022315429687500000e+04,8.872444033622741699e-01,2.462440000000000406e+00,5.777381062507629395e-01,4.613130986690521240e-01
-4.038804062125207395e+01,-8.993495153419946320e+00,3.137780029296875000e+03,9.408158659934997559e-01,2.462450000000000028e+00,4.736727774143218994e-01,3.448117971420288086e-01
-4.039018031632598849e+01,-8.986529200702648268e+00,1.108443750000000000e+04,7.810062766075134277e-01,2.462460000000000093e+00,6.319069862365722656e-01,5.061740875244140625e-01
-4.039798334002259139e+01,-8.972280986124449242e+00,5.862275390625000000e+03,6.436211466789245605e-01,2.462470000000000159e+00,5.860542058944702148e-01,4.539125561714172363e-01
-4.039595735575043989e+01,-8.951778246327915411e+00,2.236210449218750000e+03,9.569579958915710449e-01,2.462480000000000224e+00,5.824683308601379395e-01,4.018035829067230225e-01
-4.038651458890829105e+01,-8.941980503673507386e+00,3.504885986328125000e+03,8.097762465476989746e-01,2.462490000000000290e+00,5.373784303665161133e-01,3.966918885707855225e-01
-4.039190049868788890e+01,-8.920564066624177002e+00,1.439440917968750000e+04,6.520981192588806152e-01,2.462500000000000355e+00,5.797980427742004395e-01,4.684847593307495117e-01
-4.039233684749390818e+01,-8.906316486978896663e+00,4.730751464843750000e+03,6.870693564414978027e-01,2.462510000000000421e+00,4.690951108932495117e-01,3.571714758872985840e-01
-4.039578510064092143e+01,-8.892709209185706953e+00,1.866855590820312500e+03,7.967502474784851074e-01,2.462520000000000042e+00,3.902831673622131348e-01,2.594385445117950439e-01
-4.039679787215853679e+01,-8.874061068978663869e+00,1.687541015625000000e+03,4.780620634555816650e-01,2.462530000000000108e+00,4.217926859855651855e-01,2.737818658351898193e-01
-4.039438647678920802e+01,-8.857142595641523286e+00,2.864906005859375000e+03,3.312057554721832275e-01,2.462540000000000173e+00,5.431005358695983887e-01,3.903594613075256348e-01
-4.039105488514569231e+01,-8.841871224139403296e+00,7.717715820312500000e+03,4.932421743869781494e-01,2.462550000000000239e+00,5.849860310554504395e-01,4.609316289424896240e-01
-4.039532268518223646e+01,-8.825880022094445110e+00,3.136277099609375000e+03,8.118361830711364746e-01,2.462560000000000304e+00,6.833293437957763672e-01,4.974002838134765625e-01
-4.039158407096731196e+01,-8.810416657965433274e+00,8.669645507812500000e+03,8.468944430351257324e-01,2.462570000000000370e+00,6.460977196693420410e-01,5.121250748634338379e-01
-4.039434127858383050e+01,-8.800024131308461506e+00,5.740489746093750000e+03,1.074993133544921875e+00,2.462579999999999991e+00,6.203866004943847656e-01,4.797762930393218994e-01
-4.038816945073756415e+01,-8.778757020712482984e+00,-1.694737304687500000e+04,8.618492484092712402e-01,2.462590000000000057e+00,7.218579053878784180e-01,6.155037283897399902e-01
-4.039741710745091297e+01,-8.775868859382791598e+00,-1.191694609375000000e+05,1.058955907821655273e+00,2.462600000000000122e+00,5.989478826522827148e-01,4.999942779541015625e-01
-4.038788729883376050e+01,-8.752733223769137538e+00,9.513002929687500000e+03,1.331233501434326172e+00,2.462610000000000188e+00,6.692149043083190918e-01,5.327244997024536133e-01
-4.038466278662743747e+01,-8.742409065025759318e+00,1.627295019531250000e+04,9.924859404563903809e-01,2.462620000000000253e+00,6.860759258270263672e-01,5.562231540679931641e-01
-4.038947871220767638e+01,-8.721377931358420099e+00,6.156581542968750000e+03,1.093844890594482422e+00,2.462630000000000319e+00,6.995037198066711426e-01,5.436345934867858887e-01
-4.038665161778598645e+01,-8.708893995634324980e+00,3.340452636718750000e+03,1.277131557464599609e+00,2.462640000000000384e+00,6.911876201629638672e-01,5.072422027587890625e-01
-4.039123454586663087e+01,-8.695017878839218284e+00,2.701381591796875000e+03,1.249175786972045898e+00,2.462650000000000006e+00,5.582067966461181641e-01,3.976837098598480225e-01
-4.039047430540299644e+01,-8.682340693424196232e+00,3.978947265625000000e+03,1.034539461135864258e+00,2.462660000000000071e+00,5.390568971633911133e-01,4.036346673965454102e-01
-4.038647515046083214e+01,-8.666662165198186329e+00,2.746430664062500000e+03,8.225960135459899902e-01,2.462670000000000137e+00,5.246373414993286133e-01,3.747191429138183594e-01
-4.038352876347392595e+01,-8.648582752237945925e+00,3.962463867187500000e+03,6.692451834678649902e-01,2.462680000000000202e+00,6.590677499771118164e-01,4.932803809642791748e-01
-4.039210434017441287e+01,-8.631720253311696567e+00,1.303802734375000000e+04,7.758099436759948730e-01,2.462690000000000268e+00,6.886699199676513672e-01,5.547735691070556641e-01
-4.039223305085654658e+01,-8.618409413772452510e+00,3.856854980468750000e+03,9.472388625144958496e-01,2.462700000000000333e+00,6.296944618225097656e-01,4.699343442916870117e-01
-4.039107003075141478e+01,-8.603493497720798189e+00,1.614925750000000000e+06,1.081217050552368164e+00,2.462710000000000399e+00,7.114819288253784180e-01,5.916999578475952148e-01
-4.038797137236343104e+01,-8.581674152945840461e+00,-7.280474121093750000e+03,9.488493800163269043e-01,2.462720000000000020e+00,7.905227541923522949e-01,6.965282559394836426e-01
-4.038940281817325229e+01,-8.571735355848227655e+00,2.203870605468750000e+03,1.329053163528442383e+00,2.462730000000000086e+00,5.625555515289306641e-01,3.870025277137756348e-01
-4.038881438405003621e+01,-8.553376001373056425e+00,4.420353515625000000e+03,1.242446422576904297e+00,2.462740000000000151e+00,6.174111366271972656e-01,4.671877622604370117e-01
-4.038439702719900026e+01,-8.543478538551195101e+00,9.633622070312500000e+03,8.690876364707946777e-01,2.462750000000000217e+00,6.702830195426940918e-01,5.338689088821411133e-01
-4.039010633205496248e+01,-8.518913646696782749e+00,-3.211426367187500000e+04,1.097377061843872070e+00,2.462760000000000282e+00,9.433400630950927734e-01,7.950240969657897949e-01
-4.038231218799364797e+01,-8.509923592984353746e+00,-3.578944140625000000e+04,1.356086254119873047e+00,2.462770000000000348e+00,7.072857022285461426e-01,5.952857732772827148e-01
-4.038710157663443567e+01,-8.501269782094183824e+00,3.993959472656250000e+03,1.613319635391235352e+00,2.462780000000000413e+00,6.087135672569274902e-01,4.559724926948547363e-01
-4.038729952639392451e+01,-8.482622530561467755e+00,4.709128417968750000e+03,1.025974273681640625e+00,2.462790000000000035e+00,6.265664100646972656e-01,4.768771231174468994e-01
-4.038451136229078031e+01,-8.465918122475539320e+00,3.422388916015625000e+03,1.241019487380981445e+00,2.462800000000000100e+00,6.157326102256774902e-01,4.532259106636047363e-01
-4.039102474836279555e+01,-8.453452359841538311e+00,3.015716064453125000e+03,9.062153697013854980e-01,2.462810000000000166e+00,7.011058926582336426e-01,5.076236724853515625e-01
-4.038195373270750110e+01,-8.436161975851074857e+00,8.307971679687500000e+03,1.052431583404541016e+00,2.462820000000000231e+00,6.216073036193847656e-01,4.916782081127166748e-01
-4.038945607886326172e+01,-8.416545186040485405e+00,8.698229492187500000e+03,1.037393331527709961e+00,2.462830000000000297e+00,7.396344542503356934e-01,5.863593816757202148e-01
-4.038413465279521120e+01,-8.401125378322038983e+00,9.525027343750000000e+03,1.126621484756469727e+00,2.462840000000000362e+00,6.689860224723815918e-01,5.325719118118286133e-01
-4.039142200024029705e+01,-8.386903444824922005e+00,3.760796630859375000e+03,1.162799119949340820e+00,2.462849999999999984e+00,6.454873681068420410e-01,4.803866446018218994e-01
-4.038797214905407884e+01,-8.373924155789547186e+00,5.608221679687500000e+03,9.759659171104431152e-01,2.462860000000000049e+00,5.772803425788879395e-01,4.456727802753448486e-01
-4.038910989706506172e+01,-8.358120535423751107e+00,7.297741210937500000e+03,8.685285449028015137e-01,2.462870000000000115e+00,5.469915270805358887e-01,4.296509921550750732e-01
-4.039232089272719151e+01,-8.338433041533052759e+00,6.699185058593750000e+03,8.366960883140563965e-01,2.462880000000000180e+00,6.622720956802368164e-01,5.175419449806213379e-01
-4.038994860790413099e+01,-8.332075762378892136e+00,-4.591769375000000000e+05,8.299643397331237793e-01,2.462890000000000246e+00,1.041072964668273926e+00,8.668169379234313965e-01
-4.039907911080533864e+01,-8.312302308203530998e+00,-3.052112500000000000e+04,1.429141283035278320e+00,2.462900000000000311e+00,7.052257657051086426e-01,5.947517156600952148e-01
-4.039302996718961936e+01,-8.297532855057031753e+00,1.861018750000000000e+04,1.938169717788696289e+00,2.462910000000000377e+00,8.894763588905334473e-01,7.234600782394409180e-01
-4.039053612185682596e+01,-8.279802348428711767e+00,8.573915039062500000e+03,1.579563140869140625e+00,2.462919999999999998e+00,5.988715887069702148e-01,4.744357168674468994e-01
-4.039232207827893006e+01,-8.267241948886654868e+00,-3.289348828125000000e+04,1.351519346237182617e+00,2.462930000000000064e+00,7.097271084785461426e-01,5.979560613632202148e-01
-4.039356364690929979e+01,-8.257739256619458956e+00,5.372713867187500000e+03,1.006766080856323242e+00,2.462940000000000129e+00,6.010841131210327148e-01,4.625338017940521240e-01
-4.039461027267413584e+01,-8.237384441021495363e+00,3.754143554687500000e+03,1.338477849960327148e+00,2.462950000000000195e+00,6.230568885803222656e-01,4.636019170284271240e-01
-4.039092860676822028e+01,-8.225093453499232155e+00,4.088568603515625000e+03,9.538490176200866699e-01,2.462960000000000260e+00,5.862067937850952148e-01,4.401795864105224609e-01
-4.039892017305466254e+01,-8.214462370347648701e+00,1.369275488281250000e+04,1.004721641540527344e+00,2.462970000000000326e+00,7.203320264816284180e-01,5.811713337898254395e-01
-4.039961230832980021e+01,-8.197068368697516760e+00,6.215550292968750000e+03,8.732122778892517090e-01,2.462980000000000391e+00,6.502939462661743164e-01,5.057163238525390625e-01
-4.039007321061710343e+01,-8.177659980972288523e+00,6.304007812500000000e+03,1.102866649627685547e+00,2.462990000000000013e+00,7.254437208175659180e-01,5.646917819976806641e-01
-4.040226256271511573e+01,-8.155833957429340586e+00,8.211232812500000000e+04,9.771735072135925293e-01,2.463000000000000078e+00,6.988933682441711426e-01,5.784247517585754395e-01
-4.040130843099911573e+01,-8.146938629252234776e+00,1.481642500000000000e+05,1.181985855102539062e+00,2.463010000000000144e+00,7.039287686347961426e-01,5.839179158210754395e-01
-4.039721051704636778e+01,-8.133239842479778048e+00,6.379557812500000000e+04,1.242961406707763672e+00,2.463020000000000209e+00,7.199505567550659180e-01,5.949805974960327148e-01
-4.039845685343689752e+01,-8.115964511123333835e+00,2.731698974609375000e+03,1.420517683029174805e+00,2.463030000000000275e+00,5.896400213241577148e-01,4.208008646965026855e-01
-4.039776352725625941e+01,-8.107742976538766300e+00,3.480355712890625000e+03,1.209818840026855469e+00,2.463040000000000340e+00,6.855418682098388672e-01,5.056400299072265625e-01
-4.039139990498890853e+01,-8.087545213143727096e+00,3.060337158203125000e+03,9.621936678886413574e-01,2.463050000000000406e+00,6.200814247131347656e-01,4.498689770698547363e-01
-4.039305860813744431e+01,-8.068566718783639402e+00,1.951973999023437500e+03,1.011701345443725586e+00,2.463060000000000027e+00,5.929969549179077148e-01,3.980651795864105225e-01
-4.039643103022157788e+01,-8.056422437154790117e+00,2.070988525390625000e+03,8.406907916069030762e-01,2.463070000000000093e+00,5.829260945320129395e-01,3.961578309535980225e-01
-4.039430372098915001e+01,-8.040482188194685520e+00,3.692826904296875000e+03,8.297283053398132324e-01,2.463080000000000158e+00,5.055637359619140625e-01,3.754820823669433594e-01
-4.038630817931194628e+01,-8.023209374490528845e+00,9.959326171875000000e+03,6.740743517875671387e-01,2.463090000000000224e+00,6.751658320426940918e-01,5.385228395462036133e-01
-4.039773331927757027e+01,-8.011082323136266226e+00,1.142841992187500000e+04,8.532029986381530762e-01,2.463100000000000289e+00,4.764956533908843994e-01,3.821196854114532471e-01
-4.039168736510611524e+01,-7.993449270746318724e+00,2.387464843750000000e+03,1.067199230194091797e+00,2.463110000000000355e+00,5.407354235649108887e-01,3.774657249450683594e-01
-4.038920489409630221e+01,-7.986564237718419612e+00,1.157368261718750000e+04,6.907588839530944824e-01,2.463120000000000420e+00,6.186318397521972656e-01,4.963321685791015625e-01
-4.039168082818495975e+01,-7.967302888621041745e+00,3.039749267578125000e+03,7.017225623130798340e-01,2.463130000000000042e+00,5.489751696586608887e-01,3.979125916957855225e-01
-4.039316103827502502e+01,-7.951107449999225807e+00,1.885040405273437500e+03,9.932715296745300293e-01,2.463140000000000107e+00,5.533239245414733887e-01,3.686155974864959717e-01
-4.039070613084992090e+01,-7.933861875165169941e+00,2.990769531250000000e+03,8.352512717247009277e-01,2.463150000000000173e+00,5.076999664306640625e-01,3.671660125255584717e-01
-4.039267646043082038e+01,-7.919465293556021912e+00,9.593512695312500000e+03,6.609994769096374512e-01,2.463160000000000238e+00,7.938033938407897949e-01,6.321358680725097656e-01
-4.039718402991221069e+01,-7.907305146653239802e+00,4.311809082031250000e+03,7.694823145866394043e-01,2.463170000000000304e+00,6.928660869598388672e-01,5.230351090431213379e-01
-4.038613208452181169e+01,-7.888686783148901149e+00,2.488733154296875000e+03,1.488756656646728516e+00,2.463180000000000369e+00,5.125828385353088379e-01,3.603758215904235840e-01
-4.039016275490825336e+01,-7.875722234302956259e+00,2.805541992187500000e+03,1.163806438446044922e+00,2.463189999999999991e+00,5.652258396148681641e-01,4.050079584121704102e-01
-4.038344771473540362e+01,-7.860554486224343052e+00,2.142499023437500000e+03,7.149643301963806152e-01,2.463200000000000056e+00,5.503484606742858887e-01,3.765501976013183594e-01
-4.038237414251742052e+01,-7.849403833256161533e+00,2.019391601562500000e+03,8.457679152488708496e-01,2.463210000000000122e+00,5.189152359962463379e-01,3.508390486240386963e-01
-4.038071611373053571e+01,-7.829110679214734247e+00,1.298052490234375000e+03,7.408816218376159668e-01,2.463220000000000187e+00,5.858252644538879395e-01,3.529752790927886963e-01
-4.038574056982989902e+01,-7.809166667568027798e+00,1.669071777343750000e+03,7.212252020835876465e-01,2.463230000000000253e+00,6.392312645912170410e-01,4.137817919254302979e-01
-4.038180524173974106e+01,-7.803455735625252743e+00,5.576377929687500000e+03,8.241195082664489746e-01,2.463240000000000318e+00,8.427842855453491211e-01,6.503702402114868164e-01
-4.038594257801434395e+01,-7.789124703318382359e+00,2.016089687500000000e+05,1.076057672500610352e+00,2.463250000000000384e+00,8.884082436561584473e-01,7.374982237815856934e-01
-4.038400748522570183e+01,-7.769913146055774433e+00,7.461341308593750000e+03,1.410994052886962891e+00,2.463260000000000005e+00,7.764083147048950195e-01,6.106209158897399902e-01
-4.038568125051519786e+01,-7.753720860261104519e+00,4.913924804687500000e+03,1.448814392089843750e+00,2.463270000000000071e+00,7.720595002174377441e-01,5.897926092147827148e-01
-4.038413328720765350e+01,-7.741618675590258292e+00,7.745287109375000000e+03,1.217451810836791992e+00,2.463280000000000136e+00,7.448987960815429688e-01,5.870460271835327148e-01
-4.039175133409078455e+01,-7.729343107840630722e+00,-7.524402343750000000e+03,1.233655929565429688e+00,2.463290000000000202e+00,8.012802004814147949e-01,7.046917080879211426e-01
-4.038252631832020967e+01,-7.715239065383585171e+00,1.153062304687500000e+04,1.218848943710327148e+00,2.463300000000000267e+00,9.060322046279907227e-01,7.268170714378356934e-01
-4.039342064197273174e+01,-7.700174932883586010e+00,8.265401367187500000e+03,1.631140232086181641e+00,2.463310000000000333e+00,7.847243547439575195e-01,6.205391883850097656e-01
-4.038538579662029804e+01,-7.686730907855862327e+00,-7.347490234375000000e+03,1.369634389877319336e+00,2.463320000000000398e+00,9.280812144279479980e-01,8.173019886016845703e-01
-4.039351603249810552e+01,-7.663609713706875937e+00,-3.572718750000000000e+04,1.471569061279296875e+00,2.463330000000000020e+00,7.165173292160034180e-01,6.030678153038024902e-01
-4.039230133556065994e+01,-7.657130648687894059e+00,-2.815007421875000000e+04,1.593933820724487305e+00,2.463340000000000085e+00,7.410077452659606934e-01,6.256508827209472656e-01
-4.039082554619813692e+01,-7.636428391605178057e+00,-1.269720703125000000e+04,1.140754938125610352e+00,2.463350000000000151e+00,8.143265247344970703e-01,7.001140713691711426e-01
-4.039582813573629494e+01,-7.624709147640441387e+00,5.905432128906250000e+03,1.437335729598999023e+00,2.463360000000000216e+00,7.762557268142700195e-01,6.015418767929077148e-01
-4.039510372592924625e+01,-7.610171004343114554e+00,1.400435058593750000e+04,1.375122785568237305e+00,2.463370000000000282e+00,6.479287743568420410e-01,5.231114029884338379e-01
-4.039702320430125582e+01,-7.590817864147050287e+00,1.281945019531250000e+04,1.315053224563598633e+00,2.463380000000000347e+00,6.972911953926086426e-01,5.614111423492431641e-01
-4.039126021569389735e+01,-7.577005780910477384e+00,5.186520019531250000e+03,1.110555648803710938e+00,2.463390000000000413e+00,7.503156661987304688e-01,5.757544636726379395e-01
-4.040184889993299322e+01,-7.566627216909378006e+00,-8.554230468750000000e+04,1.179272651672363281e+00,2.463400000000000034e+00,7.045391201972961426e-01,5.889533758163452148e-01
-4.039065631844876947e+01,-7.562098326458080777e+00,-4.098519921875000000e+04,1.096777439117431641e+00,2.463410000000000100e+00,7.457380294799804688e-01,6.267189979553222656e-01
-4.039326807721720769e+01,-7.536825904882629601e+00,7.197333496093750000e+03,1.360563755035400391e+00,2.463420000000000165e+00,7.992965579032897949e-01,6.273293495178222656e-01
-4.039206501473500310e+01,-7.523853991776848105e+00,-4.832783203125000000e+03,1.173364639282226562e+00,2.463430000000000231e+00,1.212658762931823730e+00,1.100048422813415527e+00
-4.040271196191365988e+01,-7.505055734092114683e+00,-6.915181152343750000e+03,1.795699119567871094e+00,2.463440000000000296e+00,1.117290973663330078e+00,9.874381422996520996e-01
-4.039212241142076465e+01,-7.491690071411240659e+00,-6.200849121093750000e+03,2.466318130493164062e+00,2.463450000000000362e+00,1.123241901397705078e+00,9.996452331542968750e-01
-4.040312501520635635e+01,-7.471141959543587951e+00,-4.566964355468750000e+03,2.609704256057739258e+00,2.463459999999999983e+00,8.919177651405334473e-01,8.131821155548095703e-01
-4.039719446905310463e+01,-7.458391486648324076e+00,3.611185625000000000e+05,2.313876867294311523e+00,2.463470000000000049e+00,7.904464602470397949e-01,6.567789316177368164e-01
-4.039970906064002065e+01,-7.441975625277191142e+00,-6.666123046875000000e+03,1.886428117752075195e+00,2.463480000000000114e+00,9.257923960685729980e-01,8.200485706329345703e-01
-4.038935433603907654e+01,-7.429808335103254890e+00,1.695728320312500000e+04,1.680103063583374023e+00,2.463490000000000180e+00,7.745772600173950195e-01,6.286263465881347656e-01
-4.039422612978269456e+01,-7.419432858342950965e+00,2.322069824218750000e+03,1.631160497665405273e+00,2.463500000000000245e+00,7.737380266189575195e-01,5.374547243118286133e-01
-4.039154049930555601e+01,-7.398271786384762017e+00,9.793027500000000000e+05,1.429311752319335938e+00,2.463510000000000311e+00,6.570078134536743164e-01,5.463048815727233887e-01
-4.038818685331864344e+01,-7.388405113748234498e+00,9.748395312500000000e+04,1.054733514785766602e+00,2.463520000000000376e+00,9.704245328903198242e-01,8.037979006767272949e-01
-4.038957450245894165e+01,-7.372075790865382672e+00,6.460067871093750000e+03,1.357700347900390625e+00,2.463529999999999998e+00,8.112747669219970703e-01,6.325173377990722656e-01
-4.038639637919854408e+01,-7.352022994126563127e+00,-1.253315078125000000e+05,1.901943206787109375e+00,2.463540000000000063e+00,6.745554804801940918e-01,5.630133152008056641e-01
-4.038347438616049345e+01,-7.340261923214784545e+00,8.699934570312500000e+03,1.360853433609008789e+00,2.463550000000000129e+00,7.403973937034606934e-01,5.869697332382202148e-01
-4.038804050708464644e+01,-7.323965989702829305e+00,1.201957910156250000e+04,1.318114519119262695e+00,2.463560000000000194e+00,5.839942097663879395e-01,4.691714048385620117e-01
-4.039237605449637414e+01,-7.310730491215124971e+00,4.847590820312500000e+03,1.159018993377685547e+00,2.463570000000000260e+00,6.725718379020690918e-01,5.131931900978088379e-01
-4.038877438448611201e+01,-7.289384363238447406e+00,2.285416503906250000e+03,1.054704904556274414e+00,2.463580000000000325e+00,5.150242447853088379e-01,3.567137122154235840e-01
-4.038534791469916030e+01,-7.277775219146391805e+00,1.720155078125000000e+04,8.517164587974548340e-01,2.463590000000000391e+00,6.350350975990295410e-01,5.155583024024963379e-01
-4.038667320265931693e+01,-7.266974284955191266e+00,1.654216186523437500e+03,9.374744296073913574e-01,2.463600000000000012e+00,5.480596423149108887e-01,3.539671003818511963e-01
-4.039357740700664579e+01,-7.250372764114809243e+00,3.385217285156250000e+03,9.038514494895935059e-01,2.463610000000000078e+00,7.450513839721679688e-01,5.476781725883483887e-01
-4.037960075804058846e+01,-7.235843572626689202e+00,2.540363769531250000e+03,8.042222857475280762e-01,2.463620000000000143e+00,6.315255165100097656e-01,4.455201923847198486e-01
-4.039293370341318479e+01,-7.223862793528025072e+00,7.275388671875000000e+03,1.158749580383300781e+00,2.463630000000000209e+00,7.531385421752929688e-01,5.914710760116577148e-01
-4.038135697162798721e+01,-7.208167582973567633e+00,-2.473225390625000000e+04,9.743494391441345215e-01,2.463640000000000274e+00,7.627516388893127441e-01,6.453347802162170410e-01
-4.039058892649315879e+01,-7.196079696313143259e+00,-7.571757812500000000e+04,1.361928701400756836e+00,2.463650000000000340e+00,7.595472931861877441e-01,6.353402733802795410e-01
-4.038506147085898590e+01,-7.182578094029310911e+00,-4.680583750000000000e+05,1.452959299087524414e+00,2.463660000000000405e+00,6.367135643959045410e-01,5.301305055618286133e-01
-4.039495134873597948e+01,-7.160532488311794452e+00,-1.318351269531250000e+04,1.474043846130371094e+00,2.463670000000000027e+00,7.030132412910461426e-01,6.036781668663024902e-01
-4.038674791391107277e+01,-7.143730715767778072e+00,4.676590820312500000e+03,1.144903421401977539e+00,2.463680000000000092e+00,7.027843594551086426e-01,5.345555543899536133e-01
-4.039461526025384330e+01,-7.129367074230839485e+00,4.379481933593750000e+03,1.193712472915649414e+00,2.463690000000000158e+00,5.497381091117858887e-01,4.156128466129302979e-01
-4.039035867245848976e+01,-7.117492121408074190e+00,2.351168945312500000e+03,1.019799232482910156e+00,2.463700000000000223e+00,5.192967057228088379e-01,3.615202307701110840e-01
-4.039469524706743186e+01,-7.108058697783008029e+00,2.884486328125000000e+03,7.596809267997741699e-01,2.463710000000000289e+00,5.776618123054504395e-01,4.156128466129302979e-01
-4.039390421709109802e+01,-7.092964831884297716e+00,1.547256347656250000e+03,7.388920187950134277e-01,2.463720000000000354e+00,5.556890964508056641e-01,3.526701033115386963e-01
-4.039339061860020763e+01,-7.069366518775333397e+00,3.151672119140625000e+03,6.676263213157653809e-01,2.463730000000000420e+00,7.159832715988159180e-01,5.215092301368713379e-01
-4.039614886481470535e+01,-7.051801413748044922e+00,3.480860351562500000e+03,8.415765166282653809e-01,2.463740000000000041e+00,5.771277546882629395e-01,4.256836771965026855e-01
-4.040088885870155622e+01,-7.042915999427293627e+00,3.638447021484375000e+03,9.666652083396911621e-01,2.463750000000000107e+00,5.939887762069702148e-01,4.404084682464599609e-01
-4.040715937640759847e+01,-7.026790897676873371e+00,6.195982910156250000e+03,8.236700892448425293e-01,2.463760000000000172e+00,5.342503786087036133e-01,4.153839647769927979e-01
-4.040149906589417128e+01,-7.012985451767599798e+00,4.010233642578125000e+03,8.078951239585876465e-01,2.463770000000000238e+00,5.510351061820983887e-01,4.129425585269927979e-01
-4.040541105974774894e+01,-6.996669471195065881e+00,4.476206054687500000e+03,7.136506438255310059e-01,2.463780000000000303e+00,6.376290917396545410e-01,4.830569624900817871e-01
-4.039796033714270607e+01,-6.979703091634882561e+00,5.870825683593750000e+03,8.929449915885925293e-01,2.463790000000000369e+00,6.329751610755920410e-01,4.903049170970916748e-01
-4.040920641809643143e+01,-6.967472100574561011e+00,6.694446289062500000e+03,8.673865199089050293e-01,2.463799999999999990e+00,6.569315195083618164e-01,5.133457779884338379e-01
-4.040704762146629037e+01,-6.949557527678645208e+00,2.591809570312500000e+03,1.014686346054077148e+00,2.463810000000000056e+00,5.125065445899963379e-01,3.627409338951110840e-01
-4.040628969141857851e+01,-6.940159575171228390e+00,1.707048583984375000e+03,9.645575881004333496e-01,2.463820000000000121e+00,5.698034763336181641e-01,3.709044158458709717e-01
-4.040020434319006171e+01,-6.925687199132454452e+00,3.264587158203125000e+03,6.252152323722839355e-01,2.463830000000000187e+00,6.751658320426940918e-01,4.940433204174041748e-01
-4.040991314806973378e+01,-6.908835242435652724e+00,1.625873413085937500e+03,9.256345629692077637e-01,2.463840000000000252e+00,6.165718436241149902e-01,3.964630067348480225e-01
-4.039859645444698089e+01,-6.893143538864592301e+00,3.222562744140625000e+03,9.622139334678649902e-01,2.463850000000000318e+00,6.024574637413024902e-01,4.401032924652099609e-01
-4.040167535054293779e+01,-6.878947012449119214e+00,2.118395019531250000e+03,7.583910822868347168e-01,2.463860000000000383e+00,5.549261569976806641e-01,3.788390159606933594e-01
-4.039688646027537544e+01,-6.861299053284398042e+00,6.714273437500000000e+03,8.346266150474548340e-01,2.463870000000000005e+00,5.850623250007629395e-01,4.572695195674896240e-01
-4.040304703284708410e+01,-6.847465230133118474e+00,1.689689575195312500e+03,7.243508696556091309e-01,2.463880000000000070e+00,5.878089666366577148e-01,3.816619217395782471e-01
-4.038867342256747861e+01,-6.833218500759175029e+00,5.813706542968750000e+03,8.833760619163513184e-01,2.463890000000000136e+00,6.226754188537597656e-01,4.819888472557067871e-01
-4.040653357816906066e+01,-6.820904708750699541e+00,1.866972167968750000e+03,7.876295447349548340e-01,2.463900000000000201e+00,6.048988699913024902e-01,4.021087586879730225e-01
-4.039236374797156515e+01,-6.806779132181191017e+00,2.347270263671875000e+03,9.168452620506286621e-01,2.463910000000000267e+00,6.271004676818847656e-01,4.364411830902099609e-01
-4.039235191486795173e+01,-6.789659907870307265e+00,1.544202246093750000e+04,8.416230082511901855e-01,2.463920000000000332e+00,6.772257685661315918e-01,5.482885241508483887e-01
-4.038359433375835295e+01,-6.773639339332229170e+00,6.797677246093750000e+03,9.147829413414001465e-01,2.463930000000000398e+00,7.407788634300231934e-01,5.794165730476379395e-01
-4.039513433156539435e+01,-6.753583719759880921e+00,-9.353280468750000000e+04,1.185606241226196289e+00,2.463940000000000019e+00,5.939887762069702148e-01,4.963321685791015625e-01
-4.038363121797723210e+01,-6.744316012403186456e+00,2.729673828125000000e+03,1.139058589935302734e+00,2.463950000000000085e+00,5.375310182571411133e-01,3.835692703723907471e-01
-4.038367003388312071e+01,-6.726523275483798692e+00,4.717671875000000000e+03,9.055168032646179199e-01,2.463960000000000150e+00,6.537271738052368164e-01,4.976291656494140625e-01
-4.038632463890931490e+01,-6.711580868750546713e+00,2.943676513671875000e+03,8.799714446067810059e-01,2.463970000000000216e+00,6.143593192100524902e-01,4.433076679706573486e-01
-4.037935317218362030e+01,-6.693037091451445875e+00,3.396206298828125000e+03,9.546930193901062012e-01,2.463980000000000281e+00,6.256508827209472656e-01,4.600923955440521240e-01
-4.038155762367160406e+01,-6.683063647521850115e+00,6.742544921875000000e+03,9.650439620018005371e-01,2.463990000000000347e+00,6.971386075019836426e-01,5.450078845024108887e-01
-4.038172829012282961e+01,-6.667664744734985938e+00,3.802353027343750000e+03,9.137648940086364746e-01,2.464000000000000412e+00,7.459669113159179688e-01,5.558416843414306641e-01
-4.038164363837953630e+01,-6.649310688522601431e+00,5.330364746093750000e+03,1.216436147689819336e+00,2.464010000000000034e+00,5.509588122367858887e-01,4.237000346183776855e-01
-4.036929453070260365e+01,-6.633119815522067420e+00,2.917816162109375000e+03,1.167867898941040039e+00,2.464020000000000099e+00,5.686590671539306641e-01,4.098144769668579102e-01
-4.037526425310261402e+01,-6.620380302782049142e+00,1.776381469726562500e+03,8.426327109336853027e-01,2.464030000000000165e+00,5.866645574569702148e-01,3.855529129505157471e-01
-4.037152759510480138e+01,-6.605660727687693523e+00,3.022240234375000000e+03,8.641678690910339355e-01,2.464040000000000230e+00,6.114601492881774902e-01,4.428499042987823486e-01
-4.038144343871985598e+01,-6.586687512738885530e+00,3.821451660156250000e+03,8.043498396873474121e-01,2.464050000000000296e+00,7.033947110176086426e-01,5.244084596633911133e-01
-4.037083271101515436e+01,-6.579373551951493759e+00,6.518816894531250000e+03,1.100624322891235352e+00,2.464060000000000361e+00,6.349588036537170410e-01,4.953403174877166748e-01
-4.038829748500172911e+01,-6.562679843474040098e+00,2.731586181640625000e+03,1.080076217651367188e+00,2.464069999999999983e+00,5.853675007820129395e-01,4.177490770816802979e-01
-4.037884671790954627e+01,-6.544121988577012772e+00,2.042887207031250000e+03,9.636265635490417480e-01,2.464080000000000048e+00,5.328770875930786133e-01,3.611387610435485840e-01
-4.038229362148966572e+01,-6.532483853124372075e+00,1.266484619140625000e+03,8.543426394462585449e-01,2.464090000000000114e+00,4.913730323314666748e-01,2.936946749687194824e-01
-4.037969066054166234e+01,-6.510848527648916750e+00,5.946248535156250000e+03,6.568784117698669434e-01,2.464100000000000179e+00,6.855418682098388672e-01,5.315037965774536133e-01
-4.039116281177192036e+01,-6.497132309226198110e+00,4.234663085937500000e+03,6.004626154899597168e-01,2.464110000000000245e+00,5.987190008163452148e-01,4.511659741401672363e-01
-4.037726785824663978e+01,-6.488379149193979956e+00,2.494084716796875000e+03,1.019374847412109375e+00,2.464120000000000310e+00,5.055637359619140625e-01,3.555693030357360840e-01
-4.038555834599547723e+01,-6.468335631246179496e+00,4.591600585937500000e+03,8.189422488212585449e-01,2.464130000000000376e+00,5.630896091461181641e-01,4.275910556316375732e-01
-4.038666445750396150e+01,-6.458722021602243402e+00,2.136984619140625000e+03,7.405502200126647949e-01,2.464139999999999997e+00,5.244084596633911133e-01,3.586210608482360840e-01
-4.038553490041662997e+01,-6.441940984821139971e+00,2.627058837890625000e+03,7.259351611137390137e-01,2.464150000000000063e+00,5.787299275398254395e-01,4.105011522769927979e-01
-4.039588741616477563e+01,-6.427018385954053059e+00,2.518659179687500000e+03,6.951851248741149902e-01,2.464160000000000128e+00,5.305119752883911133e-01,3.737273216247558594e-01
-4.040040902619738716e+01,-6.410592753895457463e+00,1.466968994140625000e+03,8.476347327232360840e-01,2.464170000000000194e+00,5.440923571586608887e-01,3.402341604232788086e-01
-4.039377645223621727e+01,-6.397391159028780194e+00,4.363900878906250000e+03,6.387442946434020996e-01,2.464180000000000259e+00,6.538034677505493164e-01,4.941196143627166748e-01
-4.040407320853757511e+01,-6.386386449542575505e+00,1.013417285156250000e+04,6.697768568992614746e-01,2.464190000000000325e+00,5.028171539306640625e-01,4.013458192348480225e-01
-4.040643926478801262e+01,-6.363926402047854758e+00,1.940166503906250000e+03,8.719450831413269043e-01,2.464200000000000390e+00,5.617926120758056641e-01,3.766264915466308594e-01
-4.039909549837898339e+01,-6.353403792235638115e+00,4.215288574218750000e+03,8.130080103874206543e-01,2.464210000000000012e+00,6.031441092491149902e-01,4.542940258979797363e-01
-4.039715083146160879e+01,-6.333587295956498053e+00,2.121487060546875000e+03,7.881755232810974121e-01,2.464220000000000077e+00,5.403539538383483887e-01,3.689970672130584717e-01
-4.040472057175977483e+01,-6.319733308126544991e+00,3.032656005859375000e+03,8.748263716697692871e-01,2.464230000000000143e+00,6.280159950256347656e-01,4.550569653511047363e-01
-4.040628259550180701e+01,-6.307120426724186046e+00,4.336290527343750000e+03,7.105762362480163574e-01,2.464240000000000208e+00,6.207680702209472656e-01,4.688662290573120117e-01
-4.040656722598962602e+01,-6.291140433962002732e+00,2.368009033203125000e+03,8.886510729789733887e-01,2.464250000000000274e+00,5.971168279647827148e-01,4.162231981754302979e-01
-4.041644725869060295e+01,-6.281805492722636330e+00,2.388087402343750000e+03,7.595891356468200684e-01,2.464260000000000339e+00,6.057381033897399902e-01,4.228608012199401855e-01
-4.040940368568124796e+01,-6.265810097641992371e+00,1.150025683593750000e+04,7.952410578727722168e-01,2.464270000000000405e+00,6.654765009880065918e-01,5.337926149368286133e-01
-4.040552109125296454e+01,-6.246421882672081871e+00,4.435662597656250000e+03,8.609742522239685059e-01,2.464280000000000026e+00,5.128880143165588379e-01,3.882232308387756348e-01
-4.040270068223707511e+01,-6.234333139727772810e+00,2.918813964843750000e+03,9.870619177818298340e-01,2.464290000000000092e+00,6.181740760803222656e-01,4.455201923847198486e-01
-4.041121143350076750e+01,-6.220323168004440184e+00,2.466187500000000000e+04,8.227342963218688965e-01,2.464300000000000157e+00,6.626535654067993164e-01,5.419561266899108887e-01
-4.040545600517715030e+01,-6.202261602136946550e+00,3.780621826171875000e+03,8.893877863883972168e-01,2.464310000000000223e+00,5.623266696929931641e-01,4.187409281730651855e-01
-4.040349856653890015e+01,-6.182679686690734755e+00,1.518329003906250000e+04,1.004192352294921875e+00,2.464320000000000288e+00,5.295201539993286133e-01,4.285065829753875732e-01
-4.040177340798094008e+01,-6.175233935145912234e+00,1.928681396484375000e+03,8.693034052848815918e-01,2.464330000000000354e+00,5.619451999664306641e-01,3.762450218200683594e-01
-4.040865288111137943e+01,-6.163025215282743829e+00,7.178070800781250000e+03,7.586247324943542480e-01,2.464340000000000419e+00,5.670568943023681641e-01,4.449861347675323486e-01
-4.039536665242867031e+01,-6.138984051484321469e+00,5.185199218750000000e+03,6.394047141075134277e-01,2.464350000000000041e+00,6.079506278038024902e-01,4.665011167526245117e-01
-4.040071976094800021e+01,-6.119876585693416082e+00,-1.357620781250000000e+05,9.234208464622497559e-01,2.464360000000000106e+00,6.091713309288024902e-01,5.083103775978088379e-01
-4.040326775898012102e+01,-6.111129134904126126e+00,-3.623086425781250000e+03,9.614641070365905762e-01,2.464370000000000172e+00,6.150459647178649902e-01,5.743048787117004395e-01
-4.040244384197781358e+01,-6.092780018120486751e+00,1.078371640625000000e+05,1.034254550933837891e+00,2.464380000000000237e+00,6.673838496208190918e-01,5.530187487602233887e-01
-4.039592033369102353e+01,-6.079187137637762639e+00,5.176774414062500000e+03,1.114753007888793945e+00,2.464390000000000303e+00,5.949043035507202148e-01,4.564302563667297363e-01
-4.039384047730073490e+01,-6.068779231217533265e+00,6.753915039062500000e+03,9.521192908287048340e-01,2.464400000000000368e+00,5.959724187850952148e-01,4.659670591354370117e-01
-4.039014015041590966e+01,-6.050444932590619551e+00,4.202238281250000000e+03,8.886665701866149902e-01,2.464409999999999989e+00,6.053566336631774902e-01,4.558199048042297363e-01
-4.039198896104581848e+01,-6.042482036712629068e+00,3.188282812500000000e+04,8.500487208366394043e-01,2.464420000000000055e+00,5.669043064117431641e-01,4.654330015182495117e-01
-4.039336472521139854e+01,-6.023779903467970875e+00,3.492905029296875000e+03,8.890122771263122559e-01,2.464430000000000121e+00,6.610513925552368164e-01,4.877871870994567871e-01
-4.039186958521195692e+01,-6.008382661171736139e+00,-2.574777148437500000e+04,8.551830649375915527e-01,2.464440000000000186e+00,6.162666678428649902e-01,5.210514664649963379e-01
-4.038349276366776053e+01,-5.997247603686866491e+00,1.316890625000000000e+04,9.976548552513122559e-01,2.464450000000000252e+00,6.766154170036315918e-01,5.452367663383483887e-01
-4.038839939594821971e+01,-5.982072876448208731e+00,-5.301096191406250000e+03,1.128847122192382812e+00,2.464460000000000317e+00,7.745772600173950195e-01,6.972911953926086426e-01
-4.039238605119437153e+01,-5.958035817145216129e+00,-2.044651757812500000e+04,1.275764226913452148e+00,2.464470000000000383e+00,7.066753506660461426e-01,6.000159978866577148e-01
-4.038974321108350551e+01,-5.953637218144037568e+00,5.955505859375000000e+03,1.329249858856201172e+00,2.464480000000000004e+00,7.027843594551086426e-01,5.449315905570983887e-01
-4.039215145553153263e+01,-5.934081065278951961e+00,4.384809570312500000e+03,1.285989999771118164e+00,2.464490000000000069e+00,5.636999607086181641e-01,4.262177646160125732e-01
-4.038612699920408744e+01,-5.921429543666192785e+00,9.171768554687500000e+03,9.818095564842224121e-01,2.464500000000000135e+00,7.065990567207336426e-01,5.615637302398681641e-01
-4.038864862149385004e+01,-5.908301859891432528e+00,-1.153744921875000000e+04,1.093313217163085938e+00,2.464510000000000201e+00,7.079723477363586426e-01,6.106972098350524902e-01
-4.038183664015491559e+01,-5.894580454061650876e+00,9.910450195312500000e+03,1.258791208267211914e+00,2.464520000000000266e+00,5.894874334335327148e-01,4.700869321823120117e-01
-4.038888786596704250e+01,-5.878684127334731890e+00,2.091843994140625000e+03,1.068435430526733398e+00,2.464530000000000332e+00,6.177163124084472656e-01,4.206482768058776855e-01
-4.038547547206756150e+01,-5.856436653807029380e+00,6.453314941406250000e+03,9.019333720207214355e-01,2.464540000000000397e+00,7.141522169113159180e-01,5.567572116851806641e-01
-4.039821502863937042e+01,-5.847605984894073572e+00,8.613792968750000000e+03,1.031985998153686523e+00,2.464550000000000018e+00,6.872203350067138672e-01,5.445501208305358887e-01
-4.038859981422367440e+01,-5.825602120871887557e+00,8.149288574218750000e+03,1.153294563293457031e+00,2.464560000000000084e+00,7.873183488845825195e-01,6.221413612365722656e-01
-4.039048858646528828e+01,-5.816100044636742794e+00,5.883381835937500000e+03,1.120345115661621094e+00,2.464570000000000149e+00,6.268715858459472656e-01,4.856509566307067871e-01
-4.038503760235440154e+01,-5.804076867568538134e+00,4.172804199218750000e+03,1.211974143981933594e+00,2.464580000000000215e+00,7.205609083175659180e-01,5.421850085258483887e-01
-4.039421428882909026e+01,-5.790139086515583955e+00,4.095925292968750000e+03,1.002279043197631836e+00,2.464590000000000281e+00,7.109478712081909180e-01,5.339452028274536133e-01
-4.039425183194849467e+01,-5.764470532060831154e+00,6.187697753906250000e+03,1.096647500991821289e+00,2.464600000000000346e+00,6.232094764709472656e-01,4.845065474510192871e-01
-4.040300612466414520e+01,-5.755041289925094894e+00,-9.519310937500000000e+04,9.725028872489929199e-01,2.464610000000000412e+00,6.985881924629211426e-01,5.836890339851379395e-01
-4.040073954633726316e+01,-5.740373777632740371e+00,1.771026757812500000e+04,1.205808639526367188e+00,2.464620000000000033e+00,6.747843623161315918e-01,5.482122302055358887e-01
-4.039729694561465578e+01,-5.726424305931929304e+00,4.299576171875000000e+03,1.331774711608886719e+00,2.464630000000000098e+00,6.422067284584045410e-01,4.846591353416442871e-01
-4.039882069601846126e+01,-5.713343063153232038e+00,2.813871582031250000e+03,1.085069894790649414e+00,2.464640000000000164e+00,6.863048076629638672e-01,4.919833838939666748e-01
-4.039814639928850681e+01,-5.702420476294316032e+00,2.973364013671875000e+03,1.190437793731689453e+00,2.464650000000000230e+00,6.408334374427795410e-01,4.630678594112396240e-01
-4.039825488218464500e+01,-5.689141808130671940e+00,4.471649414062500000e+03,1.054775238037109375e+00,2.464660000000000295e+00,6.412149071693420410e-01,4.857272505760192871e-01
-4.039984665601377856e+01,-5.668478910900030421e+00,-9.618750000000000000e+03,1.014155864715576172e+00,2.464670000000000361e+00,6.056618094444274902e-01,5.262395143508911133e-01
-4.040422026118834253e+01,-5.648941540434250896e+00,1.207578125000000000e+04,9.987849593162536621e-01,2.464679999999999982e+00,6.274819374084472656e-01,5.041904449462890625e-01
-4.040163311032736004e+01,-5.634578442837712586e+00,3.814228759765625000e+03,9.492904543876647949e-01,2.464690000000000047e+00,7.542066574096679688e-01,5.621740818023681641e-01
-4.041284594702707267e+01,-5.622937078432198810e+00,7.170384765625000000e+03,1.135215282440185547e+00,2.464700000000000113e+00,5.612585544586181641e-01,4.404084682464599609e-01
-4.040667782559471277e+01,-5.603915778411714399e+00,2.623250976562500000e+03,1.188023805618286133e+00,2.464710000000000178e+00,6.599832773208618164e-01,4.680269956588745117e-01
-4.041190135632177771e+01,-5.594996970847533113e+00,7.410180175781250000e+03,8.429533839225769043e-01,2.464720000000000244e+00,6.600595712661743164e-01,5.189152359962463379e-01
-4.040652383517071655e+01,-5.576572408542908477e+00,3.481854980468750000e+03,1.013030529022216797e+00,2.464730000000000310e+00,5.167027115821838379e-01,3.811278641223907471e-01
-4.040939290166748066e+01,-5.563296732569364522e+00,1.941569458007812500e+03,9.676010012626647949e-01,2.464740000000000375e+00,4.140106737613677979e-01,2.775965929031372070e-01
-4.040485929921980102e+01,-5.544049052586115245e+00,1.630471069335937500e+03,5.867845416069030762e-01,2.464749999999999996e+00,4.776400625705718994e-01,3.073513209819793701e-01
-4.040922985683004498e+01,-5.526920143596522728e+00,3.243630126953125000e+03,4.769903719425201416e-01,2.464760000000000062e+00,4.594057500362396240e-01,3.358853757381439209e-01
-4.040166587426424627e+01,-5.513028793505446501e+00,8.215362304687500000e+03,4.778963625431060791e-01,2.464770000000000127e+00,5.856726765632629395e-01,4.629915654659271240e-01
-4.040449795668499888e+01,-5.496752927236450148e+00,3.098966064453125000e+03,6.585127711296081543e-01,2.464780000000000193e+00,5.514165759086608887e-01,4.007354676723480225e-01
-4.040253819933535340e+01,-5.481438257129308766e+00,1.032591699218750000e+04,7.921487689018249512e-01,2.464790000000000258e+00,6.074928641319274902e-01,4.852694869041442871e-01
-4.040783598593733217e+01,-5.472223776887291891e+00,6.737391113281250000e+03,8.195549845695495605e-01,2.464800000000000324e+00,5.945991277694702148e-01,4.648226201534271240e-01
-4.040288223872146744e+01,-5.446781602931634936e+00,1.696870361328125000e+03,8.615607619285583496e-01,2.464810000000000390e+00,5.813239216804504395e-01,3.778471946716308594e-01
-4.040206064492576132e+01,-5.438170295126650622e+00,2.629074462890625000e+03,8.130258917808532715e-01,2.464820000000000011e+00,5.376836061477661133e-01,3.814330399036407471e-01
-4.039996799740228539e+01,-5.423184354883736624e+00,2.506181884765625000e+03,6.507808566093444824e-01,2.464830000000000076e+00,6.474710106849670410e-01,4.557436108589172363e-01
-4.040367044602744073e+01,-5.406407137487071246e+00,7.272444824218750000e+03,7.284969687461853027e-01,2.464840000000000142e+00,5.785773396492004395e-01,4.543703198432922363e-01
-4.040092753410581849e+01,-5.393416510077015502e+00,2.807837402343750000e+03,8.713371157646179199e-01,2.464850000000000207e+00,4.929752051830291748e-01,3.532804548740386963e-01
-4.039871003304597252e+01,-5.375542253550998240e+00,2.304567968750000000e+04,7.090384364128112793e-01,2.464860000000000273e+00,7.216290235519409180e-01,5.894874334335327148e-01
-4.040027550980737203e+01,-5.360409983990802374e+00,1.609146728515625000e+03,8.871955275535583496e-01,2.464870000000000339e+00,5.487462878227233887e-01,3.519071638584136963e-01
-4.039452136967869933e+01,-5.347945578772886677e+00,1.749214843750000000e+03,9.677190184593200684e-01,2.464880000000000404e+00,5.279942750930786133e-01,3.457273244857788086e-01
-4.039694247110777070e+01,-5.334485343616857556e+00,1.741640991210937500e+03,5.956930518150329590e-01,2.464890000000000025e+00,5.783484578132629395e-01,3.783049583435058594e-01
-4.040023691966508324e+01,-5.315990618997262551e+00,1.847916992187500000e+03,6.121236681938171387e-01,2.464900000000000091e+00,5.715582966804504395e-01,3.790679275989532471e-01
-4.039872026282587569e+01,-5.307441217661957644e+00,1.305983398437500000e+03,6.478602290153503418e-01,2.464910000000000156e+00,5.144138932228088379e-01,3.105556964874267578e-01
-4.039686907149224737e+01,-5.288718486824497411e+00,2.039634277343750000e+03,5.854899287223815918e-01,2.464920000000000222e+00,5.649206638336181641e-01,3.827300369739532471e-01
-4.039915172111104624e+01,-5.270124039535701854e+00,3.668610595703125000e+03,6.794673800468444824e-01,2.464930000000000287e+00,5.305119752883911133e-01,3.937163949012756348e-01
-4.039464213656385994e+01,-5.261547174532398508e+00,7.838917968750000000e+03,6.564623713493347168e-01,2.464940000000000353e+00,6.001685857772827148e-01,4.732913076877593994e-01
-4.039666120537704330e+01,-5.243393120386850903e+00,2.933386718750000000e+03,8.874494433403015137e-01,2.464950000000000419e+00,5.503484606742858887e-01,3.969207704067230225e-01
-4.039483528638750442e+01,-5.229283449401018302e+00,8.641919921875000000e+03,9.219319224357604980e-01,2.464960000000000040e+00,5.416509509086608887e-01,4.292695224285125732e-01
-4.039615763422055039e+01,-5.217793149212837989e+00,4.242811035156250000e+03,6.877655386924743652e-01,2.464970000000000105e+00,5.910133123397827148e-01,4.454438984394073486e-01
-4.039743982703421921e+01,-5.193162973347352107e+00,1.926737182617187500e+03,7.859880328178405762e-01,2.464980000000000171e+00,5.455419421195983887e-01,3.651823699474334717e-01
-4.039865332438978385e+01,-5.184865126022136117e+00,1.055552246093750000e+04,7.327551245689392090e-01,2.464990000000000236e+00,5.468389391899108887e-01,4.372041225433349609e-01
-4.040224296793463310e+01,-5.171611142873169698e+00,2.579418554687500000e+04,6.568855643272399902e-01,2.465000000000000302e+00,4.862613081932067871e-01,3.979888856410980225e-01
-4.039867389664350839e+01,-5.154342416440417907e+00,3.345899218750000000e+04,8.313006758689880371e-01,2.465010000000000367e+00,5.138035416603088379e-01,4.220978617668151855e-01
-4.039530772792627289e+01,-5.139079930453605449e+00,5.125543945312500000e+03,7.106060385704040527e-01,2.465019999999999989e+00,4.988498687744140625e-01,3.824248611927032471e-01
-4.039949380698919157e+01,-5.116732063070434933e+00,2.387606445312500000e+03,6.700522303581237793e-01,2.465030000000000054e+00,5.940650701522827148e-01,4.146973192691802979e-01
-4.039274524911339626e+01,-5.107624915473102156e+00,8.026970703125000000e+03,7.716090083122253418e-01,2.465040000000000120e+00,6.512094736099243164e-01,5.141850113868713379e-01
-4.039678015005723921e+01,-5.090450624775705535e+00,2.216171875000000000e+03,7.996017336845397949e-01,2.465050000000000185e+00,5.312749147415161133e-01,3.658690154552459717e-01
-4.040642628825359850e+01,-5.077381811935790523e+00,3.584756347656250000e+03,9.043747782707214355e-01,2.465060000000000251e+00,6.216073036193847656e-01,4.600923955440521240e-01
-4.040500377246083019e+01,-5.065359993941109806e+00,7.861592773437500000e+03,7.223886847496032715e-01,2.465070000000000316e+00,6.702067255973815918e-01,5.286046266555786133e-01
-4.039854272996898032e+01,-5.047847428643147616e+00,-1.144981347656250000e+04,9.133870005607604980e-01,2.465080000000000382e+00,7.642775177955627441e-01,6.594492197036743164e-01
-4.040840794611239062e+01,-5.036568748085623604e+00,-5.538506347656250000e+03,1.090886116027832031e+00,2.465090000000000003e+00,8.154709339141845703e-01,7.316235899925231934e-01
-4.040450826637137993e+01,-5.018697554652675308e+00,1.024712109375000000e+04,1.515441656112670898e+00,2.465100000000000069e+00,8.411821126937866211e-01,6.717326045036315918e-01
-4.040352294144630463e+01,-5.003910280457159132e+00,9.690743164062500000e+03,1.546952247619628906e+00,2.465110000000000134e+00,6.747080683708190918e-01,5.375310182571411133e-01
-4.040090445544463194e+01,-4.986798290383887000e+00,3.220883789062500000e+03,1.525960683822631836e+00,2.465120000000000200e+00,6.009315252304077148e-01,4.389588832855224609e-01
-4.040507339959957278e+01,-4.973154970402801744e+00,4.985496582031250000e+03,1.044060707092285156e+00,2.465130000000000265e+00,6.271767616271972656e-01,4.796999990940093994e-01
-4.040942411817060531e+01,-4.958253206893690646e+00,4.608875488281250000e+03,9.172040820121765137e-01,2.465140000000000331e+00,6.192421913146972656e-01,4.703921079635620117e-01
-4.040546232235824675e+01,-4.942980798013299371e+00,2.412460205078125000e+03,9.483987689018249512e-01,2.465150000000000396e+00,6.427407860755920410e-01,4.494875073432922363e-01
-4.040685305655092208e+01,-4.929535013078012895e+00,3.489534179687500000e+03,8.988267779350280762e-01,2.465160000000000018e+00,6.157326102256774902e-01,4.542940258979797363e-01
-4.040673600745545002e+01,-4.914462859484967083e+00,2.670725830078125000e+03,9.108263850212097168e-01,2.465170000000000083e+00,5.866645574569702148e-01,4.172150194644927979e-01
-4.040783833731631347e+01,-4.905219071108461115e+00,5.929296386718750000e+03,9.237164855003356934e-01,2.465180000000000149e+00,6.480813622474670410e-01,5.023593902587890625e-01
-4.040707400551779926e+01,-4.889566837524181864e+00,-6.293970214843750000e+03,7.678443789482116699e-01,2.465190000000000214e+00,9.299123287200927734e-01,8.267624974250793457e-01
-4.041066984933546991e+01,-4.872761597148333124e+00,-7.495240722656250000e+03,1.233156442642211914e+00,2.465200000000000280e+00,8.443864583969116211e-01,7.427625656127929688e-01
-4.039902800315780240e+01,-4.855187513136863586e+00,-4.395587890625000000e+03,2.029153823852539062e+00,2.465210000000000345e+00,7.933456301689147949e-01,7.259014844894409180e-01
-4.040365232589587663e+01,-4.838041763697808584e+00,-3.866503906250000000e+03,1.668751955032348633e+00,2.465220000000000411e+00,8.568987250328063965e-01,7.943374514579772949e-01
-4.040800291905704000e+01,-4.818480773538288631e+00,-1.103104394531250000e+04,1.533751010894775391e+00,2.465230000000000032e+00,9.096180200576782227e-01,7.859450578689575195e-01
-4.040609761579334958e+01,-4.815697584612827598e+00,-1.510538183593750000e+04,2.108704566955566406e+00,2.465240000000000098e+00,7.526044845581054688e-01,6.436563134193420410e-01
-4.040359605090436190e+01,-4.800078437534706310e+00,-3.185270996093750000e+03,1.538533687591552734e+00,2.465250000000000163e+00,1.038250088691711426e+00,9.849967360496520996e-01
-4.040760866834566656e+01,-4.783467986232054159e+00,-2.408175781250000000e+04,1.919914007186889648e+00,2.465260000000000229e+00,8.168442249298095703e-01,6.914165019989013672e-01
-4.040988757041001378e+01,-4.764307798979295683e+00,2.282912109375000000e+03,2.332854986190795898e+00,2.465270000000000294e+00,5.572149753570556641e-01,3.858580887317657471e-01
-4.040842445230431679e+01,-4.755719368036762873e+00,1.832366088867187500e+03,1.240559339523315430e+00,2.465280000000000360e+00,5.089207291603088379e-01,3.368771970272064209e-01
-4.040374820820387924e+01,-4.733987291826617039e+00,1.474712036132812500e+03,7.766551375389099121e-01,2.465289999999999981e+00,5.554602146148681641e-01,3.478635847568511963e-01
-4.040111094791421209e+01,-4.721231064787803078e+00,3.386229736328125000e+03,5.384988188743591309e-01,2.465300000000000047e+00,5.823920369148254395e-01,4.281251132488250732e-01
-4.039598618286125742e+01,-4.710661934784606153e+00,5.025899414062500000e+03,6.305665373802185059e-01,2.465310000000000112e+00,6.259560585021972656e-01,4.790896475315093994e-01
-4.039842078838431405e+01,-4.696323109378482741e+00,5.220394042968750000e+03,7.733828425407409668e-01,2.465320000000000178e+00,6.527353525161743164e-01,5.011386871337890625e-01
-4.039990326931390285e+01,-4.679285336256476135e+00,3.736467529296875000e+03,8.809239268302917480e-01,2.465330000000000243e+00,6.024574637413024902e-01,4.480378925800323486e-01
-4.039615896691822883e+01,-4.660741384152741418e+00,3.416156494140625000e+03,8.401746153831481934e-01,2.465340000000000309e+00,5.977271795272827148e-01,4.398744106292724609e-01
-4.040036440565435072e+01,-4.647589443794661435e+00,2.336557128906250000e+03,8.066732287406921387e-01,2.465350000000000374e+00,5.545446276664733887e-01,3.856292068958282471e-01
-4.040087707468105549e+01,-4.632809534508872673e+00,8.925687500000000000e+03,7.730121016502380371e-01,2.465359999999999996e+00,7.619886994361877441e-01,6.048225760459899902e-01
-4.040626779910659394e+01,-4.617425178423220089e+00,2.457923828125000000e+04,8.772427439689636230e-01,2.465370000000000061e+00,8.597216010093688965e-01,7.030895352363586426e-01
-4.039571520421168316e+01,-4.602525209469741085e+00,5.682697753906250000e+03,1.236009120941162109e+00,2.465380000000000127e+00,8.001357913017272949e-01,6.183266639709472656e-01
-4.040170306269089906e+01,-4.586413703617860271e+00,2.003215942382812500e+03,1.422792196273803711e+00,2.465390000000000192e+00,5.405828356742858887e-01,3.648771941661834717e-01
-4.040419337127407573e+01,-4.572107796205914454e+00,1.748661743164062500e+03,1.184085130691528320e+00,2.465400000000000258e+00,5.343266725540161133e-01,3.498472273349761963e-01
-4.040065688337166705e+01,-4.554591423754593471e+00,2.663819091796875000e+03,6.163496375083923340e-01,2.465410000000000323e+00,5.145664811134338379e-01,3.657927215099334717e-01
-4.040379969603372956e+01,-4.535259609534182168e+00,1.993500244140625000e+03,6.571800112724304199e-01,2.465420000000000389e+00,5.359288454055786133e-01,3.613676428794860840e-01
-4.040223383370931742e+01,-4.524104163579726112e+00,2.501632812500000000e+03,6.397218108177185059e-01,2.465430000000000010e+00,5.666754245758056641e-01,3.987518250942230225e-01
-4.040599089865435189e+01,-4.512996258023141749e+00,5.527712890625000000e+03,6.228179335594177246e-01,2.465440000000000076e+00,5.758307576179504395e-01,4.440706074237823486e-01
-4.040055694925829499e+01,-4.497981890498447655e+00,1.233952148437500000e+04,7.187289595603942871e-01,2.465450000000000141e+00,6.367898583412170410e-01,5.120487809181213379e-01
-4.040625529364204738e+01,-4.479247192465538596e+00,2.408932617187500000e+03,8.556849360466003418e-01,2.465460000000000207e+00,5.891059637069702148e-01,4.118744432926177979e-01
-4.040696898571177798e+01,-4.471326138152781127e+00,4.094937988281250000e+03,9.009963870048522949e-01,2.465470000000000272e+00,6.486917734146118164e-01,4.871768355369567871e-01
-4.040731274927428274e+01,-4.452832492707327283e+00,4.114441406250000000e+03,8.892351984977722168e-01,2.465480000000000338e+00,5.189152359962463379e-01,3.899016976356506348e-01
-4.041002841148647207e+01,-4.434365556128170738e+00,7.065892578125000000e+03,9.809202551841735840e-01,2.465490000000000403e+00,5.365391969680786133e-01,4.206482768058776855e-01
-4.041626705548183196e+01,-4.421785484601430838e+00,5.274447265625000000e+03,7.165474295616149902e-01,2.465500000000000025e+00,6.541849374771118164e-01,5.026645660400390625e-01
-4.041351823005551580e+01,-4.404954397827624213e+00,5.325733203125000000e+04,8.279282450675964355e-01,2.465510000000000090e+00,7.299451231956481934e-01,6.024574637413024902e-01
-4.041172598767514756e+01,-4.387734551539710814e+00,3.043686523437500000e+03,1.071825742721557617e+00,2.465520000000000156e+00,6.454873681068420410e-01,4.679507017135620117e-01
-4.041451738324599319e+01,-4.373270315858676760e+00,2.114721191406250000e+03,1.140733480453491211e+00,2.465530000000000221e+00,5.357762575149536133e-01,3.656401336193084717e-01
-4.041135473330636785e+01,-4.357640191459998924e+00,2.860454833984375000e+03,8.797437548637390137e-01,2.465540000000000287e+00,5.864356756210327148e-01,4.214112162590026855e-01
-4.041446474301412195e+01,-4.347901407259619155e+00,4.928186523437500000e+03,7.920617461204528809e-01,2.465550000000000352e+00,6.171059012413024902e-01,4.715365171432495117e-01
-4.041636123341520204e+01,-4.322990359906513369e+00,2.508816406250000000e+03,7.146412730216979980e-01,2.465560000000000418e+00,4.484956562519073486e-01,3.157436847686767578e-01
-4.041719651926983659e+01,-4.311220034461243245e+00,2.985750000000000000e+03,9.050661921501159668e-01,2.465570000000000039e+00,5.624792575836181641e-01,4.066864252090454102e-01
-4.041586648840480933e+01,-4.293552691450765124e+00,5.049696875000000000e+04,5.710477232933044434e-01,2.465580000000000105e+00,5.723975300788879395e-01,4.722231626510620117e-01
-4.041334525124798205e+01,-4.279128130493667470e+00,4.375732910156250000e+03,9.168011546134948730e-01,2.465590000000000170e+00,6.258797645568847656e-01,4.731387197971343994e-01
-4.041415256788278043e+01,-4.261919509391812966e+00,3.967647949218750000e+03,1.016577005386352539e+00,2.465600000000000236e+00,6.402230858802795410e-01,4.792422354221343994e-01
-4.041372122074150042e+01,-4.248715469582074356e+00,1.993471801757812500e+03,1.014568328857421875e+00,2.465610000000000301e+00,5.794928669929504395e-01,3.907409310340881348e-01
-4.041280578363151221e+01,-4.234049357098861321e+00,1.620933349609375000e+03,9.026533961296081543e-01,2.465620000000000367e+00,4.752749502658843994e-01,3.053676784038543701e-01
-4.041343845222448294e+01,-4.219294037940660047e+00,3.245619628906250000e+03,6.919104456901550293e-01,2.465629999999999988e+00,3.888335824012756348e-01,2.843104600906372070e-01
-4.041812532594300933e+01,-4.206498408400674904e+00,-1.984353906250000000e+04,4.288870394229888916e-01,2.465640000000000054e+00,6.868388652801513672e-01,5.835364460945129395e-01
-4.041055430816349059e+01,-4.186339049749240537e+00,7.408909667968750000e+03,5.301672816276550293e-01,2.465650000000000119e+00,6.222176551818847656e-01,4.891605079174041748e-01
-4.040838167037671269e+01,-4.176246665942605851e+00,1.299737695312500000e+04,1.030634164810180664e+00,2.465660000000000185e+00,6.126808524131774902e-01,4.935092628002166748e-01
-4.041142494516854811e+01,-4.164806824922280271e+00,5.819856933593750000e+03,9.021336436271667480e-01,2.465670000000000250e+00,6.535745859146118164e-01,5.059452056884765625e-01
-4.040855552525854222e+01,-4.147034942454603801e+00,5.398596484375000000e+04,9.312934279441833496e-01,2.465680000000000316e+00,7.364301085472106934e-01,6.078743338584899902e-01
-4.040999425020807223e+01,-4.129788265060591712e+00,1.004218554687500000e+04,1.191994667053222656e+00,2.465690000000000381e+00,7.493238449096679688e-01,5.978797674179077148e-01
-4.041262334478366824e+01,-4.119798164163951171e+00,5.557805664062500000e+03,1.312400817871093750e+00,2.465700000000000003e+00,7.128552198410034180e-01,5.499669909477233887e-01
-4.040876830802380226e+01,-4.104676264694222532e+00,-1.806586328125000000e+04,1.028205871582031250e+00,2.465710000000000068e+00,7.627516388893127441e-01,6.493784189224243164e-01
-4.039907797400518774e+01,-4.090176597124504099e+00,-8.886559375000000000e+04,1.244041442871093750e+00,2.465720000000000134e+00,7.173565626144409180e-01,5.995582342147827148e-01
-4.040634783274010999e+01,-4.066924656849383091e+00,1.265619335937500000e+04,1.279781579971313477e+00,2.465730000000000199e+00,9.344899654388427734e-01,7.520704269409179688e-01
-4.040100676709631955e+01,-4.050495708357430225e+00,-6.635428906250000000e+04,1.458160400390625000e+00,2.465740000000000265e+00,6.857707500457763672e-01,5.740759968757629395e-01
-4.039918302127755823e+01,-4.044976352203403458e+00,1.911042358398437500e+03,1.812494516372680664e+00,2.465750000000000330e+00,5.555365085601806641e-01,3.712096214294433594e-01
-4.040101719407952885e+01,-4.031548889034088923e+00,3.982765380859375000e+03,1.049109220504760742e+00,2.465760000000000396e+00,5.413457751274108887e-01,4.053894281387329102e-01
-4.040666796563214547e+01,-4.018716919346467797e+00,4.061492919921875000e+03,7.086510062217712402e-01,2.465770000000000017e+00,6.235146522521972656e-01,4.678744077682495117e-01
-4.040602245695233563e+01,-3.997504577656887825e+00,9.155186523437500000e+03,8.132929205894470215e-01,2.465780000000000083e+00,7.494764328002929688e-01,5.955909490585327148e-01
-4.040373560047540735e+01,-3.986022640953203133e+00,1.587009960937500000e+04,1.026951789855957031e+00,2.465790000000000148e+00,6.483865380287170410e-01,5.253239870071411133e-01
-4.040625578890934833e+01,-3.970945543879359718e+00,1.267156640625000000e+04,1.211817979812622070e+00,2.465800000000000214e+00,5.234165787696838379e-01,4.212586283683776855e-01
-4.040465446837656316e+01,-3.955206993121102688e+00,6.457874511718750000e+03,9.852356314659118652e-01,2.465810000000000279e+00,5.640051364898681641e-01,4.397218227386474609e-01
-4.039879928059606584e+01,-3.936199058044162591e+00,1.663298437500000000e+04,8.758229613304138184e-01,2.465820000000000345e+00,6.679179072380065918e-01,5.418035387992858887e-01
-4.040468110602168395e+01,-3.928798645894323371e+00,2.093675537109375000e+03,9.991294741630554199e-01,2.465830000000000410e+00,5.949805974960327148e-01,4.052368402481079102e-01
-4.039884859257777094e+01,-3.907720659908303418e+00,1.885361328125000000e+03,9.644288420677185059e-01,2.465840000000000032e+00,5.837653279304504395e-01,3.889098763465881348e-01
-4.040752107022050410e+01,-3.894517404083871703e+00,-3.039965820312500000e+04,8.864230513572692871e-01,2.465850000000000097e+00,6.021522879600524902e-01,5.078526139259338379e-01
-4.040559428425054023e+01,-3.879498417836179769e+00,2.268928125000000000e+04,8.155698180198669434e-01,2.465860000000000163e+00,6.208443641662597656e-01,5.070133209228515625e-01
-4.040507230270054606e+01,-3.860924003851269326e+00,4.613591308593750000e+03,9.801084399223327637e-01,2.465870000000000228e+00,6.324410438537597656e-01,4.804629385471343994e-01
-4.040514366331955642e+01,-3.851650327137935648e+00,9.129202148437500000e+03,9.531456828117370605e-01,2.465880000000000294e+00,7.127026319503784180e-01,5.662939548492431641e-01
-4.040523321468690909e+01,-3.828641917329069777e+00,2.827877929687500000e+03,1.071050882339477539e+00,2.465890000000000359e+00,5.623266696929931641e-01,4.034057855606079102e-01
-4.041151901847408823e+01,-3.820978472403677717e+00,3.638292480468750000e+03,1.114766120910644531e+00,2.465899999999999981e+00,5.647680759429931641e-01,4.187409281730651855e-01
-4.040941915454830990e+01,-3.811557662799099244e+00,4.943359863281250000e+03,7.739228606224060059e-01,2.465910000000000046e+00,5.538579821586608887e-01,4.233185648918151855e-01
-4.040927254965068016e+01,-3.792229938652126098e+00,4.325812011718750000e+03,7.945901751518249512e-01,2.465920000000000112e+00,7.240704298019409180e-01,5.467626452445983887e-01
-4.041344936198149185e+01,-3.773420296612886027e+00,5.348347656250000000e+03,9.331149458885192871e-01,2.465930000000000177e+00,6.383920311927795410e-01,4.910678565502166748e-01
-4.040507660619517338e+01,-3.761818421804760781e+00,-1.501494433593750000e+04,1.149301052093505859e+00,2.465940000000000243e+00,6.837108135223388672e-01,5.848334431648254395e-01
-4.040813535437260384e+01,-3.743444151064748482e+00,6.768414843750000000e+04,1.006350040435791016e+00,2.465950000000000308e+00,5.671331882476806641e-01,4.688662290573120117e-01
-4.041123193025341465e+01,-3.729635107399756677e+00,5.405700195312500000e+03,1.074606895446777344e+00,2.465960000000000374e+00,6.428170800209045410e-01,4.948825538158416748e-01
-4.041288159017629766e+01,-3.719132544010465669e+00,1.278183691406250000e+04,8.409363627433776855e-01,2.465969999999999995e+00,7.079723477363586426e-01,5.699560642242431641e-01
-4.040790470930901535e+01,-3.697436796741452536e+00,5.013497558593750000e+03,1.138634204864501953e+00,2.465980000000000061e+00,6.700541377067565918e-01,5.127354264259338379e-01
-4.040707935182301469e+01,-3.686713201425302788e+00,5.484186035156250000e+03,1.256161451339721680e+00,2.465990000000000126e+00,6.605173349380493164e-01,5.090733170509338379e-01
-4.041422395071244011e+01,-3.669553384491917036e+00,4.714241210937500000e+03,1.112186431884765625e+00,2.466000000000000192e+00,6.446481347084045410e-01,4.906863868236541748e-01
-4.040712521377080435e+01,-3.656632281370182813e+00,-1.402287656250000000e+05,9.697861075401306152e-01,2.466010000000000257e+00,6.332803368568420410e-01,5.283757448196411133e-01
-4.041214514380632750e+01,-3.638274068079569545e+00,-5.011122187500000000e+05,9.869045615196228027e-01,2.466020000000000323e+00,6.128334403038024902e-01,5.102177262306213379e-01
-4.041518916041825094e+01,-3.621639089593813310e+00,4.549516601562500000e+03,1.000682830810546875e+00,2.466030000000000388e+00,5.388280153274536133e-01,4.088226556777954102e-01
-4.041764281554939231e+01,-3.619524784165502496e+00,3.653019042968750000e+03,1.017714262008666992e+00,2.466040000000000010e+00,4.677218198776245117e-01,3.469480276107788086e-01
-4.040893893846645568e+01,-3.597679930957945249e+00,-2.055368554687500000e+04,6.430870890617370605e-01,2.466050000000000075e+00,5.319615602493286133e-01,4.516237378120422363e-01
-4.041558666412855416e+01,-3.584320059950677706e+00,1.882990478515625000e+03,6.652492880821228027e-01,2.466060000000000141e+00,4.938907325267791748e-01,3.289425969123840332e-01
-4.041383064027571947e+01,-3.573550516228692242e+00,2.260943115234375000e+03,7.927448153495788574e-01,2.466070000000000206e+00,5.624029636383056641e-01,3.887572884559631348e-01
-4.041302274336858602e+01,-3.548044144108117859e+00,1.508149902343750000e+03,5.987591147422790527e-01,2.466080000000000272e+00,5.731604695320129395e-01,3.612150549888610840e-01
-4.041510582735067203e+01,-3.539893266744357447e+00,4.554149414062500000e+03,7.382280230522155762e-01,2.466090000000000337e+00,6.949260234832763672e-01,5.273076295852661133e-01
-4.041678493002008565e+01,-3.522704241321253704e+00,3.221096435546875000e+03,7.801062464714050293e-01,2.466100000000000403e+00,7.017162442207336426e-01,5.125828385353088379e-01
-4.041181630069424102e+01,-3.506637387467070432e+00,4.439693359375000000e+03,1.149613380432128906e+00,2.466110000000000024e+00,6.470895409584045410e-01,4.898471534252166748e-01
-4.041983942187596313e+01,-3.491638198349334310e+00,1.458725097656250000e+04,1.003397226333618164e+00,2.466120000000000090e+00,6.058143973350524902e-01,4.896945655345916748e-01
-4.041427009439842521e+01,-3.472646459255074980e+00,2.204135009765625000e+03,1.102622270584106445e+00,2.466130000000000155e+00,5.430242419242858887e-01,3.735747337341308594e-01
-4.041593026058692573e+01,-3.464725589732740474e+00,4.647153808593750000e+03,8.934730887413024902e-01,2.466140000000000221e+00,4.874057173728942871e-01,3.705229461193084717e-01
-4.041174099219998084e+01,-3.448059492209224253e+00,1.458330078125000000e+03,7.439774870872497559e-01,2.466150000000000286e+00,4.885501563549041748e-01,3.049862086772918701e-01
-4.041269240421608089e+01,-3.434894002866698326e+00,1.245657958984375000e+03,5.793351531028747559e-01,2.466160000000000352e+00,4.911441504955291748e-01,2.919398844242095947e-01
-4.041235860446517592e+01,-3.410501503812643609e+00,2.883736816406250000e+03,4.737919867038726807e-01,2.466170000000000417e+00,5.215855240821838379e-01,3.752532005310058594e-01
-4.041470389121902684e+01,-3.400119509694203401e+00,2.056299316406250000e+03,4.854435026645660400e-01,2.466180000000000039e+00,5.179997086524963379e-01,3.515256941318511963e-01
-4.040920232314906002e+01,-3.385251258402156349e+00,1.455927124023437500e+03,6.583089232444763184e-01,2.466190000000000104e+00,4.500215649604797363e-01,2.808009386062622070e-01
-4.041305862687800499e+01,-3.372308123964488757e+00,2.615185058593750000e+03,5.313093066215515137e-01,2.466200000000000170e+00,5.881904363632202148e-01,4.169098436832427979e-01
-4.040937799834318156e+01,-3.357737433404766048e+00,3.660203369140625000e+03,5.040425658226013184e-01,2.466210000000000235e+00,5.176945328712463379e-01,3.841033279895782471e-01
-4.041084789980276071e+01,-3.337894838691311872e+00,2.405152099609375000e+03,7.862491011619567871e-01,2.466220000000000301e+00,5.469152331352233887e-01,3.822722733020782471e-01
-4.041256849261262829e+01,-3.327123493961350764e+00,2.964123291015625000e+03,6.831342577934265137e-01,2.466230000000000366e+00,5.027408599853515625e-01,3.631224036216735840e-01
-4.040782972476916513e+01,-3.305972271939395135e+00,2.832944335937500000e+03,6.873399615287780762e-01,2.466239999999999988e+00,5.497381091117858887e-01,3.944793343544006348e-01
-4.041007517597993370e+01,-3.286702228460897768e+00,2.711882324218750000e+03,6.281632781028747559e-01,2.466250000000000053e+00,5.574438571929931641e-01,3.973785340785980225e-01
-4.041304324380875812e+01,-3.279966317473711257e+00,2.738065917968750000e+03,7.475752234458923340e-01,2.466260000000000119e+00,6.117653250694274902e-01,4.367463588714599609e-01
-4.040916825214708297e+01,-3.258793967960370797e+00,2.545447265625000000e+03,7.505614161491394043e-01,2.466270000000000184e+00,5.991004705429077148e-01,4.227845072746276855e-01
-4.040888662438453593e+01,-3.248460842894542733e+00,2.574627441406250000e+03,8.372420668601989746e-01,2.466280000000000250e+00,5.247136354446411133e-01,3.709807097911834717e-01
-4.041287997061341741e+01,-3.235347700773187896e+00,2.500715332031250000e+03,7.112819552421569824e-01,2.466290000000000315e+00,5.060977935791015625e-01,3.561033606529235840e-01
-4.040731454480972218e+01,-3.217681607014603706e+00,4.191068847656250000e+03,7.142657637596130371e-01,2.466300000000000381e+00,5.733893513679504395e-01,4.316346347332000732e-01
-4.040998570583047922e+01,-3.206214975010347690e+00,2.763597656250000000e+03,6.104618906974792480e-01,2.466310000000000002e+00,5.320378541946411133e-01,3.803649246692657471e-01
-4.040860531356419472e+01,-3.178028078301653014e+00,3.175002441406250000e+03,7.882780432701110840e-01,2.466320000000000068e+00,4.438417255878448486e-01,3.236019909381866455e-01
-4.041670000926114881e+01,-3.175837781745292521e+00,2.064951904296875000e+03,6.579012274742126465e-01,2.466330000000000133e+00,5.001468658447265625e-01,3.397000730037689209e-01
-4.040521951141050039e+01,-3.160869345210076453e+00,1.760230834960937500e+03,4.832142889499664307e-01,2.466340000000000199e+00,5.498906970024108887e-01,3.606047034263610840e-01
-4.041262950895325190e+01,-3.143870217006060841e+00,2.165233154296875000e+03,5.206567645072937012e-01,2.466350000000000264e+00,5.457708239555358887e-01,3.741850852966308594e-01
-4.041206207632266256e+01,-3.127447778072794726e+00,7.176216796875000000e+03,6.617266535758972168e-01,2.466360000000000330e+00,5.985664129257202148e-01,4.697054624557495117e-01
-4.041203348274000717e+01,-3.107799878615423061e+00,4.905932128906250000e+03,6.806880831718444824e-01,2.466370000000000395e+00,5.391332507133483887e-01,4.117981493473052979e-01
-4.040619858257436903e+01,-3.098921131367760484e+00,-1.752474218750000000e+04,7.946593165397644043e-01,2.466380000000000017e+00,4.690188169479370117e-01,3.995910584926605225e-01
-4.041348278746520606e+01,-3.085501214862313546e+00,4.438069824218750000e+03,7.963640093803405762e-01,2.466390000000000082e+00,5.920814275741577148e-01,4.481904804706573486e-01
-4.041625672008868264e+01,-3.066806110718742318e+00,4.393650390625000000e+03,7.520312666893005371e-01,2.466400000000000148e+00,5.871986150741577148e-01,4.440706074237823486e-01
-4.041343539344254765e+01,-3.053806871716387761e+00,-2.904909765625000000e+04,8.423442244529724121e-01,2.466410000000000213e+00,7.249859571456909180e-01,6.118416190147399902e-01
-4.041387583016523877e+01,-3.048388807250788979e+00,5.922206054687500000e+03,1.011186361312866211e+00,2.466420000000000279e+00,5.851386189460754395e-01,4.535310864448547363e-01
-4.041916104751565086e+01,-3.018832454130527143e+00,3.711599365234375000e+03,1.086178541183471680e+00,2.466430000000000344e+00,6.451058983802795410e-01,4.793948233127593994e-01
-4.041605980270556842e+01,-3.007613516075029914e+00,2.788756591796875000e+03,9.546393752098083496e-01,2.466440000000000410e+00,5.338689088821411133e-01,3.821959793567657471e-01
-4.041552155399005386e+01,-2.994295718756611713e+00,6.437552246093750000e+03,9.643763899803161621e-01,2.466450000000000031e+00,5.521795153617858887e-01,4.304139316082000732e-01
-4.042103586100633095e+01,-2.976834551461172040e+00,7.966185058593750000e+03,7.348079085350036621e-01,2.466460000000000097e+00,6.122230887413024902e-01,4.832095503807067871e-01
-4.041988800288776673e+01,-2.963434849403519422e+00,3.066205322265625000e+03,8.401269316673278809e-01,2.466470000000000162e+00,5.543157458305358887e-01,4.022613465785980225e-01
-4.041759750775237592e+01,-2.947653275428434583e+00,4.239460937500000000e+03,9.736866354942321777e-01,2.466480000000000228e+00,6.267952919006347656e-01,4.723757505416870117e-01
-4.041910849599574362e+01,-2.938692937354216106e+00,3.101550781250000000e+03,8.224577307701110840e-01,2.466490000000000293e+00,5.591223239898681641e-01,4.063812494277954102e-01
-4.041887206381315423e+01,-2.922177128499126919e+00,1.678555541992187500e+03,7.779282927513122559e-01,2.466500000000000359e+00,5.289860963821411133e-01,3.429044485092163086e-01
-4.041591313657763607e+01,-2.906161854778799736e+00,2.649791015625000000e+03,6.859738230705261230e-01,2.466509999999999980e+00,6.346536278724670410e-01,4.507845044136047363e-01
-4.041974045650312775e+01,-2.892567457997204716e+00,3.010857910156250000e+03,7.129485011100769043e-01,2.466520000000000046e+00,6.003974676132202148e-01,4.346101284027099609e-01
-4.041816977846903569e+01,-2.874634985625258654e+00,-6.804044531250000000e+04,8.772606253623962402e-01,2.466530000000000111e+00,6.477761864662170410e-01,5.421850085258483887e-01
-4.041790047671119623e+01,-2.856622362380458746e+00,3.691458251953125000e+03,9.182316660881042480e-01,2.466540000000000177e+00,5.606482028961181641e-01,4.163757860660552979e-01
-4.041479201327473447e+01,-2.842833483970537589e+00,4.300507812500000000e+03,1.041870832443237305e+00,2.466550000000000242e+00,6.481576561927795410e-01,4.891605079174041748e-01
-4.041886246280944306e+01,-2.826098013732981862e+00,9.190503906250000000e+03,8.298951983451843262e-01,2.466560000000000308e+00,7.313947081565856934e-01,5.813239216804504395e-01
-4.041543390035803895e+01,-2.812220755039635200e+00,2.835918212890625000e+03,1.028570652008056641e+00,2.466570000000000373e+00,6.118416190147399902e-01,4.391114711761474609e-01
-4.041508770467861211e+01,-2.795335434802422192e+00,2.482368408203125000e+03,1.192291498184204102e+00,2.466579999999999995e+00,6.049751639366149902e-01,4.251496195793151855e-01
-4.041474044572571245e+01,-2.780553400331139180e+00,6.073022949218750000e+03,8.473128676414489746e-01,2.466590000000000060e+00,5.788062214851379395e-01,4.494112133979797363e-01
-4.041555042648942475e+01,-2.767695932593710051e+00,7.662494140625000000e+03,9.024543166160583496e-01,2.466600000000000126e+00,5.765936970710754395e-01,4.541414380073547363e-01
-4.041391403096007906e+01,-2.758604889267500582e+00,5.116893554687500000e+03,8.257312178611755371e-01,2.466610000000000191e+00,6.303048133850097656e-01,4.831332564353942871e-01
-4.040729686045954594e+01,-2.741745574142956610e+00,6.785513671875000000e+03,8.781737685203552246e-01,2.466620000000000257e+00,5.804846882820129395e-01,4.539888501167297363e-01
-4.041406728184425390e+01,-2.723779601134541650e+00,4.414713378906250000e+03,9.315628409385681152e-01,2.466630000000000322e+00,6.635690927505493164e-01,5.020542144775390625e-01
-4.041264502161472194e+01,-2.709525109576837121e+00,4.101099121093750000e+03,9.088034033775329590e-01,2.466640000000000388e+00,5.487462878227233887e-01,4.121796190738677979e-01
-4.040421568132184404e+01,-2.693637480592669053e+00,4.951172363281250000e+03,7.317823767662048340e-01,2.466650000000000009e+00,7.458143234252929688e-01,5.701086521148681641e-01
-4.041211196855103083e+01,-2.675688810919043092e+00,3.002971435546875000e+03,9.276682734489440918e-01,2.466660000000000075e+00,7.671003937721252441e-01,5.550787448883056641e-01
-4.041033935007681066e+01,-2.660552577214910563e+00,5.292680175781250000e+03,1.317816495895385742e+00,2.466670000000000140e+00,6.488443613052368164e-01,4.986972808837890625e-01
-4.040820662933997198e+01,-2.650459729654515595e+00,1.150200000000000000e+04,1.226828813552856445e+00,2.466680000000000206e+00,5.205174088478088379e-01,4.175201952457427979e-01
-4.041180125294164327e+01,-2.632771424667669891e+00,1.453440039062500000e+04,8.920568823814392090e-01,2.466690000000000271e+00,6.509042978286743164e-01,5.260869264602661133e-01
-4.041093648536718064e+01,-2.614947871554341496e+00,8.917643554687500000e+03,8.499736189842224121e-01,2.466700000000000337e+00,6.390786767005920410e-01,5.072422027587890625e-01
-4.040952072596319766e+01,-2.597378980513981972e+00,6.203266113281250000e+03,1.046257734298706055e+00,2.466710000000000402e+00,6.520487070083618164e-01,5.070133209228515625e-01
-4.040762927642757774e+01,-2.583889766840338886e+00,-4.102388671875000000e+03,9.872383475303649902e-01,2.466720000000000024e+00,5.918525457382202148e-01,5.452367663383483887e-01
-4.041469482171319783e+01,-2.567675587154198968e+00,6.264672851562500000e+03,1.031788110733032227e+00,2.466730000000000089e+00,6.638742685317993164e-01,5.165501236915588379e-01
-4.040719943010848425e+01,-2.553155034653595834e+00,6.395325683593750000e+03,1.192588329315185547e+00,2.466740000000000155e+00,5.323430299758911133e-01,4.147736132144927979e-01
-4.040520629086259419e+01,-2.541583240089682505e+00,2.753045898437500000e+03,9.564942717552185059e-01,2.466750000000000220e+00,5.940650701522827148e-01,4.244629740715026855e-01
-4.040780825580236524e+01,-2.522140388928947097e+00,3.183234765625000000e+04,7.094902396202087402e-01,2.466760000000000286e+00,5.135746598243713379e-01,4.216400980949401855e-01
-4.042234212949108496e+01,-2.508888343817038624e+00,1.240169531250000000e+04,8.581561446189880371e-01,2.466770000000000351e+00,6.126808524131774902e-01,4.927463233470916748e-01
-4.040997432505607634e+01,-2.488516122678605669e+00,8.567740234375000000e+03,8.813065886497497559e-01,2.466780000000000417e+00,5.576727390289306641e-01,4.417817890644073486e-01
-4.041643719755582254e+01,-2.481802267741710644e+00,-4.696940234375000000e+04,9.979242682456970215e-01,2.466790000000000038e+00,6.438089013099670410e-01,5.403539538383483887e-01
-4.041435527194984445e+01,-2.470921860251944047e+00,8.303153320312500000e+03,8.330983519554138184e-01,2.466800000000000104e+00,5.879615545272827148e-01,4.650515317916870117e-01
-4.041941433047909982e+01,-2.452386581700008783e+00,2.509233398437500000e+03,9.788019061088562012e-01,2.466810000000000169e+00,6.055092215538024902e-01,4.262940585613250732e-01
-4.041775176730403984e+01,-2.442022360829901206e+00,6.882774902343750000e+03,8.070487380027770996e-01,2.466820000000000235e+00,5.724738240242004395e-01,4.481141865253448486e-01
-4.042317621817424822e+01,-2.427658204406373255e+00,2.294582763671875000e+03,9.197003245353698730e-01,2.466830000000000300e+00,5.762885212898254395e-01,3.994384706020355225e-01
-4.041334483767034413e+01,-2.413883823856195932e+00,8.175040527343750000e+03,8.351165652275085449e-01,2.466840000000000366e+00,5.199833512306213379e-01,4.109589159488677979e-01
-4.041951299271967457e+01,-2.393851370930554445e+00,4.470301757812500000e+03,8.309525847434997559e-01,2.466849999999999987e+00,6.430459618568420410e-01,4.871005415916442871e-01
-4.042101449486448672e+01,-2.380733758443478898e+00,4.083008544921875000e+03,7.857531905174255371e-01,2.466860000000000053e+00,5.914710760116577148e-01,4.440706074237823486e-01
-4.042580661381838780e+01,-2.361513060100970840e+00,2.569292968750000000e+03,9.832782149314880371e-01,2.466870000000000118e+00,5.443212389945983887e-01,3.847136795520782471e-01
-4.042266600405510246e+01,-2.351976593806797133e+00,1.966523681640625000e+03,8.332914710044860840e-01,2.466880000000000184e+00,5.667517185211181641e-01,3.810515701770782471e-01
-4.042283077799173441e+01,-2.336657780917615668e+00,1.997501708984375000e+03,7.430786490440368652e-01,2.466890000000000249e+00,5.875037908554077148e-01,3.963104188442230225e-01
-4.042693424890700271e+01,-2.313862456013354496e+00,-1.043130312500000000e+05,7.051116824150085449e-01,2.466900000000000315e+00,5.060214996337890625e-01,4.226319193840026855e-01
-4.041922512413222535e+01,-2.299614941951819702e+00,8.139134765625000000e+03,7.832426428794860840e-01,2.466910000000000380e+00,5.384465456008911133e-01,4.254547953605651855e-01
-4.042332957555069584e+01,-2.287284363838858248e+00,-6.418212402343750000e+03,7.615203261375427246e-01,2.466920000000000002e+00,5.800269246101379395e-01,5.150242447853088379e-01
-4.041703402939613454e+01,-2.270890654823626065e+00,4.003172119140625000e+03,8.586925864219665527e-01,2.466930000000000067e+00,5.513402819633483887e-01,4.130951464176177979e-01
-4.042137322795404231e+01,-2.252794751861317835e+00,7.949454101562500000e+03,9.470171332359313965e-01,2.466940000000000133e+00,7.187298536300659180e-01,5.672094821929931641e-01
-4.041390700696406668e+01,-2.246176340205952915e+00,3.666912353515625000e+03,8.986682295799255371e-01,2.466950000000000198e+00,5.665228366851806641e-01,4.204193949699401855e-01
-4.043390372378586051e+01,-2.234753736995017448e+00,6.012739257812500000e+03,1.062504768371582031e+00,2.466960000000000264e+00,5.804846882820129395e-01,4.504030346870422363e-01
-4.041609296764492143e+01,-2.222846984422989003e+00,2.979709228515625000e+03,7.933360934257507324e-01,2.466970000000000329e+00,5.147190690040588379e-01,3.720488548278808594e-01
-4.042331000750746028e+01,-2.204721481968268559e+00,1.732794677734375000e+03,9.027046561241149902e-01,2.466980000000000395e+00,4.845828413963317871e-01,3.165829479694366455e-01
-4.041467528385090446e+01,-2.193131224404066160e+00,3.433330078125000000e+03,5.639440417289733887e-01,2.466990000000000016e+00,4.902286231517791748e-01,3.609861731529235840e-01
-4.042061309776043032e+01,-2.194846650496991014e+00,-5.150982910156250000e+03,6.662124991416931152e-01,2.467000000000000082e+00,7.808715105056762695e-02,7.045772671699523926e-02
-4.040881340199162963e+01,-2.185937853140257126e+00,-2.628382263183593750e+02,4.940575659275054932e-01,2.467010000000000147e+00,9.651221334934234619e-03,3.948226571083068848e-02
-4.041521678764684111e+01,-2.181504837914411521e+00,-5.450314941406250000e+02,1.951056867837905884e-01,2.467020000000000213e+00,2.048500254750251770e-02,3.673567622900009155e-02
