# x_coordinates, y_coordinates, TEP, TED, times, high, low
-8.942213645890255691e+00,1.842192703343528359e+00,-2.523145507812500000e+03,1.050180271267890930e-01,3.823770000000000113e+00,3.391278907656669617e-02,3.330243378877639771e-02
-8.946235817799927048e+00,1.839523666310237227e+00,-2.446540039062500000e+03,8.353651314973831177e-02,3.823780000000000179e+00,2.368936128914356232e-02,2.338418364524841309e-02
-8.944955191904613301e+00,1.826936783677093334e+00,2.314405517578125000e+03,1.082164123654365540e-01,3.823790000000000244e+00,1.112751439213752747e-01,7.724791765213012695e-02
-8.944210380642150682e+00,1.827395686636612115e+00,1.302478027343750000e+03,8.011878281831741333e-02,3.823800000000000310e+00,1.436239033937454224e-01,8.663210272789001465e-02
-8.944443809979912174e+00,1.831545923381303620e+00,1.260290893554687500e+03,1.174801662564277649e-01,3.823810000000000375e+00,1.307301670312881470e-01,7.801085710525512695e-02
-8.939297710214395565e+00,1.840741247467942765e+00,1.830145507812500000e+03,1.191324070096015930e-01,3.823820000000000441e+00,1.425557732582092285e-01,9.433782100677490234e-02
-8.935540289968816552e+00,1.846154671915787082e+00,1.133356567382812500e+03,1.648014932870864868e-01,3.823830000000000506e+00,1.692587584257125854e-01,9.731329977512359619e-02
-8.940686552548253729e+00,1.849815285819496724e+00,1.256110351562500000e+03,1.479178816080093384e-01,3.823840000000000128e+00,2.253350317478179932e-01,1.343159973621368408e-01
-8.937576360093755667e+00,1.861954263669601151e+00,8.874452514648437500e+02,2.158743292093276978e-01,3.823850000000000193e+00,1.736838221549987793e-01,9.014163911342620850e-02
-8.934515319460373917e+00,1.870175127222189593e+00,1.343276000976562500e+03,1.842874437570571899e-01,3.823860000000000259e+00,1.742941886186599731e-01,1.061634272336959839e-01
-8.936016865949484966e+00,1.884616682485140471e+00,8.741394653320312500e+02,1.647168546915054321e-01,3.823870000000000324e+00,1.559835672378540039e-01,8.037597686052322388e-02
-8.939599301637548123e+00,1.901476856044343577e+00,2.046646240234375000e+03,1.722782999277114868e-01,3.823880000000000390e+00,1.608663946390151978e-01,1.090626120567321777e-01
-8.932311680180037072e+00,1.921600031528428731e+00,1.542877563476562500e+03,1.515358835458755493e-01,3.823890000000000455e+00,1.388936638832092285e-01,8.808169513940811157e-02
-8.932485513790998866e+00,1.938154277042948959e+00,2.146058349609375000e+03,1.406771093606948853e-01,3.823900000000000521e+00,1.310353577136993408e-01,8.968387544155120850e-02
-8.937903588196558502e+00,1.962797322620249085e+00,1.070360107421875000e+03,1.430994421243667603e-01,3.823910000000000142e+00,1.630789339542388916e-01,9.174381941556930542e-02
-8.932674587909477992e+00,1.978892551572285274e+00,1.122983032226562500e+03,1.325816065073013306e-01,3.823920000000000208e+00,1.581197977066040039e-01,9.059940278530120850e-02
-8.931038671338924928e+00,2.002159196812748121e+00,1.086398925781250000e+03,1.562172323465347290e-01,3.823930000000000273e+00,1.567465066909790039e-01,8.869204670190811157e-02
-8.926259833965978885e+00,2.027208423305723706e+00,8.580363769531250000e+02,1.071673706173896790e-01,3.823940000000000339e+00,1.590353399515151978e-01,8.121521770954132080e-02
-8.930885244218798036e+00,2.053738045326042982e+00,1.490556274414062500e+03,1.465779691934585571e-01,3.823950000000000404e+00,1.647574007511138916e-01,1.034931316971778870e-01
-8.933981916387711664e+00,2.076444340657093157e+00,1.050270141601562500e+03,1.784449964761734009e-01,3.823960000000000470e+00,1.440816670656204224e-01,8.045227080583572388e-02
-8.927589339720062966e+00,2.105871997082257252e+00,3.978898681640625000e+03,2.103990465402603149e-01,3.823970000000000091e+00,1.327138245105743408e-01,9.937324374914169312e-02
-8.926545251229779154e+00,2.130689086589020675e+00,2.317697021484375000e+03,8.201897889375686646e-02,3.823980000000000157e+00,1.243214607238769531e-01,8.632692694664001465e-02
-8.926912004464961470e+00,2.157501057966385805e+00,1.682427734375000000e+03,1.976591497659683228e-01,3.823990000000000222e+00,1.541524976491928101e-01,9.998359531164169312e-02
-8.925634832867613611e+00,2.178008249235579896e+00,-9.704935546875000000e+03,2.344191260635852814e-02,3.824000000000000288e+00,7.747298479080200195e-01,6.728770136833190918e-01
-8.917466561296226502e+00,2.199052853840719024e+00,3.994061767578125000e+03,5.311567187309265137e-01,3.824010000000000353e+00,3.618254065513610840e-01,2.710352838039398193e-01
-8.921522695509056078e+00,2.226071695829761499e+00,6.317453613281250000e+03,1.314182996749877930e+00,3.824020000000000419e+00,2.745448052883148193e-01,2.137383073568344116e-01
-8.923046819984806532e+00,2.243374767993725705e+00,1.406743652343750000e+03,7.166094183921813965e-01,3.824030000000000484e+00,2.289208620786666870e-01,1.414113640785217285e-01
-8.926090649190831172e+00,2.269914306302510010e+00,2.231053955078125000e+03,4.437440931797027588e-01,3.824040000000000106e+00,2.007682770490646362e-01,1.384358853101730347e-01
-8.923639730382962654e+00,2.288237949869931676e+00,2.015526733398437500e+03,2.936178743839263916e-01,3.824050000000000171e+00,1.845176070928573608e-01,1.247029304504394531e-01
-8.927262916486151667e+00,2.314825960959542961e+00,1.757987670898437500e+03,2.544611990451812744e-01,3.824060000000000237e+00,2.671442627906799316e-01,1.751334220170974731e-01
-8.922280670735093011e+00,2.334121173197317045e+00,1.588285644531250000e+03,3.053158819675445557e-01,3.824070000000000302e+00,1.517873853445053101e-01,9.700812399387359619e-02
-8.920291235160158649e+00,2.351912491333020494e+00,9.520005493164062500e+02,3.117269575595855713e-01,3.824080000000000368e+00,1.313405334949493408e-01,7.038143277168273926e-02
-8.925187318329367514e+00,2.372044494797288294e+00,8.362003784179687500e+02,1.162856891751289368e-01,3.824090000000000433e+00,1.404958367347717285e-01,7.083919644355773926e-02
-8.924625749764814486e+00,2.400102775199282057e+00,3.014440917968750000e+03,1.357430368661880493e-01,3.824100000000000499e+00,1.426320821046829224e-01,1.032642498612403870e-01
-8.928853885818618608e+00,2.418512943397074011e+00,1.861564086914062500e+03,9.190381318330764771e-02,3.824110000000000120e+00,1.788718402385711670e-01,1.188282743096351624e-01
-8.924623231309096738e+00,2.442118007911453503e+00,1.170479736328125000e+03,1.765602976083755493e-01,3.824120000000000186e+00,1.393514275550842285e-01,8.106262981891632080e-02
-8.925389622407637447e+00,2.456926363107034383e+00,2.007086669921875000e+03,1.655393987894058228e-01,3.824130000000000251e+00,1.379018276929855347e-01,9.311711788177490234e-02
-8.931322388507020094e+00,2.478851293155756252e+00,9.531829223632812500e+02,1.365500837564468384e-01,3.824140000000000317e+00,1.429372578859329224e-01,7.663755863904953003e-02
-8.934999698390971190e+00,2.506246794937479372e+00,1.606010375976562500e+03,1.364380270242691040e-01,3.824150000000000382e+00,1.340871155261993408e-01,8.594545722007751465e-02
-8.926495414870270650e+00,2.522170879366623542e+00,1.935456909179687500e+03,1.269990354776382446e-01,3.824160000000000448e+00,1.465993821620941162e-01,9.822882711887359619e-02
-8.925249612051324277e+00,2.548474771528945748e+00,1.166256103515625000e+03,1.223868206143379211e-01,3.824170000000000513e+00,1.755148917436599731e-01,1.019672453403472900e-01
-8.929789866539339371e+00,2.574978174860945046e+00,1.618009155273437500e+03,1.159566715359687805e-01,3.824180000000000135e+00,1.803977191448211670e-01,1.158527955412864685e-01
-8.930197975641803509e+00,2.598998232299241096e+00,1.409449340820312500e+03,1.471740156412124634e-01,3.824190000000000200e+00,1.620108038187026978e-01,1.001361832022666931e-01
-8.931645658942136023e+00,2.623813978589073947e+00,1.245934814453125000e+03,1.867884546518325806e-01,3.824200000000000266e+00,1.375203579664230347e-01,8.174927532672882080e-02
-8.933739350505936372e+00,2.644412230058462931e+00,2.040333984375000000e+03,1.387113481760025024e-01,3.824210000000000331e+00,1.414876580238342285e-01,9.586370736360549927e-02
-8.933029125122846636e+00,2.678376317952006147e+00,1.356775146484375000e+03,1.263648420572280884e-01,3.824220000000000397e+00,1.665121763944625854e-01,1.017383635044097900e-01
-8.937044449144151415e+00,2.696693802149458641e+00,1.048483642578125000e+03,1.314813047647476196e-01,3.824230000000000462e+00,1.594931036233901978e-01,8.899722993373870850e-02
-8.938757024532398177e+00,2.722028219507835800e+00,8.804234619140625000e+02,1.467579752206802368e-01,3.824240000000000528e+00,1.644522249698638916e-01,8.502992987632751465e-02
-8.934206672175307062e+00,2.747852129825142597e+00,1.955429321289062500e+03,1.345831304788589478e-01,3.824250000000000149e+00,1.960380375385284424e-01,1.316457092761993408e-01
-8.937104428489782038e+00,2.775367591873136863e+00,1.023093139648437500e+03,1.656514555215835571e-01,3.824260000000000215e+00,1.580435037612915039e-01,8.731875568628311157e-02
-8.935488145684658434e+00,2.806931515469516469e+00,1.078841430664062500e+03,1.693064123392105103e-01,3.824270000000000280e+00,1.782614886760711670e-01,1.005939543247222900e-01
-8.929733939086499817e+00,2.823193981126385754e+00,1.236781982421875000e+03,1.260692030191421509e-01,3.824280000000000346e+00,1.585775762796401978e-01,9.403264522552490234e-02
-8.936185506715627724e+00,2.850165550919428359e+00,3.591002441406250000e+03,1.814919859170913696e-01,3.824290000000000411e+00,1.231007501482963562e-01,9.113346785306930542e-02
-8.937902801742685810e+00,2.871241373349390447e+00,1.408241333007812500e+03,1.355034261941909790e-01,3.824300000000000477e+00,1.327901184558868408e-01,8.205445110797882080e-02
-8.935590177004375079e+00,2.892041278025925699e+00,1.286806030273437500e+03,1.158553436398506165e-01,3.824310000000000098e+00,1.469808518886566162e-01,8.831057697534561157e-02
-8.940743855683123797e+00,2.920199787997364460e+00,9.870224609375000000e+02,1.195305660367012024e-01,3.824320000000000164e+00,1.468282639980316162e-01,7.991821318864822388e-02
-8.938002968680661908e+00,2.947134680239060334e+00,1.238290771484375000e+03,1.022118404507637024e-01,3.824330000000000229e+00,1.597982794046401978e-01,9.479559212923049927e-02
-8.931682601581284686e+00,2.971977239332220133e+00,1.495461181640625000e+03,1.193279102444648743e-01,3.824340000000000295e+00,1.545339822769165039e-01,9.716071188449859619e-02
-8.933444886528002726e+00,2.992290278067983422e+00,1.396580932617187500e+03,1.433664709329605103e-01,3.824350000000000360e+00,2.122124135494232178e-01,1.308064609766006470e-01
-8.934032207694096783e+00,3.012564241666095821e+00,2.916153808593750000e+03,1.603382974863052368e-01,3.824360000000000426e+00,1.878745555877685547e-01,1.353841274976730347e-01
-8.933987672209665831e+00,3.035656892886979819e+00,-2.803632080078125000e+03,3.592950403690338135e-01,3.824370000000000491e+00,1.116566136479377747e-01,1.078419014811515808e-01
-8.936031010553419307e+00,3.062460773053685248e+00,1.501416137695312500e+03,2.487248331308364868e-01,3.824380000000000113e+00,1.430898457765579224e-01,9.006534516811370850e-02
-8.941337504978928763e+00,3.078219203890208533e+00,3.813264160156250000e+03,1.371747404336929321e-01,3.824390000000000178e+00,1.378255337476730347e-01,1.027301922440528870e-01
-8.934516884056970198e+00,3.099002965529168652e+00,2.642050048828125000e+03,1.383751779794692993e-01,3.824400000000000244e+00,1.459890156984329224e-01,1.036457195878028870e-01
-8.937845974884869094e+00,3.130546377527765767e+00,1.304888671875000000e+03,1.239019706845283508e-01,3.824410000000000309e+00,1.420217156410217285e-01,8.571657538414001465e-02
-8.935330745290544385e+00,3.147221868746205686e+00,9.672044677734375000e+02,1.361888796091079712e-01,3.824420000000000375e+00,1.459890156984329224e-01,7.877379655838012695e-02
-8.937211052197650218e+00,3.174513647728089083e+00,8.597721557617187500e+02,1.350563913583755493e-01,3.824430000000000440e+00,1.279835850000381470e-01,6.542230397462844849e-02
-8.936679610551609088e+00,3.195595852083743527e+00,1.306321533203125000e+03,1.173013523221015930e-01,3.824440000000000506e+00,1.380544155836105347e-01,8.335145562887191772e-02
-8.936175198873806735e+00,3.218035910704697855e+00,1.358537963867187500e+03,1.103931739926338196e-01,3.824450000000000127e+00,1.465993821620941162e-01,8.960758149623870850e-02
-8.936270656783811717e+00,3.245430656919609191e+00,1.098609008789062500e+03,1.364725977182388306e-01,3.824460000000000193e+00,1.668173521757125854e-01,9.479559212923049927e-02
-8.934835203114976920e+00,3.264888897678138502e+00,1.667141723632812500e+03,1.556581407785415649e-01,3.824470000000000258e+00,1.385884732007980347e-01,8.968387544155120850e-02
-8.939456548567152439e+00,3.288994833414630392e+00,1.674427612304687500e+03,1.609796434640884399e-01,3.824480000000000324e+00,1.626974642276763916e-01,1.054004877805709839e-01
-8.937969515636574158e+00,3.311950591345461437e+00,1.102625610351562500e+03,1.254910379648208618e-01,3.824490000000000389e+00,1.809317767620086670e-01,1.029590740799903870e-01
-8.937959201107549490e+00,3.339961641734327635e+00,1.814365234375000000e+03,1.868885904550552368e-01,3.824500000000000455e+00,1.900870949029922485e-01,1.255421638488769531e-01
-8.938616026246830160e+00,3.361291703557009125e+00,3.740349365234375000e+03,2.083176523447036743e-01,3.824510000000000520e+00,1.515585035085678101e-01,1.127247363328933716e-01
-8.936717541760927475e+00,3.381716707355780560e+00,3.691385498046875000e+03,2.598697245121002197e-01,3.824520000000000142e+00,1.547628641128540039e-01,1.149372681975364685e-01
-8.934672861896046925e+00,3.408425810988865212e+00,9.458325195312500000e+02,1.865428835153579712e-01,3.824530000000000207e+00,1.649862825870513916e-01,8.815798908472061157e-02
-8.933430919468513309e+00,3.435129523237124172e+00,1.291601806640625000e+03,1.624387651681900024e-01,3.824540000000000273e+00,1.568228006362915039e-01,9.433782100677490234e-02
-8.939111669031126084e+00,3.456651538338227692e+00,8.747961425781250000e+02,1.658183485269546509e-01,3.824550000000000338e+00,1.886374950408935547e-01,9.723700582981109619e-02
-8.936106016324272261e+00,3.480608357693320443e+00,7.238532714843750000e+02,1.835316568613052368e-01,3.824560000000000404e+00,1.634604036808013916e-01,7.625608891248703003e-02
-8.937733228276593778e+00,3.507108390174865864e+00,9.394589843750000000e+02,1.960629373788833618e-01,3.824570000000000469e+00,1.567465066909790039e-01,8.350404351949691772e-02
-8.936822370008325578e+00,3.531627918385693121e+00,1.253545288085937500e+03,1.392501741647720337e-01,3.824580000000000535e+00,1.549154520034790039e-01,9.227787703275680542e-02
-8.933428706212405146e+00,3.556338902079402065e+00,1.201779907226562500e+03,1.339584738016128540e-01,3.824590000000000156e+00,1.604086309671401978e-01,9.418523311614990234e-02
-8.933386271080825836e+00,3.577682205498683654e+00,1.459146362304687500e+03,1.401776224374771118e-01,3.824600000000000222e+00,1.433950215578079224e-01,8.953128755092620850e-02
-8.931870875266787024e+00,3.607174161471915053e+00,2.249489990234375000e+03,1.544577032327651978e-01,3.824610000000000287e+00,1.334004700183868408e-01,9.212528914213180542e-02
-8.934716869985559029e+00,3.626060154967601257e+00,3.346271240234375000e+03,1.186984851956367493e-01,3.824620000000000353e+00,1.678091734647750854e-01,1.231770440936088562e-01
-8.934354597129766873e+00,3.651187677733634729e+00,2.643270263671875000e+03,1.299005895853042603e-01,3.824630000000000418e+00,1.528555005788803101e-01,1.085285544395446777e-01
-8.932703074471668003e+00,3.674360106419741978e+00,1.215041870117187500e+03,2.154415994882583618e-01,3.824640000000000484e+00,1.683432310819625854e-01,9.922065585851669312e-02
-8.936789033004613358e+00,3.697387793182969506e+00,1.555863281250000000e+03,1.814037710428237915e-01,3.824650000000000105e+00,1.461416035890579224e-01,9.288823604583740234e-02
-8.932350615395048266e+00,3.716868630349648317e+00,1.262360473632812500e+03,1.265984922647476196e-01,3.824660000000000171e+00,1.762778311967849731e-01,1.052478998899459839e-01
-8.932066514162606552e+00,3.747453892979270673e+00,8.732775268554687500e+02,1.417678743600845337e-01,3.824670000000000236e+00,1.889426708221435547e-01,9.731329977512359619e-02
-8.930003922201533939e+00,3.768083984328782776e+00,3.976741210937500000e+03,1.793319135904312134e-01,3.824680000000000302e+00,1.433187276124954224e-01,1.073078438639640808e-01
-8.935279421476968409e+00,3.790684425336591001e+00,2.859650146484375000e+03,1.775640398263931274e-01,3.824690000000000367e+00,1.374440640211105347e-01,9.876289218664169312e-02
-8.930155853240584918e+00,3.818430136649280104e+00,2.372727294921875000e+03,1.560896784067153931e-01,3.824700000000000433e+00,1.539999097585678101e-01,1.073841378092765808e-01
-8.935978806948824626e+00,3.834719650151100723e+00,1.043995605468750000e+03,1.504916101694107056e-01,3.824710000000000498e+00,1.481252610683441162e-01,8.251221477985382080e-02
-8.935136853416677738e+00,3.861785082487974030e+00,1.974634399414062500e+03,1.262504011392593384e-01,3.824720000000000120e+00,1.359944790601730347e-01,9.151493757963180542e-02
-8.929638201378903517e+00,3.891401351753073889e+00,9.277759399414062500e+02,1.294082552194595337e-01,3.824730000000000185e+00,1.583486944437026978e-01,8.388551324605941772e-02
-8.930180036629300488e+00,3.910253318645711129e+00,9.510758666992187500e+02,1.165396049618721008e-01,3.824740000000000251e+00,2.038963437080383301e-01,1.092151999473571777e-01
-8.934567107133130293e+00,3.930963207063608689e+00,1.630174926757812500e+03,1.757198721170425415e-01,3.824750000000000316e+00,1.243214607238769531e-01,7.999450713396072388e-02
-8.930515048940085521e+00,3.958155856398611228e+00,3.820162841796875000e+03,1.855665594339370728e-01,3.824760000000000382e+00,1.211171001195907593e-01,9.029422700405120850e-02
-8.927229308520503892e+00,3.988609991440894120e+00,1.529211914062500000e+04,1.262623220682144165e-01,3.824770000000000447e+00,1.404958367347717285e-01,1.137165576219558716e-01
-8.929754619966521645e+00,4.011371981265017261e+00,1.015900512695312500e+03,1.322621256113052368e-01,3.824780000000000513e+00,1.420217156410217285e-01,7.823973894119262695e-02
-8.923758018857560259e+00,4.030170683556391076e+00,5.131882421875000000e+04,1.571899801492691040e-01,3.824790000000000134e+00,1.413350701332092285e-01,1.166157424449920654e-01
-8.933448263128738631e+00,4.059140586413855445e+00,1.198435302734375000e+03,1.405364423990249634e-01,3.824800000000000200e+00,1.865775585174560547e-01,1.094440817832946777e-01
-8.929120313504913753e+00,4.083320165661152856e+00,1.120792114257812500e+03,1.496786028146743774e-01,3.824810000000000265e+00,1.490407884120941162e-01,8.533510565757751465e-02
-8.936192926667864356e+00,4.105814041383816004e+00,1.416138671875000000e+03,1.798504739999771118e-01,3.824820000000000331e+00,1.884086132049560547e-01,1.166157424449920654e-01
-8.928882061876560527e+00,4.128199497945564289e+00,1.297252319335937500e+03,1.452821642160415649e-01,3.824830000000000396e+00,1.585012823343276978e-01,9.548223763704299927e-02
-8.935852799271081892e+00,4.149556330535332016e+00,2.352010986328125000e+03,2.035778909921646118e-01,3.824840000000000462e+00,1.321034729480743408e-01,9.197270125150680542e-02
-8.931582321273294767e+00,4.174903826730288259e+00,1.007717529296875000e+03,1.715248972177505493e-01,3.824850000000000527e+00,1.317982971668243408e-01,7.236508280038833618e-02
-8.929923456261589010e+00,4.194602036105000487e+00,2.517266601562500000e+03,1.201611831784248352e-01,3.824860000000000149e+00,1.256947517395019531e-01,8.853945881128311157e-02
-8.934916297596185331e+00,4.224185317005934692e+00,1.908117797851562500e+03,1.156932190060615540e-01,3.824870000000000214e+00,1.456838399171829224e-01,9.731329977512359619e-02
-8.932137200352036288e+00,4.246896175240467031e+00,1.920737548828125000e+03,1.300496011972427368e-01,3.824880000000000280e+00,1.622397005558013916e-01,1.085285544395446777e-01
-8.929896319588964460e+00,4.267975678271743512e+00,4.262185546875000000e+03,1.924425512552261353e-01,3.824890000000000345e+00,1.442342549562454224e-01,1.087574362754821777e-01
-8.930478495932439031e+00,4.289050086232694348e+00,1.068037353515625000e+03,1.478284746408462524e-01,3.824900000000000411e+00,2.294549196958541870e-01,1.289754062891006470e-01
-8.929859073419809334e+00,4.316698751439155046e+00,4.065208007812500000e+03,1.778847128152847290e-01,3.824910000000000476e+00,1.473623216152191162e-01,1.105884984135627747e-01
-8.931003784267703693e+00,4.346352978013173107e+00,1.041571655273437500e+03,2.739340364933013916e-01,3.824920000000000098e+00,1.575857400894165039e-01,8.770022541284561157e-02
-8.929201376902296872e+00,4.363757062209098869e+00,1.080173095703125000e+03,1.587611585855484009e-01,3.824930000000000163e+00,1.343922913074493408e-01,7.587461918592453003e-02
-8.932286644410927678e+00,4.388829184048049115e+00,1.144660278320312500e+03,1.568693071603775024e-01,3.824940000000000229e+00,1.388936638832092285e-01,8.014709502458572388e-02
-8.930137305556980820e+00,4.408953955748398990e+00,1.614467163085937500e+03,1.170414760708808899e-01,3.824950000000000294e+00,1.746756583452224731e-01,1.121143773198127747e-01
-8.931277550030944923e+00,4.433463782684781584e+00,1.305424682617187500e+03,1.890832334756851196e-01,3.824960000000000360e+00,1.599508672952651978e-01,9.655035287141799927e-02
-8.930992560400689229e+00,4.457514147725111897e+00,9.749371948242187500e+02,2.153271585702896118e-01,3.824970000000000425e+00,1.633841097354888916e-01,8.846316486597061157e-02
-8.929258175377460915e+00,4.478301283925694598e+00,1.119917480468750000e+03,1.382237821817398071e-01,3.824980000000000491e+00,1.973350495100021362e-01,1.129536181688308716e-01
-8.929299965274315909e+00,4.502475164292459198e+00,3.113812255859375000e+03,1.484102159738540649e-01,3.824990000000000112e+00,1.568990945816040039e-01,1.140980273485183716e-01
-8.925216442354674484e+00,4.531966374884216719e+00,-5.954695800781250000e+03,2.133590131998062134e-01,3.825000000000000178e+00,1.915366798639297485e-01,1.709372401237487793e-01
-8.930670203301716015e+00,4.553917995361193682e+00,2.880657958984375000e+03,1.249212101101875305e-01,3.825010000000000243e+00,2.870570719242095947e-01,2.064903527498245239e-01
-8.927649592111496446e+00,4.579386197568632078e+00,1.148650268554687500e+03,4.886979162693023682e-01,3.825020000000000309e+00,1.709372401237487793e-01,9.876289218664169312e-02
-8.930614836757920116e+00,4.605313064794330558e+00,1.704478515625000000e+03,4.388040602207183838e-01,3.825030000000000374e+00,1.568228006362915039e-01,1.020435392856597900e-01
-8.928008692692824155e+00,4.631709198882876244e+00,2.696075683593750000e+03,1.603192239999771118e-01,3.825040000000000440e+00,1.314931213855743408e-01,9.365117549896240234e-02
-8.931697437880075086e+00,4.659979168413001638e+00,1.094983886718750000e+03,1.712840944528579712e-01,3.825050000000000505e+00,1.697165220975875854e-01,9.632147103548049927e-02
-8.928161215422004915e+00,4.675853698621708965e+00,1.224604736328125000e+03,1.117271259427070618e-01,3.825060000000000127e+00,1.641470491886138916e-01,9.700812399387359619e-02
-8.930861417117014867e+00,4.700730257291897196e+00,2.839158447265625000e+03,1.789957433938980103e-01,3.825070000000000192e+00,1.330190002918243408e-01,9.548223763704299927e-02
-8.935537476133610824e+00,4.725450970935645145e+00,1.554367675781250000e+03,1.123613193631172180e-01,3.825080000000000258e+00,1.201252788305282593e-01,7.633238285779953003e-02
-8.930566351858406193e+00,4.746200411932320229e+00,1.319716186523437500e+03,1.406031996011734009e-01,3.825090000000000323e+00,1.412587761878967285e-01,8.556398749351501465e-02
-8.934284164599075595e+00,4.767213096738910139e+00,1.629974121093750000e+03,1.074642017483711243e-01,3.825100000000000389e+00,1.668936461210250854e-01,1.073841378092765808e-01
-8.932421538795139782e+00,4.793747933481991907e+00,1.288763427734375000e+03,1.696592718362808228e-01,3.825110000000000454e+00,1.623922884464263916e-01,9.761847555637359619e-02
-8.932912992593378121e+00,4.824378110225751470e+00,1.265726806640625000e+03,1.891344934701919556e-01,3.825120000000000520e+00,1.831443160772323608e-01,1.094440817832946777e-01
-8.934852549566492996e+00,4.843336293768244261e+00,1.003987792968750000e+03,1.563817411661148071e-01,3.825130000000000141e+00,1.974113434553146362e-01,1.082233712077140808e-01
-8.935460667735979357e+00,4.867393151298549547e+00,1.516685424804687500e+03,2.002221494913101196e-01,3.825140000000000207e+00,1.330190002918243408e-01,8.396180719137191772e-02
-8.932760942879083288e+00,4.897190583536119135e+00,1.340609252929687500e+03,1.808327585458755493e-01,3.825150000000000272e+00,1.573568582534790039e-01,9.578741341829299927e-02
-8.936002625564205104e+00,4.918894946728957329e+00,4.482918945312500000e+03,1.329261213541030884e-01,3.825160000000000338e+00,1.426320821046829224e-01,1.080707833170890808e-01
-8.934000022676679365e+00,4.941469075772047859e+00,3.465578857421875000e+03,1.599341779947280884e-01,3.825170000000000403e+00,1.631552278995513916e-01,1.202778667211532593e-01
-8.930305615428526522e+00,4.963428191348280727e+00,2.358446289062500000e+03,1.624030023813247681e-01,3.825180000000000469e+00,1.450734883546829224e-01,1.010517179965972900e-01
-8.933589230044329810e+00,4.986736993869777201e+00,1.481276977539062500e+03,1.956743150949478149e-01,3.825190000000000534e+00,1.325612366199493408e-01,8.312257379293441772e-02
-8.934091706398200827e+00,5.020268420425226807e+00,1.290184570312500000e+03,1.344233900308609009e-01,3.825200000000000156e+00,1.477437913417816162e-01,8.884463459253311157e-02
-8.927383826119873689e+00,5.041836231490418818e+00,1.020962219238281250e+03,1.319068819284439087e-01,3.825210000000000221e+00,1.609426885843276978e-01,8.884463459253311157e-02
-8.932027984598011727e+00,5.060432780389950480e+00,7.444881591796875000e+02,1.109141185879707336e-01,3.825220000000000287e+00,1.756674796342849731e-01,8.327516168355941772e-02
-8.931680048098508351e+00,5.080204281313760895e+00,9.465397338867187500e+02,1.312643438577651978e-01,3.825230000000000352e+00,1.575094461441040039e-01,8.419068902730941772e-02
-8.932160335885932056e+00,5.110126072500690952e+00,1.205381103515625000e+03,1.443916708230972290e-01,3.825240000000000418e+00,1.397328972816467285e-01,8.213074505329132080e-02
-8.929019662042852801e+00,5.130522228930526119e+00,1.753233520507812500e+03,1.498693376779556274e-01,3.825250000000000483e+00,1.358418911695480347e-01,8.899722993373870850e-02
-8.928601767323803173e+00,5.148173031115081955e+00,1.056034667968750000e+03,1.093345955014228821e-01,3.825260000000000105e+00,2.077110558748245239e-01,1.162342727184295654e-01
-8.932447779403455357e+00,5.173152621032016008e+00,1.426185180664062500e+03,1.667410284280776978e-01,3.825270000000000170e+00,1.673514097929000854e-01,1.037983074784278870e-01
-8.940395980175194879e+00,5.196117262511508628e+00,9.825153808593750000e+02,1.958555132150650024e-01,3.825280000000000236e+00,1.768881827592849731e-01,9.609258919954299927e-02
-8.931126938923053871e+00,5.222700185580271715e+00,1.532263427734375000e+03,2.080446630716323853e-01,3.825290000000000301e+00,1.883323192596435547e-01,1.192097440361976624e-01
-8.932649439547093451e+00,5.243462182272185856e+00,1.054031127929687500e+03,1.554423719644546509e-01,3.825300000000000367e+00,2.014549374580383301e-01,1.126484423875808716e-01
-8.928451381616156368e+00,5.266244651997277870e+00,3.973906250000000000e+03,2.494508177042007446e-01,3.825310000000000432e+00,1.372151821851730347e-01,1.027301922440528870e-01
-8.930435201984236571e+00,5.295136247800245499e+00,1.585097167968750000e+03,1.896053701639175415e-01,3.825320000000000498e+00,1.645285189151763916e-01,1.050953119993209839e-01
-8.926988654870466888e+00,5.313021199661129401e+00,2.116663085937500000e+03,1.753193289041519165e-01,3.825330000000000119e+00,1.446920186281204224e-01,9.876289218664169312e-02
-8.930448705501854434e+00,5.338638292144513464e+00,1.330859741210937500e+03,1.932531744241714478e-01,3.825340000000000185e+00,2.183922529220581055e-01,1.326375305652618408e-01
-8.930239883709651494e+00,5.356387193348111531e+00,1.480055053710937500e+03,2.175933271646499634e-01,3.825350000000000250e+00,1.627737581729888916e-01,1.020435392856597900e-01
-8.928281129692907214e+00,5.381562773210199602e+00,1.353195312500000000e+03,2.167362123727798462e-01,3.825360000000000316e+00,1.555258035659790039e-01,9.494818001985549927e-02
-8.930407389647990968e+00,5.405977381599103460e+00,8.515513916015625000e+02,1.534122377634048462e-01,3.825370000000000381e+00,1.672751158475875854e-01,8.510622382164001465e-02
-8.925138245175554985e+00,5.430950095984980130e+00,1.900720947265625000e+03,1.511806398630142212e-01,3.825380000000000447e+00,1.892478466033935547e-01,1.263051033020019531e-01
-8.925486324788968417e+00,5.453489041429927298e+00,2.502836181640625000e+03,1.271695047616958618e-01,3.825390000000000512e+00,1.300435215234756470e-01,9.151493757963180542e-02
-8.925926045449523727e+00,5.483514823437338315e+00,2.718927246093750000e+03,2.147859483957290649e-01,3.825400000000000134e+00,1.622397005558013916e-01,1.157002076506614685e-01
-8.933098966052792633e+00,5.500596881998567333e+00,1.755519287109375000e+03,1.422578245401382446e-01,3.825410000000000199e+00,1.855094283819198608e-01,1.215748637914657593e-01
-8.923232655783541745e+00,5.522817866642429685e+00,1.279584716796875000e+03,2.118259817361831665e-01,3.825420000000000265e+00,1.684958189725875854e-01,1.010517179965972900e-01
-8.931308267134664192e+00,5.550932326480853440e+00,9.375408935546875000e+02,2.461403757333755493e-01,3.825430000000000330e+00,1.756674796342849731e-01,9.349858760833740234e-02
-8.926289075907352100e+00,5.569467993046854026e+00,9.475263061523437500e+02,2.142495065927505493e-01,3.825440000000000396e+00,1.838309615850448608e-01,9.830512106418609619e-02
-8.936342183305521658e+00,5.596022080913655827e+00,2.027964721679687500e+03,1.682096868753433228e-01,3.825450000000000461e+00,1.458364278078079224e-01,9.868659824132919312e-02
-8.925696972831234532e+00,5.623393443763847976e+00,2.005640014648437500e+03,1.842981725931167603e-01,3.825460000000000527e+00,1.425557732582092285e-01,9.624517709016799927e-02
-8.931677907951922180e+00,5.643510827787203255e+00,1.107310302734375000e+03,1.628536134958267212e-01,3.825470000000000148e+00,1.376729458570480347e-01,7.846862077713012695e-02
-8.929897986921284669e+00,5.670396838564214725e+00,3.052823486328125000e+03,1.358121782541275024e-01,3.825480000000000214e+00,1.977165192365646362e-01,1.433950215578079224e-01
-8.928962278650280027e+00,5.689399329562681018e+00,1.178497436523437500e+03,1.860791593790054321e-01,3.825490000000000279e+00,1.727682948112487793e-01,1.007465422153472900e-01
-8.929350548405180277e+00,5.716341487758228368e+00,1.970030029296875000e+03,2.748269140720367432e-01,3.825500000000000345e+00,1.393514275550842285e-01,9.372746944427490234e-02
-8.929042097736081374e+00,5.742816174659568951e+00,1.377970825195312500e+03,1.518255621194839478e-01,3.825510000000000410e+00,1.525503247976303101e-01,9.365117549896240234e-02
-8.924670898982183687e+00,5.766119683731856682e+00,2.460909179687500000e+03,1.613956838846206665e-01,3.825520000000000476e+00,1.483541429042816162e-01,1.041034832596778870e-01
-8.925461959558747438e+00,5.792493238804230060e+00,2.757217773437500000e+03,1.466614156961441040e-01,3.825530000000000097e+00,1.984031647443771362e-01,1.417928338050842285e-01
-8.931234121280098748e+00,5.814051041346167459e+00,2.460336425781250000e+03,1.761204153299331665e-01,3.825540000000000163e+00,1.462941914796829224e-01,1.026538982987403870e-01
-8.928664286195767019e+00,5.834697888064107829e+00,3.180527343750000000e+03,2.242678552865982056e-01,3.825550000000000228e+00,1.273732334375381470e-01,9.288823604583740234e-02
-8.931713227564243240e+00,5.860766041898754608e+00,3.755396972656250000e+03,1.493972688913345337e-01,3.825560000000000294e+00,1.407247185707092285e-01,1.047138422727584839e-01
-8.938698692266930479e+00,5.885315879435168540e+00,-2.751799560546875000e+03,1.319855600595474243e-01,3.825570000000000359e+00,1.043323650956153870e-01,1.010517179965972900e-01
-8.929803220797570162e+00,5.907560756641442090e+00,3.447171875000000000e+03,1.290816217660903931e-01,3.825580000000000425e+00,1.185230985283851624e-01,8.731875568628311157e-02
-8.926797570456402653e+00,5.932626145898141523e+00,1.861750000000000000e+03,1.073294952511787415e-01,3.825590000000000490e+00,1.254658699035644531e-01,8.335145562887191772e-02
-8.935157577793548356e+00,5.951725059302145127e+00,8.159984741210937500e+02,1.122921779751777649e-01,3.825600000000000112e+00,1.428609639406204224e-01,7.114437222480773926e-02
-8.931572095131228295e+00,5.977873925950691891e+00,8.681422119140625000e+02,1.135891750454902649e-01,3.825610000000000177e+00,1.783377826213836670e-01,9.159123152494430542e-02
-8.935981271544983784e+00,5.998600123881525192e+00,1.764440063476562500e+03,1.012665107846260071e-01,3.825620000000000243e+00,1.511007398366928101e-01,9.914436191320419312e-02
-8.931416952881530591e+00,6.024631886239555811e+00,9.937843017578125000e+02,1.697045713663101196e-01,3.825630000000000308e+00,1.584249883890151978e-01,8.647951483726501465e-02
-8.929298754971382479e+00,6.053329894793922250e+00,1.816779907226562500e+03,1.426595598459243774e-01,3.825640000000000374e+00,1.542287915945053101e-01,1.018909513950347900e-01
-8.933483731902146729e+00,6.075780506862275665e+00,1.638523559570312500e+03,1.973611265420913696e-01,3.825650000000000439e+00,1.994712799787521362e-01,1.285176426172256470e-01
-8.930441395379725478e+00,6.096973341263030477e+00,1.203882324218750000e+03,2.122455984354019165e-01,3.825660000000000505e+00,2.151115983724594116e-01,1.263813972473144531e-01
-8.933521369182738425e+00,6.124649243366384610e+00,1.995009277343750000e+03,2.771145403385162354e-01,3.825670000000000126e+00,1.860435009002685547e-01,1.254658699035644531e-01
-8.933845680141219603e+00,6.137435703937851095e+00,2.161723144531250000e+03,2.734226286411285400e-01,3.825680000000000192e+00,1.391988396644592285e-01,9.540594369173049927e-02
-8.934078345484234518e+00,6.163474073499330075e+00,1.333671997070312500e+03,1.836210638284683228e-01,3.825690000000000257e+00,1.439290791749954224e-01,8.747134357690811157e-02
-8.929638511874692597e+00,6.187257479742847011e+00,1.414799560546875000e+03,1.349753290414810181e-01,3.825700000000000323e+00,1.617056280374526978e-01,1.000598892569541931e-01
-8.929368269647007139e+00,6.212557364561310358e+00,1.887862426757812500e+03,1.517635732889175415e-01,3.825710000000000388e+00,1.459127217531204224e-01,9.723700582981109619e-02
-8.941079144124797651e+00,6.236298301229800778e+00,1.290944702148437500e+03,1.500910669565200806e-01,3.825720000000000454e+00,1.675039976835250854e-01,1.007465422153472900e-01
-8.930690904646279904e+00,6.258032516942873436e+00,1.233376342773437500e+03,1.299220472574234009e-01,3.825730000000000519e+00,1.570516824722290039e-01,9.304082393646240234e-02
-8.936893221288940481e+00,6.283561425770317399e+00,1.335211059570312500e+03,1.801997572183609009e-01,3.825740000000000141e+00,1.418691277503967285e-01,8.625063300132751465e-02
-8.932740267077884155e+00,6.305029966511406236e+00,1.997639892578125000e+03,1.373320966958999634e-01,3.825750000000000206e+00,1.462941914796829224e-01,9.868659824132919312e-02
-8.931425650546442441e+00,6.336317075652658559e+00,1.314376464843750000e+03,1.323539167642593384e-01,3.825760000000000272e+00,1.419454216957092285e-01,8.586916327476501465e-02
-8.929904464799465202e+00,6.354654313899662732e+00,6.650894165039062500e+02,1.581317335367202759e-01,3.825770000000000337e+00,1.623922884464263916e-01,7.198361307382583618e-02
-8.927769915211159812e+00,6.377248485659283261e+00,1.121030761718750000e+03,1.257175356149673462e-01,3.825780000000000403e+00,1.710135340690612793e-01,9.792365133762359619e-02
-8.929518778593244832e+00,6.404876340162186210e+00,1.100477050781250000e+03,1.373511701822280884e-01,3.825790000000000468e+00,1.731497645378112793e-01,9.845770895481109619e-02
-8.931648815344138015e+00,6.424096796031086853e+00,1.609482666015625000e+03,1.756566911935806274e-01,3.825800000000000534e+00,1.942069828510284424e-01,1.245503425598144531e-01
-8.929128458079746977e+00,6.447580500283133453e+00,1.050784082031250000e+04,1.843482404947280884e-01,3.825810000000000155e+00,2.293023318052291870e-01,1.832969039678573608e-01
-8.933170096705772778e+00,6.470050214064922756e+00,1.503429931640625000e+03,3.752631247043609619e-01,3.825820000000000221e+00,1.501851975917816162e-01,9.456670284271240234e-02
-8.928838229869432652e+00,6.494900438672162934e+00,1.162638427734375000e+03,3.536242544651031494e-01,3.825830000000000286e+00,1.588827520608901978e-01,9.220158308744430542e-02
-8.931838965573122735e+00,6.519801761867045187e+00,1.264313354492187500e+03,1.702135950326919556e-01,3.825840000000000352e+00,1.620108038187026978e-01,9.677924215793609619e-02
-8.925923307331220968e+00,6.541423101455684730e+00,8.683264770507812500e+02,1.581806093454360962e-01,3.825850000000000417e+00,1.860435009002685547e-01,9.555853158235549927e-02
-8.930232782070426367e+00,6.564627449780259028e+00,1.180472290039062500e+03,1.516682058572769165e-01,3.825860000000000483e+00,1.542287915945053101e-01,8.998905122280120850e-02
-8.933384874606833392e+00,6.587803013233475724e+00,1.061349731445312500e+03,1.593667417764663696e-01,3.825870000000000104e+00,1.530080884695053101e-01,8.579286932945251465e-02
-8.926601717196950503e+00,6.617186649255214270e+00,5.119312988281250000e+03,1.252526193857192993e-01,3.825880000000000170e+00,1.274495273828506470e-01,9.769476950168609619e-02
-8.925985646003608665e+00,6.639549783050551213e+00,2.154048339843750000e+03,1.341051012277603149e-01,3.825890000000000235e+00,1.414113640785217285e-01,9.685553610324859619e-02
-8.927120131950832871e+00,6.663126331832724958e+00,1.199569946289062500e+03,1.441592127084732056e-01,3.825900000000000301e+00,1.373677700757980347e-01,8.060485869646072388e-02
-8.928565457778617542e+00,6.687993234038379420e+00,9.349378662109375000e+02,1.356226354837417603e-01,3.825910000000000366e+00,1.382832974195480347e-01,7.350949943065643311e-02
-8.926397862490718538e+00,6.704330810800051665e+00,1.119748657226562500e+03,1.269322782754898071e-01,3.825920000000000432e+00,1.341634094715118408e-01,7.679014652967453003e-02
-8.928310744402748966e+00,6.738034426202393234e+00,1.337198852539062500e+03,1.189571693539619446e-01,3.825930000000000497e+00,1.647574007511138916e-01,1.002124771475791931e-01
-8.925771059216810244e+00,6.756253814405682512e+00,1.252574707031250000e+03,1.244312599301338196e-01,3.825940000000000119e+00,1.359944790601730347e-01,8.098632842302322388e-02
-8.928466529262898632e+00,6.779194955858769411e+00,2.925950927734375000e+03,1.368087679147720337e-01,3.825950000000000184e+00,1.388936638832092285e-01,1.001361832022666931e-01
-8.920386851011876672e+00,6.802779145599461508e+00,1.863727539062500000e+03,1.126080825924873352e-01,3.825960000000000250e+00,1.346211731433868408e-01,8.945499360561370850e-02
-8.923364665168531218e+00,6.826353516559401591e+00,2.153394531250000000e+03,1.290732771158218384e-01,3.825970000000000315e+00,1.319508850574493408e-01,9.037052094936370850e-02
-8.921385005815322344e+00,6.850897741854841350e+00,1.389926391601562500e+03,1.396602541208267212e-01,3.825980000000000381e+00,1.170735061168670654e-01,7.205990701913833618e-02
-8.925908240394782922e+00,6.873143462451210439e+00,9.484639892578125000e+02,1.263970285654067993e-01,3.825990000000000446e+00,1.640707552433013916e-01,8.777651935815811157e-02
-8.926124147405369413e+00,6.900066640059722367e+00,1.392321166992187500e+03,1.089984253048896790e-01,3.826000000000000512e+00,1.783377826213836670e-01,1.098255515098571777e-01
-8.932281970939635940e+00,6.920525085665239828e+00,1.885590698242187500e+03,1.743143945932388306e-01,3.826010000000000133e+00,1.446920186281204224e-01,9.639776498079299927e-02
-8.923119587936406916e+00,6.947260836485439128e+00,1.043553100585937500e+03,1.978355795145034790e-01,3.826020000000000199e+00,1.825339645147323608e-01,1.016620695590972900e-01
-8.928271207986917091e+00,6.964787076768826246e+00,1.324191772460937500e+03,1.467079073190689087e-01,3.826030000000000264e+00,1.507955640554428101e-01,9.143864363431930542e-02
-8.926764119728204605e+00,6.996602636352183602e+00,1.061851440429687500e+03,1.439863592386245728e-01,3.826040000000000330e+00,1.483541429042816162e-01,8.319886773824691772e-02
-8.929090096142610733e+00,7.023573330227259603e+00,3.549060302734375000e+03,1.139980629086494446e-01,3.826050000000000395e+00,1.594931036233901978e-01,1.179127395153045654e-01
-8.927150534521954839e+00,7.038686304891545120e+00,1.765864257812500000e+03,1.687270551919937134e-01,3.826060000000000461e+00,1.553732156753540039e-01,1.019672453403472900e-01
-8.931926312521932587e+00,7.065325801372085657e+00,1.523288330078125000e+03,1.809519678354263306e-01,3.826070000000000526e+00,1.432424336671829224e-01,9.052310883998870850e-02
-8.927431344851484596e+00,7.085839892914743032e+00,1.728966918945312500e+03,1.414019018411636353e-01,3.826080000000000148e+00,1.475149095058441162e-01,9.632147103548049927e-02
-8.927563407723397404e+00,7.112096034183381654e+00,1.331273437500000000e+03,1.191920116543769836e-01,3.826090000000000213e+00,1.671225279569625854e-01,1.015094816684722900e-01
-8.926151387320160779e+00,7.140561789475377452e+00,1.127560668945312500e+03,1.447147279977798462e-01,3.826100000000000279e+00,1.464467793703079224e-01,8.403810113668441772e-02
-8.929554867548409547e+00,7.157432041986725224e+00,8.830875244140625000e+02,1.430040746927261353e-01,3.826110000000000344e+00,1.768881827592849731e-01,9.159123152494430542e-02
-8.931144774972233691e+00,7.180245660243935291e+00,1.467769287109375000e+03,1.250988394021987915e-01,3.826120000000000410e+00,1.470571458339691162e-01,9.197270125150680542e-02
-8.925833597753726423e+00,7.204866948442712804e+00,1.428899047851562500e+03,1.649385839700698853e-01,3.826130000000000475e+00,1.415639519691467285e-01,8.785281330347061157e-02
-8.933000358277784159e+00,7.235405535186497872e+00,1.832880615234375000e+03,1.401752382516860962e-01,3.826140000000000096e+00,1.440053731203079224e-01,9.532964974641799927e-02
-8.928105750876573765e+00,7.260568602723725284e+00,9.475739746093750000e+02,1.340419203042984009e-01,3.826150000000000162e+00,1.717001795768737793e-01,9.182011336088180542e-02
-8.933616783516857396e+00,7.280395650790930873e+00,1.163219116210937500e+03,1.553315073251724243e-01,3.826160000000000228e+00,1.667410582304000854e-01,9.677924215793609619e-02
-8.929153564429675782e+00,7.305675825462717654e+00,1.266556640625000000e+03,1.350194364786148071e-01,3.826170000000000293e+00,1.801688373088836670e-01,1.076893135905265808e-01
-8.931370013247784456e+00,7.327888379799523122e+00,2.520275634765625000e+03,1.932126432657241821e-01,3.826180000000000359e+00,1.755911856889724731e-01,1.237111017107963562e-01
-8.928435160460828968e+00,7.356341559037772093e+00,1.125728759765625000e+03,2.104121595621109009e-01,3.826190000000000424e+00,1.762015372514724731e-01,1.010517179965972900e-01
-8.932420090548360392e+00,7.374348935884190936e+00,2.620241455078125000e+03,2.084058672189712524e-01,3.826200000000000490e+00,1.366048306226730347e-01,9.685553610324859619e-02
-8.926962810602713461e+00,7.405717618666530555e+00,1.487888671875000000e+03,1.995462328195571899e-01,3.826210000000000111e+00,1.293568760156631470e-01,8.121521770954132080e-02
-8.933915826211540789e+00,7.425500407882653420e+00,7.699468383789062500e+02,1.601976305246353149e-01,3.826220000000000176e+00,1.465230882167816162e-01,7.076290249824523926e-02
-8.926833010165870164e+00,7.439690745492726798e+00,9.796408691406250000e+02,1.214295700192451477e-01,3.826230000000000242e+00,1.689535826444625854e-01,9.166752547025680542e-02
-8.933725659648068529e+00,7.465072877585473776e+00,1.615839477539062500e+03,1.368898302316665649e-01,3.826240000000000308e+00,1.530080884695053101e-01,9.822882711887359619e-02
-8.922173625205349623e+00,7.491079448604502034e+00,1.337428222656250000e+03,1.781731992959976196e-01,3.826250000000000373e+00,1.696402281522750854e-01,1.031879559159278870e-01
-8.925209396381241334e+00,7.516618288037674844e+00,1.064859130859375000e+03,1.297599226236343384e-01,3.826260000000000439e+00,1.772696524858474731e-01,9.952583163976669312e-02
-8.927474522303446847e+00,7.540235767688006518e+00,1.264992065429687500e+03,1.629549413919448853e-01,3.826270000000000504e+00,1.567465066909790039e-01,9.365117549896240234e-02
-8.929874823146155549e+00,7.558072609942922071e+00,4.628714843750000000e+03,1.715988069772720337e-01,3.826280000000000125e+00,1.163105666637420654e-01,8.838687092065811157e-02
-8.923578311020655462e+00,7.584243497552528801e+00,1.370404907226562500e+03,1.358705908060073853e-01,3.826290000000000191e+00,1.718527674674987793e-01,1.053241938352584839e-01
-8.924849833779671116e+00,7.614789535250207742e+00,1.009113098144531250e+03,1.235348060727119446e-01,3.826300000000000257e+00,1.494985520839691162e-01,8.213074505329132080e-02
-8.919163795204790190e+00,7.635529345726553174e+00,1.449591186523437500e+03,1.552981287240982056e-01,3.826310000000000322e+00,1.816184222698211670e-01,1.131825000047683716e-01
-8.927902191682040467e+00,7.652768565146592650e+00,1.261721923828125000e+03,1.329893022775650024e-01,3.826320000000000388e+00,2.055748254060745239e-01,1.227192804217338562e-01
-8.928893694801400827e+00,7.685728648579432942e+00,1.107508422851562500e+03,1.974493414163589478e-01,3.826330000000000453e+00,1.490407884120941162e-01,8.495362848043441772e-02
-8.926666516626866610e+00,7.712481003314300310e+00,1.565709228515625000e+03,2.041548639535903931e-01,3.826340000000000519e+00,1.530843824148178101e-01,9.746588766574859619e-02
-8.933714407906613530e+00,7.727344169165967003e+00,1.902997680664062500e+03,1.615518480539321899e-01,3.826350000000000140e+00,1.528555005788803101e-01,1.020435392856597900e-01
-8.927630387038236748e+00,7.752320591465207578e+00,2.547732666015625000e+03,1.592034250497817993e-01,3.826360000000000205e+00,1.413350701332092285e-01,9.975471347570419312e-02
-8.926978005901768043e+00,7.779738201329182701e+00,1.639000976562500000e+03,1.536387354135513306e-01,3.826370000000000271e+00,1.452260762453079224e-01,9.357488155364990234e-02
-8.924114958627214378e+00,7.798655119329833241e+00,1.062081909179687500e+03,1.505929380655288696e-01,3.826380000000000337e+00,1.294331699609756470e-01,7.259396463632583618e-02
-8.932306984381799708e+00,7.816905743660554684e+00,1.258448730468750000e+03,1.288980394601821899e-01,3.826390000000000402e+00,1.758200675249099731e-01,1.048664301633834839e-01
-8.925127307555966283e+00,7.841838841461925114e+00,4.187125976562500000e+03,1.169103458523750305e-01,3.826400000000000468e+00,2.431115806102752686e-01,1.829917281866073608e-01
-8.930013016474088516e+00,7.874644822376416720e+00,8.879614868164062500e+02,2.481228262186050415e-01,3.826410000000000533e+00,2.202233076095581055e-01,1.143269166350364685e-01
-8.927241756484185942e+00,7.898460807182204668e+00,1.548927734375000000e+03,3.207964003086090088e-01,3.826420000000000154e+00,2.001579254865646362e-01,1.270680576562881470e-01
-8.931087935910198894e+00,7.916377510112702964e+00,1.510600341796875000e+03,2.402550131082534790e-01,3.826430000000000220e+00,1.395803093910217285e-01,8.800540119409561157e-02
-8.932191005940214978e+00,7.942363210364387527e+00,1.626698974609375000e+03,1.915401369333267212e-01,3.826440000000000285e+00,1.483541429042816162e-01,9.540594369173049927e-02
-8.932329083078334619e+00,7.962991384451932220e+00,9.844014282226562500e+02,1.381701380014419556e-01,3.826450000000000351e+00,1.742178946733474731e-01,9.471929073333740234e-02
-8.925762781217169817e+00,7.991433883501997570e+00,8.375320434570312500e+02,1.688546091318130493e-01,3.826460000000000417e+00,1.530843824148178101e-01,7.724791765213012695e-02
-8.931777336850775129e+00,8.010002901134296138e+00,1.530548217773437500e+03,1.660603433847427368e-01,3.826470000000000482e+00,1.452260762453079224e-01,9.189640730619430542e-02
-8.926859061729579992e+00,8.036742960447822881e+00,1.665923095703125000e+03,1.236289814114570618e-01,3.826480000000000103e+00,1.662070006132125854e-01,1.075367256999015808e-01
-8.928721273586754492e+00,8.059490264321258479e+00,9.528093261718750000e+02,1.398760229349136353e-01,3.826490000000000169e+00,1.570516824722290039e-01,8.419068902730941772e-02
-8.930374558839108801e+00,8.077380555214865865e+00,2.017744384765625000e+03,1.622146517038345337e-01,3.826500000000000234e+00,1.459890156984329224e-01,9.868659824132919312e-02
-8.934197655943588501e+00,8.103418736825473090e+00,2.781694091796875000e+03,1.341051012277603149e-01,3.826510000000000300e+00,1.545339822769165039e-01,1.105884984135627747e-01
-8.930009617256954968e+00,8.130773207421915671e+00,1.083247802734375000e+03,1.856929212808609009e-01,3.826520000000000366e+00,1.635366976261138916e-01,9.243046492338180542e-02
-8.935971592458498591e+00,8.158271687107209402e+00,2.348220947265625000e+03,2.005082517862319946e-01,3.826530000000000431e+00,2.135857194662094116e-01,1.486593186855316162e-01
-8.938442744749574231e+00,8.175815541656326957e+00,1.088788378906250000e+04,1.551884561777114868e-01,3.826540000000000497e+00,1.747519522905349731e-01,1.398854851722717285e-01
-8.936643650872055034e+00,8.198613463549397906e+00,2.703520996093750000e+03,2.977901995182037354e-01,3.826550000000000118e+00,1.849753707647323608e-01,1.317982971668243408e-01
-8.937814347216818334e+00,8.224582790732572590e+00,3.348312255859375000e+03,2.621072828769683838e-01,3.826560000000000183e+00,1.755911856889724731e-01,1.288991123437881470e-01
-8.941194107065534524e+00,8.246095773676810126e+00,2.414958007812500000e+03,2.261477857828140259e-01,3.826570000000000249e+00,1.609426885843276978e-01,1.125721484422683716e-01
-8.937439460094758203e+00,8.270730781162990652e+00,1.158230224609375000e+03,2.288156896829605103e-01,3.826580000000000314e+00,1.691061705350875854e-01,9.799994528293609619e-02
-8.933490826706897536e+00,8.292463528413534846e+00,1.461038452148437500e+03,1.686567217111587524e-01,3.826590000000000380e+00,1.550680398941040039e-01,9.685553610324859619e-02
-8.928418285730707282e+00,8.319278369690414010e+00,2.025267211914062500e+03,1.672059446573257446e-01,3.826600000000000446e+00,1.511770337820053101e-01,1.022724211215972900e-01
-8.928564732741531174e+00,8.338969518801910397e+00,1.313841064453125000e+03,1.919132620096206665e-01,3.826610000000000511e+00,1.442342549562454224e-01,8.724246174097061157e-02
-8.934278704156936257e+00,8.362853211523230357e+00,3.446980224609375000e+03,1.629108339548110962e-01,3.826620000000000132e+00,1.787955462932586670e-01,1.317220032215118408e-01
-8.929870518230142551e+00,8.381850436254815406e+00,1.421560791015625000e+03,1.803881078958511353e-01,3.826630000000000198e+00,1.327901184558868408e-01,8.228333294391632080e-02
-8.932965463623038005e+00,8.413707725649837599e+00,1.642101928710937500e+03,1.915437132120132446e-01,3.826640000000000263e+00,1.565176248550415039e-01,1.008991301059722900e-01
-8.930004792923670109e+00,8.441689141984934253e+00,2.710883056640625000e+03,1.235002353787422180e-01,3.826650000000000329e+00,1.485067307949066162e-01,1.058582514524459839e-01
-8.939397918182217850e+00,8.461335530729586552e+00,1.273632080078125000e+03,1.427775770425796509e-01,3.826660000000000394e+00,1.669699400663375854e-01,9.998359531164169312e-02
-8.932072828813218734e+00,8.484713039208068963e+00,1.836158813476562500e+03,1.753360182046890259e-01,3.826670000000000460e+00,1.470571458339691162e-01,9.738959372043609619e-02
-8.929182353030004293e+00,8.505325520441010312e+00,1.701156738281250000e+03,1.676780134439468384e-01,3.826680000000000526e+00,1.350789517164230347e-01,8.785281330347061157e-02
-8.925018781707759530e+00,8.528676361982437726e+00,1.052711791992187500e+03,1.339107900857925415e-01,3.826690000000000147e+00,1.700217127799987793e-01,9.502447396516799927e-02
-8.929922787189035205e+00,8.553033517052744727e+00,2.095726562500000000e+03,1.670354753732681274e-01,3.826700000000000212e+00,2.663813233375549316e-01,1.814658343791961670e-01
-8.926396467156248349e+00,8.574091053314306876e+00,1.928232177734375000e+03,1.677018553018569946e-01,3.826710000000000278e+00,2.373132258653640747e-01,1.588827520608901978e-01
-8.927843837375680991e+00,8.597621938354789606e+00,1.135048950195312500e+03,4.508346617221832275e-01,3.826720000000000343e+00,1.609426885843276978e-01,9.258305281400680542e-02
-8.927965569897736486e+00,8.629990454629739460e+00,9.437301025390625000e+02,3.443938791751861572e-01,3.826730000000000409e+00,1.765830069780349731e-01,9.426152706146240234e-02
-8.921665349456295857e+00,8.649886705049835811e+00,1.293349121093750000e+03,1.588958650827407837e-01,3.826740000000000475e+00,1.676565855741500854e-01,1.008991301059722900e-01
-8.923759113456501524e+00,8.665282065986005477e+00,2.097279541015625000e+03,1.946157366037368774e-01,3.826750000000000096e+00,1.587301641702651978e-01,1.081470772624015808e-01
-8.920878268882434625e+00,8.703643363234453645e+00,2.804058105468750000e+03,1.539963632822036743e-01,3.826760000000000161e+00,1.437001973390579224e-01,1.029590740799903870e-01
-8.928140091573034454e+00,8.721956814859614937e+00,3.388452636718750000e+03,1.894933134317398071e-01,3.826770000000000227e+00,1.408773064613342285e-01,1.035694256424903870e-01
-8.927853637977005263e+00,8.743531999445121272e+00,1.493791748046875000e+03,1.473087221384048462e-01,3.826780000000000292e+00,1.577383279800415039e-01,9.914436191320419312e-02
-8.924429107381740778e+00,8.770849491930611919e+00,1.470458007812500000e+03,1.525741964578628540e-01,3.826790000000000358e+00,1.594168096780776978e-01,9.975471347570419312e-02
-8.922468046722364932e+00,8.792994469713425687e+00,1.482893310546875000e+03,2.037650495767593384e-01,3.826800000000000423e+00,1.551443338394165039e-01,9.731329977512359619e-02
-8.923762478513706853e+00,8.819279167340210890e+00,6.900906372070312500e+02,1.855343729257583618e-01,3.826810000000000489e+00,1.980979889631271362e-01,8.983646333217620850e-02
-8.924231022110996392e+00,8.837384185712481965e+00,1.751207519531250000e+03,1.890915781259536743e-01,3.826820000000000110e+00,1.707083582878112793e-01,1.118092015385627747e-01
-8.922310542650128795e+00,8.866201848980361788e+00,4.144587402343750000e+03,1.843506246805191040e-01,3.826830000000000176e+00,1.823813766241073608e-01,1.371388882398605347e-01
-8.923143296565525517e+00,8.900104010707144297e+00,2.554980937500000000e+05,2.291005998849868774e-01,3.826840000000000241e+00,1.233296319842338562e-01,1.024250090122222900e-01
-8.932172410729926071e+00,8.916149973425316233e+00,2.512973632812500000e+03,1.966732889413833618e-01,3.826850000000000307e+00,1.080707833170890808e-01,7.610350102186203003e-02
-8.921487422957362412e+00,8.935733851392953397e+00,1.683860107421875000e+03,1.313144117593765259e-01,3.826860000000000372e+00,1.709372401237487793e-01,1.108936741948127747e-01
-8.920834939235371408e+00,8.965553670289480692e+00,1.680009155273437500e+03,1.102954223752021790e-01,3.826870000000000438e+00,1.883323192596435547e-01,1.221089288592338562e-01
-8.921724069660852408e+00,8.983669134221740293e+00,1.433916503906250000e+03,2.204364687204360962e-01,3.826880000000000503e+00,1.452260762453079224e-01,9.021793305873870850e-02
-8.923941810939359343e+00,9.006102020961789023e+00,1.691066528320312500e+03,1.844042688608169556e-01,3.826890000000000125e+00,1.364522427320480347e-01,8.861575275659561157e-02
-8.928574265650109254e+00,9.033558133970153392e+00,1.182778442382812500e+03,1.118344143033027649e-01,3.826900000000000190e+00,1.798636615276336670e-01,1.050190180540084839e-01
-8.922604022118038714e+00,9.054341426430493556e+00,7.739768676757812500e+02,1.429313570261001587e-01,3.826910000000000256e+00,1.933677494525909424e-01,9.365117549896240234e-02
-8.924125597832503587e+00,9.076233782870360756e+00,1.335540527343750000e+03,1.937383562326431274e-01,3.826920000000000321e+00,1.467519700527191162e-01,8.922611176967620850e-02
-8.928981604240417980e+00,9.106344089454967872e+00,1.223378784179687500e+03,1.580172926187515259e-01,3.826930000000000387e+00,1.754385977983474731e-01,1.036457195878028870e-01
-8.933755858959122165e+00,9.123556605251343044e+00,3.118635253906250000e+03,1.736289411783218384e-01,3.826940000000000452e+00,1.225666925311088562e-01,8.914981782436370850e-02
-8.926344947729125678e+00,9.152811019043893381e+00,9.272907714843750000e+02,1.682478338479995728e-01,3.826950000000000518e+00,1.461416035890579224e-01,7.740050554275512695e-02
-8.928014686024535962e+00,9.176073914003033849e+00,7.393076782226562500e+02,1.079255416989326477e-01,3.826960000000000139e+00,1.446920186281204224e-01,6.832148879766464233e-02
-8.932614835964976407e+00,9.195978983158690667e+00,9.025755004882812500e+02,1.190441921353340149e-01,3.826970000000000205e+00,1.526266187429428101e-01,7.984191924333572388e-02
-8.929238593117295508e+00,9.216594492995371368e+00,1.197445434570312500e+03,1.030033901333808899e-01,3.826980000000000270e+00,1.494222581386566162e-01,8.762393146753311157e-02
-8.933594132197329785e+00,9.249998274303294465e+00,2.156166259765625000e+03,1.351410299539566040e-01,3.826990000000000336e+00,1.528555005788803101e-01,1.047138422727584839e-01
-8.929611505828795259e+00,9.271280117738442073e+00,1.512235351562500000e+03,1.663047224283218384e-01,3.827000000000000401e+00,1.466756761074066162e-01,9.250675886869430542e-02
-8.933283203715877363e+00,9.294737434396745712e+00,1.252774902343750000e+03,1.508039385080337524e-01,3.827010000000000467e+00,1.575094461441040039e-01,9.380376338958740234e-02
-8.937744388492570025e+00,9.320493117787245652e+00,2.541564208984375000e+03,1.511806398630142212e-01,3.827020000000000532e+00,1.305775791406631470e-01,9.212528914213180542e-02
-8.934661227712574316e+00,9.338573067408708184e+00,1.287697875976562500e+03,1.721996217966079712e-01,3.827030000000000154e+00,1.263813972473144531e-01,7.595091313123703003e-02
-8.936736371241476462e+00,9.364869759151794426e+00,1.285156494140625000e+03,1.188391521573066711e-01,3.827040000000000219e+00,1.579672098159790039e-01,9.487188607454299927e-02
-8.928470516424523495e+00,9.386214299166846686e+00,1.247524536132812500e+03,1.198929622769355774e-01,3.827050000000000285e+00,1.931388527154922485e-01,1.148609742522239685e-01
-8.936339014223369404e+00,9.410683618313381515e+00,8.883033447265625000e+02,1.614040285348892212e-01,3.827060000000000350e+00,1.715475916862487793e-01,8.907352387905120850e-02
-8.935687594936164047e+00,9.437518476899299458e+00,1.144949584960937500e+03,2.173298746347427368e-01,3.827070000000000416e+00,1.818473190069198608e-01,1.049427241086959839e-01
-8.939803427988387341e+00,9.460850957131842875e+00,1.569367797851562500e+03,1.445669084787368774e-01,3.827080000000000481e+00,1.456838399171829224e-01,9.281194210052490234e-02
-8.929960167093026868e+00,9.477783911547362550e+00,-2.880315234375000000e+04,1.554745584726333618e-01,3.827090000000000103e+00,1.193623319268226624e-01,1.007465422153472900e-01
-8.934728866668299574e+00,9.492768122314428680e+00,1.480962036132812500e+03,1.388794332742691040e-01,3.827100000000000168e+00,1.587301641702651978e-01,9.952583163976669312e-02
-8.931036261362386597e+00,9.509043101088671790e+00,1.152859252929687500e+03,1.352852731943130493e-01,3.827110000000000234e+00,1.585775762796401978e-01,9.174381941556930542e-02
-8.929691953768701396e+00,9.528973623896991541e+00,1.092703369140625000e+03,1.680416017770767212e-01,3.827120000000000299e+00,1.469808518886566162e-01,8.335145562887191772e-02
-8.937597984131572915e+00,9.541266253601516922e+00,-3.083325927734375000e+03,1.497739702463150024e-01,3.827130000000000365e+00,3.559125959873199463e-02,3.391278907656669617e-02
-8.927473858995837119e+00,9.557811855892802910e+00,8.093867675781250000e+03,1.209276989102363586e-01,3.827140000000000430e+00,3.559125959873199463e-02,2.811442688107490540e-02
-8.930613672156169969e+00,9.573766869918024724e+00,-4.603998413085937500e+02,1.064246967434883118e-01,3.827150000000000496e+00,1.811988092958927155e-02,3.742232173681259155e-02
