# x_coordinates, y_coordinates, TEP, TED, times, high, low
-9.855931678038638566e+00,-9.885620865166229621e+00,1.203166381835937500e+03,5.441964045166969299e-02,2.727020000000000444e+00,4.720705747604370117e-01,2.772913873195648193e-01
-9.862334653683941355e+00,-9.888354315975000475e+00,1.926052734375000000e+03,2.575344145298004150e-01,2.727030000000000065e+00,4.610079228878021240e-01,3.085720241069793701e-01
-9.854540899854038472e+00,-9.898431291746954130e+00,1.063179931640625000e+03,4.212564527988433838e-01,2.727040000000000131e+00,5.254765748977661133e-01,2.948390841484069824e-01
-9.850546734963916862e+00,-9.900667108260776672e+00,1.355659057617187500e+03,5.287403464317321777e-01,2.727050000000000196e+00,5.263921022415161133e-01,3.215420544147491455e-01
-9.854734146790864457e+00,-9.903331809428014054e+00,1.721957641601562500e+03,4.677969515323638916e-01,2.727060000000000262e+00,6.229805946350097656e-01,4.063812494277954102e-01
-9.851479744030676500e+00,-9.897024217859330619e+00,1.686003906250000000e+03,5.416018366813659668e-01,2.727070000000000327e+00,6.522012948989868164e-01,4.232422709465026855e-01
-9.850171072746233492e+00,-9.894203425530772478e+00,1.975836914062500000e+03,7.165772318840026855e-01,2.727080000000000393e+00,8.348496556282043457e-01,5.618689060211181641e-01
-9.846309921354150063e+00,-9.887532745111982990e+00,2.664888427734375000e+03,8.006054759025573730e-01,2.727090000000000014e+00,6.088661551475524902e-01,4.328553378582000732e-01
-9.854034629197052197e+00,-9.878911151409242919e+00,1.771568481445312500e+03,8.928973078727722168e-01,2.727100000000000080e+00,8.573564887046813965e-01,5.630896091461181641e-01
-9.853172258449417242e+00,-9.867854549182542456e+00,2.551382812500000000e+03,8.580726981163024902e-01,2.727110000000000145e+00,8.033401370048522949e-01,5.671331882476806641e-01
-9.850999988716228728e+00,-9.858165156222307601e+00,1.274718017578125000e+03,1.030044078826904297e+00,2.727120000000000211e+00,6.430459618568420410e-01,3.851714432239532471e-01
-9.847589550137200831e+00,-9.839862103970283158e+00,1.358824951171875000e+03,9.407383799552917480e-01,2.727130000000000276e+00,5.112858414649963379e-01,3.125393390655517578e-01
-9.848831679018138274e+00,-9.816647209589998369e+00,1.250933105468750000e+03,7.323414683341979980e-01,2.727140000000000342e+00,5.012149810791015625e-01,2.983486056327819824e-01
-9.851242787423750258e+00,-9.799026630459060527e+00,1.462103149414062500e+03,4.916626513004302979e-01,2.727150000000000407e+00,5.133457779884338379e-01,3.207028210163116455e-01
-9.860019769168594905e+00,-9.781339090281457871e+00,1.447143188476562500e+03,5.486280322074890137e-01,2.727160000000000029e+00,5.521032214164733887e-01,3.438962697982788086e-01
-9.854548811111094153e+00,-9.766020548583082217e+00,1.281358764648437500e+03,4.683274328708648682e-01,2.727170000000000094e+00,6.456399559974670410e-01,3.873839974403381348e-01
-9.858852658605448127e+00,-9.740579870302438437e+00,1.435634887695312500e+03,5.582792162895202637e-01,2.727180000000000160e+00,6.283974647521972656e-01,3.905120491981506348e-01
-9.852368139879990494e+00,-9.714286126625443885e+00,1.418254760742187500e+03,7.364148497581481934e-01,2.727190000000000225e+00,6.579996347427368164e-01,4.074493646621704102e-01
-9.855846965903536372e+00,-9.694634858880247563e+00,9.426758422851562500e+02,7.034177184104919434e-01,2.727200000000000291e+00,5.919288396835327148e-01,3.158199787139892578e-01
-9.856808999715655162e+00,-9.673662910535890447e+00,1.415665527343750000e+03,8.048743605613708496e-01,2.727210000000000356e+00,5.533239245414733887e-01,3.424466848373413086e-01
-9.857213193133530282e+00,-9.637185955515368718e+00,2.036146606445312500e+03,5.686182379722595215e-01,2.727220000000000422e+00,5.704138875007629395e-01,3.863158524036407471e-01
-9.853760877248005201e+00,-9.621937299103789698e+00,1.627728271484375000e+03,5.313748717308044434e-01,2.727230000000000043e+00,5.315800905227661133e-01,3.419126272201538086e-01
-9.857199786151742416e+00,-9.592257845082615475e+00,1.460202880859375000e+03,6.536931395530700684e-01,2.727240000000000109e+00,5.412694811820983887e-01,3.380216062068939209e-01
-9.854250090511293081e+00,-9.569486502131987038e+00,1.724581909179687500e+03,5.492765307426452637e-01,2.727250000000000174e+00,5.254765748977661133e-01,3.429044485092163086e-01
-9.853925261466233820e+00,-9.545656222546622161e+00,1.903232666015625000e+03,5.977100729942321777e-01,2.727260000000000240e+00,5.586645603179931641e-01,3.729643821716308594e-01
-9.848457411027240482e+00,-9.521893244995702332e+00,1.299592285156250000e+03,6.015498042106628418e-01,2.727270000000000305e+00,6.420541405677795410e-01,3.870025277137756348e-01
-9.853405608084809586e+00,-9.498145165286556946e+00,1.335570678710937500e+03,6.573027968406677246e-01,2.727280000000000371e+00,6.076454520225524902e-01,3.694548308849334717e-01
-9.849347308334431617e+00,-9.480344568390774995e+00,1.285812500000000000e+03,7.017428278923034668e-01,2.727290000000000436e+00,5.389806032180786133e-01,3.237545788288116455e-01
-9.854388501076391194e+00,-9.458143441618652503e+00,1.426340332031250000e+03,6.179398894309997559e-01,2.727300000000000058e+00,5.866645574569702148e-01,3.638853728771209717e-01
-9.849943256333997255e+00,-9.440055734212362992e+00,2.048542724609375000e+03,5.534190535545349121e-01,2.727310000000000123e+00,5.617163181304931641e-01,3.808989822864532471e-01
-9.853357869810070113e+00,-9.417978900505291406e+00,2.297784179687500000e+03,6.345469355583190918e-01,2.727320000000000189e+00,7.462720870971679688e-01,5.173893570899963379e-01
-9.852810738984850047e+00,-9.399533579650460879e+00,2.595855468750000000e+03,7.845456004142761230e-01,2.727330000000000254e+00,6.199288368225097656e-01,4.388825893402099609e-01
-9.850631779268139709e+00,-9.372717304528208615e+00,1.559868041992187500e+03,8.555359244346618652e-01,2.727340000000000320e+00,5.850623250007629395e-01,3.721251487731933594e-01
-9.850811378079187719e+00,-9.355571221736070697e+00,1.473813232421875000e+03,6.900710463523864746e-01,2.727350000000000385e+00,5.332585573196411133e-01,3.339017331600189209e-01
-9.848939493912565624e+00,-9.339308753150291409e+00,1.351839355468750000e+03,6.769449114799499512e-01,2.727360000000000007e+00,5.254765748977661133e-01,3.207028210163116455e-01
-9.855634049251461803e+00,-9.318630146694459881e+00,2.881911132812500000e+03,5.447739958763122559e-01,2.727370000000000072e+00,5.989478826522827148e-01,4.308716952800750732e-01
-9.854553897902530224e+00,-9.291347555747687892e+00,2.730536376953125000e+03,6.407291293144226074e-01,2.727380000000000138e+00,6.942393779754638672e-01,4.954166114330291748e-01
-9.855133670857657791e+00,-9.268955364877189851e+00,1.978041137695312500e+03,8.155781626701354980e-01,2.727390000000000203e+00,6.230568885803222656e-01,4.194275736808776855e-01
-9.850689929034134096e+00,-9.247278873198471416e+00,1.373587524414062500e+03,8.045036196708679199e-01,2.727400000000000269e+00,5.950568914413452148e-01,3.649534881114959717e-01
-9.855689208669410561e+00,-9.222566724061183052e+00,1.418536499023437500e+03,7.118028998374938965e-01,2.727410000000000334e+00,5.458471179008483887e-01,3.380216062068939209e-01
-9.853309665316025701e+00,-9.203739782003671266e+00,1.616056396484375000e+03,6.004959940910339355e-01,2.727420000000000400e+00,5.543157458305358887e-01,3.558744788169860840e-01
-9.852073330316219568e+00,-9.180132898439245182e+00,1.501960937500000000e+03,5.481905341148376465e-01,2.727430000000000021e+00,6.756235957145690918e-01,4.253022074699401855e-01
-9.849348041030754786e+00,-9.157739394321728454e+00,1.603131469726562500e+03,6.193477511405944824e-01,2.727440000000000087e+00,6.333566308021545410e-01,4.057708978652954102e-01
-9.853855424720343592e+00,-9.130816155605803175e+00,1.840879272460937500e+03,7.753438353538513184e-01,2.727450000000000152e+00,5.658361911773681641e-01,3.749480247497558594e-01
-9.849560950111879265e+00,-9.114578669577600323e+00,1.024848022460937500e+03,7.442612051963806152e-01,2.727460000000000218e+00,6.444955468177795410e-01,3.563322424888610840e-01
-9.854060831514281915e+00,-9.087025321001220846e+00,1.195186279296875000e+03,6.913418173789978027e-01,2.727470000000000283e+00,6.422830224037170410e-01,3.763976097106933594e-01
-9.852168124424123263e+00,-9.069880276474638237e+00,1.757679809570312500e+03,7.518894076347351074e-01,2.727480000000000349e+00,5.730078816413879395e-01,3.756346702575683594e-01
-9.858027554360061728e+00,-9.040348920057057924e+00,1.809747314453125000e+03,7.792002558708190918e-01,2.727490000000000414e+00,6.598306894302368164e-01,4.355256557464599609e-01
-9.849775085702276556e+00,-9.017678782893167266e+00,1.441881713867187500e+03,6.742746233940124512e-01,2.727500000000000036e+00,5.519506335258483887e-01,3.434385061264038086e-01
-9.851281273129769644e+00,-8.990527511321088738e+00,1.295749145507812500e+03,7.424051165580749512e-01,2.727510000000000101e+00,6.296181678771972656e-01,3.791442215442657471e-01
-9.847245944943878726e+00,-8.974499582367140960e+00,1.184504516601562500e+03,6.079799532890319824e-01,2.727520000000000167e+00,7.524518966674804688e-01,4.395692348480224609e-01
-9.852864521139123255e+00,-8.947746647125125463e+00,1.685216918945312500e+03,7.817036509513854980e-01,2.727530000000000232e+00,6.222939491271972656e-01,4.037872552871704102e-01
-9.850951835587421712e+00,-8.916743293579218133e+00,1.626472412109375000e+03,8.087260127067565918e-01,2.727540000000000298e+00,5.685827732086181641e-01,3.656401336193084717e-01
-9.849572957256150119e+00,-8.899531560633491267e+00,1.293986694335937500e+03,7.424814105033874512e-01,2.727550000000000363e+00,5.653784275054931641e-01,3.403104543685913086e-01
-9.848600491472794261e+00,-8.878056140510482308e+00,1.545376220703125000e+03,6.034392714500427246e-01,2.727560000000000429e+00,5.891822576522827148e-01,3.738036155700683594e-01
-9.851463621963274520e+00,-8.852105271249486762e+00,3.323515869140625000e+03,6.394476294517517090e-01,2.727570000000000050e+00,5.923866033554077148e-01,4.344575405120849609e-01
-9.856222001472382033e+00,-8.834916894589712300e+00,1.354534545898437500e+03,6.491977572441101074e-01,2.727580000000000116e+00,6.412149071693420410e-01,3.915801644325256348e-01
-9.852804074284479796e+00,-8.814640833906349116e+00,1.482893310546875000e+03,8.577114939689636230e-01,2.727590000000000181e+00,6.312203407287597656e-01,3.959289491176605225e-01
-9.852555238626404588e+00,-8.789568813362766520e+00,1.889501220703125000e+03,8.547765612602233887e-01,2.727600000000000247e+00,6.682993769645690918e-01,4.454438984394073486e-01
-9.849067640862456230e+00,-8.769857409188704267e+00,1.303855712890625000e+03,7.437831759452819824e-01,2.727610000000000312e+00,6.207680702209472656e-01,3.745665550231933594e-01
-9.851365743528580410e+00,-8.748094589410687405e+00,1.447654541015625000e+03,8.101446032524108887e-01,2.727620000000000378e+00,6.064247488975524902e-01,3.777709007263183594e-01
-9.848194389890654321e+00,-8.723461468741000147e+00,1.254804931640625000e+03,7.046801447868347168e-01,2.727630000000000443e+00,5.831549763679504395e-01,3.474820852279663086e-01
-9.847379540494852534e+00,-8.708552038552873853e+00,9.933363647460937500e+02,7.343215346336364746e-01,2.727640000000000065e+00,4.555147290229797363e-01,2.486047744750976562e-01
-9.857091210301721418e+00,-8.687536909223902981e+00,1.703780639648437500e+03,5.520803332328796387e-01,2.727650000000000130e+00,4.891605079174041748e-01,3.182614147663116455e-01
-9.854037737469260705e+00,-8.662337138893068555e+00,1.296775512695312500e+03,4.467934668064117432e-01,2.727660000000000196e+00,5.619451999664306641e-01,3.384793698787689209e-01
-9.853315457154067758e+00,-8.641927269024384017e+00,1.574168212890625000e+03,4.983765184879302979e-01,2.727670000000000261e+00,5.795691609382629395e-01,3.695311248302459717e-01
-9.854749185594315009e+00,-8.620819365377474952e+00,1.192824584960937500e+03,5.844420790672302246e-01,2.727680000000000327e+00,5.646917819976806641e-01,3.306973576545715332e-01
-9.848862832056060057e+00,-8.593343669132316620e+00,1.813970947265625000e+03,5.767101645469665527e-01,2.727690000000000392e+00,5.753729939460754395e-01,3.799834549427032471e-01
-9.853868497336620180e+00,-8.570559636845569429e+00,1.298017333984375000e+03,5.838794112205505371e-01,2.727700000000000014e+00,6.052040457725524902e-01,3.646483123302459717e-01
-9.853442933556642913e+00,-8.549747806777173054e+00,1.916935424804687500e+03,6.152314543724060059e-01,2.727710000000000079e+00,5.961250066757202148e-01,3.985992372035980225e-01
-9.857722410741033059e+00,-8.526253567571981051e+00,1.143072998046875000e+03,6.551653742790222168e-01,2.727720000000000145e+00,6.056618094444274902e-01,3.493131697177886963e-01
-9.857902751875780467e+00,-8.505047300574538838e+00,1.412053466796875000e+03,7.436949610710144043e-01,2.727730000000000210e+00,5.226536393165588379e-01,3.232205212116241455e-01
-9.856947298389032497e+00,-8.478001259404376100e+00,1.886677124023437500e+03,5.771464705467224121e-01,2.727740000000000276e+00,6.102394461631774902e-01,4.066101312637329102e-01
-9.858207096201482500e+00,-8.456443764886666159e+00,1.373124755859375000e+03,5.923790335655212402e-01,2.727750000000000341e+00,5.967353582382202148e-01,3.659453094005584717e-01
-9.858404949771189862e+00,-8.438532817231667593e+00,1.188082763671875000e+03,6.903046965599060059e-01,2.727760000000000407e+00,6.416726708412170410e-01,3.752532005310058594e-01
-9.856198524551468054e+00,-8.412225775595787880e+00,1.604621459960937500e+03,6.383282542228698730e-01,2.727770000000000028e+00,5.397436022758483887e-01,3.458799123764038086e-01
-9.853780415936155279e+00,-8.384696753873248198e+00,1.097942993164062500e+03,6.134755015373229980e-01,2.727780000000000094e+00,6.324410438537597656e-01,3.593077063560485840e-01
-9.850211437058586483e+00,-8.370623832981255674e+00,2.060547851562500000e+03,5.703110098838806152e-01,2.727790000000000159e+00,7.199505567550659180e-01,4.887790381908416748e-01
-9.856678878083162232e+00,-8.345389136507639805e+00,2.292669433593750000e+03,6.366640925407409668e-01,2.727800000000000225e+00,1.059231042861938477e+00,7.340649962425231934e-01
-9.848321179169460038e+00,-8.315308626047597684e+00,1.779727539062500000e+03,1.239200353622436523e+00,2.727810000000000290e+00,7.493238449096679688e-01,4.926700294017791748e-01
-9.856910837210552501e+00,-8.294535230099032930e+00,3.106119628906250000e+03,1.516780376434326172e+00,2.727820000000000356e+00,8.209641575813293457e-01,5.968116521835327148e-01
-9.853582541604032130e+00,-8.274282293596758819e+00,1.761064575195312500e+03,1.160259962081909180e+00,2.727830000000000421e+00,5.559942722320556641e-01,3.646483123302459717e-01
-9.854315316945333691e+00,-8.249064588620509397e+00,1.626348876953125000e+03,1.084377288818359375e+00,2.727840000000000042e+00,5.499669909477233887e-01,3.536619246006011963e-01
-9.854382199896773997e+00,-8.220138273861328670e+00,1.691759765625000000e+03,5.818898081779479980e-01,2.727850000000000108e+00,6.656290888786315918e-01,4.323212802410125732e-01
-9.851304007118532269e+00,-8.195685819904637626e+00,9.481619873046875000e+02,6.989330649375915527e-01,2.727860000000000174e+00,5.926917791366577148e-01,3.170407116413116455e-01
-9.848490189268977346e+00,-8.177580759489837092e+00,2.031342163085937500e+03,6.465012431144714355e-01,2.727870000000000239e+00,5.986427068710327148e-01,4.052368402481079102e-01
-9.845382139554166301e+00,-8.156281821139163668e+00,1.516247680664062500e+03,6.660801768302917480e-01,2.727880000000000305e+00,5.775092244148254395e-01,3.644957244396209717e-01
-9.844866124165251975e+00,-8.128651500735982083e+00,1.468230590820312500e+03,7.166034579277038574e-01,2.727890000000000370e+00,6.090950369834899902e-01,3.809752762317657471e-01
-9.846379435930510127e+00,-8.105039228211442293e+00,1.405886474609375000e+03,7.047898173332214355e-01,2.727900000000000436e+00,5.846045613288879395e-01,3.610624670982360840e-01
-9.846545548724575880e+00,-8.081054164017022146e+00,1.778435546875000000e+03,6.446952223777770996e-01,2.727910000000000057e+00,5.569097995758056641e-01,3.660978972911834717e-01
-9.850016907118325449e+00,-8.065572898845687178e+00,1.360833374023437500e+03,5.930179953575134277e-01,2.727920000000000122e+00,4.778689444065093994e-01,2.922450602054595947e-01
-9.844560681712284378e+00,-8.041250414875822372e+00,1.238517578125000000e+03,5.436105132102966309e-01,2.727930000000000188e+00,5.634710788726806641e-01,3.342832028865814209e-01
-9.840922218239539276e+00,-8.012816532142712944e+00,1.440388061523437500e+03,4.407900869846343994e-01,2.727940000000000254e+00,6.168770194053649902e-01,3.837218582630157471e-01
-9.842360743705683035e+00,-7.995623621425664851e+00,1.783813964843750000e+03,6.196207404136657715e-01,2.727950000000000319e+00,5.748389363288879395e-01,3.781523704528808594e-01
-9.846342696044976250e+00,-7.970731967320433320e+00,1.644514648437500000e+03,6.126887202262878418e-01,2.727960000000000385e+00,6.067299246788024902e-01,3.912749886512756348e-01
-9.842396392594853438e+00,-7.949944698319413305e+00,2.681603027343750000e+03,6.748587489128112793e-01,2.727970000000000006e+00,6.084846854209899902e-01,4.330079257488250732e-01
-9.842334533622992154e+00,-7.931018411806515900e+00,1.978431640625000000e+03,7.871109843254089355e-01,2.727980000000000071e+00,6.009315252304077148e-01,4.045501947402954102e-01
-9.844750627335807636e+00,-7.906347983262056012e+00,1.363351074218750000e+03,7.943934798240661621e-01,2.727990000000000137e+00,6.420541405677795410e-01,3.928771615028381348e-01
-9.841988912932789546e+00,-7.881862387355392130e+00,1.446369384765625000e+03,6.860513091087341309e-01,2.728000000000000203e+00,6.401467919349670410e-01,3.986755311489105225e-01
-9.844989606068175192e+00,-7.855038100031329407e+00,1.670709960937500000e+03,7.494551539421081543e-01,2.728010000000000268e+00,6.100868582725524902e-01,3.950134217739105225e-01
-9.845772194656600362e+00,-7.832184535138120296e+00,1.556887329101562500e+03,6.365210413932800293e-01,2.728020000000000334e+00,5.361577272415161133e-01,3.408445119857788086e-01
-9.846249145998793750e+00,-7.810510433624286541e+00,1.930084838867187500e+03,6.400877833366394043e-01,2.728030000000000399e+00,5.249425172805786133e-01,3.515256941318511963e-01
-9.844272267024150480e+00,-7.781901971594186840e+00,1.135040527343750000e+03,5.552822947502136230e-01,2.728040000000000020e+00,4.858798384666442871e-01,2.795039415359497070e-01
-9.848838561041180384e+00,-7.764941008074738527e+00,1.430495117187500000e+03,5.208975672721862793e-01,2.728050000000000086e+00,5.878852605819702148e-01,3.649534881114959717e-01
-9.843367535738403618e+00,-7.743381996698886383e+00,1.537525268554687500e+03,4.972702562808990479e-01,2.728060000000000151e+00,6.673075556755065918e-01,4.227845072746276855e-01
-9.851491931146520997e+00,-7.723892547618153692e+00,1.580973876953125000e+03,7.259673476219177246e-01,2.728070000000000217e+00,5.370732545852661133e-01,3.428281545639038086e-01
-9.844079513623876565e+00,-7.697698268113127185e+00,1.680954345703125000e+03,7.800835967063903809e-01,2.728080000000000283e+00,5.859779119491577148e-01,3.799834549427032471e-01
-9.845044407830023658e+00,-7.679073894881683238e+00,1.183919311523437500e+03,6.593400835990905762e-01,2.728090000000000348e+00,5.913947820663452148e-01,3.454221487045288086e-01
-9.850351972269267620e+00,-7.657925403627761973e+00,1.279526977539062500e+03,7.040900588035583496e-01,2.728100000000000414e+00,4.894656836986541748e-01,2.935420870780944824e-01
-9.847072483560593170e+00,-7.632283863684980574e+00,1.077399047851562500e+03,5.467612147331237793e-01,2.728110000000000035e+00,5.974220037460327148e-01,3.369534909725189209e-01
-9.847108501684768811e+00,-7.606425005588328681e+00,1.392340698242187500e+03,5.508059859275817871e-01,2.728120000000000100e+00,4.925174415111541748e-01,3.033077418804168701e-01
-9.849409090708080683e+00,-7.576304819875724128e+00,1.137267333984375000e+03,6.084854006767272949e-01,2.728130000000000166e+00,4.690951108932495117e-01,2.700434625148773193e-01
-9.850747610316435754e+00,-7.561999136306572389e+00,1.776353759765625000e+03,4.481548368930816650e-01,2.728140000000000231e+00,5.274602174758911133e-01,3.466428518295288086e-01
-9.851584801263747693e+00,-7.540143415196133958e+00,1.525482177734375000e+03,4.425818026065826416e-01,2.728150000000000297e+00,5.273076295852661133e-01,3.333676755428314209e-01
-9.846367188081996957e+00,-7.514263985362957143e+00,1.891566162109375000e+03,5.756587386131286621e-01,2.728160000000000363e+00,4.543703198432922363e-01,3.029262721538543701e-01
-9.844698176985861693e+00,-7.491067253314676044e+00,1.007943420410156250e+03,4.755860865116119385e-01,2.728170000000000428e+00,4.695528745651245117e-01,2.578363716602325439e-01
-9.851527691239889251e+00,-7.463580283859576170e+00,1.127293823242187500e+03,4.354101717472076416e-01,2.728180000000000049e+00,4.256836771965026855e-01,2.442560046911239624e-01
-9.849986805328203587e+00,-7.450984838614949979e+00,1.252040527343750000e+03,2.990156710147857666e-01,2.728190000000000115e+00,5.238744020462036133e-01,3.119289875030517578e-01
-9.845980775619693759e+00,-7.423989456863248293e+00,2.514410156250000000e+03,4.433578550815582275e-01,2.728200000000000180e+00,4.961032867431640625e-01,3.493894636631011963e-01
-9.849212342794338326e+00,-7.408409612299193370e+00,1.599033569335937500e+03,5.181581377983093262e-01,2.728210000000000246e+00,5.691931247711181641e-01,3.644194304943084717e-01
-9.842279943143287468e+00,-7.382789556486148541e+00,1.585742919921875000e+03,6.213075518608093262e-01,2.728220000000000312e+00,5.331822633743286133e-01,3.406156301498413086e-01
-9.846339163765234659e+00,-7.358145692581306463e+00,2.309867431640625000e+03,5.557412505149841309e-01,2.728230000000000377e+00,6.536508798599243164e-01,4.536073803901672363e-01
-9.843731484688365896e+00,-7.332477920552239681e+00,1.821747436523437500e+03,6.929106116294860840e-01,2.728240000000000443e+00,6.966808438301086426e-01,4.605501592159271240e-01
-9.842432931671041274e+00,-7.316872101444405807e+00,2.029929199218750000e+03,9.009773135185241699e-01,2.728250000000000064e+00,7.294873595237731934e-01,4.937381446361541748e-01
-9.844201428356905481e+00,-7.293078433470911115e+00,1.545501342773437500e+03,9.897930026054382324e-01,2.728260000000000129e+00,6.881358623504638672e-01,4.365937709808349609e-01
-9.839852634563683864e+00,-7.268955574677139708e+00,1.631155273437500000e+03,8.938938975334167480e-01,2.728270000000000195e+00,6.110786795616149902e-01,3.932586312294006348e-01
-9.846077681990138331e+00,-7.253028483157753392e+00,2.298843261718750000e+03,8.056837916374206543e-01,2.728280000000000260e+00,6.712748408317565918e-01,4.654330015182495117e-01
-9.838287587767993614e+00,-7.222877297606371982e+00,2.477618652343750000e+03,7.841748595237731934e-01,2.728290000000000326e+00,6.683756709098815918e-01,4.695528745651245117e-01
-9.846330569560327817e+00,-7.201084022102393511e+00,2.000102416992187500e+03,8.455533385276794434e-01,2.728300000000000392e+00,7.912093997001647949e-01,5.338689088821411133e-01
-9.840682374145400146e+00,-7.173298472331103071e+00,1.755427246093750000e+03,1.043376445770263672e+00,2.728310000000000013e+00,6.572366952896118164e-01,4.307191073894500732e-01
-9.839758726136462741e+00,-7.145167029436545469e+00,1.554004638671875000e+03,9.517807364463806152e-01,2.728320000000000078e+00,5.900977849960327148e-01,3.749480247497558594e-01
-9.844468689003138095e+00,-7.127107300834436110e+00,1.396873901367187500e+03,7.553989291191101074e-01,2.728330000000000144e+00,5.515691637992858887e-01,3.400052785873413086e-01
-9.843144833528048920e+00,-7.107513150662017942e+00,1.319929565429687500e+03,6.607825160026550293e-01,2.728340000000000209e+00,5.884956121444702148e-01,3.564848303794860840e-01
-9.841062014512237610e+00,-7.077730659352055476e+00,1.676328247070312500e+03,6.882268786430358887e-01,2.728350000000000275e+00,5.774329304695129395e-01,3.741850852966308594e-01
-9.840365090287900074e+00,-7.063912024694037228e+00,1.640426025390625000e+03,6.766099333763122559e-01,2.728360000000000340e+00,6.253457069396972656e-01,4.030243158340454102e-01
-9.847244462801437948e+00,-7.038035299679622270e+00,2.242210937500000000e+03,7.526761889457702637e-01,2.728370000000000406e+00,5.695745944976806641e-01,3.931060433387756348e-01
-9.843888717572603753e+00,-7.012665484853158659e+00,2.172648925781250000e+03,7.386333346366882324e-01,2.728380000000000027e+00,6.379342675209045410e-01,4.376618862152099609e-01
-9.840097444569160245e+00,-6.990003674584018611e+00,1.525346313476562500e+03,6.533045172691345215e-01,2.728390000000000093e+00,6.782938838005065918e-01,4.288117587566375732e-01
-9.843162977117261292e+00,-6.966155281347806927e+00,1.120154907226562500e+03,7.912070155143737793e-01,2.728400000000000158e+00,6.516672372817993164e-01,3.730406761169433594e-01
-9.841307916758569974e+00,-6.946419765057457951e+00,1.258142211914062500e+03,7.791704535484313965e-01,2.728410000000000224e+00,5.542394518852233887e-01,3.305447697639465332e-01
-9.843758282333544329e+00,-6.919726842782653264e+00,1.311017333984375000e+03,6.421024203300476074e-01,2.728420000000000289e+00,5.107517838478088379e-01,3.087246417999267578e-01
-9.837795364748041393e+00,-6.898736383677907646e+00,1.325535644531250000e+03,5.875152945518493652e-01,2.728430000000000355e+00,5.249425172805786133e-01,3.184140026569366455e-01
-9.839970620493971865e+00,-6.873726886616701393e+00,1.228973144531250000e+03,5.232662558555603027e-01,2.728440000000000420e+00,5.185337662696838379e-01,3.068172633647918701e-01
-9.838498237033899585e+00,-6.852666910996853211e+00,1.391474243164062500e+03,5.146104693412780762e-01,2.728450000000000042e+00,5.398198962211608887e-01,3.323758542537689209e-01
-9.840988940661057782e+00,-6.828628280919299520e+00,1.542257324218750000e+03,4.898804724216461182e-01,2.728460000000000107e+00,5.875800848007202148e-01,3.725829124450683594e-01
-9.840697723327588520e+00,-6.805793118424098509e+00,1.362179321289062500e+03,6.289786696434020996e-01,2.728470000000000173e+00,5.248662233352661133e-01,3.210842907428741455e-01
-9.840261066933447154e+00,-6.783722214636496162e+00,1.942383911132812500e+03,5.727679133415222168e-01,2.728480000000000238e+00,5.771277546882629395e-01,3.870025277137756348e-01
-9.845886569508271791e+00,-6.756545506584537897e+00,1.605890991210937500e+03,5.734569430351257324e-01,2.728490000000000304e+00,5.801032185554504395e-01,3.718199729919433594e-01
-9.841143110395560001e+00,-6.741284802343579408e+00,1.467486938476562500e+03,7.514924407005310059e-01,2.728500000000000369e+00,5.788062214851379395e-01,3.619779944419860840e-01
-9.846493199803639129e+00,-6.715726430503626609e+00,1.215095458984375000e+03,6.042594313621520996e-01,2.728510000000000435e+00,5.472204089164733887e-01,3.225338757038116455e-01
-9.839508974237691774e+00,-6.694370376120412303e+00,1.494644897460937500e+03,6.760746836662292480e-01,2.728520000000000056e+00,5.440160632133483887e-01,3.419889211654663086e-01
-9.845584637744249079e+00,-6.673188104894360428e+00,2.204001220703125000e+03,6.095284819602966309e-01,2.728530000000000122e+00,5.635473728179931641e-01,3.876891732215881348e-01
-9.841263400136943673e+00,-6.649822116300616592e+00,1.582230468750000000e+03,6.463617682456970215e-01,2.728540000000000187e+00,4.927463233470916748e-01,3.145992755889892578e-01
-9.841640913097410959e+00,-6.631403214725875905e+00,1.469931640625000000e+03,6.719965338706970215e-01,2.728550000000000253e+00,5.507299304008483887e-01,3.445829153060913086e-01
-9.840589990692807376e+00,-6.610988771098364580e+00,1.326904174804687500e+03,5.461305975914001465e-01,2.728560000000000318e+00,5.907844305038452148e-01,3.584684729576110840e-01
-9.838349512051369317e+00,-6.578567702791764837e+00,1.512748901367187500e+03,5.622488856315612793e-01,2.728570000000000384e+00,5.632421970367431641e-01,3.552640974521636963e-01
-9.837557902634189944e+00,-6.560458476811241724e+00,1.579204956054687500e+03,6.020373702049255371e-01,2.728580000000000005e+00,5.005283355712890625e-01,3.194058239459991455e-01
-9.841116070469496435e+00,-6.533504793718803327e+00,1.599387817382812500e+03,5.940849184989929199e-01,2.728590000000000071e+00,5.035037994384765625e-01,3.223812878131866455e-01
-9.840155868712011866e+00,-6.513066222064447075e+00,1.841967651367187500e+03,4.916459619998931885e-01,2.728600000000000136e+00,5.010623931884765625e-01,3.320706784725189209e-01
-9.836387789805115744e+00,-6.490459966367858158e+00,2.106200195312500000e+03,5.113715529441833496e-01,2.728610000000000202e+00,5.115910172462463379e-01,3.488554060459136963e-01
-9.846781896250432098e+00,-6.468354292201884626e+00,1.230727294921875000e+03,5.097383856773376465e-01,2.728620000000000267e+00,5.828498005867004395e-01,3.450406789779663086e-01
-9.842668818116184326e+00,-6.443865088261900631e+00,3.555937011718750000e+03,5.470067858695983887e-01,2.728630000000000333e+00,4.951877295970916748e-01,3.661741912364959717e-01
-9.835632393114781991e+00,-6.424126547463656856e+00,1.058235107421875000e+03,5.948895812034606934e-01,2.728640000000000398e+00,5.573675632476806641e-01,3.121578693389892578e-01
-9.838238354195256719e+00,-6.399999114180412008e+00,1.376118774414062500e+03,5.660397410392761230e-01,2.728650000000000020e+00,5.912421941757202148e-01,3.628172278404235840e-01
-9.841927481023688529e+00,-6.375805632104353471e+00,1.191494995117187500e+03,5.701751112937927246e-01,2.728660000000000085e+00,6.028389334678649902e-01,3.528989851474761963e-01
-9.842039584013331677e+00,-6.355943384654451300e+00,1.433770507812500000e+03,6.058997511863708496e-01,2.728670000000000151e+00,6.145119071006774902e-01,3.817382156848907471e-01
-9.845779429089496659e+00,-6.333646950525150032e+00,2.974998535156250000e+03,6.508678793907165527e-01,2.728680000000000216e+00,6.170296072959899902e-01,4.459016621112823486e-01
-9.840948843218127351e+00,-6.311838212249518243e+00,2.514478515625000000e+03,7.228011488914489746e-01,2.728690000000000282e+00,6.279397010803222656e-01,4.422395527362823486e-01
-9.841192274519821481e+00,-6.290600733230251151e+00,1.406121826171875000e+03,8.511347174644470215e-01,2.728700000000000347e+00,5.766699910163879395e-01,3.561796545982360840e-01
-9.839973066192658990e+00,-6.265494511022570379e+00,1.526621215820312500e+03,8.070034384727478027e-01,2.728710000000000413e+00,5.167027115821838379e-01,3.267300724983215332e-01
-9.839733551017346258e+00,-6.240459828352589611e+00,1.201505126953125000e+03,5.458289980888366699e-01,2.728720000000000034e+00,6.049751639366149902e-01,3.551878035068511963e-01
-9.840627665373769872e+00,-6.217769087871938716e+00,1.377277832031250000e+03,5.709785819053649902e-01,2.728730000000000100e+00,6.055092215538024902e-01,3.716673851013183594e-01
-9.845019460267652178e+00,-6.193547103259890108e+00,1.534489379882812500e+03,5.763739943504333496e-01,2.728740000000000165e+00,6.544138193130493164e-01,4.143921434879302979e-01
-9.836605885494970281e+00,-6.173764098892069896e+00,1.570069580078125000e+03,6.752616763114929199e-01,2.728750000000000231e+00,5.881141424179077148e-01,3.747191429138183594e-01
-9.845230422696515049e+00,-6.144734918911122001e+00,2.533840087890625000e+03,7.849079966545104980e-01,2.728760000000000296e+00,6.872966289520263672e-01,4.846591353416442871e-01
-9.842187631246051893e+00,-6.124947389821530308e+00,2.374797363281250000e+03,7.076782584190368652e-01,2.728770000000000362e+00,6.076454520225524902e-01,4.237763285636901855e-01
-9.842612114247046406e+00,-6.103205123792304398e+00,3.108707519531250000e+03,8.359867930412292480e-01,2.728780000000000427e+00,5.654547214508056641e-01,4.111115038394927979e-01
-9.841384945281697938e+00,-6.079114758260811158e+00,2.681088134765625000e+03,7.990843653678894043e-01,2.728790000000000049e+00,6.036781668663024902e-01,4.295746982097625732e-01
-9.843340377194561341e+00,-6.058139795726281918e+00,1.402640502929687500e+03,7.741970419883728027e-01,2.728800000000000114e+00,6.248116493225097656e-01,3.856292068958282471e-01
-9.835955168622447786e+00,-6.039949734093090328e+00,1.493710571289062500e+03,7.458574175834655762e-01,2.728810000000000180e+00,5.691168308258056641e-01,3.577055335044860840e-01
-9.837517651118668383e+00,-6.015373096496730909e+00,1.620909179687500000e+03,6.873912215232849121e-01,2.728820000000000245e+00,5.183811783790588379e-01,3.330624997615814209e-01
-9.840517756287702866e+00,-5.996464638434671812e+00,1.194284179687500000e+03,5.597264170646667480e-01,2.728830000000000311e+00,5.163975358009338379e-01,3.025448024272918701e-01
-9.840820691527548902e+00,-5.972058000761182761e+00,1.718746093750000000e+03,6.176883578300476074e-01,2.728840000000000376e+00,5.652258396148681641e-01,3.685393035411834717e-01
-9.838546592046302663e+00,-5.949676761962232163e+00,1.950459960937500000e+03,5.904347300529479980e-01,2.728850000000000442e+00,6.642557978630065918e-01,4.458253681659698486e-01
-9.842985404039659159e+00,-5.929662428683245778e+00,2.301226562500000000e+03,7.289499640464782715e-01,2.728860000000000063e+00,5.570623874664306641e-01,3.863158524036407471e-01
-9.836764319923998912e+00,-5.900006757697374482e+00,1.866152587890625000e+03,7.571441531181335449e-01,2.728870000000000129e+00,6.491495370864868164e-01,4.314820468425750732e-01
-9.833280708228519629e+00,-5.880579861492996940e+00,1.361504394531250000e+03,7.288128733634948730e-01,2.728880000000000194e+00,5.762122273445129395e-01,3.524412214756011963e-01
-9.841458475349392998e+00,-5.859190628370345877e+00,2.093563232421875000e+03,7.533842921257019043e-01,2.728890000000000260e+00,7.452039718627929688e-01,5.075473785400390625e-01
-9.834747571659642418e+00,-5.836109164539624139e+00,2.148651367187500000e+03,7.820326685905456543e-01,2.728900000000000325e+00,8.550676703453063965e-01,5.853675007820129395e-01
-9.836389096442191615e+00,-5.811099175879521184e+00,2.740572509765625000e+03,1.209022521972656250e+00,2.728910000000000391e+00,7.152203321456909180e-01,5.106754899024963379e-01
-9.837448325862071741e+00,-5.783959571305385516e+00,2.323264160156250000e+03,1.153208732604980469e+00,2.728920000000000012e+00,7.256726026535034180e-01,5.041141510009765625e-01
-9.840188159417177616e+00,-5.765698769059374840e+00,2.680821777343750000e+03,1.173864126205444336e+00,2.728930000000000078e+00,6.213784217834472656e-01,4.421632587909698486e-01
-9.838991620624739198e+00,-5.738021433443252661e+00,1.757512084960937500e+03,1.026435613632202148e+00,2.728940000000000143e+00,5.676672458648681641e-01,3.721251487731933594e-01
-9.836507855215181451e+00,-5.720008241767909674e+00,1.531368041992187500e+03,7.001847624778747559e-01,2.728950000000000209e+00,6.400704979896545410e-01,4.050842523574829102e-01
-9.833596189463582604e+00,-5.695404098610388210e+00,1.813341186523437500e+03,6.932086348533630371e-01,2.728960000000000274e+00,6.431222558021545410e-01,4.246918559074401855e-01
-9.839782034011173906e+00,-5.677093530451402970e+00,3.331383056640625000e+03,7.563013434410095215e-01,2.728970000000000340e+00,6.561685800552368164e-01,4.813784956932067871e-01
-9.839658218618442476e+00,-5.658273871942909317e+00,1.678091186523437500e+03,9.584290385246276855e-01,2.728980000000000405e+00,5.579779148101806641e-01,3.616728186607360840e-01
-9.840493683862021612e+00,-5.636097621588035622e+00,1.996521972656250000e+03,8.830255866050720215e-01,2.728990000000000027e+00,6.544138193130493164e-01,4.414002895355224609e-01
-9.842272042353600980e+00,-5.609505894131357806e+00,2.404685791015625000e+03,6.647426486015319824e-01,2.729000000000000092e+00,6.639505624771118164e-01,4.640596807003021240e-01
-9.839461273087474424e+00,-5.590088010772308103e+00,1.657272705078125000e+03,9.116322398185729980e-01,2.729010000000000158e+00,6.416726708412170410e-01,4.146210253238677979e-01
-9.837554275926070346e+00,-5.569430291821397816e+00,1.522553833007812500e+03,8.770555853843688965e-01,2.729020000000000223e+00,5.792639851570129395e-01,3.660216033458709717e-01
-9.837555111938726782e+00,-5.544168332583784498e+00,1.235236206054687500e+03,8.712870478630065918e-01,2.729030000000000289e+00,6.103157401084899902e-01,3.617491126060485840e-01
-9.837919843181738955e+00,-5.514152412545762161e+00,1.506272216796875000e+03,6.150204539299011230e-01,2.729040000000000354e+00,6.668497920036315918e-01,4.201142191886901855e-01
-9.840170006169511652e+00,-5.492236537150599673e+00,1.659314819335937500e+03,8.754057288169860840e-01,2.729050000000000420e+00,6.079506278038024902e-01,3.929534554481506348e-01
-9.837354226079407127e+00,-5.468598037025526715e+00,2.377792724609375000e+03,7.864267230033874512e-01,2.729060000000000041e+00,6.399942040443420410e-01,4.464357197284698486e-01
-9.842333460048015681e+00,-5.453053723685936660e+00,1.823569091796875000e+03,7.653469443321228027e-01,2.729070000000000107e+00,5.807898640632629395e-01,3.840270340442657471e-01
-9.840820233963047059e+00,-5.426109019157562940e+00,1.991547729492187500e+03,8.509082198143005371e-01,2.729080000000000172e+00,6.139015555381774902e-01,4.138580858707427979e-01
-9.838995274669812829e+00,-5.408340553232287462e+00,1.892728881835937500e+03,7.157773375511169434e-01,2.729090000000000238e+00,5.357762575149536133e-01,3.572477698326110840e-01
-9.832352659868631051e+00,-5.386757813561335873e+00,2.041053588867187500e+03,8.435553908348083496e-01,2.729100000000000303e+00,5.762122273445129395e-01,3.904357552528381348e-01
-9.840272677183774519e+00,-5.350350030866560580e+00,3.142960693359375000e+03,6.886667609214782715e-01,2.729110000000000369e+00,7.133129835128784180e-01,5.193729996681213379e-01
-9.838558812155861588e+00,-5.336531611502842054e+00,2.410681152343750000e+03,9.414405226707458496e-01,2.729120000000000434e+00,6.874492168426513672e-01,4.806918501853942871e-01
-9.840048904602644697e+00,-5.309524519403705511e+00,2.414829589843750000e+03,9.719485640525817871e-01,2.729130000000000056e+00,6.155800223350524902e-01,4.305665194988250732e-01
-9.836964055951025188e+00,-5.292282668138444279e+00,1.463876098632812500e+03,9.059709906578063965e-01,2.729140000000000121e+00,6.324410438537597656e-01,3.952423036098480225e-01
-9.839525034362431199e+00,-5.265282315011195813e+00,1.634389038085937500e+03,7.276112437248229980e-01,2.729150000000000187e+00,6.343484520912170410e-01,4.084411859512329102e-01
-9.839684869224130992e+00,-5.241440765859831430e+00,2.092352050781250000e+03,7.918018698692321777e-01,2.729160000000000252e+00,6.428933739662170410e-01,4.378144741058349609e-01
-9.834158644550370809e+00,-5.219781138249277141e+00,1.477303588867187500e+03,8.184177279472351074e-01,2.729170000000000318e+00,5.483648180961608887e-01,3.435910940170288086e-01
-9.836911302202652863e+00,-5.201048833113866898e+00,1.456617431640625000e+03,7.219094634056091309e-01,2.729180000000000383e+00,5.917762517929077148e-01,3.693022429943084717e-01
-9.839404886738103428e+00,-5.176954051201530405e+00,1.570839233398437500e+03,7.066316008567810059e-01,2.729190000000000005e+00,5.638525485992431641e-01,3.593077063560485840e-01
-9.840367925127011972e+00,-5.152000324504548701e+00,1.027155151367187500e+03,5.774731040000915527e-01,2.729200000000000070e+00,5.919288396835327148e-01,3.275693058967590332e-01
-9.837695304945842878e+00,-5.129960376484076434e+00,1.158871459960937500e+03,7.057899832725524902e-01,2.729210000000000136e+00,5.386754274368286133e-01,3.122341632843017578e-01
-9.840548779640494459e+00,-5.106754647343013431e+00,1.132315185546875000e+03,5.625385642051696777e-01,2.729220000000000201e+00,5.968879461288452148e-01,3.430570363998413086e-01
-9.837415825974339612e+00,-5.084172588028194717e+00,1.086534301757812500e+03,5.666417479515075684e-01,2.729230000000000267e+00,5.331822633743286133e-01,3.017055690288543701e-01
-9.839283520546869610e+00,-5.055483586510697513e+00,2.168361572265625000e+03,6.367713809013366699e-01,2.729240000000000332e+00,5.482885241508483887e-01,3.760161399841308594e-01
-9.837132000538133525e+00,-5.032630483718225634e+00,1.935687988281250000e+03,5.541307330131530762e-01,2.729250000000000398e+00,4.974002838134765625e-01,3.332913815975189209e-01
-9.838655392724431792e+00,-5.013323650130982578e+00,1.578292724609375000e+03,5.439383387565612793e-01,2.729260000000000019e+00,5.876563787460327148e-01,3.749480247497558594e-01
-9.844775073583836189e+00,-4.997561999460829796e+00,1.387889038085937500e+03,6.159610152244567871e-01,2.729270000000000085e+00,6.198525428771972656e-01,3.813567459583282471e-01
-9.840602765677527231e+00,-4.973584470799806034e+00,2.014097412109375000e+03,6.974024176597595215e-01,2.729280000000000150e+00,7.251385450363159180e-01,4.899997413158416748e-01
-9.842091223222320551e+00,-4.947896129778890817e+00,1.242118774414062500e+03,8.138484358787536621e-01,2.729290000000000216e+00,6.042885184288024902e-01,3.588499426841735840e-01
-9.837566190747326189e+00,-4.926880688574177825e+00,1.144174316406250000e+03,8.555132746696472168e-01,2.729300000000000281e+00,4.984683990478515625e-01,2.875911295413970947e-01
-9.843547310012153773e+00,-4.904002901725323049e+00,1.415674438476562500e+03,6.521148085594177246e-01,2.729310000000000347e+00,4.644411504268646240e-01,2.874385416507720947e-01
-9.843957592940549617e+00,-4.882982113647934774e+00,1.817657470703125000e+03,5.027014613151550293e-01,2.729320000000000412e+00,6.566263437271118164e-01,4.338471889495849609e-01
-9.835749846495867033e+00,-4.864333672147430399e+00,2.370181396484375000e+03,5.649966597557067871e-01,2.729330000000000034e+00,6.532694101333618164e-01,4.554384350776672363e-01
-9.838708981141479626e+00,-4.834203547882647278e+00,3.043222167968750000e+03,8.782166838645935059e-01,2.729340000000000099e+00,8.049423694610595703e-01,5.835364460945129395e-01
-9.839684365322312942e+00,-4.811718322102326084e+00,3.573050292968750000e+03,8.335263133049011230e-01,2.729350000000000165e+00,1.045345425605773926e+00,7.734327912330627441e-01
-9.843471640672422751e+00,-4.791233742253750982e+00,4.468369628906250000e+03,1.404767751693725586e+00,2.729360000000000230e+00,9.883536696434020996e-01,7.486371994018554688e-01
-9.842781112201198113e+00,-4.766029259393843809e+00,2.467876464843750000e+03,1.707111120223999023e+00,2.729370000000000296e+00,1.005596160888671875e+00,7.059887051582336426e-01
-9.839594303343231374e+00,-4.741530846254169873e+00,2.798622070312500000e+03,1.673345088958740234e+00,2.729380000000000361e+00,7.989150881767272949e-01,5.722449421882629395e-01
-9.844733460068772146e+00,-4.717183166613438061e+00,2.277552246093750000e+03,1.634432792663574219e+00,2.729390000000000427e+00,6.753947138786315918e-01,4.674929380416870117e-01
-9.840037796754032229e+00,-4.701018340480525026e+00,1.758282470703125000e+03,1.129240512847900391e+00,2.729400000000000048e+00,6.608225107192993164e-01,4.332368075847625732e-01
-9.839516307296761966e+00,-4.679985546665777818e+00,2.908118896484375000e+03,9.317178130149841309e-01,2.729410000000000114e+00,5.614111423492431641e-01,4.043976068496704102e-01
-9.838634067389429916e+00,-4.652730173314053808e+00,2.147709472656250000e+03,8.777791857719421387e-01,2.729420000000000179e+00,7.596235871315002441e-01,5.199833512306213379e-01
-9.834429880441197369e+00,-4.636812130280700828e+00,2.469719238281250000e+03,7.496017813682556152e-01,2.729430000000000245e+00,7.687025666236877441e-01,5.397436022758483887e-01
-9.841535834586103704e+00,-4.611521735657651000e+00,1.809031372070312500e+03,1.173119068145751953e+00,2.729440000000000310e+00,6.157326102256774902e-01,4.063812494277954102e-01
-9.837834266666650507e+00,-4.589321298791247727e+00,1.245156860351562500e+03,9.742528796195983887e-01,2.729450000000000376e+00,6.132912039756774902e-01,3.644957244396209717e-01
-9.841316667011698271e+00,-4.567662406914001494e+00,1.658230102539062500e+03,7.526249289512634277e-01,2.729460000000000441e+00,5.387517213821411133e-01,3.481687605381011963e-01
-9.837168531345438893e+00,-4.542261355478911078e+00,1.812321289062500000e+03,6.683451533317565918e-01,2.729470000000000063e+00,5.827735066413879395e-01,3.847899734973907471e-01
-9.844639662692333815e+00,-4.521086692950032848e+00,1.647478515625000000e+03,5.902380347251892090e-01,2.729480000000000128e+00,6.257271766662597656e-01,4.037109613418579102e-01
-9.836909430049388448e+00,-4.497883182064422058e+00,2.900688720703125000e+03,6.442398428916931152e-01,2.729490000000000194e+00,7.118633985519409180e-01,5.125828385353088379e-01
-9.838730991206183774e+00,-4.478320393540410116e+00,1.660017578125000000e+03,8.314020037651062012e-01,2.729500000000000259e+00,6.175637245178222656e-01,3.992095887660980225e-01
-9.839165526124800110e+00,-4.445936998906093507e+00,1.756200439453125000e+03,8.866912722587585449e-01,2.729510000000000325e+00,6.228280067443847656e-01,4.082123041152954102e-01
-9.836974221016163256e+00,-4.432564601986141106e+00,1.489227905273437500e+03,7.014769911766052246e-01,2.729520000000000390e+00,6.283974647521972656e-01,3.946319520473480225e-01
-9.837546052664309926e+00,-4.402911395849854692e+00,1.195105224609375000e+03,7.696444392204284668e-01,2.729530000000000012e+00,5.674383640289306641e-01,3.325284421443939209e-01
-9.837540282040210471e+00,-4.377933321294512403e+00,1.978449707031250000e+03,6.621081233024597168e-01,2.729540000000000077e+00,5.152531266212463379e-01,3.468717336654663086e-01
-9.848846362186369774e+00,-4.359658517839260838e+00,1.532497436523437500e+03,6.431574225425720215e-01,2.729550000000000143e+00,6.560922861099243164e-01,4.153076708316802979e-01
-9.838798762369876272e+00,-4.339849365264091929e+00,1.559598388671875000e+03,6.964320540428161621e-01,2.729560000000000208e+00,5.952857732772827148e-01,3.786101341247558594e-01
-9.836310539086944971e+00,-4.312860282440245108e+00,1.279998046875000000e+03,9.370202422142028809e-01,2.729570000000000274e+00,5.128117203712463379e-01,3.075802028179168701e-01
-9.835029172951294640e+00,-4.290919231202900974e+00,1.751226806640625000e+03,6.622475981712341309e-01,2.729580000000000339e+00,5.165501236915588379e-01,3.383267819881439209e-01
-9.841161315556483657e+00,-4.268264085593321155e+00,1.409402343750000000e+03,6.294090151786804199e-01,2.729590000000000405e+00,6.963756680488586426e-01,4.304139316082000732e-01
-9.840328269094895219e+00,-4.252931464296700881e+00,1.633735717773437500e+03,6.585032343864440918e-01,2.729600000000000026e+00,6.725718379020690918e-01,4.330079257488250732e-01
-9.835328647291335713e+00,-4.222591698035361496e+00,1.430218994140625000e+03,9.571999907493591309e-01,2.729610000000000092e+00,5.807898640632629395e-01,3.605284094810485840e-01
-9.840647050376498228e+00,-4.195848385851405737e+00,1.548604125976562500e+03,8.327919840812683105e-01,2.729620000000000157e+00,5.822394490242004395e-01,3.696074187755584717e-01
-9.840426776488975236e+00,-4.179228974654852991e+00,1.405108032226562500e+03,6.648117899894714355e-01,2.729630000000000223e+00,5.409643054008483887e-01,3.340543210506439209e-01
-9.837766924845769978e+00,-4.154963442643072824e+00,2.295673583984375000e+03,6.090134978294372559e-01,2.729640000000000288e+00,6.507517099380493164e-01,4.510896801948547363e-01
-9.836225288353704244e+00,-4.128868968736490785e+00,3.370068115234375000e+03,6.406111121177673340e-01,2.729650000000000354e+00,5.894874334335327148e-01,4.330842196941375732e-01
-9.835666507521596102e+00,-4.106394688181977948e+00,1.737871948242187500e+03,9.366709589958190918e-01,2.729660000000000419e+00,5.315037965774536133e-01,3.474820852279663086e-01
-9.839816435342905621e+00,-4.080525466194021789e+00,1.133348266601562500e+03,7.749790549278259277e-01,2.729670000000000041e+00,5.856726765632629395e-01,3.367246091365814209e-01
-9.837781769979200064e+00,-4.066680005193026304e+00,1.484658081054687500e+03,5.856019854545593262e-01,2.729680000000000106e+00,7.014110684394836426e-01,4.401032924652099609e-01
-9.832341405998397121e+00,-4.041867163195590251e+00,1.416791992187500000e+03,7.343108057975769043e-01,2.729690000000000172e+00,6.052040457725524902e-01,3.746428489685058594e-01
-9.832849658314383845e+00,-4.008819594468571168e+00,1.492351684570312500e+03,7.652563452720642090e-01,2.729700000000000237e+00,6.132149100303649902e-01,3.853240311145782471e-01
-9.831430082468544995e+00,-3.989932725652700185e+00,1.897232788085937500e+03,7.736153006553649902e-01,2.729710000000000303e+00,6.236672401428222656e-01,4.160706102848052979e-01
-9.842437300723201332e+00,-3.970274393105178490e+00,1.007937255859375000e+03,6.460863947868347168e-01,2.729720000000000368e+00,6.272530555725097656e-01,3.444303274154663086e-01
-9.839590634931008495e+00,-3.949539372033997520e+00,1.522247558593750000e+03,7.642335295677185059e-01,2.729730000000000434e+00,5.180760025978088379e-01,3.273404240608215332e-01
-9.838668720854563787e+00,-3.926188366155335618e+00,2.048504882812500000e+03,6.507284045219421387e-01,2.729740000000000055e+00,5.128880143165588379e-01,3.477872908115386963e-01
-9.844139397736551444e+00,-3.904790146589663280e+00,1.693158935546875000e+03,5.836898684501647949e-01,2.729750000000000121e+00,5.857489705085754395e-01,3.805175125598907471e-01
-9.844783444518986570e+00,-3.883153480602624441e+00,2.425970458984375000e+03,5.251914858818054199e-01,2.729760000000000186e+00,6.869151592254638672e-01,4.808444380760192871e-01
-9.838981444374779173e+00,-3.854442570474897245e+00,1.514634399414062500e+03,7.509297728538513184e-01,2.729770000000000252e+00,6.450296044349670410e-01,4.069916009902954102e-01
-9.838207098584177857e+00,-3.837618960702900317e+00,2.291159423828125000e+03,8.260352015495300293e-01,2.729780000000000317e+00,7.314710021018981934e-01,5.068607330322265625e-01
-9.845507593206487940e+00,-3.810013680910570688e+00,1.174016235351562500e+03,7.711965441703796387e-01,2.729790000000000383e+00,5.348607301712036133e-01,3.114712238311767578e-01
-9.839236989386913379e+00,-3.789296342833438302e+00,1.817358520507812500e+03,8.045834898948669434e-01,2.729800000000000004e+00,6.538797616958618164e-01,4.320161044597625732e-01
-9.839828546563579081e+00,-3.762759519654627294e+00,2.567980957031250000e+03,5.689484477043151855e-01,2.729810000000000070e+00,5.933784246444702148e-01,4.193512797355651855e-01
-9.840323127926408731e+00,-3.744092732687305691e+00,1.954906494140625000e+03,7.470614314079284668e-01,2.729820000000000135e+00,6.349588036537170410e-01,4.263703525066375732e-01
-9.846309619792927847e+00,-3.718802941454416811e+00,1.560181762695312500e+03,7.422477602958679199e-01,2.729830000000000201e+00,6.796671748161315918e-01,4.323212802410125732e-01
-9.841547067610338928e+00,-3.694470561797920549e+00,1.945743530273437500e+03,8.696658015251159668e-01,2.729840000000000266e+00,6.895091533660888672e-01,4.625338017940521240e-01
-9.840713543240529049e+00,-3.676917655129420037e+00,1.955579589843750000e+03,8.441347479820251465e-01,2.729850000000000332e+00,6.076454520225524902e-01,4.080597162246704102e-01
-9.841623736421023949e+00,-3.643466998398617207e+00,1.514826171875000000e+03,8.075899481773376465e-01,2.729860000000000397e+00,6.283211708068847656e-01,3.964630067348480225e-01
-9.841849299834160902e+00,-3.624912362333467364e+00,1.501761474609375000e+03,7.765526175498962402e-01,2.729870000000000019e+00,7.196453809738159180e-01,4.529970288276672363e-01
-9.841019976766247623e+00,-3.602215002341031980e+00,1.920777221679687500e+03,7.234782576560974121e-01,2.729880000000000084e+00,6.201577186584472656e-01,4.148499071598052979e-01
-9.841218123674758900e+00,-3.580682606511121691e+00,1.550283569335937500e+03,8.635599017143249512e-01,2.729890000000000150e+00,5.752204060554504395e-01,3.652586638927459717e-01
-9.834364178770533371e+00,-3.559064811222077296e+00,2.121342041015625000e+03,7.037872672080993652e-01,2.729900000000000215e+00,6.505228281021118164e-01,4.442231953144073486e-01
-9.838932910442501623e+00,-3.534604964283211803e+00,1.234187255859375000e+03,8.197576403617858887e-01,2.729910000000000281e+00,5.471441149711608887e-01,3.242123425006866455e-01
-9.840920856112829185e+00,-3.511704721236298621e+00,1.429586914062500000e+03,7.375890612602233887e-01,2.729920000000000346e+00,6.273293495178222656e-01,3.893676400184631348e-01
-9.836765748345113636e+00,-3.488864221217554462e+00,1.678783081054687500e+03,6.362432837486267090e-01,2.729930000000000412e+00,5.945228338241577148e-01,3.854003250598907471e-01
-9.836857689063226218e+00,-3.468393611528019616e+00,1.052151733398437500e+03,8.375830054283142090e-01,2.729940000000000033e+00,5.656073093414306641e-01,3.160488605499267578e-01
-9.837009082860060261e+00,-3.447954577310587965e+00,1.764905883789062500e+03,6.286627650260925293e-01,2.729950000000000099e+00,5.230351090431213379e-01,3.432096242904663086e-01
-9.836476710488094355e+00,-3.424754522775497190e+00,1.667048706054687500e+03,6.016010642051696777e-01,2.729960000000000164e+00,5.638525485992431641e-01,3.648771941661834717e-01
-9.840774280200868418e+00,-3.402308162493323795e+00,1.787229003906250000e+03,5.549473166465759277e-01,2.729970000000000230e+00,5.708716511726379395e-01,3.757109642028808594e-01
-9.841165674217467796e+00,-3.377449680259658749e+00,1.403557983398437500e+03,5.693716406822204590e-01,2.729980000000000295e+00,6.283974647521972656e-01,3.879180550575256348e-01
-9.838272196619481491e+00,-3.357052722771432407e+00,1.383070922851562500e+03,7.664234042167663574e-01,2.729990000000000361e+00,6.180214881896972656e-01,3.798308670520782471e-01
-9.842615038639131342e+00,-3.326487371429588613e+00,1.369840942382812500e+03,7.685620188713073730e-01,2.730000000000000426e+00,5.818579792976379395e-01,3.565611243247985840e-01
-9.840017278064500772e+00,-3.305434684797982303e+00,1.986253173828125000e+03,6.461567282676696777e-01,2.730010000000000048e+00,5.820868611335754395e-01,3.921905159950256348e-01
-9.839209819615815533e+00,-3.279204173740883022e+00,1.506228759765625000e+03,7.340878844261169434e-01,2.730020000000000113e+00,6.140541434288024902e-01,3.868499398231506348e-01
-9.834266482767697326e+00,-3.263167241992687373e+00,1.690635009765625000e+03,6.944603323936462402e-01,2.730030000000000179e+00,5.496618151664733887e-01,3.569425940513610840e-01
-9.839717337157075860e+00,-3.238971998814443420e+00,1.864487060546875000e+03,6.746250987052917480e-01,2.730040000000000244e+00,6.081795096397399902e-01,4.041687250137329102e-01
-9.840872605972819542e+00,-3.214088522929120284e+00,2.181366699218750000e+03,6.846207976341247559e-01,2.730050000000000310e+00,5.316563844680786133e-01,3.650297820568084717e-01
-9.844485047966625046e+00,-3.194584046630075669e+00,2.051596679687500000e+03,6.647509932518005371e-01,2.730060000000000375e+00,8.533129096031188965e-01,5.788062214851379395e-01
-9.845159592073226662e+00,-3.172198321433430390e+00,3.340206054687500000e+03,7.566875815391540527e-01,2.730070000000000441e+00,8.150131702423095703e-01,5.981086492538452148e-01
-9.845519736161650215e+00,-3.146437386990267093e+00,1.354942749023437500e+03,1.218713045120239258e+00,2.730080000000000062e+00,7.628279328346252441e-01,4.658907651901245117e-01
-9.847219728164020580e+00,-3.123783259811289792e+00,1.871479492187500000e+03,1.078392982482910156e+00,2.730090000000000128e+00,6.137489676475524902e-01,4.082123041152954102e-01
-9.840301156815156602e+00,-3.104111489938270907e+00,2.109989257812500000e+03,9.436113238334655762e-01,2.730100000000000193e+00,5.971931219100952148e-01,4.073730707168579102e-01
-9.835408480809171294e+00,-3.080651023060925198e+00,2.481362304687500000e+03,8.225685954093933105e-01,2.730110000000000259e+00,6.523538827896118164e-01,4.584139287471771240e-01
-9.847093554489076084e+00,-3.062070709573332827e+00,2.660462158203125000e+03,7.551974654197692871e-01,2.730120000000000324e+00,6.506754159927368164e-01,4.624575078487396240e-01
-9.844820451135856132e+00,-3.033978166037998747e+00,4.711365722656250000e+03,7.851154208183288574e-01,2.730130000000000390e+00,6.384683251380920410e-01,4.859561324119567871e-01
-9.845469674517975278e+00,-3.013365138279122668e+00,1.597179565429687500e+03,1.022843837738037109e+00,2.730140000000000011e+00,6.576944589614868164e-01,4.209534525871276855e-01
-9.843881818361225555e+00,-2.993648536734241361e+00,1.541742187500000000e+03,9.287542700767517090e-01,2.730150000000000077e+00,5.849860310554504395e-01,3.709044158458709717e-01
-9.843140778949672764e+00,-2.967163992464009858e+00,1.974966796875000000e+03,7.266909480094909668e-01,2.730160000000000142e+00,6.450296044349670410e-01,4.340760707855224609e-01
-9.844250213172161423e+00,-2.945617476279739133e+00,1.071217651367187500e+03,7.942766547203063965e-01,2.730170000000000208e+00,7.365064024925231934e-01,4.144684374332427979e-01
-9.847119030152621022e+00,-2.924987960647547069e+00,2.886697021484375000e+03,8.270508646965026855e-01,2.730180000000000273e+00,6.744028925895690918e-01,4.852694869041442871e-01
-9.849377625764001110e+00,-2.907049097706522200e+00,1.737768554687500000e+03,9.521979689598083496e-01,2.730190000000000339e+00,6.119179129600524902e-01,4.000488221645355225e-01
-9.850828092922087720e+00,-2.881760489337525044e+00,2.229166748046875000e+03,8.475894331932067871e-01,2.730200000000000404e+00,6.912639141082763672e-01,4.765719473361968994e-01
-9.848597378906926991e+00,-2.858845182199000412e+00,2.298404296875000000e+03,7.910830378532409668e-01,2.730210000000000026e+00,8.015853762626647949e-01,5.557653903961181641e-01
-9.842549960531201236e+00,-2.834912705684823120e+00,2.801572998046875000e+03,1.031838178634643555e+00,2.730220000000000091e+00,6.007026433944702148e-01,4.303376376628875732e-01
-9.843417984882393057e+00,-2.807613785216337199e+00,1.950739624023437500e+03,1.079509973526000977e+00,2.730230000000000157e+00,6.668497920036315918e-01,4.475801289081573486e-01
-9.847106568697917339e+00,-2.788041692283898865e+00,1.301504394531250000e+03,8.567995429039001465e-01,2.730240000000000222e+00,8.276017308235168457e-01,4.990787506103515625e-01
-9.843085608436044964e+00,-2.762291691813768324e+00,2.036397460937500000e+03,9.061819911003112793e-01,2.730250000000000288e+00,6.534219980239868164e-01,4.425447285175323486e-01
-9.839037540041534413e+00,-2.742929350686956980e+00,1.747183471679687500e+03,9.319908022880554199e-01,2.730260000000000353e+00,6.613565683364868164e-01,4.329316318035125732e-01
-9.845405707778224880e+00,-2.715645046452339617e+00,1.335022583007812500e+03,9.738761782646179199e-01,2.730270000000000419e+00,5.540105700492858887e-01,3.368009030818939209e-01
-9.841443923061147458e+00,-2.689231086836396667e+00,1.401436279296875000e+03,7.439333796501159668e-01,2.730280000000000040e+00,6.135963797569274902e-01,3.786101341247558594e-01
-9.843760559756693951e+00,-2.669454023163434275e+00,1.640238525390625000e+03,7.220954298973083496e-01,2.730290000000000106e+00,6.190896034240722656e-01,3.989807069301605225e-01
-9.845273371918695560e+00,-2.652375803671526810e+00,2.467602783203125000e+03,7.006615996360778809e-01,2.730300000000000171e+00,6.616617441177368164e-01,4.645174443721771240e-01
-9.844085641838228540e+00,-2.629732462510331104e+00,1.774005615234375000e+03,9.216935038566589355e-01,2.730310000000000237e+00,6.870677471160888672e-01,4.513948559761047363e-01
-9.841242537875260155e+00,-2.605394463790829285e+00,1.672026123046875000e+03,8.869201540946960449e-01,2.730320000000000302e+00,7.235363721847534180e-01,4.685610532760620117e-01
-9.850057238134102278e+00,-2.584685197506776166e+00,1.332707763671875000e+03,8.930189013481140137e-01,2.730330000000000368e+00,6.865336894989013672e-01,4.171387255191802979e-01
-9.841668627178339790e+00,-2.559184493307449237e+00,2.079185302734375000e+03,9.145659804344177246e-01,2.730340000000000433e+00,6.991222500801086426e-01,4.755038321018218994e-01
-9.839825755103426275e+00,-2.538593095644569253e+00,1.354411865234375000e+03,8.720726370811462402e-01,2.730350000000000055e+00,6.164955496788024902e-01,3.764739036560058594e-01
-9.835550071091757829e+00,-2.511143691546129819e+00,1.565914428710937500e+03,9.980446696281433105e-01,2.730360000000000120e+00,6.743265986442565918e-01,4.293458163738250732e-01
-9.843694028886474712e+00,-2.491444925362011453e+00,2.569800781250000000e+03,8.043426871299743652e-01,2.730370000000000186e+00,6.580759286880493164e-01,4.651278257369995117e-01
-9.840656740822042892e+00,-2.466956902015213782e+00,2.257822265625000000e+03,8.109754920005798340e-01,2.730380000000000251e+00,5.862830877304077148e-01,4.051605463027954102e-01
-9.838529499463030348e+00,-2.444348188462659444e+00,4.258526855468750000e+03,8.820957541465759277e-01,2.730390000000000317e+00,6.077980399131774902e-01,4.582613408565521240e-01
-9.838903223823187716e+00,-2.415507278039495720e+00,1.582791992187500000e+03,7.467300295829772949e-01,2.730400000000000382e+00,7.169750928878784180e-01,4.578035771846771240e-01
-9.836525709641955828e+00,-2.399589592300316099e+00,2.495188720703125000e+03,9.556228518486022949e-01,2.730410000000000004e+00,6.586862802505493164e-01,4.632967412471771240e-01
-9.841117247443563087e+00,-2.370838122402952219e+00,1.448427734375000000e+03,9.290344119071960449e-01,2.730420000000000069e+00,8.800158500671386719e-01,5.482885241508483887e-01
-9.842807785438187906e+00,-2.353412199849955755e+00,1.776720092773437500e+03,1.077926874160766602e+00,2.730430000000000135e+00,5.615637302398681641e-01,3.690733611583709717e-01
-9.844761827730929227e+00,-2.326549574959870803e+00,4.820777832031250000e+03,1.060044288635253906e+00,2.730440000000000200e+00,5.760596394538879395e-01,4.393403530120849609e-01
-9.832082454346977585e+00,-2.304570302795536207e+00,1.461502197265625000e+03,7.336885333061218262e-01,2.730450000000000266e+00,5.699560642242431641e-01,3.560270667076110840e-01
-9.839645441215331800e+00,-2.287993435189878078e+00,1.603598876953125000e+03,7.873470187187194824e-01,2.730460000000000331e+00,5.434057116508483887e-01,3.481687605381011963e-01
-9.842375973894043284e+00,-2.264663424057661523e+00,2.025190185546875000e+03,6.134719252586364746e-01,2.730470000000000397e+00,6.011604070663452148e-01,4.066864252090454102e-01
-9.837420429575567837e+00,-2.249775337230464967e+00,1.327044921875000000e+03,6.593281626701354980e-01,2.730480000000000018e+00,6.474710106849670410e-01,3.928771615028381348e-01
-9.836698238092020929e+00,-2.236336765867751097e+00,1.686495239257812500e+03,7.366020083427429199e-01,2.730490000000000084e+00,5.388280153274536133e-01,3.496946394443511963e-01
-9.840387267460371845e+00,-2.222545757353984186e+00,5.795230468750000000e+03,7.296091914176940918e-01,2.730500000000000149e+00,6.748225539922714233e-02,5.222340300679206848e-02
-9.841693733991938586e+00,-2.212751987406155418e+00,-6.792160644531250000e+02,5.108303427696228027e-01,2.730510000000000215e+00,2.384194917976856232e-02,3.673567622900009155e-02
-9.842207523569330263e+00,-2.197580652041496219e+00,-6.469714355468750000e+02,2.106601148843765259e-01,2.730520000000000280e+00,2.124794572591781616e-02,3.376020118594169617e-02
