# x_coordinates, y_coordinates, TEP, TED, times, high, low
8.459779694015336915e+00,1.893048968211912930e+00,1.951164550781250000e+03,3.359526693820953369e-01,4.017260000000000275e+00,8.690295219421386719e-01,5.833075642585754395e-01
8.466485171803693532e+00,1.885995963290219013e+00,1.300935791015625000e+03,2.186253786087036133e+00,4.017269999999999897e+00,8.616289496421813965e-01,5.195255875587463379e-01
8.461816781724639469e+00,1.888257770379736300e+00,2.033151977539062500e+03,1.129469394683837891e+00,4.017280000000000406e+00,1.047024011611938477e+00,7.088878750801086426e-01
8.463382624651824671e+00,1.878796227153253451e+00,2.024872192382812500e+03,1.214856624603271484e+00,4.017290000000000028e+00,1.024898648262023926e+00,6.933238506317138672e-01
8.466816801859668118e+00,1.877177850755658683e+00,2.321969970703125000e+03,1.344093799591064453e+00,4.017300000000000537e+00,1.739317893981933594e+00,1.208157420158386230e+00
8.471229810100490809e+00,1.875676566604770557e+00,1.697998779296875000e+03,1.706231355667114258e+00,4.017310000000000159e+00,9.807242751121520996e-01,6.375527977943420410e-01
8.473508623223798608e+00,1.877274292877554318e+00,1.360790771484375000e+03,2.454349517822265625e+00,4.017320000000000668e+00,8.677325248718261719e-01,5.306645631790161133e-01
8.473319189102689108e+00,1.883912772327780205e+00,1.618961059570312500e+03,1.269720315933227539e+00,4.017330000000000290e+00,9.233509898185729980e-01,5.930732488632202148e-01
8.472816462279498140e+00,1.894734957776324391e+00,2.308583007812500000e+03,1.137120246887207031e+00,4.017339999999999911e+00,1.083187460899353027e+00,7.516126632690429688e-01
8.475736040079789646e+00,1.903168510439530170e+00,2.362964843750000000e+03,1.474593400955200195e+00,4.017350000000000421e+00,9.357869625091552734e-01,6.520487070083618164e-01
8.476063006642981179e+00,1.910556341343555342e+00,1.533789672851562500e+03,1.815175533294677734e+00,4.017360000000000042e+00,9.381520748138427734e-01,5.939887762069702148e-01
8.472961369225650685e+00,1.921922001930935986e+00,2.064157226562500000e+03,1.165041446685791016e+00,4.017370000000000552e+00,1.260266304016113281e+00,8.559069037437438965e-01
8.479012665259677561e+00,1.937697802889766008e+00,1.318268066406250000e+03,1.552744626998901367e+00,4.017380000000000173e+00,1.220364451408386230e+00,7.389478087425231934e-01
8.473682719527172225e+00,1.953456736436409269e+00,2.183008544921875000e+03,1.963461160659790039e+00,4.017390000000000683e+00,1.166653275489807129e+00,8.011276125907897949e-01
8.481296108761940289e+00,1.968240704080089998e+00,2.339937255859375000e+03,1.689514636993408203e+00,4.017400000000000304e+00,1.184429883956909180e+00,8.238633275032043457e-01
8.476413113307412317e+00,1.987489192019367135e+00,2.213713378906250000e+03,1.651908874511718750e+00,4.017409999999999926e+00,1.197018384933471680e+00,8.241685032844543457e-01
8.485210113246345998e+00,2.003169966762979648e+00,1.591718872070312500e+03,2.127385854721069336e+00,4.017420000000000435e+00,1.134685993194580078e+00,7.255963087081909180e-01
8.476352042155653521e+00,2.018514543104509951e+00,1.338286987304687500e+03,1.833374023437500000e+00,4.017430000000000057e+00,1.095699667930603027e+00,6.666209101676940918e-01
8.485181807204970283e+00,2.041121777353533506e+00,1.374603271484375000e+03,1.693965911865234375e+00,4.017440000000000566e+00,9.463918805122375488e-01,5.805609822273254395e-01
8.478732087345470347e+00,2.059434568792553488e+00,1.472353637695312500e+03,1.631873369216918945e+00,4.017450000000000188e+00,1.049083948135375977e+00,6.567026376724243164e-01
8.481379062461936513e+00,2.081221800123069787e+00,2.165971679687500000e+03,1.259800910949707031e+00,4.017460000000000697e+00,1.023983120918273926e+00,7.020977139472961426e-01
8.478206293534984894e+00,2.096435773012536252e+00,2.082126708984375000e+03,1.539011716842651367e+00,4.017470000000000319e+00,1.012920379638671875e+00,6.891276836395263672e-01
8.486601961939520322e+00,2.116380754500943873e+00,2.352612304687500000e+03,1.203854799270629883e+00,4.017479999999999940e+00,1.209149241447448730e+00,8.418687582015991211e-01
8.475684264851487626e+00,2.132270451928223842e+00,1.507488281250000000e+03,1.880088567733764648e+00,4.017490000000000450e+00,1.025203824043273926e+00,6.460214257240295410e-01
8.477264825559418071e+00,2.146105886753063352e+00,2.959749023437500000e+03,1.903101921081542969e+00,4.017500000000000071e+00,1.185879468917846680e+00,8.563646674156188965e-01
8.474552413957832542e+00,2.169836955860495742e+00,1.311660156250000000e+03,1.539701938629150391e+00,4.017510000000000581e+00,8.525499701499938965e-01,5.154057145118713379e-01
8.477238090989049013e+00,2.189958552340328879e+00,1.681146362304687500e+03,1.729031324386596680e+00,4.017520000000000202e+00,1.147274613380432129e+00,7.439832687377929688e-01
8.479917456113239993e+00,2.203702964896902206e+00,2.095420654296875000e+03,9.659463763236999512e-01,4.017530000000000712e+00,1.594358801841735840e+00,1.086086630821228027e+00
8.476766663595064699e+00,2.213781206058257123e+00,1.729586547851562500e+03,1.803456068038940430e+00,4.017540000000000333e+00,1.372266292572021484e+00,8.961139321327209473e-01
8.479929611043219850e+00,2.233427801344148200e+00,2.292173095703125000e+03,2.586115121841430664e+00,4.017549999999999955e+00,1.291241765022277832e+00,8.948169350624084473e-01
8.471827345172581403e+00,2.247409020314754535e+00,2.577425292968750000e+03,2.241949558258056641e+00,4.017560000000000464e+00,1.211132884025573730e+00,8.564409613609313965e-01
8.475927011269458689e+00,2.266633801315078856e+00,2.039948730468750000e+03,2.227835178375244141e+00,4.017570000000000086e+00,1.133465290069580078e+00,7.679396271705627441e-01
8.476388504026967752e+00,2.283142692709136057e+00,2.047505981445312500e+03,1.980509281158447266e+00,4.017580000000000595e+00,1.402326226234436035e+00,9.508169293403625488e-01
8.473626252431680328e+00,2.297215708978667781e+00,1.953418945312500000e+03,2.031362771987915039e+00,4.017590000000000217e+00,1.172680616378784180e+00,7.873183488845825195e-01
8.474662031909524273e+00,2.310813726070240826e+00,2.319239257812500000e+03,2.370417833328247070e+00,4.017600000000000726e+00,1.113705158233642578e+00,7.734327912330627441e-01
8.478666366983917513e+00,2.323575999746211540e+00,2.142931152343750000e+03,1.792568683624267578e+00,4.017610000000000348e+00,1.227154612541198730e+00,8.396562337875366211e-01
8.467784041573120035e+00,2.336507593651508508e+00,2.032876098632812500e+03,1.973300695419311523e+00,4.017619999999999969e+00,1.122555255889892578e+00,7.600050568580627441e-01
8.470919640274503948e+00,2.352047314850304272e+00,1.853711669921875000e+03,1.826821088790893555e+00,4.017630000000000479e+00,1.037410855293273926e+00,6.885173320770263672e-01
8.467305836273331110e+00,2.368782881220427239e+00,2.368502685546875000e+03,1.692592620849609375e+00,4.017640000000000100e+00,1.083263754844665527e+00,7.551221847534179688e-01
8.477568525646843156e+00,2.390158563274323633e+00,1.119388671875000000e+03,1.626996517181396484e+00,4.017650000000000610e+00,1.001247406005859375e+00,5.730078816413879395e-01
8.465866829105829439e+00,2.400791407355587381e+00,1.451469360351562500e+03,1.518653154373168945e+00,4.017660000000000231e+00,1.030010342597961426e+00,6.421304345130920410e-01
8.470573221175241585e+00,2.412316313766655007e+00,1.544492065429687500e+03,1.325062036514282227e+00,4.017670000000000741e+00,1.028026700019836426e+00,6.521250009536743164e-01
8.469861329096305624e+00,2.435508695941067003e+00,1.900750610351562500e+03,1.508059024810791016e+00,4.017680000000000362e+00,1.011852264404296875e+00,6.753184199333190918e-01
8.473906321195816105e+00,2.450003225070424673e+00,1.713231201171875000e+03,1.324699640274047852e+00,4.017689999999999984e+00,1.069683313369750977e+00,6.969097256660461426e-01
8.465616534382093050e+00,2.475004527355843642e+00,1.620728393554687500e+03,1.536449909210205078e+00,4.017700000000000493e+00,1.021770596504211426e+00,6.564737558364868164e-01
8.469632796234593641e+00,2.484690768950921225e+00,1.649573364257812500e+03,1.642355442047119141e+00,4.017710000000000115e+00,1.068233728408813477e+00,6.894328594207763672e-01
8.460241751806576005e+00,2.502576266179248776e+00,1.829336303710937500e+03,1.323790073394775391e+00,4.017720000000000624e+00,9.895743727684020996e-01,6.547952890396118164e-01
8.465263507423838263e+00,2.523151581262368826e+00,1.602130126953125000e+03,1.445148706436157227e+00,4.017730000000000246e+00,8.704791069030761719e-01,5.575964450836181641e-01
8.469262542435172847e+00,2.538926696230966673e+00,1.586795532226562500e+03,1.329532384872436523e+00,4.017740000000000755e+00,8.913074135780334473e-01,5.694983005523681641e-01
8.469717284318040385e+00,2.555830191323313016e+00,1.347428344726562500e+03,1.250766038894653320e+00,4.017750000000000377e+00,9.022938013076782227e-01,5.501195788383483887e-01
8.470961221132146335e+00,2.576834424816494717e+00,1.444473388671875000e+03,1.180619716644287109e+00,4.017759999999999998e+00,9.872092604637145996e-01,6.145882010459899902e-01
8.476864232438396485e+00,2.595656925792875214e+00,1.246175415039062500e+03,1.181846380233764648e+00,4.017770000000000508e+00,9.029041528701782227e-01,5.367680788040161133e-01
8.479031937248338480e+00,2.609946972520845510e+00,1.371554443359375000e+03,1.208922386169433594e+00,4.017780000000000129e+00,9.016071557998657227e-01,5.527135729789733887e-01
8.472417243424368749e+00,2.623529585637380812e+00,1.812604125976562500e+03,1.053289890289306641e+00,4.017790000000000639e+00,8.644518256187438965e-01,5.707953572273254395e-01
8.473196729918539560e+00,2.647767046601275709e+00,2.653906982421875000e+03,1.117650985717773438e+00,4.017800000000000260e+00,8.713946342468261719e-01,6.190896034240722656e-01
8.472693619874686277e+00,2.658834729039063927e+00,2.604565917968750000e+03,1.053480625152587891e+00,4.017810000000000770e+00,9.529531598091125488e-01,6.750132441520690918e-01
8.475764447927639722e+00,2.679812356828456643e+00,1.509496582031250000e+03,1.178406000137329102e+00,4.017820000000000391e+00,9.434926509857177734e-01,5.947517156600952148e-01
8.467207589213204599e+00,2.689990279638690307e+00,1.870776611328125000e+03,1.163899421691894531e+00,4.017830000000000013e+00,1.003154754638671875e+00,6.671549677848815918e-01
8.480526197352460827e+00,2.711807159497066078e+00,1.133783691406250000e+03,1.164353609085083008e+00,4.017840000000000522e+00,1.209988474845886230e+00,6.957653164863586426e-01
8.474671262245283998e+00,2.731935078728424227e+00,2.529005859375000000e+03,1.530863761901855469e+00,4.017850000000000144e+00,1.361661434173583984e+00,9.598959088325500488e-01
8.473345036084747761e+00,2.741413757346481628e+00,1.370542480468750000e+03,1.668952226638793945e+00,4.017860000000000653e+00,9.952964782714843750e-01,6.100105643272399902e-01
8.474451154711482914e+00,2.761127804168594491e+00,1.500780761718750000e+03,2.231840610504150391e+00,4.017870000000000275e+00,1.029628872871398926e+00,6.480050683021545410e-01
8.483513727179168740e+00,2.778592873557143239e+00,2.447783447265625000e+03,1.503233432769775391e+00,4.017879999999999896e+00,1.081432700157165527e+00,7.581740021705627441e-01
8.471668595463428986e+00,2.795120492891495001e+00,1.836403442382812500e+03,1.552700519561767578e+00,4.017890000000000406e+00,1.010936737060546875e+00,6.695200800895690918e-01
8.477198741462446563e+00,2.809288561339331913e+00,2.183610107421875000e+03,1.618275165557861328e+00,4.017900000000000027e+00,1.215252757072448730e+00,8.345444798469543457e-01
8.474570174838175873e+00,2.823017083754632228e+00,1.820408081054687500e+03,1.477254152297973633e+00,4.017910000000000537e+00,1.306042909622192383e+00,8.632311224937438965e-01
8.474327017341217072e+00,2.851854232366671127e+00,1.209087890625000000e+03,2.165170431137084961e+00,4.017920000000000158e+00,1.076931238174438477e+00,6.336618065834045410e-01
8.463291045926220946e+00,2.863723889405804801e+00,1.461951904296875000e+03,1.826641082763671875e+00,4.017930000000000668e+00,9.107624292373657227e-01,5.689642429351806641e-01
8.478038738109827221e+00,2.879243226928286603e+00,1.678905029296875000e+03,1.257014989852905273e+00,4.017940000000000289e+00,9.389913082122802734e-01,6.087135672569274902e-01
8.471229566974066927e+00,2.898396061816061131e+00,1.484972167968750000e+03,1.200714826583862305e+00,4.017949999999999910e+00,9.396779537200927734e-01,5.896400213241577148e-01
8.469618756951566851e+00,2.916823430609309931e+00,1.645268920898437500e+03,1.257220029830932617e+00,4.017960000000000420e+00,8.666643500328063965e-01,5.589697360992431641e-01
8.470923448475181416e+00,2.935336383709397090e+00,2.419066650390625000e+03,1.094762802124023438e+00,4.017970000000000041e+00,8.436235189437866211e-01,5.902503728866577148e-01
8.468743622817576977e+00,2.945689715429833822e+00,1.228354370117187500e+03,1.018701314926147461e+00,4.017980000000000551e+00,8.356125950813293457e-01,4.943484961986541748e-01
8.469303988386679194e+00,2.973826431797562453e+00,1.270829101562500000e+03,9.980506300926208496e-01,4.017990000000000173e+00,9.219014048576354980e-01,5.516454577445983887e-01
8.473858565674744270e+00,2.993395218003058300e+00,1.822776123046875000e+03,9.058148264884948730e-01,4.018000000000000682e+00,9.886588454246520996e-01,6.536508798599243164e-01
8.467936404691963403e+00,3.006314336114810359e+00,1.787044067382812500e+03,1.253416061401367188e+00,4.018010000000000304e+00,9.417378902435302734e-01,6.197762489318847656e-01
8.467860615022891224e+00,3.024268463453872791e+00,1.602796752929687500e+03,1.345121383666992188e+00,4.018019999999999925e+00,1.054500818252563477e+00,6.755473017692565918e-01
8.462115196541638795e+00,3.037446744790912145e+00,1.451924438476562500e+03,1.430539608001708984e+00,4.018030000000000435e+00,9.553945660591125488e-01,5.956672430038452148e-01
8.461889131478857351e+00,3.064697451321789945e+00,1.951221435546875000e+03,1.460057020187377930e+00,4.018040000000000056e+00,9.184681773185729980e-01,6.164955496788024902e-01
8.466354277350642832e+00,3.079600238323720429e+00,1.941114624023437500e+03,1.358215332031250000e+00,4.018050000000000566e+00,9.724081754684448242e-01,6.519724130630493164e-01
8.460111429893778734e+00,3.099661660476917380e+00,1.470172729492187500e+03,1.278728961944580078e+00,4.018060000000000187e+00,9.293019175529479980e-01,5.814765095710754395e-01
8.467820910982490901e+00,3.122643651976511059e+00,9.838220825195312500e+02,1.266747236251831055e+00,4.018070000000000697e+00,1.005214691162109375e+00,5.463811755180358887e-01
8.465523664729946773e+00,3.136259000892798188e+00,1.839080444335937500e+03,1.174931049346923828e+00,4.018080000000000318e+00,1.027645230293273926e+00,6.808116436004638672e-01
8.468092074311483586e+00,3.147183721781686927e+00,1.162388305664062500e+03,1.287075996398925781e+00,4.018089999999999939e+00,9.797324538230895996e-01,5.685064792633056641e-01
8.465827352407009343e+00,3.164240129190130091e+00,1.629228515625000000e+03,1.430776834487915039e+00,4.018100000000000449e+00,1.071743249893188477e+00,6.895091533660888672e-01
8.473756530278937049e+00,3.183464791799813121e+00,1.296823974609375000e+03,1.310038089752197266e+00,4.018110000000000070e+00,9.510458111763000488e-01,5.728552937507629395e-01
8.462034336907775511e+00,3.199441654976150406e+00,1.892070190429687500e+03,1.491072893142700195e+00,4.018120000000000580e+00,9.434163570404052734e-01,6.290078163146972656e-01
8.465384713721883614e+00,3.219688156997592365e+00,1.319481445312500000e+03,1.164502620697021484e+00,4.018130000000000202e+00,1.091274619102478027e+00,6.609750986099243164e-01
8.460767138222530903e+00,3.236319397893817840e+00,1.906227661132812500e+03,1.420621395111083984e+00,4.018140000000000711e+00,9.940757751464843750e-01,6.638742685317993164e-01
8.467031715850055207e+00,3.257240423947537433e+00,2.070726318359375000e+03,1.545205831527709961e+00,4.018150000000000333e+00,9.774436354637145996e-01,6.642557978630065918e-01
8.465033762287037078e+00,3.274127205124981899e+00,1.918447143554687500e+03,1.435213804244995117e+00,4.018159999999999954e+00,9.632529020309448242e-01,6.441903710365295410e-01
8.470602742469200308e+00,3.286359667053198041e+00,1.367542480468750000e+03,1.365177154541015625e+00,4.018170000000000464e+00,9.131275415420532227e-01,5.592749118804931641e-01
8.466363249865716867e+00,3.304922723454465583e+00,1.544473632812500000e+03,1.214305877685546875e+00,4.018180000000000085e+00,8.792529106140136719e-01,5.577490329742431641e-01
8.466363153980530853e+00,3.322029470616207458e+00,1.779168212890625000e+03,9.753746390342712402e-01,4.018190000000000595e+00,1.139416217803955078e+00,7.490949630737304688e-01
8.465937913603221787e+00,3.337909898296275379e+00,1.922571777343750000e+03,1.245828390121459961e+00,4.018200000000000216e+00,9.436452388763427734e-01,6.313729286193847656e-01
8.469483645214635814e+00,3.357131911190466500e+00,2.150098876953125000e+03,1.470865726470947266e+00,4.018210000000000726e+00,9.835471510887145996e-01,6.734110713005065918e-01
8.465697515206771939e+00,3.368758485727542773e+00,1.556504028320312500e+03,1.254344701766967773e+00,4.018220000000000347e+00,1.026958584785461426e+00,6.528116464614868164e-01
8.471058741977008921e+00,3.398045274838867424e+00,1.194335937500000000e+03,1.396550655364990234e+00,4.018229999999999968e+00,8.734545707702636719e-01,5.117436051368713379e-01
8.472443654643955213e+00,3.412743001091259831e+00,1.547421752929687500e+03,1.249733686447143555e+00,4.018240000000000478e+00,9.717215299606323242e-01,6.167244315147399902e-01
8.472630538310331971e+00,3.427092878848700508e+00,1.582736816406250000e+03,1.093847274780273438e+00,4.018250000000000099e+00,9.607351422309875488e-01,6.134437918663024902e-01
8.475381600853747699e+00,3.440597649998420327e+00,1.297471069335937500e+03,1.510269165039062500e+00,4.018260000000000609e+00,1.032070279121398926e+00,6.217598915100097656e-01
8.477649455853232041e+00,3.465284789888423589e+00,1.929047973632812500e+03,1.470390081405639648e+00,4.018270000000000231e+00,9.510458111763000488e-01,6.367898583412170410e-01
8.472955691924081378e+00,3.478193078202287847e+00,2.130995605468750000e+03,1.215065240859985352e+00,4.018280000000000740e+00,9.202992320060729980e-01,6.290078163146972656e-01
8.477007411896753553e+00,3.496524103783200665e+00,1.531340209960937500e+03,1.413409233093261719e+00,4.018290000000000362e+00,8.778033256530761719e-01,5.555365085601806641e-01
8.481087984132777535e+00,3.515055446740018130e+00,1.285126464843750000e+03,1.258913993835449219e+00,4.018299999999999983e+00,7.959396243095397949e-01,4.780215322971343994e-01
8.472087088012834499e+00,3.531921362345748161e+00,2.276207275390625000e+03,1.000014066696166992e+00,4.018310000000000493e+00,9.423482418060302734e-01,6.522012948989868164e-01
8.475809020959161444e+00,3.555666559955424688e+00,1.531810791015625000e+03,1.055997133255004883e+00,4.018320000000000114e+00,9.236561655998229980e-01,5.846045613288879395e-01
8.469970323267252965e+00,3.565804891853043390e+00,1.293158935546875000e+03,1.270845651626586914e+00,4.018330000000000624e+00,1.073116540908813477e+00,6.457925438880920410e-01
8.471708766751911313e+00,3.580997880263298683e+00,1.565346679687500000e+03,1.268274307250976562e+00,4.018340000000000245e+00,1.148953080177307129e+00,7.314710021018981934e-01
8.472390397132091522e+00,3.597844458710139026e+00,1.732369140625000000e+03,1.618551731109619141e+00,4.018350000000000755e+00,8.552965521812438965e-01,5.587408542633056641e-01
8.477283200962380860e+00,3.621310924912798601e+00,2.042644287109375000e+03,1.491487741470336914e+00,4.018360000000000376e+00,7.849532365798950195e-01,5.319615602493286133e-01
8.470765584106493051e+00,3.635164766746720399e+00,1.511546386718750000e+03,1.060639142990112305e+00,4.018369999999999997e+00,8.305009007453918457e-01,5.237218141555786133e-01
8.473503776572071544e+00,3.652435210137852994e+00,1.510566772460937500e+03,8.891755938529968262e-01,4.018380000000000507e+00,9.031330347061157227e-01,5.694220066070556641e-01
8.468798613867146940e+00,3.673064365263328579e+00,1.263719482421875000e+03,9.929103255271911621e-01,4.018390000000000128e+00,8.998523950576782227e-01,5.374547243118286133e-01
8.475717038657945679e+00,3.693105269150957159e+00,1.499023681640625000e+03,9.476525187492370605e-01,4.018400000000000638e+00,1.165661454200744629e+00,7.333783507347106934e-01
8.470094942374673863e+00,3.704937735645144503e+00,1.086705566406250000e+03,1.299042224884033203e+00,4.018410000000000259e+00,9.775199294090270996e-01,5.531713366508483887e-01
8.472799279940106842e+00,3.723524095474112450e+00,1.501310791015625000e+03,1.526669979095458984e+00,4.018420000000000769e+00,1.023830533027648926e+00,6.444192528724670410e-01
8.470388300443476126e+00,3.744409210151208089e+00,1.219101806640625000e+03,1.140849113464355469e+00,4.018430000000000391e+00,9.836234450340270996e-01,5.804083943367004395e-01
8.474083960958289197e+00,3.758905457963984897e+00,1.334297973632812500e+03,1.305838346481323242e+00,4.018440000000000012e+00,9.355580806732177734e-01,5.686590671539306641e-01
8.463963192539189606e+00,3.774596525935375979e+00,1.355246826171875000e+03,1.248287677764892578e+00,4.018450000000000522e+00,1.042827725410461426e+00,6.369424462318420410e-01
8.473590302441062150e+00,3.794914361208086895e+00,1.883124633789062500e+03,1.212249517440795898e+00,4.018460000000000143e+00,9.841575026512145996e-01,6.554819345474243164e-01
8.470263948260269515e+00,3.810864566060160996e+00,1.608691040039062500e+03,1.291311502456665039e+00,4.018470000000000653e+00,1.039928555488586426e+00,6.668497920036315918e-01
8.473201975672361996e+00,3.830530064709692706e+00,1.196833007812500000e+03,1.242824316024780273e+00,4.018480000000000274e+00,9.141957163810729980e-01,5.360051393508911133e-01
8.467806250666882306e+00,3.845588759523924871e+00,1.101951660156250000e+03,1.402844905853271484e+00,4.018489999999999895e+00,9.091602563858032227e-01,5.172367691993713379e-01
8.468442108975054339e+00,3.863170467015732079e+00,1.352808959960937500e+03,1.194737672805786133e+00,4.018500000000000405e+00,9.116779565811157227e-01,5.565283298492431641e-01
8.477213367350897144e+00,3.887161664912944570e+00,1.783672241210937500e+03,1.035686254501342773e+00,4.018510000000000026e+00,1.071819543838500977e+00,7.050731778144836426e-01
8.465043667119079629e+00,3.904798157850834617e+00,1.489469116210937500e+03,1.137206077575683594e+00,4.018520000000000536e+00,1.029018521308898926e+00,6.462503075599670410e-01
8.470648038200820906e+00,3.915402625580508555e+00,2.113389160156250000e+03,1.413596391677856445e+00,4.018530000000000157e+00,9.242665171623229980e-01,6.306862831115722656e-01
8.466575836745043659e+00,3.933199039631860128e+00,1.443989868164062500e+03,1.382156133651733398e+00,4.018540000000000667e+00,9.254109263420104980e-01,5.760596394538879395e-01
8.466596517726191706e+00,3.953345101653438665e+00,1.575428344726562500e+03,1.184286594390869141e+00,4.018550000000000288e+00,9.479177594184875488e-01,6.045174002647399902e-01
8.458462912658282207e+00,3.968352972922785327e+00,1.750641235351562500e+03,1.180198907852172852e+00,4.018559999999999910e+00,8.910022377967834473e-01,5.835364460945129395e-01
8.471155025948551298e+00,3.984385164162456583e+00,1.386578613281250000e+03,1.262843132019042969e+00,4.018570000000000420e+00,1.102184653282165527e+00,6.779124140739440918e-01
8.463189316895237013e+00,4.006728692105254730e+00,1.632493530273437500e+03,1.120922088623046875e+00,4.018580000000000041e+00,1.196713209152221680e+00,7.703047394752502441e-01
8.462975686173654921e+00,4.021845346461790704e+00,1.887271606445312500e+03,1.823347330093383789e+00,4.018590000000000551e+00,9.505880475044250488e-01,6.334329247474670410e-01
8.464304015071494547e+00,4.036279239729872792e+00,2.148920654296875000e+03,1.917427301406860352e+00,4.018600000000000172e+00,9.109913110733032227e-01,6.236672401428222656e-01
8.467028241080921447e+00,4.049437880086781405e+00,1.968322387695312500e+03,1.185727834701538086e+00,4.018610000000000682e+00,1.083874106407165527e+00,7.288770079612731934e-01
8.465863926943136164e+00,4.074444289186602397e+00,2.329812988281250000e+03,1.675363302230834961e+00,4.018620000000000303e+00,1.006206512451171875e+00,6.993511319160461426e-01
8.470794843934944751e+00,4.091812987165607041e+00,1.922577636718750000e+03,1.659686088562011719e+00,4.018629999999999924e+00,1.143765091896057129e+00,7.652693390846252441e-01
8.468647233687740083e+00,4.109902554991487378e+00,2.232702636718750000e+03,1.624731540679931641e+00,4.018640000000000434e+00,1.043972134590148926e+00,7.199505567550659180e-01
8.468019093561848010e+00,4.125174127310957672e+00,1.545687622070312500e+03,1.904752969741821289e+00,4.018650000000000055e+00,9.975090026855468750e-01,6.328988671302795410e-01
8.465499506901974058e+00,4.139437978894457082e+00,1.721139038085937500e+03,1.689770936965942383e+00,4.018660000000000565e+00,9.723318815231323242e-01,6.341958642005920410e-01
8.473119369179071825e+00,4.162994672134781915e+00,1.686808105468750000e+03,1.342942237854003906e+00,4.018670000000000186e+00,1.104702353477478027e+00,7.169750928878784180e-01
8.473357336427278952e+00,4.180562437823065913e+00,1.889444335937500000e+03,1.500151872634887695e+00,4.018680000000000696e+00,1.016277432441711426e+00,6.773783564567565918e-01
8.468369952332231776e+00,4.198057896464080230e+00,2.259332031250000000e+03,1.559776782989501953e+00,4.018690000000000317e+00,1.076549768447875977e+00,7.440595626831054688e-01
8.466750555528362199e+00,4.213298418945483625e+00,1.618139770507812500e+03,1.551959037780761719e+00,4.018699999999999939e+00,1.109508991241455078e+00,7.125500440597534180e-01
8.468869419516428465e+00,4.230709068871292722e+00,1.280097290039062500e+03,1.949085712432861328e+00,4.018710000000000448e+00,9.484518170356750488e-01,5.688879489898681641e-01
8.468934347692279374e+00,4.242493597055933208e+00,1.568234497070312500e+03,1.471470117568969727e+00,4.018720000000000070e+00,9.736288785934448242e-01,6.201577186584472656e-01
8.468641432484254494e+00,4.264114390833514179e+00,1.538388183593750000e+03,1.201183319091796875e+00,4.018730000000000580e+00,1.009868621826171875e+00,6.399179100990295410e-01
8.471883896395874913e+00,4.277541086810739301e+00,1.532378173828125000e+03,1.322943687438964844e+00,4.018740000000000201e+00,1.058315515518188477e+00,6.699015498161315918e-01
8.470662723253507664e+00,4.297908798819229936e+00,1.621636840820312500e+03,1.419641494750976562e+00,4.018750000000000711e+00,8.536180853843688965e-01,5.485174059867858887e-01
8.471734741834227478e+00,4.309644178096995404e+00,1.477682861328125000e+03,1.202883243560791016e+00,4.018760000000000332e+00,9.922447204589843750e-01,6.217598915100097656e-01
8.466949827412143748e+00,4.333455341042233400e+00,1.537364868164062500e+03,1.062237739562988281e+00,4.018769999999999953e+00,8.404954671859741211e-01,5.324956178665161133e-01
8.470767281485684919e+00,4.352271913870782605e+00,1.676530151367187500e+03,1.156769514083862305e+00,4.018780000000000463e+00,9.247242808341979980e-01,5.992530584335327148e-01
8.471570928702012893e+00,4.369248910438681577e+00,1.796470092773437500e+03,1.099978208541870117e+00,4.018790000000000084e+00,1.023830533027648926e+00,6.746317744255065918e-01
8.474621894096252106e+00,4.382539530925351201e+00,1.532718261718750000e+03,1.328826665878295898e+00,4.018800000000000594e+00,9.997978210449218750e-01,6.328988671302795410e-01
8.470693714731208246e+00,4.397950790417064049e+00,1.626431518554687500e+03,1.444093704223632812e+00,4.018810000000000215e+00,8.885608315467834473e-01,5.714057087898254395e-01
8.472677290770981529e+00,4.420976747301864407e+00,1.575687377929687500e+03,1.371386766433715820e+00,4.018820000000000725e+00,1.033290982246398926e+00,6.589914560317993164e-01
8.460989994191997710e+00,4.441809229333800069e+00,1.705315063476562500e+03,1.160960912704467773e+00,4.018830000000000346e+00,8.775744438171386719e-01,5.711005330085754395e-01
8.469394236872897608e+00,4.452280350598551983e+00,2.009443359375000000e+03,1.388155937194824219e+00,4.018839999999999968e+00,9.296070933341979980e-01,6.278634071350097656e-01
8.475289494801231172e+00,4.474320576781218861e+00,1.791003295898437500e+03,1.108772277832031250e+00,4.018850000000000477e+00,9.312856197357177734e-01,6.132149100303649902e-01
8.472723322449702721e+00,4.489890893015440199e+00,1.764793212890625000e+03,1.320681095123291016e+00,4.018860000000000099e+00,8.183701038360595703e-01,5.369969606399536133e-01
8.468426760361454697e+00,4.509667625100926003e+00,2.521734863281250000e+03,1.058904647827148438e+00,4.018870000000000609e+00,7.590895295143127441e-01,5.348607301712036133e-01
8.468444394999911751e+00,4.522773712763124898e+00,1.281949096679687500e+03,9.531063437461853027e-01,4.018880000000000230e+00,8.443864583969116211e-01,5.067081451416015625e-01
8.468924462468073955e+00,4.539463232376363067e+00,1.299234130859375000e+03,9.999973177909851074e-01,4.018890000000000740e+00,8.466752767562866211e-01,5.102940201759338379e-01
8.467164963604313144e+00,4.562256670307615281e+00,1.584619384765625000e+03,1.027501344680786133e+00,4.018900000000000361e+00,8.138687610626220703e-01,5.198307633399963379e-01
8.466268971577177282e+00,4.578845308724208252e+00,1.487358886718750000e+03,9.338886141777038574e-01,4.018909999999999982e+00,8.504136800765991211e-01,5.338689088821411133e-01
8.466078121025301328e+00,4.592475235422692315e+00,1.578145141601562500e+03,1.002293348312377930e+00,4.018920000000000492e+00,8.021957278251647949e-01,5.118198990821838379e-01
8.464630313460004274e+00,4.610451681810655344e+00,1.770961914062500000e+03,8.883995413780212402e-01,4.018930000000000113e+00,8.783373832702636719e-01,5.768225789070129395e-01
8.472921645050519146e+00,4.638299553702720956e+00,1.606928955078125000e+03,9.292203783988952637e-01,4.018940000000000623e+00,1.000713348388671875e+00,6.415200829505920410e-01
8.463373459781328378e+00,4.647943888110654065e+00,2.468770996093750000e+03,1.217497110366821289e+00,4.018950000000000244e+00,1.122784137725830078e+00,7.883101701736450195e-01
8.462044487169972484e+00,4.661174254183243271e+00,1.690015869140625000e+03,1.495688676834106445e+00,4.018960000000000754e+00,1.147656083106994629e+00,7.452039718627929688e-01
8.463813419428509732e+00,4.687416429281210384e+00,1.520227905273437500e+03,1.781761169433593750e+00,4.018970000000000375e+00,1.184201002120971680e+00,7.479505538940429688e-01
8.467753818619964790e+00,4.700828984872099880e+00,1.731635375976562500e+03,2.063248872756958008e+00,4.018979999999999997e+00,9.171711802482604980e-01,5.991004705429077148e-01
8.463106527270882751e+00,4.714996259870439133e+00,1.640271118164062500e+03,1.544161558151245117e+00,4.018990000000000506e+00,9.834708571434020996e-01,6.338143944740295410e-01
8.460220761683208579e+00,4.734009222823602592e+00,1.370749389648437500e+03,1.212505817413330078e+00,4.019000000000000128e+00,8.041793704032897949e-01,4.928989112377166748e-01
8.463209908553466221e+00,4.748776654578363399e+00,1.786310668945312500e+03,1.216946363449096680e+00,4.019010000000000637e+00,8.757433891296386719e-01,5.762885212898254395e-01
8.463937797950835673e+00,4.767272399321092813e+00,1.416940917968750000e+03,8.993524909019470215e-01,4.019020000000000259e+00,1.012996673583984375e+00,6.271004676818847656e-01
8.464467732662617649e+00,4.782778524516099417e+00,1.480399291992187500e+03,1.211637973785400391e+00,4.019030000000000769e+00,1.007427215576171875e+00,6.316018104553222656e-01
8.464542939798921140e+00,4.806696217045639763e+00,2.094739990234375000e+03,1.535210132598876953e+00,4.019040000000000390e+00,9.746206998825073242e-01,6.638742685317993164e-01
8.465355180488751685e+00,4.817066166405721717e+00,2.296075195312500000e+03,1.465371370315551758e+00,4.019050000000000011e+00,8.964954018592834473e-01,6.214547157287597656e-01
8.465291147213125811e+00,4.833315942328075820e+00,1.387374145507812500e+03,1.344935417175292969e+00,4.019060000000000521e+00,8.027297854423522949e-01,4.938144385814666748e-01
8.470022642701174220e+00,4.849729887085786117e+00,1.935821166992187500e+03,1.081904888153076172e+00,4.019070000000000142e+00,1.040386319160461426e+00,6.971386075019836426e-01
8.463199383909433493e+00,4.869213547440025991e+00,1.827721191406250000e+03,1.070261716842651367e+00,4.019080000000000652e+00,8.690295219421386719e-01,5.749152302742004395e-01
8.466111636181553379e+00,4.890180553649052797e+00,1.345506225585937500e+03,1.333336353302001953e+00,4.019090000000000273e+00,9.233509898185729980e-01,5.627081394195556641e-01
8.461825930045986155e+00,4.897774927374595855e+00,1.170044189453125000e+03,1.074083566665649414e+00,4.019099999999999895e+00,9.871329665184020996e-01,5.741522908210754395e-01
8.469949137048994103e+00,4.918613227399759147e+00,1.738862182617187500e+03,1.205540418624877930e+00,4.019110000000000404e+00,8.748278617858886719e-01,5.720160603523254395e-01
8.466211191469691144e+00,4.936159550877802893e+00,1.492831420898437500e+03,1.189031124114990234e+00,4.019120000000000026e+00,8.482011556625366211e-01,5.330296754837036133e-01
8.464877237014142963e+00,4.956708631343763827e+00,1.711908203125000000e+03,1.272103309631347656e+00,4.019130000000000535e+00,9.445607662200927734e-01,6.152748465538024902e-01
8.465578215510694449e+00,4.974932865732624165e+00,1.414323242187500000e+03,1.053930044174194336e+00,4.019140000000000157e+00,9.432637691497802734e-01,5.836127400398254395e-01
8.466016786710131470e+00,4.986823961802859806e+00,1.695096679687500000e+03,1.105650186538696289e+00,4.019150000000000666e+00,1.089977622032165527e+00,7.082775235176086426e-01
8.460313370964577473e+00,5.003541943835413619e+00,1.625363525390625000e+03,1.306291341781616211e+00,4.019160000000000288e+00,1.034664273262023926e+00,6.652476191520690918e-01
8.459710822913397266e+00,5.022261590364182737e+00,1.786177612304687500e+03,1.556252956390380859e+00,4.019169999999999909e+00,1.089901328086853027e+00,7.172039747238159180e-01
8.459628592735663588e+00,5.040269804856907676e+00,2.568839599609375000e+03,1.578366279602050781e+00,4.019180000000000419e+00,1.085705161094665527e+00,7.673292756080627441e-01
8.461318494744839214e+00,5.054637406821550272e+00,1.292674438476562500e+03,1.756033420562744141e+00,4.019190000000000040e+00,1.021007657051086426e+00,6.143593192100524902e-01
8.468627884161534780e+00,5.075887626793962326e+00,1.750420043945312500e+03,1.579375982284545898e+00,4.019200000000000550e+00,9.327352046966552734e-01,6.108497977256774902e-01
8.460136728798481442e+00,5.089550739046473815e+00,1.536543823242187500e+03,1.609110355377197266e+00,4.019210000000000171e+00,8.090622425079345703e-01,5.125065445899963379e-01
8.460156458532994250e+00,5.108359690432867417e+00,2.101451416015625000e+03,1.169831275939941406e+00,4.019220000000000681e+00,1.165966629981994629e+00,7.947189211845397949e-01
8.463830864792376119e+00,5.127662028925380255e+00,2.097514404296875000e+03,1.185189008712768555e+00,4.019230000000000302e+00,1.212200999259948730e+00,8.259232640266418457e-01
8.460808348586773775e+00,5.139058910648780731e+00,2.021968627929687500e+03,2.150741338729858398e+00,4.019239999999999924e+00,1.157421708106994629e+00,7.827407121658325195e-01
8.459689356026101947e+00,5.162902454916215689e+00,1.744722290039062500e+03,2.143108367919921875e+00,4.019250000000000433e+00,9.518850445747375488e-01,6.229043006896972656e-01
8.462001191290857705e+00,5.167090365750024894e+00,1.804983276367187500e+03,1.757283926010131836e+00,4.019260000000000055e+00,8.794054985046386719e-01,5.801032185554504395e-01
8.461911459680255376e+00,5.193469125658691787e+00,1.314500488281250000e+03,1.432591199874877930e+00,4.019270000000000564e+00,9.469259381294250488e-01,5.728552937507629395e-01
8.464544460932330594e+00,5.214966066762412922e+00,1.907750000000000000e+03,1.287791252136230469e+00,4.019280000000000186e+00,9.827079176902770996e-01,6.563974618911743164e-01
8.463022668587568020e+00,5.235035076100979623e+00,1.175229003906250000e+03,1.211246967315673828e+00,4.019290000000000695e+00,8.047134876251220703e-01,4.687899351119995117e-01
8.461553933840596287e+00,5.252100327482803088e+00,1.362159057617187500e+03,1.156812429428100586e+00,4.019300000000000317e+00,8.966479897499084473e-01,5.485174059867858887e-01
8.462422311634307803e+00,5.264429960511426643e+00,1.623060668945312500e+03,7.888967394828796387e-01,4.019309999999999938e+00,9.278523325920104980e-01,5.963538885116577148e-01
8.458019693151221929e+00,5.282812414136840218e+00,1.003850830078125000e+03,1.352211952209472656e+00,4.019320000000000448e+00,8.253892064094543457e-01,4.524629712104797363e-01
8.469322946361517168e+00,5.300415002494975880e+00,1.909630859375000000e+03,1.153686761856079102e+00,4.019330000000000069e+00,8.831439614295959473e-01,5.900214910507202148e-01
8.463657037775929481e+00,5.315465221861447098e+00,1.710346191406250000e+03,8.577734827995300293e-01,4.019340000000000579e+00,9.999504089355468750e-01,6.512094736099243164e-01
8.463858491203042789e+00,5.333658595873255415e+00,1.513575927734375000e+03,1.196662902832031250e+00,4.019350000000000200e+00,8.657488226890563965e-01,5.461522936820983887e-01
8.460807380066988514e+00,5.350633869625616157e+00,1.314379272460937500e+03,1.186086654663085938e+00,4.019360000000000710e+00,7.991439700126647949e-01,4.834384322166442871e-01
8.461498003232932774e+00,5.368694364815794096e+00,1.313667846679687500e+03,9.153253436088562012e-01,4.019370000000000331e+00,9.298360347747802734e-01,5.624029636383056641e-01
8.465969149427296614e+00,5.389903435829014988e+00,1.626697265625000000e+03,9.590262770652770996e-01,4.019379999999999953e+00,8.108170032501220703e-01,5.214329361915588379e-01
8.464465077444732088e+00,5.404217666877294768e+00,1.511555908203125000e+03,1.050846099853515625e+00,4.019390000000000462e+00,9.102283716201782227e-01,5.739997029304504395e-01
8.466154402456957939e+00,5.419863739597723828e+00,1.453637695312500000e+03,9.906191229820251465e-01,4.019400000000000084e+00,8.624681830406188965e-01,5.379124879837036133e-01
8.468497846900682191e+00,5.434481532715730090e+00,1.262345825195312500e+03,1.171366691589355469e+00,4.019410000000000593e+00,8.185226917266845703e-01,4.887027442455291748e-01
8.462726054064798831e+00,5.450914064411067628e+00,1.419442016601562500e+03,1.066277742385864258e+00,4.019420000000000215e+00,8.488878011703491211e-01,5.257817506790161133e-01
8.466531297595961902e+00,5.472454922681824208e+00,1.028347167968750000e+03,9.728712439537048340e-01,4.019430000000000724e+00,8.606371283531188965e-01,4.764956533908843994e-01
8.473511144658870009e+00,5.485750021045987523e+00,1.190784301757812500e+03,1.021644592285156250e+00,4.019440000000000346e+00,8.868823647499084473e-01,5.190678238868713379e-01
8.466698218599832515e+00,5.504328473165564617e+00,1.547326660156250000e+03,9.021503329277038574e-01,4.019449999999999967e+00,9.086261987686157227e-01,5.766699910163879395e-01
8.463374790029703831e+00,5.518656214643812952e+00,1.979854370117187500e+03,1.051791429519653320e+00,4.019460000000000477e+00,8.942065834999084473e-01,6.020759940147399902e-01
8.463991100851618654e+00,5.543183992755229994e+00,1.663343017578125000e+03,1.151661396026611328e+00,4.019470000000000098e+00,9.379994869232177734e-01,6.066536307334899902e-01
8.473029454905995905e+00,5.556147217875042621e+00,1.322570800781250000e+03,1.096177816390991211e+00,4.019480000000000608e+00,9.170185923576354980e-01,5.558416843414306641e-01
8.467088605227633735e+00,5.575523014538837252e+00,3.706410400390625000e+03,1.024169445037841797e+00,4.019490000000000229e+00,1.029857754707336426e+00,7.651930451393127441e-01
8.465851762039331874e+00,5.590188175497692313e+00,1.470877319335937500e+03,1.087153673171997070e+00,4.019500000000000739e+00,8.777270317077636719e-01,5.492803454399108887e-01
8.466875602723494154e+00,5.606325713438591762e+00,1.197847778320312500e+03,1.299860000610351562e+00,4.019510000000000360e+00,8.920703530311584473e-01,5.231876969337463379e-01
8.464380204840662003e+00,5.627105832825193055e+00,1.795429931640625000e+03,1.109513759613037109e+00,4.019519999999999982e+00,9.439504146575927734e-01,6.219124794006347656e-01
8.459920850937463044e+00,5.646307110010893915e+00,1.598963989257812500e+03,1.055594205856323242e+00,4.019530000000000491e+00,1.022152066230773926e+00,6.544138193130493164e-01
8.465048798564250632e+00,5.660830374509501439e+00,1.320547607421875000e+03,1.395294189453125000e+00,4.019540000000000113e+00,9.109150171279907227e-01,5.518743395805358887e-01
8.462861274982659054e+00,5.677231040499441050e+00,1.283478027343750000e+03,1.359623193740844727e+00,4.019550000000000622e+00,8.009750247001647949e-01,4.808444380760192871e-01
8.464538575905180551e+00,5.698693637987399363e+00,1.647819213867187500e+03,9.613186717033386230e-01,4.019560000000000244e+00,8.057816028594970703e-01,5.199070572853088379e-01
8.464932386571346612e+00,5.712761816579232210e+00,1.441126342773437500e+03,9.527558684349060059e-01,4.019570000000000753e+00,1.232037425041198730e+00,7.664900422096252441e-01
8.467819875286718201e+00,5.729829923945819914e+00,1.756855957031250000e+03,1.159494638442993164e+00,4.019580000000000375e+00,8.328660130500793457e-01,5.459234118461608887e-01
8.462578802364806307e+00,5.742593187690554934e+00,1.304808471679687500e+03,1.523495435714721680e+00,4.019589999999999996e+00,8.549913763999938965e-01,5.160160660743713379e-01
8.469694140167545626e+00,5.767651070028156468e+00,1.335842407226562500e+03,9.310228228569030762e-01,4.019600000000000506e+00,9.724844694137573242e-01,5.913184881210327148e-01
8.468615549567070744e+00,5.778938904331488047e+00,1.270268676757812500e+03,1.068465232849121094e+00,4.019610000000000127e+00,9.106861352920532227e-01,5.448552966117858887e-01
8.469778464460709699e+00,5.799524196914893182e+00,1.793333862304687500e+03,1.153074026107788086e+00,4.019620000000000637e+00,8.846698403358459473e-01,5.826972126960754395e-01
8.466239864315836527e+00,5.812318763350791784e+00,1.632471679687500000e+03,1.099577665328979492e+00,4.019630000000000258e+00,9.288441538810729980e-01,5.978797674179077148e-01
8.466204501913795255e+00,5.839036812980453739e+00,1.570801147460937500e+03,1.139076471328735352e+00,4.019640000000000768e+00,9.016071557998657227e-01,5.745337605476379395e-01
8.461977063387690734e+00,5.855372058810547564e+00,2.050217773437500000e+03,1.193875789642333984e+00,4.019650000000000389e+00,9.659231901168823242e-01,6.551004648208618164e-01
8.465379192316465407e+00,5.874477626256177309e+00,1.830442993164062500e+03,1.204608201980590820e+00,4.019660000000000011e+00,1.055034875869750977e+00,6.982067227363586426e-01
8.470343600298813058e+00,5.890142082372040733e+00,1.277726196289062500e+03,1.409145116806030273e+00,4.019670000000000520e+00,1.040920376777648926e+00,6.239724159240722656e-01
8.465032108615796247e+00,5.908329723157012658e+00,1.896343994140625000e+03,1.522469043731689453e+00,4.019680000000000142e+00,1.049312829971313477e+00,6.999614834785461426e-01
8.466752239452798534e+00,5.919334694406982678e+00,1.626016113281250000e+03,1.449409246444702148e+00,4.019690000000000651e+00,9.816398024559020996e-01,6.312203407287597656e-01
8.464677858385016407e+00,5.939286829542662183e+00,1.362546264648437500e+03,1.359683990478515625e+00,4.019700000000000273e+00,9.443318843841552734e-01,5.777381062507629395e-01
8.466905812089446925e+00,5.961043387969604090e+00,1.286468261718750000e+03,1.296824932098388672e+00,4.019709999999999894e+00,8.420213460922241211e-01,5.058689117431640625e-01
8.459678320344668379e+00,5.976372697572084114e+00,1.207582519531250000e+03,1.256932735443115234e+00,4.019720000000000404e+00,7.926589846611022949e-01,4.661959409713745117e-01
8.466361424688059856e+00,5.991542449033649298e+00,1.812812866210937500e+03,8.826059699058532715e-01,4.019730000000000025e+00,8.308060765266418457e-01,5.485936999320983887e-01
8.466865553297184377e+00,6.010369010351617192e+00,1.096467285156250000e+03,9.048408865928649902e-01,4.019740000000000535e+00,8.572801947593688965e-01,4.867953658103942871e-01
8.466302384939600856e+00,6.030122236290742954e+00,1.262019531250000000e+03,9.654147028923034668e-01,4.019750000000000156e+00,8.453019857406616211e-01,5.046482086181640625e-01
8.467365792110941314e+00,6.044004063533560789e+00,1.639285400390625000e+03,9.373492598533630371e-01,4.019760000000000666e+00,8.205826878547668457e-01,5.287572145462036133e-01
8.471396647464111140e+00,6.060988938168788032e+00,1.146008666992187500e+03,9.180230498313903809e-01,4.019770000000000287e+00,8.975635170936584473e-01,5.181522965431213379e-01
8.463768468025202552e+00,6.077412013394544843e+00,1.743052124023437500e+03,9.780783057212829590e-01,4.019779999999999909e+00,9.055744409561157227e-01,5.924628973007202148e-01
8.470488344209329057e+00,6.103043784170566255e+00,1.318180664062500000e+03,9.362167716026306152e-01,4.019790000000000418e+00,9.486044049263000488e-01,5.743811726570129395e-01
8.462901835443174647e+00,6.120984969307228241e+00,1.316080932617187500e+03,1.300866127014160156e+00,4.019800000000000040e+00,8.342393040657043457e-01,5.048770904541015625e-01
8.470817174595753229e+00,6.134928740342298070e+00,1.498789062500000000e+03,1.148468971252441406e+00,4.019810000000000549e+00,8.057816028594970703e-01,5.069370269775390625e-01
8.460666061651444636e+00,6.155257270798973224e+00,1.481756469726562500e+03,1.087648391723632812e+00,4.019820000000000171e+00,9.569204449653625488e-01,6.000922918319702148e-01
8.463192092579195247e+00,6.170782948192629291e+00,1.462982910156250000e+03,1.153866767883300781e+00,4.019830000000000680e+00,8.545336127281188965e-01,5.339452028274536133e-01
8.463870708665398368e+00,6.185367138168006207e+00,1.383204711914062500e+03,1.157633781433105469e+00,4.019840000000000302e+00,7.687025666236877441e-01,4.724520444869995117e-01
8.465815775006417354e+00,6.202852669129127250e+00,1.211470458984375000e+03,9.003502726554870605e-01,4.019849999999999923e+00,8.594164252281188965e-01,5.060214996337890625e-01
8.466990743075147208e+00,6.213836831952425754e+00,1.603415405273437500e+03,8.382195830345153809e-01,4.019860000000000433e+00,9.699667692184448242e-01,6.214547157287597656e-01
8.459372954674478251e+00,6.233451260885910727e+00,1.586822143554687500e+03,1.042487144470214844e+00,4.019870000000000054e+00,9.895743727684020996e-01,6.322884559631347656e-01
8.460617581230115647e+00,6.260637125958419702e+00,1.782973999023437500e+03,1.319992065429687500e+00,4.019880000000000564e+00,1.004528045654296875e+00,6.607462167739868164e-01
8.459588166196962078e+00,6.271716311184467152e+00,1.702235839843750000e+03,1.419344663619995117e+00,4.019890000000000185e+00,1.110195636749267578e+00,7.221630811691284180e-01
8.460200293483019607e+00,6.290362983086954962e+00,1.231776000976562500e+03,1.505091905593872070e+00,4.019900000000000695e+00,8.272202610969543457e-01,4.898471534252166748e-01
8.458907493808309752e+00,6.307304912462353919e+00,1.192612792968750000e+03,1.397475719451904297e+00,4.019910000000000316e+00,8.586534857749938965e-01,5.028171539306640625e-01
8.459627686978393513e+00,6.324019652946049952e+00,1.296969726562500000e+03,9.473199248313903809e-01,4.019919999999999938e+00,7.615309357643127441e-01,4.587191045284271240e-01
8.461170324875194382e+00,6.336599107759190552e+00,1.743350830078125000e+03,9.544104933738708496e-01,4.019930000000000447e+00,8.337052464485168457e-01,5.454656481742858887e-01
8.464969676573364410e+00,6.360024090987116629e+00,1.496915893554687500e+03,8.725935816764831543e-01,4.019940000000000069e+00,8.731493949890136719e-01,5.491277575492858887e-01
8.456406220152922870e+00,6.380360402788801899e+00,1.325215087890625000e+03,1.052857160568237305e+00,4.019950000000000578e+00,8.725390434265136719e-01,5.292149782180786133e-01
8.460079916449727122e+00,6.400411144951654308e+00,1.185409545898437500e+03,1.068107604980468750e+00,4.019960000000000200e+00,8.935199379920959473e-01,5.221195816993713379e-01
8.456086340965560666e+00,6.414690219768949930e+00,2.028981811523437500e+03,9.580880999565124512e-01,4.019970000000000709e+00,9.684408903121948242e-01,6.554056406021118164e-01
8.460739638194377576e+00,6.425908180519614099e+00,1.538728515625000000e+03,1.296422004699707031e+00,4.019980000000000331e+00,9.331166744232177734e-01,5.913184881210327148e-01
8.457326393295613087e+00,6.446238878683882234e+00,1.381609619140625000e+03,1.191312789916992188e+00,4.019989999999999952e+00,8.034927248954772949e-01,4.936618506908416748e-01
8.461184982475341343e+00,6.463016539383361625e+00,1.138366210937500000e+03,1.108587503433227539e+00,4.020000000000000462e+00,8.177597522735595703e-01,4.709261655807495117e-01
8.457529649066376720e+00,6.478788613105751715e+00,1.486201538085937500e+03,9.961432814598083496e-01,4.020010000000000083e+00,8.441575765609741211e-01,5.298253297805786133e-01
8.456667214202392202e+00,6.488740864045969836e+00,1.499712768554687500e+03,9.092015624046325684e-01,4.020020000000000593e+00,9.113727807998657227e-01,5.734656453132629395e-01
8.455965264827044692e+00,6.507705898116818766e+00,1.161603759765625000e+03,1.069377183914184570e+00,4.020030000000000214e+00,9.029041528701782227e-01,5.237981081008911133e-01
8.457887462217337671e+00,6.523961701148465409e+00,1.349752807617187500e+03,1.042596817016601562e+00,4.020040000000000724e+00,8.576616644859313965e-01,5.231876969337463379e-01
8.454335600262087524e+00,6.548204082467401932e+00,1.544220825195312500e+03,1.088995456695556641e+00,4.020050000000000345e+00,1.002696990966796875e+00,6.360269188880920410e-01
8.455990449305909706e+00,6.565314008308731353e+00,1.901904418945312500e+03,1.080529212951660156e+00,4.020059999999999967e+00,9.643973112106323242e-01,6.437326073646545410e-01
8.460061617671719603e+00,6.579957081337080460e+00,1.243078002929687500e+03,1.410715103149414062e+00,4.020070000000000476e+00,8.281357884407043457e-01,4.919070899486541748e-01
8.457551516287818316e+00,6.601490173923179050e+00,1.437383422851562500e+03,1.148478507995605469e+00,4.020080000000000098e+00,9.270130991935729980e-01,5.762885212898254395e-01
8.457178435141294415e+00,6.611415562786691957e+00,1.186815673828125000e+03,9.604770541191101074e-01,4.020090000000000607e+00,1.013607025146484375e+00,5.925391912460327148e-01
8.460622414160347660e+00,6.629580987768467715e+00,1.603471313476562500e+03,1.196648597717285156e+00,4.020100000000000229e+00,9.574545025825500488e-01,6.134437918663024902e-01
8.463183321033723061e+00,6.653623929624741251e+00,1.567738647460937500e+03,1.348676204681396484e+00,4.020110000000000738e+00,8.257706761360168457e-01,5.259343385696411133e-01
8.459837532040671348e+00,6.663248975447362277e+00,1.496368164062500000e+03,1.250643253326416016e+00,4.020120000000000360e+00,8.877978920936584473e-01,5.582830905914306641e-01
8.464766109536673966e+00,6.687349824033439916e+00,1.886657592773437500e+03,9.896475672721862793e-01,4.020129999999999981e+00,9.650839567184448242e-01,6.430459618568420410e-01
8.462155029646789117e+00,6.708589254955718673e+00,1.271583740234375000e+03,1.252071380615234375e+00,4.020140000000000491e+00,9.428822994232177734e-01,5.643103122711181641e-01
8.466070995474725080e+00,6.719784116470687962e+00,1.514495727539062500e+03,1.291985034942626953e+00,4.020150000000000112e+00,8.839831948280334473e-01,5.577490329742431641e-01
8.462417895377095434e+00,6.736480427058513243e+00,1.581674804687500000e+03,1.152725934982299805e+00,4.020160000000000622e+00,1.041454434394836426e+00,6.648661494255065918e-01
8.462749259799533519e+00,6.750452722806940642e+00,2.219497558593750000e+03,1.225187301635742188e+00,4.020170000000000243e+00,1.231427073478698730e+00,8.482774496078491211e-01
8.464088573491874712e+00,6.772191235049379365e+00,1.751971679687500000e+03,1.626840353012084961e+00,4.020180000000000753e+00,9.766806960105895996e-01,6.397653222084045410e-01
8.464788480009033833e+00,6.787212028539756581e+00,1.254575073242187500e+03,1.828550815582275391e+00,4.020190000000000374e+00,8.341630101203918457e-01,4.970188140869140625e-01
8.467437147536802655e+00,6.804790969024998581e+00,1.612773071289062500e+03,1.277825355529785156e+00,4.020199999999999996e+00,9.557760357856750488e-01,6.132912039756774902e-01
8.470527739540093748e+00,6.823684263680713791e+00,1.677030395507812500e+03,1.023531675338745117e+00,4.020210000000000505e+00,8.504899740219116211e-01,5.511876940727233887e-01
8.462718827163715929e+00,6.840705172098420661e+00,1.257122802734375000e+03,1.138661623001098633e+00,4.020220000000000127e+00,8.302720189094543457e-01,4.950351417064666748e-01
8.469426452867580224e+00,6.864589587549120075e+00,1.398312988281250000e+03,9.425300955772399902e-01,4.020230000000000636e+00,9.739340543746948242e-01,6.005500555038452148e-01
8.466605355438256098e+00,6.880512537490470315e+00,1.451442382812500000e+03,9.296984076499938965e-01,4.020240000000000258e+00,1.039928555488586426e+00,6.483102440834045410e-01
8.468084973321749587e+00,6.889756810742508009e+00,1.345363891601562500e+03,1.304354190826416016e+00,4.020250000000000767e+00,9.967460632324218750e-01,6.074165701866149902e-01
8.466297016574401368e+00,6.917069843368617299e+00,1.939777832031250000e+03,1.293839931488037109e+00,4.020260000000000389e+00,1.101498007774353027e+00,7.384137511253356934e-01
8.472389510713890459e+00,6.928169826611067172e+00,1.474943603515625000e+03,1.320873022079467773e+00,4.020270000000000010e+00,1.201443433761596680e+00,7.524518966674804688e-01
8.460759047510963526e+00,6.949807345065277531e+00,1.917150634765625000e+03,1.689917564392089844e+00,4.020280000000000520e+00,1.074413537979125977e+00,7.184246778488159180e-01
8.464801743863885619e+00,6.966692037531240445e+00,1.672445800781250000e+03,1.726736545562744141e+00,4.020290000000000141e+00,1.206250071525573730e+00,7.812148332595825195e-01
8.469311851211037023e+00,6.987771952813408127e+00,1.701059448242187500e+03,1.769285917282104492e+00,4.020300000000000651e+00,8.560594916343688965e-01,5.567572116851806641e-01
8.467926072545521876e+00,7.004747221523031087e+00,1.169276733398437500e+03,1.594254493713378906e+00,4.020310000000000272e+00,1.003765106201171875e+00,5.836890339851379395e-01
8.463257107460378847e+00,7.021431445081522504e+00,1.267077636718750000e+03,1.300541877746582031e+00,4.020319999999999894e+00,1.065487146377563477e+00,6.369424462318420410e-01
8.461268998409128272e+00,7.035924072635856064e+00,1.675864624023437500e+03,1.368923902511596680e+00,4.020330000000000403e+00,1.265683293342590332e+00,8.201248645782470703e-01
8.470800231432008331e+00,7.053241674867931188e+00,1.673242431640625000e+03,1.657121896743774414e+00,4.020340000000000025e+00,1.078304648399353027e+00,6.984356045722961426e-01
8.458095754860243787e+00,7.073017385154887648e+00,1.670895507812500000e+03,2.116062164306640625e+00,4.020350000000000534e+00,1.012462615966796875e+00,6.555582284927368164e-01
8.466606861205507428e+00,7.090287860184552926e+00,2.328366455078125000e+03,1.731540679931640625e+00,4.020360000000000156e+00,1.133007526397705078e+00,7.873946428298950195e-01
8.467082459557742524e+00,7.110323138581957636e+00,1.697131225585937500e+03,1.682017564773559570e+00,4.020370000000000665e+00,1.191067457199096680e+00,7.741957902908325195e-01
8.463618465050528172e+00,7.123324005106972834e+00,1.966223754882812500e+03,1.834053516387939453e+00,4.020380000000000287e+00,1.072658777236938477e+00,7.211712598800659180e-01
8.460721612288919502e+00,7.143846976101804636e+00,1.599409179687500000e+03,2.129207372665405273e+00,4.020389999999999908e+00,9.054218530654907227e-01,5.797217488288879395e-01
8.466341296531224359e+00,7.155934241991722899e+00,1.572712158203125000e+03,1.654510021209716797e+00,4.020400000000000418e+00,9.349477291107177734e-01,5.959724187850952148e-01
8.461956858311117102e+00,7.172055635864367673e+00,1.618304931640625000e+03,1.068560600280761719e+00,4.020410000000000039e+00,1.016582608222961426e+00,6.528879404067993164e-01
8.462913004963123598e+00,7.187693774339391162e+00,1.855580078125000000e+03,1.258083105087280273e+00,4.020420000000000549e+00,9.489095807075500488e-01,6.299233436584472656e-01
8.462442943608870394e+00,7.208487310178685270e+00,1.830146972656250000e+03,1.286994934082031250e+00,4.020430000000000170e+00,1.034206509590148926e+00,6.843974590301513672e-01
8.465452111512133726e+00,7.226933902673102317e+00,1.746284545898437500e+03,1.389905929565429688e+00,4.020440000000000680e+00,1.086544394493103027e+00,7.111767530441284180e-01
8.466079812496271728e+00,7.245727375207222209e+00,1.262303466796875000e+03,1.489462375640869141e+00,4.020450000000000301e+00,9.459341168403625488e-01,5.647680759429931641e-01
8.465121012272971868e+00,7.255755782772928875e+00,1.909844482421875000e+03,1.678465127944946289e+00,4.020459999999999923e+00,8.202011585235595703e-01,5.479833483695983887e-01
8.465093194692318690e+00,7.278978410447959568e+00,1.613665527343750000e+03,1.194613695144653320e+00,4.020470000000000432e+00,1.040996670722961426e+00,6.680704951286315918e-01
8.461160913378806825e+00,7.289796577848120407e+00,1.715093139648437500e+03,1.236478805541992188e+00,4.020480000000000054e+00,9.666098356246948242e-01,6.299233436584472656e-01
8.457892643385644504e+00,7.314936839120973922e+00,1.528951171875000000e+03,1.560097455978393555e+00,4.020490000000000563e+00,1.074642419815063477e+00,6.798198223114013672e-01
8.459904589626674465e+00,7.327497667014149840e+00,1.741670898437500000e+03,1.545713663101196289e+00,4.020500000000000185e+00,1.085018515586853027e+00,7.097271084785461426e-01
8.456286538979904677e+00,7.348904957669240900e+00,1.178002563476562500e+03,1.776222705841064453e+00,4.020510000000000694e+00,9.116016626358032227e-01,5.315037965774536133e-01
8.455234134351670150e+00,7.364413482640570052e+00,1.558258544921875000e+03,1.532572031021118164e+00,4.020520000000000316e+00,8.385118246078491211e-01,5.331822633743286133e-01
8.458651136059630815e+00,7.377515414862164000e+00,2.133210937500000000e+03,1.046480655670166016e+00,4.020529999999999937e+00,8.587297797203063965e-01,5.870460271835327148e-01
8.459263316673034439e+00,7.399713452101710054e+00,1.271620483398437500e+03,1.184629917144775391e+00,4.020540000000000447e+00,7.530622482299804688e-01,4.507082104682922363e-01
8.456078122570726663e+00,7.418963073085090620e+00,1.415500366210937500e+03,1.047369956970214844e+00,4.020550000000000068e+00,9.744681119918823242e-01,6.030678153038024902e-01
8.454364589298227983e+00,7.431306674157693415e+00,1.932219482421875000e+03,9.159857630729675293e-01,4.020560000000000578e+00,1.154141068458557129e+00,7.730513215065002441e-01
8.458293662076544095e+00,7.450711098173883329e+00,1.556260620117187500e+03,1.433478116989135742e+00,4.020570000000000199e+00,1.114620685577392578e+00,7.085064053535461426e-01
8.455687278038066523e+00,7.469028506589177496e+00,1.619184082031250000e+03,1.741176366806030273e+00,4.020580000000000709e+00,1.148876786231994629e+00,7.379559874534606934e-01
8.457593697226052143e+00,7.485572097023657001e+00,1.588832153320312500e+03,1.685529470443725586e+00,4.020590000000000330e+00,1.077694177627563477e+00,6.888225078582763672e-01
8.455390602160322899e+00,7.500457679213762496e+00,1.554999633789062500e+03,1.609825611114501953e+00,4.020599999999999952e+00,9.986534118652343750e-01,6.346536278724670410e-01
8.461099868697727899e+00,7.515342584271167858e+00,1.527234008789062500e+03,1.556411504745483398e+00,4.020610000000000461e+00,8.517870306968688965e-01,5.386754274368286133e-01
8.447842505790516654e+00,7.538457360490999903e+00,1.571506958007812500e+03,1.289093017578125000e+00,4.020620000000000083e+00,9.022175073623657227e-01,5.749915242195129395e-01
8.453799010257611712e+00,7.558564826650096435e+00,1.534675659179687500e+03,1.056447744369506836e+00,4.020630000000000592e+00,1.110653400421142578e+00,7.033184170722961426e-01
8.455750856820666073e+00,7.575611464495072056e+00,1.499045043945312500e+03,1.267108440399169922e+00,4.020640000000000214e+00,1.011165618896484375e+00,6.361795067787170410e-01
8.453466742846799775e+00,7.583318006510276099e+00,1.205442016601562500e+03,1.620325565338134766e+00,4.020650000000000723e+00,9.115253686904907227e-01,5.357762575149536133e-01
8.454763055343875067e+00,7.606631029109919062e+00,1.397909057617187500e+03,1.442787170410156250e+00,4.020660000000000345e+00,8.840594887733459473e-01,5.450841784477233887e-01
8.453652395175890177e+00,7.626352719874060604e+00,1.851333984375000000e+03,1.017996788024902344e+00,4.020669999999999966e+00,1.062664270401000977e+00,7.050731778144836426e-01
8.456642592933077296e+00,7.640896274795144549e+00,1.195025512695312500e+03,1.198594093322753906e+00,4.020680000000000476e+00,9.299123287200927734e-01,5.449315905570983887e-01
8.451952917511315277e+00,7.662010366550257245e+00,1.724140258789062500e+03,1.430441856384277344e+00,4.020690000000000097e+00,8.762774467468261719e-01,5.717871785163879395e-01
8.459245015452673044e+00,7.679001739038811003e+00,1.551053466796875000e+03,1.180243015289306641e+00,4.020700000000000607e+00,9.897269606590270996e-01,6.285500526428222656e-01
8.454973916401044676e+00,7.695251336973242928e+00,2.184899902343750000e+03,1.180530309677124023e+00,4.020710000000000228e+00,1.138576984405517578e+00,7.819777727127075195e-01
8.457819824163227196e+00,7.706238845357987088e+00,1.627882446289062500e+03,1.551075696945190430e+00,4.020720000000000738e+00,1.100201010704040527e+00,7.076671719551086426e-01
8.460261086838604783e+00,7.724887253825704292e+00,2.007149047851562500e+03,1.726675748825073242e+00,4.020730000000000359e+00,1.172299146652221680e+00,7.915908694267272949e-01
8.462731521240263177e+00,7.744617668288885426e+00,2.328807617187500000e+03,1.435857534408569336e+00,4.020739999999999981e+00,1.024288296699523926e+00,7.118633985519409180e-01
8.459126426004347721e+00,7.761890856963950647e+00,1.417316650390625000e+03,1.759531021118164062e+00,4.020750000000000490e+00,9.129749536514282227e-01,5.652258396148681641e-01
8.462058781052341772e+00,7.777414066751773269e+00,1.587850830078125000e+03,1.535923004150390625e+00,4.020760000000000112e+00,9.520376324653625488e-01,6.084083914756774902e-01
8.457076317907979757e+00,7.799249087045676987e+00,2.472614990234375000e+03,1.241291284561157227e+00,4.020770000000000621e+00,1.041988492012023926e+00,7.317761778831481934e-01
8.462702396260876725e+00,7.811669136372715982e+00,2.043793945312500000e+03,1.516839981079101562e+00,4.020780000000000243e+00,1.012920379638671875e+00,6.865336894989013672e-01
8.460974272019406328e+00,7.832908822327879328e+00,1.962859985351562500e+03,1.726502895355224609e+00,4.020790000000000752e+00,1.041378140449523926e+00,6.998851895332336426e-01
8.466034995810453267e+00,7.851972295359952447e+00,1.630188964843750000e+03,1.696147441864013672e+00,4.020800000000000374e+00,9.141194224357604980e-01,5.881904363632202148e-01
8.457777736887491571e+00,7.863211617099591599e+00,1.886150390625000000e+03,1.424165487289428711e+00,4.020809999999999995e+00,8.680377006530761719e-01,5.783484578132629395e-01
8.465156194010189594e+00,7.890360101072635857e+00,1.266655761718750000e+03,1.343755245208740234e+00,4.020820000000000505e+00,8.398088216781616211e-01,5.019779205322265625e-01
8.465122755525511522e+00,7.897715082527068553e+00,1.133403320312500000e+03,1.130840301513671875e+00,4.020830000000000126e+00,9.866752028465270996e-01,5.672857761383056641e-01
8.461281590370367311e+00,7.920452750036279355e+00,1.818947387695312500e+03,1.143964052200317383e+00,4.020840000000000636e+00,8.691821098327636719e-01,5.743811726570129395e-01
8.456868236219433399e+00,7.935160051789333480e+00,1.630337158203125000e+03,1.341089725494384766e+00,4.020850000000000257e+00,8.467515707015991211e-01,5.448552966117858887e-01
8.459237705449673683e+00,7.959009716247607891e+00,1.164838745117187500e+03,1.057813882827758789e+00,4.020860000000000767e+00,8.968768715858459473e-01,5.208225846290588379e-01
8.462277967044274263e+00,7.971632899699597097e+00,1.073768310546875000e+03,1.099117517471313477e+00,4.020870000000000388e+00,9.667624235153198242e-01,5.445501208305358887e-01
8.464840774262150092e+00,7.994856210739400559e+00,1.880457763671875000e+03,1.128328561782836914e+00,4.020880000000000010e+00,1.010478973388671875e+00,6.728007197380065918e-01
8.456199597416238944e+00,8.010550525436165969e+00,1.501327880859375000e+03,1.334372282028198242e+00,4.020890000000000519e+00,8.702502250671386719e-01,5.477544665336608887e-01
8.460718335078899699e+00,8.025062425773203501e+00,1.364793457031250000e+03,1.235990047454833984e+00,4.020900000000000141e+00,1.097912192344665527e+00,6.720377802848815918e-01
8.458406961595306583e+00,8.037995682977836509e+00,1.434364868164062500e+03,1.214385747909545898e+00,4.020910000000000650e+00,9.859122633934020996e-01,6.125282645225524902e-01
8.450843961739177956e+00,8.059763298551626320e+00,1.402708984375000000e+03,1.595519304275512695e+00,4.020920000000000272e+00,1.015667080879211426e+00,6.268715858459472656e-01
8.454829603985425379e+00,8.078980953170647794e+00,1.948882934570312500e+03,1.435621500015258789e+00,4.020929999999999893e+00,8.792529106140136719e-01,5.900214910507202148e-01
8.455846812781766531e+00,8.088359649140144825e+00,1.428286987304687500e+03,1.280469417572021484e+00,4.020940000000000403e+00,9.567678570747375488e-01,5.936836004257202148e-01
8.459698235574654390e+00,8.113446336558565619e+00,1.453571777343750000e+03,1.101141691207885742e+00,4.020950000000000024e+00,8.498796224594116211e-01,5.300542116165161133e-01
8.447200079651917548e+00,8.131332683626586899e+00,1.491789062500000000e+03,1.310749769210815430e+00,4.020960000000000534e+00,8.249314427375793457e-01,5.183048844337463379e-01
8.454307963981849028e+00,8.145466866850762599e+00,1.400618896484375000e+03,1.124790430068969727e+00,4.020970000000000155e+00,8.771166801452636719e-01,5.411168932914733887e-01
8.453518738421664125e+00,8.169397678365960758e+00,1.537943115234375000e+03,9.591383337974548340e-01,4.020980000000000665e+00,8.906207680702209473e-01,5.643103122711181641e-01
8.455631319355923381e+00,8.176848523506423660e+00,1.312163452148437500e+03,1.155054092407226562e+00,4.020990000000000286e+00,8.851276040077209473e-01,5.351659059524536133e-01
8.447525204535571319e+00,8.197543251040084300e+00,1.238922973632812500e+03,1.023000001907348633e+00,4.020999999999999908e+00,8.843646645545959473e-01,5.247136354446411133e-01
8.463030210433894140e+00,8.219415428944826019e+00,1.145805786132812500e+03,1.008190631866455078e+00,4.021010000000000417e+00,8.565172553062438965e-01,4.944247901439666748e-01
8.451895095279928327e+00,8.234671430723013330e+00,1.828343261718750000e+03,1.129819869995117188e+00,4.021020000000000039e+00,9.785117506980895996e-01,6.473947167396545410e-01
8.453489776300024516e+00,8.248918754843893808e+00,1.508157592773437500e+03,1.189603328704833984e+00,4.021030000000000548e+00,1.048321008682250977e+00,6.606699228286743164e-01
8.454241329257580873e+00,8.268710057963492233e+00,1.441575683593750000e+03,1.455494880676269531e+00,4.021040000000000170e+00,1.131252765655517578e+00,7.038524746894836426e-01
8.458763366445857912e+00,8.287256854190752975e+00,1.440573242187500000e+03,1.736839532852172852e+00,4.021050000000000679e+00,1.047100305557250977e+00,6.513620615005493164e-01
8.455080426376902381e+00,8.308462202552190590e+00,1.433668212890625000e+03,1.754319190979003906e+00,4.021060000000000301e+00,1.216091990470886230e+00,7.554273605346679688e-01
8.457769900116021589e+00,8.329493864976225126e+00,1.868802368164062500e+03,1.444485902786254883e+00,4.021069999999999922e+00,1.446424245834350586e+00,9.617270231246948242e-01
8.452255227275205840e+00,8.337188414365368061e+00,1.417963256835937500e+03,1.997085332870483398e+00,4.021080000000000432e+00,1.175427198410034180e+00,7.278088927268981934e-01
8.455462840026209292e+00,8.355122608142103502e+00,1.794770141601562500e+03,2.303518772125244141e+00,4.021090000000000053e+00,1.227536082267761230e+00,8.086807727813720703e-01
8.456068901823607931e+00,8.378269479060195479e+00,1.473469360351562500e+03,2.136421918869018555e+00,4.021100000000000563e+00,9.390676021575927734e-01,5.879615545272827148e-01
8.457784128841556281e+00,8.395470704060194578e+00,1.330337524414062500e+03,1.962626695632934570e+00,4.021110000000000184e+00,8.174545764923095703e-01,4.964084625244140625e-01
8.458346583584535949e+00,8.413048597375285098e+00,1.220852661132812500e+03,1.216988086700439453e+00,4.021120000000000694e+00,9.230458140373229980e-01,5.449315905570983887e-01
8.457578453901248849e+00,8.424036117113374189e+00,1.766000244140625000e+03,1.076975584030151367e+00,4.021130000000000315e+00,9.198414683341979980e-01,6.036781668663024902e-01
8.459605457994184619e+00,8.446834272715072700e+00,1.522212890625000000e+03,1.196865558624267578e+00,4.021139999999999937e+00,1.059765100479125977e+00,6.695963740348815918e-01
8.455556166488621628e+00,8.460937791338443148e+00,2.672088134765625000e+03,1.281342029571533203e+00,4.021150000000000446e+00,8.536180853843688965e-01,6.071113944053649902e-01
8.458395553419908452e+00,8.474770177555617678e+00,1.381183837890625000e+03,1.491906166076660156e+00,4.021160000000000068e+00,9.780539870262145996e-01,6.008552312850952148e-01
8.462372981130256377e+00,8.500177555090418835e+00,1.183811157226562500e+03,1.239625930786132812e+00,4.021170000000000577e+00,9.123646020889282227e-01,5.328770875930786133e-01
8.461721945502141295e+00,8.511020615556226687e+00,1.488465942382812500e+03,1.404529333114624023e+00,4.021180000000000199e+00,8.775744438171386719e-01,5.510351061820983887e-01
8.454060397609143962e+00,8.528852762425314538e+00,1.220252929687500000e+03,1.201853275299072266e+00,4.021190000000000708e+00,8.399614095687866211e-01,4.957980811595916748e-01
8.459202449652932998e+00,8.552318057124434603e+00,1.292206298828125000e+03,1.181214570999145508e+00,4.021200000000000330e+00,8.333237767219543457e-01,5.013675689697265625e-01
8.458503223059295806e+00,8.569561615118809428e+00,1.577595092773437500e+03,9.233016371726989746e-01,4.021209999999999951e+00,9.573782086372375488e-01,6.107735037803649902e-01
8.461354624464393126e+00,8.580570629703235142e+00,1.435055053710937500e+03,1.057723283767700195e+00,4.021220000000000461e+00,9.676016569137573242e-01,6.012367010116577148e-01
8.455977929824372907e+00,8.602647519866900794e+00,1.384193603515625000e+03,1.319443702697753906e+00,4.021230000000000082e+00,9.004627466201782227e-01,5.535528063774108887e-01
8.466431683237157557e+00,8.613639171725933963e+00,1.412069091796875000e+03,1.306013584136962891e+00,4.021240000000000592e+00,8.331711888313293457e-01,5.152531266212463379e-01
8.453567444449571866e+00,8.634458874924524352e+00,1.481878540039062500e+03,1.171059131622314453e+00,4.021250000000000213e+00,1.040233731269836426e+00,6.523538827896118164e-01
8.461905180069390298e+00,8.646729650477649187e+00,1.842676757812500000e+03,1.100805521011352539e+00,4.021260000000000723e+00,9.744681119918823242e-01,6.458688378334045410e-01
8.463592199617957945e+00,8.673390169495201363e+00,1.229476318359375000e+03,1.510461091995239258e+00,4.021270000000000344e+00,9.174763560295104980e-01,5.429479479789733887e-01
8.465184205375141602e+00,8.683470156545883611e+00,1.827508666992187500e+03,1.268462657928466797e+00,4.021279999999999966e+00,8.858905434608459473e-01,5.860542058944702148e-01
8.458617425242008991e+00,8.701775610228047242e+00,1.454635498046875000e+03,1.095498323440551758e+00,4.021290000000000475e+00,1.016277432441711426e+00,6.339669823646545410e-01
8.466287597139544374e+00,8.716030215130315284e+00,1.325190917968750000e+03,1.149390459060668945e+00,4.021300000000000097e+00,7.934219241142272949e-01,4.812259078025817871e-01
8.459078343284115675e+00,8.739205281931631930e+00,1.547559082031250000e+03,1.056100845336914062e+00,4.021310000000000606e+00,8.067734241485595703e-01,5.120487809181213379e-01
8.453417731995832796e+00,8.748909105313693146e+00,1.836954833984375000e+03,1.011907577514648438e+00,4.021320000000000228e+00,7.053783535957336426e-01,4.671877622604370117e-01
8.459615894787880563e+00,8.773583713028608955e+00,1.337595581054687500e+03,8.941740393638610840e-01,4.021330000000000737e+00,8.071548938751220703e-01,4.909915626049041748e-01
8.455534919715168130e+00,8.789474424426066079e+00,1.186493408203125000e+03,7.861775755882263184e-01,4.021340000000000359e+00,8.324082493782043457e-01,4.865664839744567871e-01
8.455922289823158522e+00,8.807938525346132863e+00,1.130553100585937500e+03,8.491200804710388184e-01,4.021349999999999980e+00,7.764083147048950195e-01,4.459779560565948486e-01
8.454771419303144242e+00,8.825538522781279482e+00,1.305426757812500000e+03,9.155446887016296387e-01,4.021360000000000490e+00,8.207352757453918457e-01,4.954166114330291748e-01
8.458195365301417468e+00,8.841974861920347095e+00,1.403951538085937500e+03,8.610362410545349121e-01,4.021370000000000111e+00,9.024463891983032227e-01,5.571386814117431641e-01
8.458658382286799338e+00,8.860434424988829605e+00,1.120578735351562500e+03,1.067331552505493164e+00,4.021380000000000621e+00,7.729750275611877441e-01,4.425447285175323486e-01
8.453422328581368106e+00,8.880238714494986141e+00,1.281590087890625000e+03,1.069437980651855469e+00,4.021390000000000242e+00,8.612474799156188965e-01,5.167790055274963379e-01
8.457633045189300702e+00,8.895663962288072213e+00,1.489175292968750000e+03,8.427709937095642090e-01,4.021400000000000752e+00,9.485281109809875488e-01,5.956672430038452148e-01
8.458438655035758202e+00,8.913128803659491339e+00,1.470011230468750000e+03,1.082143306732177734e+00,4.021410000000000373e+00,8.729968070983886719e-01,5.462285876274108887e-01
8.447979867766319373e+00,8.929294418110885090e+00,1.676408691406250000e+03,1.209781885147094727e+00,4.021419999999999995e+00,7.822829484939575195e-01,5.069370269775390625e-01
8.448385693339924174e+00,8.948789008914213028e+00,2.114175048828125000e+03,1.088952541351318359e+00,4.021430000000000504e+00,8.987079858779907227e-01,6.132912039756774902e-01
8.449548495103240242e+00,8.965087859139856619e+00,1.220125122070312500e+03,9.977490305900573730e-01,4.021440000000000126e+00,8.443864583969116211e-01,4.983921051025390625e-01
8.460318567214244467e+00,8.985606271628711283e+00,1.301853515625000000e+03,1.094327688217163086e+00,4.021450000000000635e+00,9.418904781341552734e-01,5.680487155914306641e-01
8.447503593506375807e+00,9.011800601118219234e+00,1.411494018554687500e+03,1.046460390090942383e+00,4.021460000000000257e+00,9.729422330856323242e-01,6.016182303428649902e-01
8.456415016361525261e+00,9.017112658102442779e+00,1.345406127929687500e+03,1.091404676437377930e+00,4.021470000000000766e+00,8.809313774108886719e-01,5.368443727493286133e-01
8.447749207380381264e+00,9.036091397423573923e+00,1.841450683593750000e+03,1.206815958023071289e+00,4.021480000000000388e+00,8.219559788703918457e-01,5.447027087211608887e-01
8.449804116009358879e+00,9.054550150717815882e+00,1.467976318359375000e+03,1.143412113189697266e+00,4.021490000000000009e+00,7.579451203346252441e-01,4.740542471408843994e-01
8.452141953225407178e+00,9.069303078942763108e+00,1.264695312500000000e+03,1.047549962997436523e+00,4.021500000000000519e+00,8.169968128204345703e-01,4.880923628807067871e-01
8.451400713599969805e+00,9.088672367711232880e+00,2.060228271484375000e+03,8.738059401512145996e-01,4.021510000000000140e+00,1.020931363105773926e+00,6.930949687957763672e-01
8.448854260065518318e+00,9.108544457458339849e+00,1.661391235351562500e+03,1.137402772903442383e+00,4.021520000000000650e+00,1.055568933486938477e+00,6.824901103973388672e-01
8.453460315125219893e+00,9.119907591743135811e+00,1.357650146484375000e+03,1.549280405044555664e+00,4.021530000000000271e+00,9.058033227920532227e-01,5.535528063774108887e-01
8.450249723878688002e+00,9.140480736021505237e+00,1.682559692382812500e+03,1.412608146667480469e+00,4.021539999999999893e+00,1.177029371261596680e+00,7.634382843971252441e-01
8.454281402968041093e+00,9.159321607266546650e+00,1.578215942382812500e+03,1.402879476547241211e+00,4.021550000000000402e+00,1.160320878028869629e+00,7.403210997581481934e-01
8.457115891730113688e+00,9.181170375586034993e+00,1.522784545898437500e+03,1.977018833160400391e+00,4.021560000000000024e+00,9.695852994918823242e-01,6.126808524131774902e-01
8.460867435435178052e+00,9.195422042729198608e+00,1.615286010742187500e+03,1.609552621841430664e+00,4.021570000000000533e+00,9.760702848434448242e-01,6.265664100646972656e-01
8.462975045997817247e+00,9.207502482099732433e+00,1.663484008789062500e+03,1.566409587860107422e+00,4.021580000000000155e+00,8.900867104530334473e-01,5.756781697273254395e-01
8.457133293015106190e+00,9.225908816567013560e+00,1.209869628906250000e+03,1.399849176406860352e+00,4.021590000000000664e+00,8.831439614295959473e-01,5.197544693946838379e-01
8.461926167626364403e+00,9.244520070624043129e+00,1.505499633789062500e+03,1.102593660354614258e+00,4.021600000000000286e+00,9.122120141983032227e-01,5.746100544929504395e-01
8.458322442425171062e+00,9.262493301714751937e+00,1.177033081054687500e+03,1.477946758270263672e+00,4.021609999999999907e+00,8.499559164047241211e-01,4.954166114330291748e-01
8.460464181845891218e+00,9.277278427405660111e+00,1.423230468750000000e+03,1.162900447845458984e+00,4.021620000000000417e+00,9.571493268013000488e-01,5.933021306991577148e-01
8.460445369463046816e+00,9.293674315253259266e+00,1.531437744140625000e+03,1.148080348968505859e+00,4.021630000000000038e+00,9.782065749168395996e-01,6.190896034240722656e-01
8.463022838959549432e+00,9.314647751549875565e+00,1.317609741210937500e+03,1.182072877883911133e+00,4.021640000000000548e+00,9.012256860733032227e-01,5.456182360649108887e-01
8.457299949119891025e+00,9.326700448759172701e+00,1.500614379882812500e+03,1.347469806671142578e+00,4.021650000000000169e+00,9.023700952529907227e-01,5.678961277008056641e-01
8.468638181689431832e+00,9.352885929725045955e+00,1.665125732421875000e+03,1.097133874893188477e+00,4.021660000000000679e+00,8.844409584999084473e-01,5.721686482429504395e-01
8.458858071376184284e+00,9.365160534577853468e+00,1.739289916992187500e+03,1.224271774291992188e+00,4.021670000000000300e+00,7.898361086845397949e-01,5.164738297462463379e-01
8.460967119003894865e+00,9.386947320599727362e+00,1.189698730468750000e+03,1.124205112457275391e+00,4.021679999999999922e+00,9.166371226310729980e-01,5.363103151321411133e-01
8.457281957549596996e+00,9.405203053526046020e+00,1.282316772460937500e+03,1.126598834991455078e+00,4.021690000000000431e+00,8.332474827766418457e-01,5.000705718994140625e-01
8.458611689346144047e+00,9.416109192308885767e+00,1.773368896484375000e+03,1.031845331192016602e+00,4.021700000000000053e+00,9.809531569480895996e-01,6.444192528724670410e-01
8.464158601443720897e+00,9.435728690442710231e+00,2.100830322265625000e+03,1.170919656753540039e+00,4.021710000000000562e+00,9.077869653701782227e-01,6.187081336975097656e-01
8.460375426202524807e+00,9.456757619167445839e+00,1.877158325195312500e+03,1.327474832534790039e+00,4.021720000000000184e+00,8.180649280548095703e-01,5.444738268852233887e-01
8.455872633682892214e+00,9.469969976868977568e+00,1.314105346679687500e+03,1.028290510177612305e+00,4.021730000000000693e+00,9.114490747451782227e-01,5.513402819633483887e-01
8.455301189433985343e+00,9.487191477289238506e+00,1.944577636718750000e+03,1.124686717987060547e+00,4.021740000000000315e+00,1.092266440391540527e+00,7.326154112815856934e-01
8.457785669946868978e+00,9.506784496897459746e+00,1.192421508789062500e+03,1.392044544219970703e+00,4.021749999999999936e+00,8.313401341438293457e-01,4.867953658103942871e-01
8.457815463587277094e+00,9.529007408600921991e+00,1.078992065429687500e+03,1.412337541580200195e+00,4.021760000000000446e+00,8.582720160484313965e-01,4.843539595603942871e-01
8.458904839705761347e+00,9.545234577288358224e+00,1.762181274414062500e+03,9.835047125816345215e-01,4.021770000000000067e+00,1.140026569366455078e+00,7.477979660034179688e-01
8.456214762036571742e+00,9.560244276694707111e+00,1.619133422851562500e+03,1.402561187744140625e+00,4.021780000000000577e+00,1.117290973663330078e+00,7.176617383956909180e-01
8.455040429454838247e+00,9.578138945426076134e+00,1.507813354492187500e+03,1.702897071838378906e+00,4.021790000000000198e+00,1.130108356475830078e+00,7.121685743331909180e-01
8.452408505032495967e+00,9.591980895631087023e+00,1.496370971679687500e+03,1.780007600784301758e+00,4.021800000000000708e+00,9.025989770889282227e-01,5.675909519195556641e-01
8.453756360489002475e+00,9.601702721494433490e+00,1.460233398437500000e+03,1.548878669738769531e+00,4.021810000000000329e+00,8.706316947937011719e-01,5.437108874320983887e-01
8.448295524642386312e+00,9.615998277870746236e+00,1.076429077148437500e+03,1.167420864105224609e+00,4.021819999999999951e+00,8.539232611656188965e-01,4.814547896385192871e-01
8.454041824953351991e+00,9.633887158107196313e+00,1.710509277343750000e+03,1.047199487686157227e+00,4.021830000000000460e+00,4.051605463027954102e-01,2.638636231422424316e-01
8.452388613612972890e+00,9.637978403862511811e+00,-5.057837402343750000e+03,1.150426387786865234e+00,4.021840000000000082e+00,5.542776361107826233e-02,5.008716508746147156e-02
8.450733278763603806e+00,9.640676642741729196e+00,-2.252098876953125000e+03,6.067652106285095215e-01,4.021850000000000591e+00,4.215256497263908386e-02,4.222885891795158386e-02
8.455821603504485751e+00,9.644740031863713980e+00,-1.253213867187500000e+03,2.070766836404800415e-01,4.021860000000000213e+00,3.536237776279449463e-02,4.108444601297378540e-02
