# x_coordinates, y_coordinates, TEP, TED, times, high, low
5.762479992025827613e+00,1.891410543874934014e+00,1.825916870117187500e+03,4.156250059604644775e-01,3.990280000000000271e+00,8.974872231483459473e-01,5.936073064804077148e-01
5.763643225878323229e+00,1.883510197125947361e+00,1.837454467773437500e+03,1.745974540710449219e+00,3.990290000000000337e+00,9.662283658981323242e-01,6.399942040443420410e-01
5.762432017171648546e+00,1.884672998774310049e+00,4.082978515625000000e+03,1.084718227386474609e+00,3.990300000000000402e+00,1.075176477432250977e+00,8.072311878204345703e-01
5.768043847044605599e+00,1.877326820596130874e+00,2.058436035156250000e+03,1.487314224243164062e+00,3.990310000000000468e+00,1.035274624824523926e+00,7.027080655097961426e-01
5.764702990549554151e+00,1.875746634125502021e+00,1.388703979492187500e+03,1.394494295120239258e+00,3.990320000000000533e+00,1.008190155029296875e+00,6.203866004943847656e-01
5.767232059980813119e+00,1.879200547374997088e+00,1.593694702148437500e+03,1.673736095428466797e+00,3.990330000000000155e+00,1.130260944366455078e+00,7.230023145675659180e-01
5.768425569342817028e+00,1.872817073910035157e+00,2.081144775390625000e+03,1.157528877258300781e+00,3.990340000000000220e+00,1.554151773452758789e+00,1.057247400283813477e+00
5.770498086322414899e+00,1.879093863870964665e+00,1.692332031250000000e+03,2.151426792144775391e+00,3.990350000000000286e+00,9.306752681732177734e-01,6.045174002647399902e-01
5.772717651640820513e+00,1.884134534327235100e+00,2.089744140625000000e+03,2.225316286087036133e+00,3.990360000000000351e+00,9.341847896575927734e-01,6.360269188880920410e-01
5.770253762677435283e+00,1.891846308609376637e+00,2.094505615234375000e+03,1.144697189331054688e+00,3.990370000000000417e+00,1.024822354316711426e+00,6.980541348457336426e-01
5.770866555891989158e+00,1.905038892849188370e+00,3.055681396484375000e+03,1.372605085372924805e+00,3.990380000000000482e+00,1.014751434326171875e+00,7.360486388206481934e-01
5.769019620237142654e+00,1.905796159109578447e+00,1.726063476562500000e+03,1.325127601623535156e+00,3.990390000000000548e+00,9.929313659667968750e-01,6.480813622474670410e-01
5.771364013695218453e+00,1.924851413764465224e+00,1.979902221679687500e+03,1.551061391830444336e+00,3.990400000000000169e+00,1.100429892539978027e+00,7.409314513206481934e-01
5.769417959013126485e+00,1.934913925090680165e+00,1.933998291015625000e+03,1.296722412109375000e+00,3.990410000000000235e+00,1.076015710830688477e+00,7.208660840988159180e-01
5.769291714446410424e+00,1.950083707894245233e+00,1.750768920898437500e+03,1.859226942062377930e+00,3.990420000000000300e+00,1.065258264541625977e+00,6.976726651191711426e-01
5.767155915921465592e+00,1.967001073894010466e+00,1.920963989257812500e+03,1.500956535339355469e+00,3.990430000000000366e+00,1.260418891906738281e+00,8.431657552719116211e-01
5.767292184529845045e+00,1.975269734837896918e+00,2.310767822265625000e+03,1.770354032516479492e+00,3.990440000000000431e+00,1.038478970527648926e+00,7.207134962081909180e-01
5.765792870601956110e+00,1.997249814605527973e+00,2.046977905273437500e+03,1.948409795761108398e+00,3.990450000000000497e+00,1.150784134864807129e+00,7.802230119705200195e-01
5.774516701225786974e+00,2.011431311058959004e+00,1.482426635742187500e+03,1.577727317810058594e+00,3.990460000000000118e+00,1.083187460899353027e+00,6.793619990348815918e-01
5.769541684295266037e+00,2.028773187586514037e+00,1.454533325195312500e+03,1.694896936416625977e+00,3.990470000000000184e+00,1.077083826065063477e+00,6.718851923942565918e-01
5.770669287829237604e+00,2.045478581896682080e+00,1.865431884765625000e+03,1.502470493316650391e+00,3.990480000000000249e+00,1.105388998985290527e+00,7.346753478050231934e-01
5.782036298343193437e+00,2.056742934758558405e+00,1.820059448242187500e+03,1.604476690292358398e+00,3.990490000000000315e+00,9.850730299949645996e-01,6.510568857192993164e-01
5.775316316756072155e+00,2.076277855490464397e+00,2.407403320312500000e+03,1.573819637298583984e+00,3.990500000000000380e+00,1.117062091827392578e+00,7.809096574783325195e-01
5.775969826766331749e+00,2.096101653516732277e+00,1.410026123046875000e+03,1.436182975769042969e+00,3.990510000000000446e+00,8.621630072593688965e-01,5.329533815383911133e-01
5.773975680776124442e+00,2.102377267759297119e+00,1.590258056640625000e+03,1.587942361831665039e+00,3.990520000000000511e+00,8.344681859016418457e-01,5.334874391555786133e-01
5.776150307853090027e+00,2.123498251977231188e+00,1.894178100585937500e+03,1.109293222427368164e+00,3.990530000000000133e+00,9.335744380950927734e-01,6.225991249084472656e-01
5.777362761398268098e+00,2.132524592386308537e+00,1.583332519531250000e+03,1.083513021469116211e+00,3.990540000000000198e+00,8.705554008483886719e-01,5.559179782867431641e-01
5.774644444193468118e+00,2.149539822277358514e+00,1.490602172851562500e+03,1.220992326736450195e+00,3.990550000000000264e+00,9.883536696434020996e-01,6.208443641662597656e-01
5.773048623999708084e+00,2.161842179546625164e+00,1.964281982421875000e+03,1.215445518493652344e+00,3.990560000000000329e+00,1.160168290138244629e+00,7.798415422439575195e-01
5.775929943977709868e+00,2.177962708726103980e+00,2.214827392578125000e+03,1.369964599609375000e+00,3.990570000000000395e+00,9.265553355216979980e-01,6.380105614662170410e-01
5.773446736446109284e+00,2.189247034100877176e+00,1.777090942382812500e+03,1.508618116378784180e+00,3.990580000000000460e+00,1.206707835197448730e+00,7.931167483329772949e-01
5.772736780563099579e+00,2.197806201813064408e+00,1.670466796875000000e+03,1.408562183380126953e+00,3.990590000000000526e+00,1.016887784004211426e+00,6.583811044692993164e-01
5.771227329763761738e+00,2.217725929007768659e+00,1.806858520507812500e+03,1.699740409851074219e+00,3.990600000000000147e+00,1.022228360176086426e+00,6.744791865348815918e-01
5.775112291723549340e+00,2.228028711612736856e+00,1.501982299804687500e+03,1.340281486511230469e+00,3.990610000000000213e+00,1.075939416885375977e+00,6.773020625114440918e-01
5.771120286213378137e+00,2.240310667347721996e+00,1.942442871093750000e+03,1.530688524246215820e+00,3.990620000000000278e+00,9.282338023185729980e-01,6.224465370178222656e-01
5.777604434182228132e+00,2.255280046517329939e+00,1.753614135742187500e+03,1.347643852233886719e+00,3.990630000000000344e+00,9.049640893936157227e-01,5.929206609725952148e-01
5.775001036658347076e+00,2.266105171125197604e+00,1.442463012695312500e+03,1.243564605712890625e+00,3.990640000000000409e+00,9.305989742279052734e-01,5.791113972663879395e-01
5.776918395477146362e+00,2.279713934874006753e+00,2.063737304687500000e+03,1.234199523925781250e+00,3.990650000000000475e+00,8.873401284217834473e-01,6.026100516319274902e-01
5.770839642718462059e+00,2.296929363427083981e+00,1.548702636718750000e+03,1.258240461349487305e+00,3.990660000000000540e+00,9.712637662887573242e-01,6.165718436241149902e-01
5.775282278958536075e+00,2.311917751639817720e+00,1.585135620117187500e+03,1.173110723495483398e+00,3.990670000000000162e+00,8.874927163124084473e-01,5.669043064117431641e-01
5.773060140963941045e+00,2.326187050357907626e+00,1.869222045898437500e+03,1.113397598266601562e+00,3.990680000000000227e+00,7.848769426345825195e-01,5.218906998634338379e-01
5.771531062549359881e+00,2.342516539784006646e+00,1.569575561523437500e+03,1.071171283721923828e+00,3.990690000000000293e+00,8.003646731376647949e-01,5.099125504493713379e-01
5.774022627081308201e+00,2.354717043578769875e+00,1.541693603515625000e+03,9.894174933433532715e-01,3.990700000000000358e+00,9.051929712295532227e-01,5.739234089851379395e-01
5.771680532424675825e+00,2.369190586862122139e+00,1.490800537109375000e+03,9.754223227500915527e-01,3.990710000000000424e+00,7.953292727470397949e-01,4.996128082275390625e-01
5.771239729954500852e+00,2.391187835002433371e+00,1.450631958007812500e+03,1.034178256988525391e+00,3.990720000000000489e+00,8.474382162094116211e-01,5.282231569290161133e-01
5.767850645245654384e+00,2.399849298770138528e+00,1.514636352539062500e+03,8.843476176261901855e-01,3.990730000000000111e+00,9.663046598434448242e-01,6.097053885459899902e-01
5.765697680502679390e+00,2.416110181050680428e+00,1.611215209960937500e+03,1.014182090759277344e+00,3.990740000000000176e+00,9.951438903808593750e-01,6.383920311927795410e-01
5.768488412270073695e+00,2.440323724717331721e+00,1.527312255859375000e+03,1.113374948501586914e+00,3.990750000000000242e+00,8.572039008140563965e-01,5.421087145805358887e-01
5.770622692288609912e+00,2.451461229609820602e+00,1.659729003906250000e+03,1.255378246307373047e+00,3.990760000000000307e+00,9.103046655654907227e-01,5.884193181991577148e-01
5.768084868449196989e+00,2.465510204764192359e+00,2.935782714843750000e+03,9.446222186088562012e-01,3.990770000000000373e+00,1.037792325019836426e+00,7.485609054565429688e-01
5.768231793331831447e+00,2.484223598934923949e+00,1.438324584960937500e+03,1.348870515823364258e+00,3.990780000000000438e+00,8.841357827186584473e-01,5.497381091117858887e-01
5.765708362475998605e+00,2.497180610410780321e+00,1.860352905273437500e+03,1.350681304931640625e+00,3.990790000000000504e+00,1.327176332473754883e+00,8.815417289733886719e-01
5.772780288823002870e+00,2.519308327984833173e+00,1.431078491210937500e+03,1.290639162063598633e+00,3.990800000000000125e+00,9.558523297309875488e-01,5.934547185897827148e-01
5.769708876420713395e+00,2.532104964528465008e+00,1.483331176757812500e+03,2.304001569747924805e+00,3.990810000000000191e+00,8.826861381530761719e-01,5.537053942680358887e-01
5.767271180389614393e+00,2.546006585550827150e+00,1.235346191406250000e+03,1.598121643066406250e+00,3.990820000000000256e+00,8.956561684608459473e-01,5.308934450149536133e-01
5.768190784087544820e+00,2.556531855489458938e+00,1.837745361328125000e+03,1.041932821273803711e+00,3.990830000000000322e+00,8.408769369125366211e-01,5.569860935211181641e-01
5.769691223744750630e+00,2.575703869842397964e+00,1.922020019531250000e+03,1.011173248291015625e+00,3.990840000000000387e+00,7.671766877174377441e-01,5.132694840431213379e-01
5.768054255097484706e+00,2.585612993130804504e+00,1.639520141601562500e+03,8.445007205009460449e-01,3.990850000000000453e+00,7.689314484596252441e-01,4.954929053783416748e-01
5.767440718013261858e+00,2.604104998612168487e+00,2.194455566406250000e+03,9.458977580070495605e-01,3.990860000000000518e+00,1.057934045791625977e+00,7.271985411643981934e-01
5.769695240896959731e+00,2.620571042542767515e+00,2.864126953125000000e+03,8.864552378654479980e-01,3.990870000000000140e+00,1.821181535720825195e+00,1.308942079544067383e+00
5.766958249209612752e+00,2.634298474649352073e+00,2.203264892578125000e+03,1.978756904602050781e+00,3.990880000000000205e+00,1.077312707901000977e+00,7.410840392112731934e-01
5.766017302856207394e+00,2.652297958215733775e+00,1.619967285156250000e+03,2.830006599426269531e+00,3.990890000000000271e+00,8.926807045936584473e-01,5.734656453132629395e-01
5.772222721273537971e+00,2.662968289399408661e+00,1.259280273437500000e+03,1.533214569091796875e+00,3.990900000000000336e+00,8.948932290077209473e-01,5.338689088821411133e-01
5.769953293575986741e+00,2.678873921501345290e+00,2.563249267578125000e+03,1.184612035751342773e+00,3.990910000000000402e+00,8.391221761703491211e-01,5.928443670272827148e-01
5.766633458199505569e+00,2.695068281471927119e+00,2.339589111328125000e+03,1.062621593475341797e+00,3.990920000000000467e+00,8.771166801452636719e-01,6.100868582725524902e-01
5.768865488423507770e+00,2.713061053028757552e+00,3.034605224609375000e+03,1.020726680755615234e+00,3.990930000000000533e+00,8.636888861656188965e-01,6.258797645568847656e-01
5.773268000915080300e+00,2.731277514248500626e+00,1.976665527343750000e+03,1.091781377792358398e+00,3.990940000000000154e+00,7.834273576736450195e-01,5.273076295852661133e-01
5.766675791245489791e+00,2.741222138654797913e+00,2.317521972656250000e+03,9.148437380790710449e-01,3.990950000000000220e+00,8.430131673812866211e-01,5.853675007820129395e-01
5.766088439194636095e+00,2.755968590344351377e+00,1.570274902343750000e+03,8.679611086845397949e-01,3.990960000000000285e+00,9.050403833389282227e-01,5.766699910163879395e-01
5.772520528580499466e+00,2.769725465553150467e+00,1.501806274414062500e+03,9.174520373344421387e-01,3.990970000000000351e+00,1.023372769355773926e+00,6.441903710365295410e-01
5.768971306297904000e+00,2.787201985837944207e+00,2.122787353515625000e+03,9.978873133659362793e-01,3.990980000000000416e+00,1.110348224639892578e+00,7.583265900611877441e-01
5.767849117747001486e+00,2.802143160784333009e+00,2.614116943359375000e+03,1.404063224792480469e+00,3.990990000000000482e+00,9.399068355560302734e-01,6.661631464958190918e-01
5.771353961967845336e+00,2.815521695075294151e+00,1.812879028320312500e+03,1.566619396209716797e+00,3.991000000000000547e+00,7.353619933128356934e-01,4.855746626853942871e-01
5.769281787906913372e+00,2.831785597968807799e+00,1.932400268554687500e+03,1.187326431274414062e+00,3.991010000000000169e+00,8.588823676109313965e-01,5.752967000007629395e-01
5.764857846009753928e+00,2.848737672232855012e+00,1.277212280273437500e+03,9.058744311332702637e-01,3.991020000000000234e+00,9.116016626358032227e-01,5.463811755180358887e-01
5.767245533911024680e+00,2.865104825350464957e+00,1.733745361328125000e+03,1.032930135726928711e+00,3.991030000000000300e+00,1.041607022285461426e+00,6.805827617645263672e-01
5.769864552200514751e+00,2.876697959993085085e+00,1.585716552734375000e+03,1.054080247879028320e+00,3.991040000000000365e+00,8.821520805358886719e-01,5.635473728179931641e-01
5.764397761260426023e+00,2.896067891124297855e+00,1.554088256835937500e+03,1.303500652313232422e+00,3.991050000000000431e+00,8.791003227233886719e-01,5.585882663726806641e-01
5.766498102568546003e+00,2.913901032306330574e+00,1.794117431640625000e+03,9.830743670463562012e-01,3.991060000000000496e+00,9.145771861076354980e-01,6.024574637413024902e-01
5.766388775992933091e+00,2.928518594970504374e+00,1.353429565429687500e+03,1.222284555435180664e+00,3.991070000000000118e+00,8.215745091438293457e-01,5.015964508056640625e-01
5.766072233292443450e+00,2.942932660877003670e+00,1.999695068359375000e+03,9.845919013023376465e-01,3.991080000000000183e+00,8.256180882453918457e-01,5.570623874664306641e-01
5.768421694384120002e+00,2.960229368186318322e+00,1.317216308593750000e+03,9.233743548393249512e-01,3.991090000000000249e+00,7.941848635673522949e-01,4.807681441307067871e-01
5.765920446332175153e+00,2.973164065469702688e+00,1.358964843750000000e+03,9.741896986961364746e-01,3.991100000000000314e+00,8.844409584999084473e-01,5.406591296195983887e-01
5.770108755162427272e+00,2.992607420683725650e+00,1.732217529296875000e+03,8.080238699913024902e-01,3.991110000000000380e+00,8.601030707359313965e-01,5.618689060211181641e-01
5.763912076870483681e+00,3.005569539388124767e+00,1.554303100585937500e+03,1.057259559631347656e+00,3.991120000000000445e+00,9.685171842575073242e-01,6.154274344444274902e-01
5.766878380395774606e+00,3.017603808056135151e+00,1.550172363281250000e+03,1.127407073974609375e+00,3.991130000000000511e+00,1.025203824043273926e+00,6.509805917739868164e-01
5.768599588767134634e+00,3.036443150323706153e+00,1.950459960937500000e+03,1.245381355285644531e+00,3.991140000000000132e+00,9.582174420356750488e-01,6.431222558021545410e-01
5.760564552069734390e+00,3.051626806116407131e+00,1.898039550781250000e+03,1.347660541534423828e+00,3.991150000000000198e+00,9.330403804779052734e-01,6.225228309631347656e-01
5.767901242614409618e+00,3.059316547547197729e+00,1.678793090820312500e+03,1.159988164901733398e+00,3.991160000000000263e+00,1.158032059669494629e+00,7.506971359252929688e-01
5.773036951376698589e+00,3.077524583168532502e+00,1.793791503906250000e+03,1.300507307052612305e+00,3.991170000000000329e+00,9.688223600387573242e-01,6.381631493568420410e-01
5.762490334702095929e+00,3.092601705904129084e+00,2.252806152343750000e+03,1.313546419143676758e+00,3.991180000000000394e+00,1.295590519905090332e+00,8.949695229530334473e-01
5.763934846639160448e+00,3.109838801225861982e+00,2.621461914062500000e+03,1.319033622741699219e+00,3.991190000000000460e+00,1.133160114288330078e+00,8.034927248954772949e-01
5.764152684056921494e+00,3.127179529015872816e+00,1.253360473632812500e+03,2.198040008544921875e+00,3.991200000000000525e+00,8.498033285140991211e-01,5.061740875244140625e-01
5.769571810068394591e+00,3.138965905454289551e+00,1.104241333007812500e+03,1.526129961013793945e+00,3.991210000000000147e+00,8.108932971954345703e-01,4.616945683956146240e-01
5.768427288079404747e+00,3.152057171093681998e+00,1.438358032226562500e+03,9.424633383750915527e-01,3.991220000000000212e+00,9.119831323623657227e-01,5.670568943023681641e-01
5.766249746522445818e+00,3.170004497946915301e+00,3.908175292968750000e+03,8.611196875572204590e-01,3.991230000000000278e+00,9.479177594184875488e-01,7.084301114082336426e-01
5.766005907881525339e+00,3.188563411498649636e+00,1.573070556640625000e+03,1.133161306381225586e+00,3.991240000000000343e+00,9.335744380950927734e-01,5.951331853866577148e-01
5.769389977081042176e+00,3.198897273462842250e+00,2.673493164062500000e+03,1.344879388809204102e+00,3.991250000000000409e+00,1.069683313369750977e+00,7.608442902565002441e-01
5.774499627877129448e+00,3.220869014100948835e+00,1.941470092773437500e+03,1.430724382400512695e+00,3.991260000000000474e+00,1.038707852363586426e+00,6.964519619941711426e-01
5.771412557671839139e+00,3.236402087541105921e+00,1.228893066406250000e+03,1.635918140411376953e+00,3.991270000000000540e+00,9.454763531684875488e-01,5.594274997711181641e-01
5.775519705633961998e+00,3.252268099733023110e+00,1.744720214843750000e+03,1.374012947082519531e+00,3.991280000000000161e+00,1.022304654121398926e+00,6.689860224723815918e-01
5.767462355394785689e+00,3.264669820758099306e+00,1.773506835937500000e+03,1.227418899536132812e+00,3.991290000000000227e+00,9.638632535934448242e-01,6.332040429115295410e-01
5.775276136576314556e+00,3.275866543750258764e+00,1.585681274414062500e+03,1.289114475250244141e+00,3.991300000000000292e+00,9.679068326950073242e-01,6.183266639709472656e-01
5.770311373189157322e+00,3.297080294875000650e+00,1.270412841796875000e+03,1.272401332855224609e+00,3.991310000000000358e+00,1.103710532188415527e+00,6.603647470474243164e-01
5.767530434481897395e+00,3.314021745384640116e+00,2.101318359375000000e+03,1.346928596496582031e+00,3.991320000000000423e+00,1.152996659278869629e+00,7.858687639236450195e-01
5.766337623124351275e+00,3.328369735673625485e+00,1.490489624023437500e+03,1.561069011688232422e+00,3.991330000000000489e+00,1.013759613037109375e+00,6.367898583412170410e-01
5.780355388583302556e+00,3.345169419199361727e+00,1.803531127929687500e+03,1.679219722747802734e+00,3.991340000000000110e+00,9.996452331542968750e-01,6.592966318130493164e-01
5.767568845448528769e+00,3.358043119390414333e+00,1.906010253906250000e+03,1.320640563964843750e+00,3.991350000000000176e+00,9.864463210105895996e-01,6.587625741958618164e-01
5.775451678482663276e+00,3.376074703779846420e+00,1.258618041992187500e+03,1.280744791030883789e+00,3.991360000000000241e+00,1.028331875801086426e+00,6.133674979209899902e-01
5.778253089301984780e+00,3.393764326404618448e+00,1.657930908203125000e+03,1.415909051895141602e+00,3.991370000000000307e+00,1.050457239151000977e+00,6.788279414176940918e-01
5.771960749184354533e+00,3.408914904738535423e+00,1.566381713867187500e+03,1.490826129913330078e+00,3.991380000000000372e+00,1.048702478408813477e+00,6.677653193473815918e-01
5.769513464083214416e+00,3.422733013829438953e+00,1.682243652343750000e+03,1.439617395401000977e+00,3.991390000000000438e+00,1.103329062461853027e+00,7.156018018722534180e-01
5.772485885218470614e+00,3.437385581809756285e+00,1.889896362304687500e+03,1.608026742935180664e+00,3.991400000000000503e+00,1.118206501007080078e+00,7.453565597534179688e-01
5.772838779651388919e+00,3.453622486974714079e+00,2.032353393554687500e+03,1.781498908996582031e+00,3.991410000000000124e+00,9.811820387840270996e-01,6.642557978630065918e-01
5.771926992718686478e+00,3.472986247667578574e+00,1.792241943359375000e+03,1.713631868362426758e+00,3.991420000000000190e+00,1.100506186485290527e+00,7.247570753097534180e-01
5.772674114047551264e+00,3.490851557371865255e+00,1.977394165039062500e+03,1.676072597503662109e+00,3.991430000000000256e+00,1.001323699951171875e+00,6.740214228630065918e-01
5.776178539525828270e+00,3.500207462939583625e+00,1.560958129882812500e+03,1.558979272842407227e+00,3.991440000000000321e+00,9.325063228607177734e-01,5.932258367538452148e-01
5.765960837007849449e+00,3.518975801647045376e+00,1.425345092773437500e+03,1.637962579727172852e+00,3.991450000000000387e+00,8.692584037780761719e-01,5.390568971633911133e-01
5.768838477869891790e+00,3.530532501890085051e+00,1.377156372070312500e+03,1.066809415817260742e+00,3.991460000000000452e+00,9.347951412200927734e-01,5.737708210945129395e-01
5.768860931515154888e+00,3.553843056950672707e+00,1.609862060546875000e+03,1.225603342056274414e+00,3.991470000000000518e+00,8.247788548469543457e-01,5.289860963821411133e-01
5.768548887384951307e+00,3.559677114150405330e+00,1.851697631835937500e+03,9.649283289909362793e-01,3.991480000000000139e+00,1.194042921066284180e+00,7.922775149345397949e-01
5.770714584803015690e+00,3.577407152978669291e+00,1.320895263671875000e+03,1.231539964675903320e+00,3.991490000000000204e+00,8.953509926795959473e-01,5.424901843070983887e-01
5.767211588138655642e+00,3.598782429306741637e+00,1.884163330078125000e+03,1.655102491378784180e+00,3.991500000000000270e+00,9.914817214012145996e-01,6.604410409927368164e-01
5.770955065696448116e+00,3.612359482735446825e+00,1.796681274414062500e+03,1.338135719299316406e+00,3.991510000000000336e+00,1.092113852500915527e+00,7.196453809738159180e-01
5.767971318373980694e+00,3.627772766331940790e+00,2.298091064453125000e+03,1.427627325057983398e+00,3.991520000000000401e+00,1.106533408164978027e+00,7.671766877174377441e-01
5.770268886470028669e+00,3.640673785654023220e+00,2.119927246093750000e+03,1.749355316162109375e+00,3.991530000000000467e+00,1.028179287910461426e+00,7.020214200019836426e-01
5.762479717935053536e+00,3.657513633923457963e+00,1.583035644531250000e+03,1.610737562179565430e+00,3.991540000000000532e+00,1.130947589874267578e+00,7.221630811691284180e-01
5.769417884560512633e+00,3.669806086853912852e+00,1.388272827148437500e+03,1.598413705825805664e+00,3.991550000000000153e+00,1.013988494873046875e+00,6.238961219787597656e-01
5.763558979855973874e+00,3.683240320538838208e+00,2.256540039062500000e+03,1.414476156234741211e+00,3.991560000000000219e+00,1.205868601799011230e+00,8.332474827766418457e-01
5.768440113021810589e+00,3.707170603493927796e+00,1.299454711914062500e+03,1.525965452194213867e+00,3.991570000000000285e+00,1.059536218643188477e+00,6.386209130287170410e-01
5.760778126827305279e+00,3.715679015910910987e+00,1.794608154296875000e+03,1.689235687255859375e+00,3.991580000000000350e+00,1.212506175041198730e+00,7.987625002861022949e-01
5.766185346264984801e+00,3.726024810172041679e+00,1.608215698242187500e+03,1.637135267257690430e+00,3.991590000000000416e+00,1.087841391563415527e+00,6.975200772285461426e-01
5.767485429971753952e+00,3.746833729434434712e+00,1.256965454101562500e+03,1.976636171340942383e+00,3.991600000000000481e+00,9.415090084075927734e-01,5.613348484039306641e-01
5.767050333129640549e+00,3.764805797526028730e+00,1.543904418945312500e+03,1.455561637878417969e+00,3.991610000000000547e+00,9.191548228263854980e-01,5.830023884773254395e-01
5.763067941251681425e+00,3.772973790319663845e+00,1.480133666992187500e+03,1.266148805618286133e+00,3.991620000000000168e+00,9.394490718841552734e-01,5.889533758163452148e-01
5.775347863614781474e+00,3.787418613039774229e+00,2.195873779296875000e+03,1.222809076309204102e+00,3.991630000000000233e+00,1.155132889747619629e+00,7.941085696220397949e-01
5.771215919817181295e+00,3.811864826645964932e+00,1.972933105468750000e+03,1.300647974014282227e+00,3.991640000000000299e+00,1.078686118125915527e+00,7.257488965988159180e-01
5.770334999287844546e+00,3.820363048833119279e+00,1.775682495117187500e+03,1.637089967727661133e+00,3.991650000000000365e+00,9.697378873825073242e-01,6.372476220130920410e-01
5.770066830519480661e+00,3.842027872431589053e+00,1.550247436523437500e+03,1.593020677566528320e+00,3.991660000000000430e+00,9.861411452293395996e-01,6.261849403381347656e-01
5.771440499614295838e+00,3.857771157475907042e+00,1.528332641601562500e+03,1.478422403335571289e+00,3.991670000000000496e+00,9.174763560295104980e-01,5.803321003913879395e-01
5.769908337205099436e+00,3.866720027627072565e+00,1.663084106445312500e+03,1.369692802429199219e+00,3.991680000000000117e+00,1.028637051582336426e+00,6.652476191520690918e-01
5.770023313131711795e+00,3.878306688472502373e+00,1.294557861328125000e+03,1.289206266403198242e+00,3.991690000000000182e+00,8.764300346374511719e-01,5.276128053665161133e-01
5.774327263238540731e+00,3.902682763190673754e+00,1.619875610351562500e+03,1.570736885070800781e+00,3.991700000000000248e+00,9.457815289497375488e-01,6.075691580772399902e-01
5.772524221855600324e+00,3.918646620319250040e+00,1.729156005859375000e+03,1.126724004745483398e+00,3.991710000000000313e+00,8.908496499061584473e-01,5.817053914070129395e-01
5.769689378340890684e+00,3.933811217797911208e+00,1.837509643554687500e+03,1.257597923278808594e+00,3.991720000000000379e+00,9.199177622795104980e-01,6.093239188194274902e-01
5.775619727482881771e+00,3.952506463432079453e+00,1.637816406250000000e+03,1.111140966415405273e+00,3.991730000000000445e+00,1.089367270469665527e+00,7.017925381660461426e-01
5.776130963928694406e+00,3.959817682024408647e+00,1.813330688476562500e+03,1.350403547286987305e+00,3.991740000000000510e+00,9.171711802482604980e-01,6.056618094444274902e-01
5.774725001778184819e+00,3.981724650900089646e+00,1.307382202148437500e+03,1.386967420578002930e+00,3.991750000000000131e+00,8.808550834655761719e-01,5.319615602493286133e-01
5.774812047709779073e+00,3.992803777363078677e+00,1.534276123046875000e+03,1.164352416992187500e+00,3.991760000000000197e+00,1.000484466552734375e+00,6.335092186927795410e-01
5.777293512994409852e+00,4.008715423316683513e+00,2.047929443359375000e+03,1.125039577484130859e+00,3.991770000000000262e+00,1.046032071113586426e+00,7.092693448066711426e-01
5.781588182543163867e+00,4.026012773975768511e+00,2.056672607421875000e+03,1.404903650283813477e+00,3.991780000000000328e+00,8.523210883140563965e-01,5.784247517585754395e-01
5.769743452775498938e+00,4.040766187832418588e+00,2.058311035156250000e+03,1.318516254425048828e+00,3.991790000000000393e+00,1.052822351455688477e+00,7.146099805831909180e-01
5.771434926787984310e+00,4.053962800153696477e+00,1.452959594726562500e+03,1.282768964767456055e+00,3.991800000000000459e+00,1.056865930557250977e+00,6.590677499771118164e-01
5.773786508288559993e+00,4.074127128444954948e+00,1.704591186523437500e+03,1.554446935653686523e+00,3.991810000000000525e+00,9.296070933341979980e-01,6.048988699913024902e-01
5.776268924577521169e+00,4.095079406193661953e+00,1.975017089843750000e+03,1.516124725341796875e+00,3.991820000000000146e+00,9.882010817527770996e-01,6.650187373161315918e-01
5.770271655637950303e+00,4.105545672759352449e+00,3.879323974609375000e+03,1.301900863647460938e+00,3.991830000000000211e+00,1.021007657051086426e+00,7.624464631080627441e-01
5.773649867256574808e+00,4.123154490573345932e+00,1.850865600585937500e+03,1.652999639511108398e+00,3.991840000000000277e+00,8.757433891296386719e-01,5.810187458992004395e-01
5.763106810049707818e+00,4.132181628266543783e+00,1.983123291015625000e+03,1.549629688262939453e+00,3.991850000000000342e+00,9.191548228263854980e-01,6.190896034240722656e-01
5.765217055280027481e+00,4.148944115302519720e+00,1.519956176757812500e+03,1.103921651840209961e+00,3.991860000000000408e+00,8.939777016639709473e-01,5.646154880523681641e-01
5.771886058426952459e+00,4.167859581044959683e+00,1.447535278320312500e+03,1.259603023529052734e+00,3.991870000000000474e+00,1.008037567138671875e+00,6.279397010803222656e-01
5.762527542376998824e+00,4.186646923636938133e+00,2.192128662109375000e+03,1.107532501220703125e+00,3.991880000000000539e+00,1.005748748779296875e+00,6.911876201629638672e-01
5.763324207867777105e+00,4.203076496603276979e+00,1.272098876953125000e+03,1.378545284271240234e+00,3.991890000000000160e+00,9.742392301559448242e-01,5.831549763679504395e-01
5.768515246126890261e+00,4.216980624827948887e+00,1.679646606445312500e+03,1.418672323226928711e+00,3.991900000000000226e+00,7.844954729080200195e-01,5.086155533790588379e-01
5.764829176764458829e+00,4.225176000055945735e+00,2.433531738281250000e+03,1.268918037414550781e+00,3.991910000000000291e+00,9.312093257904052734e-01,6.522012948989868164e-01
5.761921691451227012e+00,4.245719396096049536e+00,2.210859130859375000e+03,1.071147441864013672e+00,3.991920000000000357e+00,9.623373746871948242e-01,6.624246835708618164e-01
5.759875316701339898e+00,4.259344982538760149e+00,1.755559326171875000e+03,1.447299242019653320e+00,3.991930000000000422e+00,1.092037558555603027e+00,7.156780958175659180e-01
5.767979310641429436e+00,4.272274971124431886e+00,3.115468994140625000e+03,1.344583749771118164e+00,3.991940000000000488e+00,1.211514353752136230e+00,8.810839653015136719e-01
5.760935838424321886e+00,4.287459691720905575e+00,1.740275756835937500e+03,1.614239931106567383e+00,3.991950000000000109e+00,8.515580892562866211e-01,5.569097995758056641e-01
5.756503800066239407e+00,4.303866895360046740e+00,2.099709716796875000e+03,2.077573060989379883e+00,3.991960000000000175e+00,8.041030764579772949e-01,5.479833483695983887e-01
5.761161750990243746e+00,4.318378978074925989e+00,2.195107177734375000e+03,1.205701351165771484e+00,3.991970000000000240e+00,1.150326371192932129e+00,7.907516360282897949e-01
5.756267595606034959e+00,4.330960414600991015e+00,1.909844482421875000e+03,1.253697395324707031e+00,3.991980000000000306e+00,7.496290206909179688e-01,5.008335113525390625e-01
5.753278066836840843e+00,4.349370278207124407e+00,1.762829956054687500e+03,1.559626579284667969e+00,3.991990000000000371e+00,8.718523979187011719e-01,5.719397664070129395e-01
5.760892385724091014e+00,4.363213995618041352e+00,1.312209106445312500e+03,8.089191317558288574e-01,3.992000000000000437e+00,9.827842116355895996e-01,5.942176580429077148e-01
5.760864990135546648e+00,4.384296770381966191e+00,1.358124511718750000e+03,1.171727895736694336e+00,3.992010000000000502e+00,8.445390462875366211e-01,5.161686539649963379e-01
5.752760887736749318e+00,4.398715092984039288e+00,1.981568847656250000e+03,9.602541327476501465e-01,3.992020000000000124e+00,9.643973112106323242e-01,6.494547128677368164e-01
5.761415897028636657e+00,4.410173173230172772e+00,1.784299316406250000e+03,1.073121547698974609e+00,3.992030000000000189e+00,9.047352075576782227e-01,5.952094793319702148e-01
5.759197879045241386e+00,4.422079548779652036e+00,2.278832275390625000e+03,1.159681797027587891e+00,3.992040000000000255e+00,8.971820473670959473e-01,6.210732460021972656e-01
5.753757476931700587e+00,4.445992951115735892e+00,1.162746459960937500e+03,1.312233924865722656e+00,3.992050000000000320e+00,7.020977139472961426e-01,4.074493646621704102e-01
5.756795845131426503e+00,4.458873819566169239e+00,1.786519775390625000e+03,1.053134918212890625e+00,3.992060000000000386e+00,8.213456273078918457e-01,5.405065417289733887e-01
5.763227352771544965e+00,4.473412663712122317e+00,2.187027832031250000e+03,7.728416323661804199e-01,3.992070000000000451e+00,7.749587297439575195e-01,5.323430299758911133e-01
5.765416640880958177e+00,4.489081259172468030e+00,1.945162109375000000e+03,1.104312658309936523e+00,3.992080000000000517e+00,8.453782796859741211e-01,5.670568943023681641e-01
5.760715822519514973e+00,4.501726513223907489e+00,2.547814208984375000e+03,9.367079138755798340e-01,3.992090000000000138e+00,1.096462607383728027e+00,7.738906145095825195e-01
5.765853938329041029e+00,4.513914523648425714e+00,1.836064086914062500e+03,1.207104444503784180e+00,3.992100000000000204e+00,8.606371283531188965e-01,5.699560642242431641e-01
5.769421508185416769e+00,4.527982744498621592e+00,1.571090087890625000e+03,1.558255672454833984e+00,3.992110000000000269e+00,7.702284455299377441e-01,4.908389747142791748e-01
5.767019314087298731e+00,4.548681855346115910e+00,1.505531982421875000e+03,1.029486179351806641e+00,3.992120000000000335e+00,9.600484967231750488e-01,6.047462821006774902e-01
5.765713684061391398e+00,4.562394467249877295e+00,1.364894042968750000e+03,1.043376445770263672e+00,3.992130000000000400e+00,8.725390434265136719e-01,5.340977907180786133e-01
5.767149853128330506e+00,4.578345934650502436e+00,1.451190673828125000e+03,1.203513860702514648e+00,3.992140000000000466e+00,8.247025609016418457e-01,5.141087174415588379e-01
5.765755218827514739e+00,4.598125759057275275e+00,1.222565551757812500e+03,9.957510828971862793e-01,3.992150000000000531e+00,7.716017365455627441e-01,4.557436108589172363e-01
5.768417882872174829e+00,4.602389244425379999e+00,1.690775512695312500e+03,8.525366187095642090e-01,3.992160000000000153e+00,8.475908041000366211e-01,5.504247546195983887e-01
5.771225525607991180e+00,4.619381020615197286e+00,1.403946166992187500e+03,8.868283629417419434e-01,3.992170000000000218e+00,1.098446249961853027e+00,6.781412959098815918e-01
5.767783193786528706e+00,4.637238517262050053e+00,1.517698974609375000e+03,1.208991527557373047e+00,3.992180000000000284e+00,1.208310008049011230e+00,7.628279328346252441e-01
5.770248125555259122e+00,4.649691528377051242e+00,2.048710449218750000e+03,1.759721755981445312e+00,3.992190000000000349e+00,1.165661454200744629e+00,7.904464602470397949e-01
5.773283642952114825e+00,4.670284380969424554e+00,1.766859619140625000e+03,1.836305379867553711e+00,3.992200000000000415e+00,1.067241907119750977e+00,7.004955410957336426e-01
5.767146357970479364e+00,4.685194361032193555e+00,1.312394042968750000e+03,1.837275743484497070e+00,3.992210000000000480e+00,9.606588482856750488e-01,5.808661580085754395e-01
5.770904444398231803e+00,4.700492399872731042e+00,1.406255126953125000e+03,1.671580791473388672e+00,3.992220000000000546e+00,9.811820387840270996e-01,6.060432791709899902e-01
5.773169478340530958e+00,4.716359081415476773e+00,1.304096069335937500e+03,1.229259490966796875e+00,3.992230000000000167e+00,8.057053089141845703e-01,4.861850142478942871e-01
5.776666649126166675e+00,4.729759874396787467e+00,1.128723632812500000e+03,1.536379575729370117e+00,3.992240000000000233e+00,8.943591713905334473e-01,5.134220719337463379e-01
5.768131720573495436e+00,4.746986239065967617e+00,1.360013427734375000e+03,1.065959453582763672e+00,3.992250000000000298e+00,8.678851127624511719e-01,5.306645631790161133e-01
5.776139242270752483e+00,4.764326677886835171e+00,1.879827026367187500e+03,1.093830585479736328e+00,3.992260000000000364e+00,1.153683304786682129e+00,7.680922150611877441e-01
5.775697184585395938e+00,4.776096438782157172e+00,2.076330566406250000e+03,1.277213811874389648e+00,3.992270000000000429e+00,1.514707565307617188e+00,1.029934048652648926e+00
5.774150729487777411e+00,4.792660610799530652e+00,2.461927978515625000e+03,2.024266242980957031e+00,3.992280000000000495e+00,1.315198183059692383e+00,9.229695200920104980e-01
5.767925393455562322e+00,4.808010069121283259e+00,1.637452148437500000e+03,2.891014337539672852e+00,3.992290000000000116e+00,8.647570013999938965e-01,5.570623874664306641e-01
5.768982296266175425e+00,4.816929315310978232e+00,1.674750488281250000e+03,1.896961450576782227e+00,3.992300000000000182e+00,1.139416217803955078e+00,7.381848692893981934e-01
5.766854185490375428e+00,4.836120793761153003e+00,2.726659912109375000e+03,1.460992813110351562e+00,3.992310000000000247e+00,9.710348844528198242e-01,6.927897930145263672e-01
5.765375002768631241e+00,4.855840298792521992e+00,2.744779541015625000e+03,1.564213752746582031e+00,3.992320000000000313e+00,1.120037555694580078e+00,7.999069094657897949e-01
5.770280282842803032e+00,4.867641730687188861e+00,1.844909912109375000e+03,1.690053462982177734e+00,3.992330000000000378e+00,9.537160992622375488e-01,6.322884559631347656e-01
5.769440783913719173e+00,4.885586631692099502e+00,1.855304077148437500e+03,1.663767814636230469e+00,3.992340000000000444e+00,1.012844085693359375e+00,6.723429560661315918e-01
5.764142503326962874e+00,4.902987047558386990e+00,1.610818603515625000e+03,1.242982864379882812e+00,3.992350000000000509e+00,9.501302838325500488e-01,6.094765067100524902e-01
5.770868790305408780e+00,4.919436475646485007e+00,1.954279541015625000e+03,1.542088508605957031e+00,3.992360000000000131e+00,8.645281195640563965e-01,5.804846882820129395e-01
5.766531815149114948e+00,4.936483612872017090e+00,2.292014892578125000e+03,1.383178949356079102e+00,3.992370000000000196e+00,9.679068326950073242e-01,6.707407832145690918e-01
5.766399360443289268e+00,4.949206630859320555e+00,1.537693359375000000e+03,1.302216768264770508e+00,3.992380000000000262e+00,1.019024014472961426e+00,6.456399559974670410e-01
5.761281090994220477e+00,4.959313414617996685e+00,1.578902709960937500e+03,1.323375225067138672e+00,3.992390000000000327e+00,9.718741178512573242e-01,6.201577186584472656e-01
5.763031934858481087e+00,4.975295059611138271e+00,1.527667236328125000e+03,1.460240602493286133e+00,3.992400000000000393e+00,8.819994926452636719e-01,5.578253269195556641e-01
5.763072922327828529e+00,4.989882529410739842e+00,1.615514892578125000e+03,1.293965101242065430e+00,3.992410000000000458e+00,1.031536221504211426e+00,6.621958017349243164e-01
5.760815891898074526e+00,5.008523374349457491e+00,1.269655639648437500e+03,1.327571392059326172e+00,3.992420000000000524e+00,8.288224339485168457e-01,4.957980811595916748e-01
5.766596510974332013e+00,5.025690113804315295e+00,1.253449462890625000e+03,1.244453907012939453e+00,3.992430000000000145e+00,8.911548256874084473e-01,5.308171510696411133e-01
5.759277063411449404e+00,5.043144391327288645e+00,1.348725097656250000e+03,9.841627478599548340e-01,3.992440000000000211e+00,8.810076713562011719e-01,5.373021364212036133e-01
5.765330666287280970e+00,5.057232797091404386e+00,1.502672851562500000e+03,9.893769621849060059e-01,3.992450000000000276e+00,8.362230062484741211e-01,5.264683961868286133e-01
5.762465378772311908e+00,5.064080633204608439e+00,1.673285278320312500e+03,1.093326330184936523e+00,3.992460000000000342e+00,8.342393040657043457e-01,5.403539538383483887e-01
5.768326235054574092e+00,5.085393934528250171e+00,1.558498535156250000e+03,1.131944179534912109e+00,3.992470000000000407e+00,8.706316947937011719e-01,5.536291003227233887e-01
5.758261506134823016e+00,5.102572624222538877e+00,1.514468505859375000e+03,1.151098728179931641e+00,3.992480000000000473e+00,8.732256889343261719e-01,5.509588122367858887e-01
5.761763678530582133e+00,5.115311743712696924e+00,1.420550048828125000e+03,1.071688652038574219e+00,3.992490000000000538e+00,9.388387203216552734e-01,5.816290974617004395e-01
5.757604978275162821e+00,5.140248057213043786e+00,1.146447753906250000e+03,1.025181531906127930e+00,3.992500000000000160e+00,8.468278646469116211e-01,4.889316260814666748e-01
5.769161732594686676e+00,5.150262754565380519e+00,1.492283203125000000e+03,1.140415191650390625e+00,3.992510000000000225e+00,8.872638344764709473e-01,5.575201511383056641e-01
5.758508201004357119e+00,5.167080936611950115e+00,1.692398925781250000e+03,1.041999578475952148e+00,3.992520000000000291e+00,9.354817867279052734e-01,6.076454520225524902e-01
5.765043851344469061e+00,5.184240432039115554e+00,1.347315307617187500e+03,1.211765527725219727e+00,3.992530000000000356e+00,8.864246010780334473e-01,5.404302477836608887e-01
5.768413140152706120e+00,5.197317174647035465e+00,1.522753784179687500e+03,1.123141765594482422e+00,3.992540000000000422e+00,8.539232611656188965e-01,5.395910143852233887e-01
5.767434054074813687e+00,5.213697342404195467e+00,1.304800048828125000e+03,1.122809171676635742e+00,3.992550000000000487e+00,8.682665824890136719e-01,5.240269899368286133e-01
5.768118702456651370e+00,5.225431054190888602e+00,1.807291381835937500e+03,1.147847890853881836e+00,3.992560000000000109e+00,8.150894641876220703e-01,5.378361940383911133e-01
5.769059670577086685e+00,5.241858990479284053e+00,1.926420043945312500e+03,1.046782255172729492e+00,3.992570000000000174e+00,9.267079234123229980e-01,6.203103065490722656e-01
5.767379558329832179e+00,5.254702464835909304e+00,1.712631958007812500e+03,1.110738039016723633e+00,3.992580000000000240e+00,9.454000592231750488e-01,6.158851981163024902e-01
5.766280551901731499e+00,5.272369772490604234e+00,9.388559570312500000e+02,1.124529361724853516e+00,3.992590000000000305e+00,9.290730357170104980e-01,4.948062598705291748e-01
5.766902167342655261e+00,5.286361314084275342e+00,1.523742187500000000e+03,1.186714887619018555e+00,3.992600000000000371e+00,8.075363636016845703e-01,5.103703141212463379e-01
5.772548538644947769e+00,5.298446552668838905e+00,1.689936401367187500e+03,1.021275043487548828e+00,3.992610000000000436e+00,7.762557268142700195e-01,5.040378570556640625e-01
5.770726886407321565e+00,5.315960184089492557e+00,1.355282470703125000e+03,8.903760313987731934e-01,3.992620000000000502e+00,8.485826253890991211e-01,5.183048844337463379e-01
5.771625350606973903e+00,5.332086652708451169e+00,1.790886230468750000e+03,9.373778700828552246e-01,3.992630000000000123e+00,9.951438903808593750e-01,6.552530527114868164e-01
5.773556268956625104e+00,5.348945084509808545e+00,1.771972167968750000e+03,1.170979261398315430e+00,3.992640000000000189e+00,9.352529048919677734e-01,6.142830252647399902e-01
5.769159056440992472e+00,5.362426104930715809e+00,1.188387207031250000e+03,1.257771968841552734e+00,3.992650000000000254e+00,8.363755941390991211e-01,4.891605079174041748e-01
5.774275098959006591e+00,5.381819598400800153e+00,1.090504028320312500e+03,1.101742506027221680e+00,3.992660000000000320e+00,8.089859485626220703e-01,4.584139287471771240e-01
5.771439635621086417e+00,5.397354555122786834e+00,1.603920410156250000e+03,9.025318026542663574e-01,3.992670000000000385e+00,1.105388998985290527e+00,7.082775235176086426e-01
5.776876328948681305e+00,5.411456443294926366e+00,1.534826904296875000e+03,1.008367061614990234e+00,3.992680000000000451e+00,1.089901328086853027e+00,6.901957988739013672e-01
5.768082220868180343e+00,5.423531734828927142e+00,1.805334350585937500e+03,1.736590385437011719e+00,3.992690000000000516e+00,9.814872145652770996e-01,6.474710106849670410e-01
5.774086762014971619e+00,5.442058385271028698e+00,1.930695556640625000e+03,1.557256698608398438e+00,3.992700000000000138e+00,1.046566128730773926e+00,7.008770108222961426e-01
5.772195790609299770e+00,5.458357212331999442e+00,2.112558105468750000e+03,1.537944793701171875e+00,3.992710000000000203e+00,1.164745926856994629e+00,7.947189211845397949e-01
5.779298180357530512e+00,5.466369942863781972e+00,1.942151977539062500e+03,1.530638456344604492e+00,3.992720000000000269e+00,1.195416212081909180e+00,8.015853762626647949e-01
5.769524606546574397e+00,5.481521081595542633e+00,1.436907104492187500e+03,1.874892234802246094e+00,3.992730000000000334e+00,1.031307339668273926e+00,6.410623192787170410e-01
5.771600986224882490e+00,5.500721925471797391e+00,1.246592651367187500e+03,1.917703866958618164e+00,3.992740000000000400e+00,9.728659391403198242e-01,5.784247517585754395e-01
5.769312589800870583e+00,5.516829400114946935e+00,1.790006225585937500e+03,1.375257492065429688e+00,3.992750000000000465e+00,8.971057534217834473e-01,5.906318426132202148e-01
5.765714800284085229e+00,5.530436918550440950e+00,1.336878540039062500e+03,1.255957603454589844e+00,3.992760000000000531e+00,7.948715090751647949e-01,4.834384322166442871e-01
5.768197296048876765e+00,5.545908117988728847e+00,1.113129150390625000e+03,1.092111587524414062e+00,3.992770000000000152e+00,8.250077366828918457e-01,4.711550474166870117e-01
5.768729869364142893e+00,5.561983302245469218e+00,1.128450561523437500e+03,9.909088015556335449e-01,3.992780000000000218e+00,9.037433862686157227e-01,5.187626481056213379e-01
5.764128482759051764e+00,5.584133301866571308e+00,1.381162231445312500e+03,9.056896567344665527e-01,3.992790000000000283e+00,1.081508994102478027e+00,6.644083857536315918e-01
5.763932384127520514e+00,5.595003549033265244e+00,1.687491577148437500e+03,1.211235046386718750e+00,3.992800000000000349e+00,1.137737751007080078e+00,7.384900450706481934e-01
5.765846044943566007e+00,5.606894169670273875e+00,2.673940429687500000e+03,1.682215452194213867e+00,3.992810000000000414e+00,1.397443413734436035e+00,9.939994812011718750e-01
5.763322828863051583e+00,5.623150374464042756e+00,3.129477294921875000e+03,1.615092277526855469e+00,3.992820000000000480e+00,1.794554829597473145e+00,1.305890321731567383e+00
5.763620950512612140e+00,5.638836250826682495e+00,2.112493652343750000e+03,2.779023170471191406e+00,3.992830000000000545e+00,9.829367995262145996e-01,6.706644892692565918e-01
5.762123351754009803e+00,5.651332144185029271e+00,1.692915527343750000e+03,2.798590183258056641e+00,3.992840000000000167e+00,9.933128356933593750e-01,6.452584862709045410e-01
5.764137328316241593e+00,5.665376568331590867e+00,1.813584228515625000e+03,1.630088806152343750e+00,3.992850000000000232e+00,1.118511676788330078e+00,7.386426329612731934e-01
5.758558171427662131e+00,5.673097555872124609e+00,1.548783447265625000e+03,1.599000215530395508e+00,3.992860000000000298e+00,1.084942221641540527e+00,6.887462139129638672e-01
5.762467938183767124e+00,5.701662462283488608e+00,1.368970947265625000e+03,1.601814746856689453e+00,3.992870000000000363e+00,9.965171813964843750e-01,6.105446219444274902e-01
5.753290299347212589e+00,5.716219610240714566e+00,1.788103637695312500e+03,1.544510841369628906e+00,3.992880000000000429e+00,1.006053924560546875e+00,6.621958017349243164e-01
5.762002765212948852e+00,5.724401803169381076e+00,1.302573608398437500e+03,1.314193725585937500e+00,3.992890000000000494e+00,1.015209197998046875e+00,6.123756766319274902e-01
5.753599205195481403e+00,5.744482725690430058e+00,1.338282470703125000e+03,1.506185054779052734e+00,3.992900000000000116e+00,1.115765094757080078e+00,6.788279414176940918e-01
5.756446156758328492e+00,5.764541470332632755e+00,2.640588867187500000e+03,1.461536407470703125e+00,3.992910000000000181e+00,1.111645221710205078e+00,7.891494631767272949e-01
5.757627501272284398e+00,5.773478059975102106e+00,2.263515136718750000e+03,1.726145267486572266e+00,3.992920000000000247e+00,9.325063228607177734e-01,6.447244286537170410e-01
5.762691327494875004e+00,5.791616063082769550e+00,2.377116699218750000e+03,1.713665246963500977e+00,3.992930000000000312e+00,1.103023886680603027e+00,7.693892121315002441e-01
5.763597652603224653e+00,5.805602044172310627e+00,2.155049560546875000e+03,1.431633949279785156e+00,3.992940000000000378e+00,9.573782086372375488e-01,6.557871103286743164e-01
5.761216437837199500e+00,5.824362094080205665e+00,1.425254150390625000e+03,1.657386541366577148e+00,3.992950000000000443e+00,9.023700952529907227e-01,5.595800876617431641e-01
5.749716195334486635e+00,5.837912543225866280e+00,1.536723510742187500e+03,1.321818351745605469e+00,3.992960000000000509e+00,9.252583384513854980e-01,5.861304998397827148e-01
5.758958382045424429e+00,5.847483530586842448e+00,1.839360351562500000e+03,1.191757440567016602e+00,3.992970000000000130e+00,8.493455648422241211e-01,5.627081394195556641e-01
5.753431738104306525e+00,5.871645766169371505e+00,1.412161010742187500e+03,1.190890789031982422e+00,3.992980000000000196e+00,9.741629362106323242e-01,6.024574637413024902e-01
5.754285297270982369e+00,5.880589489444417950e+00,1.573720947265625000e+03,1.263275861740112305e+00,3.992990000000000261e+00,1.042369961738586426e+00,6.645609736442565918e-01
5.764118213530760926e+00,5.897601501326642293e+00,1.531551025390625000e+03,1.206265211105346680e+00,3.993000000000000327e+00,9.778251051902770996e-01,6.188607215881347656e-01
5.759546339998600217e+00,5.908285156623827916e+00,1.738489379882812500e+03,1.589270353317260742e+00,3.993010000000000392e+00,8.665880560874938965e-01,5.665991306304931641e-01
5.757074452547121801e+00,5.931328125446462707e+00,1.593418945312500000e+03,1.254800081253051758e+00,3.993020000000000458e+00,1.045269131660461426e+00,6.686045527458190918e-01
5.759531753429294021e+00,5.935912830187864309e+00,1.879239379882812500e+03,1.259158372879028320e+00,3.993030000000000523e+00,1.015438079833984375e+00,6.760050654411315918e-01
5.763095652588334339e+00,5.954596725771274635e+00,1.975779418945312500e+03,1.400306940078735352e+00,3.993040000000000145e+00,1.175961256027221680e+00,7.914382815361022949e-01
5.760454799029305128e+00,5.972505183345237612e+00,1.851151855468750000e+03,1.676730632781982422e+00,3.993050000000000210e+00,1.041759610176086426e+00,6.911876201629638672e-01
5.754942927648786899e+00,5.991642254252435684e+00,2.211102050781250000e+03,1.815931320190429688e+00,3.993060000000000276e+00,1.398892998695373535e+00,9.629477262496948242e-01
5.762721036063425117e+00,5.995660636673940225e+00,1.752008178710937500e+03,1.913465976715087891e+00,3.993070000000000341e+00,1.123547077178955078e+00,7.359723448753356934e-01
5.759898109323238202e+00,6.014425942600273522e+00,1.648137084960937500e+03,2.312517881393432617e+00,3.993080000000000407e+00,1.120495319366455078e+00,7.230023145675659180e-01
5.760043918968476895e+00,6.033368688084737919e+00,1.766171142578125000e+03,1.713610410690307617e+00,3.993090000000000472e+00,1.024212002754211426e+00,6.721903681755065918e-01
5.765831499111216729e+00,6.047664383159160550e+00,1.561530273437500000e+03,1.539111852645874023e+00,3.993100000000000538e+00,9.528005719184875488e-01,6.061958670616149902e-01
5.769702649649375736e+00,6.059925920344758410e+00,1.509350097656250000e+03,1.435985088348388672e+00,3.993110000000000159e+00,9.927787780761718750e-01,6.258034706115722656e-01
5.763821783884775840e+00,6.076574945261236316e+00,1.630711303710937500e+03,1.197888374328613281e+00,3.993120000000000225e+00,1.075405359268188477e+00,6.920268535614013672e-01
5.763633127175553206e+00,6.092220329928011324e+00,1.913417724609375000e+03,1.303175210952758789e+00,3.993130000000000290e+00,1.134228229522705078e+00,7.580977082252502441e-01
5.772633823418208188e+00,6.115191436714284556e+00,1.764657592773437500e+03,1.543433189392089844e+00,3.993140000000000356e+00,1.129879474639892578e+00,7.413892149925231934e-01
5.761123433247937520e+00,6.124014218982628321e+00,1.363749633789062500e+03,1.641066789627075195e+00,3.993150000000000421e+00,9.146534800529479980e-01,5.597326755523681641e-01
5.770675718204660853e+00,6.134109604912929115e+00,1.363350097656250000e+03,1.487873315811157227e+00,3.993160000000000487e+00,1.041912198066711426e+00,6.375527977943420410e-01
5.767296895838256887e+00,6.153067847105382349e+00,1.719222900390625000e+03,1.275294542312622070e+00,3.993170000000000108e+00,1.131252765655517578e+00,7.376508116722106934e-01
5.773001208294254560e+00,6.169842948376103031e+00,3.237352783203125000e+03,1.573601484298706055e+00,3.993180000000000174e+00,1.244854927062988281e+00,9.099231958389282227e-01
5.764309649905079880e+00,6.189579495983481117e+00,1.603026611328125000e+03,1.909917116165161133e+00,3.993190000000000239e+00,9.694327116012573242e-01,6.210732460021972656e-01
5.769133965192600577e+00,6.193348577285823886e+00,1.601375122070312500e+03,1.875793457031250000e+00,3.993200000000000305e+00,8.736834526062011719e-01,5.595800876617431641e-01
5.768806173284985128e+00,6.209384607073921813e+00,1.568966796875000000e+03,1.246090650558471680e+00,3.993210000000000370e+00,9.616507291793823242e-01,6.126045584678649902e-01
5.767006231079792045e+00,6.227888489629542335e+00,1.595892089843750000e+03,1.134305715560913086e+00,3.993220000000000436e+00,1.054500818252563477e+00,6.747843623161315918e-01
5.765367267063852275e+00,6.246582578739735325e+00,1.364245727539062500e+03,1.313185214996337891e+00,3.993230000000000501e+00,9.665335416793823242e-01,5.915473699569702148e-01
5.777840510667155094e+00,6.259226091935126135e+00,1.493145385742187500e+03,1.471133947372436523e+00,3.993240000000000123e+00,9.548605084419250488e-01,6.000922918319702148e-01
5.764192694443600828e+00,6.281960855184102854e+00,1.382053710937500000e+03,1.360195398330688477e+00,3.993250000000000188e+00,8.993946313858032227e-01,5.526372790336608887e-01
5.764175486246547742e+00,6.296737847413815814e+00,1.493165039062500000e+03,1.333209991455078125e+00,3.993260000000000254e+00,9.955253601074218750e-01,6.256508827209472656e-01
5.769726627140671305e+00,6.318529168328264944e+00,1.383519042968750000e+03,1.132282733917236328e+00,3.993270000000000319e+00,8.050186634063720703e-01,4.948062598705291748e-01
5.762811757086358178e+00,6.329685359973020731e+00,1.463418701171875000e+03,1.111253023147583008e+00,3.993280000000000385e+00,6.583811044692993164e-01,4.114166796207427979e-01
5.759612566027023206e+00,6.344307005292525226e+00,1.437697998046875000e+03,7.416505217552185059e-01,3.993290000000000450e+00,8.803210258483886719e-01,5.472967028617858887e-01
5.762014362999673622e+00,6.356096209730439206e+00,1.525452026367187500e+03,8.445567488670349121e-01,3.993300000000000516e+00,7.936508059501647949e-01,5.017490386962890625e-01
5.763709868922349600e+00,6.371079873585380859e+00,1.667346069335937500e+03,1.053592681884765625e+00,3.993310000000000137e+00,8.473619222640991211e-01,5.483648180961608887e-01
5.757200600984135441e+00,6.388280605878723151e+00,1.712506347656250000e+03,9.205645918846130371e-01,3.993320000000000203e+00,8.076889514923095703e-01,5.261632204055786133e-01
5.760469976016851845e+00,6.405628120015145477e+00,1.719836059570312500e+03,1.048900604248046875e+00,3.993330000000000268e+00,7.667189240455627441e-01,4.999942779541015625e-01
5.759955932126248790e+00,6.425753789105444369e+00,1.309102416992187500e+03,9.209651350975036621e-01,3.993340000000000334e+00,9.662283658981323242e-01,5.837653279304504395e-01
5.756280091988092096e+00,6.440031498570678359e+00,1.867886352539062500e+03,9.609419703483581543e-01,3.993350000000000399e+00,1.002010345458984375e+00,6.661631464958190918e-01
5.759897197067228802e+00,6.450723709868061206e+00,1.376960937500000000e+03,1.305652379989624023e+00,3.993360000000000465e+00,8.578905463218688965e-01,5.265446901321411133e-01
5.760121826172452053e+00,6.462388714492496078e+00,1.311013793945312500e+03,1.192124605178833008e+00,3.993370000000000530e+00,8.639177680015563965e-01,5.221958756446838379e-01
5.754069803501087321e+00,6.478511719968085281e+00,1.728408691406250000e+03,9.953278899192810059e-01,3.993380000000000152e+00,8.790240287780761719e-01,5.739234089851379395e-01
5.759769702093147536e+00,6.502248105345155516e+00,1.923789062500000000e+03,1.089848995208740234e+00,3.993390000000000217e+00,8.682665824890136719e-01,5.810187458992004395e-01
5.758054488503209001e+00,6.509820273310662486e+00,1.981425659179687500e+03,1.064153432846069336e+00,3.993400000000000283e+00,9.545553326606750488e-01,6.428170800209045410e-01
5.761201793184930864e+00,6.527187142351221105e+00,1.594251586914062500e+03,1.101001024246215820e+00,3.993410000000000348e+00,8.267624974250793457e-01,5.289098024368286133e-01
5.753464096034814013e+00,6.545898919396369919e+00,1.718367797851562500e+03,1.154267311096191406e+00,3.993420000000000414e+00,7.249859571456909180e-01,4.726809561252593994e-01
5.758503631809245071e+00,6.559731103732645785e+00,1.234714843750000000e+03,7.884973883628845215e-01,3.993430000000000479e+00,8.085281848907470703e-01,4.791659414768218994e-01
5.754553587524029901e+00,6.578438861838950658e+00,1.013208312988281250e+03,8.099300265312194824e-01,3.993440000000000545e+00,8.414872884750366211e-01,4.630678594112396240e-01
5.757777308186155629e+00,6.598476241607278858e+00,1.278322875976562500e+03,8.747107386589050293e-01,3.993450000000000166e+00,9.180867075920104980e-01,5.504247546195983887e-01
5.755968450361293343e+00,6.610563232536139644e+00,1.564271484375000000e+03,9.064442515373229980e-01,3.993460000000000232e+00,1.251645088195800781e+00,7.967025637626647949e-01
5.757395775056593834e+00,6.624106189766065356e+00,1.931341796875000000e+03,1.303426742553710938e+00,3.993470000000000297e+00,1.104473471641540527e+00,7.397107481956481934e-01
5.755114840425333611e+00,6.639310669229987028e+00,1.856124145507812500e+03,1.838117361068725586e+00,3.993480000000000363e+00,1.137432575225830078e+00,7.551221847534179688e-01
5.754444754906904436e+00,6.655118835564295843e+00,2.186203857421875000e+03,1.656666517257690430e+00,3.993490000000000428e+00,9.517324566841125488e-01,6.537271738052368164e-01
5.759817360138290709e+00,6.666730068869787473e+00,1.484953125000000000e+03,1.590293169021606445e+00,3.993500000000000494e+00,9.558523297309875488e-01,5.997871160507202148e-01
5.765277640199993670e+00,6.685978251653586391e+00,1.630560058593750000e+03,1.354014396667480469e+00,3.993510000000000115e+00,1.067013025283813477e+00,6.866099834442138672e-01
5.756500351891520317e+00,6.699707411438953208e+00,1.186529174804687500e+03,1.377955198287963867e+00,3.993520000000000181e+00,8.968768715858459473e-01,5.242558717727661133e-01
5.758490186571528113e+00,6.712824779495202066e+00,1.198681640625000000e+03,1.373319149017333984e+00,3.993530000000000246e+00,8.399614095687866211e-01,4.927463233470916748e-01
5.764681096590053677e+00,6.734189603999211293e+00,1.285279418945312500e+03,1.024934768676757812e+00,3.993540000000000312e+00,9.690512418746948242e-01,5.820105671882629395e-01
5.760525946445553380e+00,6.739868076368915162e+00,1.480888549804687500e+03,1.098600149154663086e+00,3.993550000000000377e+00,9.018360376358032227e-01,5.654547214508056641e-01
5.764676060905686406e+00,6.763944914481863080e+00,1.876647216796875000e+03,1.268383979797363281e+00,3.993560000000000443e+00,1.100353598594665527e+00,7.323102355003356934e-01
5.765135800212079609e+00,6.784981594707810260e+00,1.172799194335937500e+03,1.371932744979858398e+00,3.993570000000000508e+00,1.049999475479125977e+00,6.112312674522399902e-01
5.764086254609268600e+00,6.795033007769978539e+00,1.561467163085937500e+03,1.511570930480957031e+00,3.993580000000000130e+00,9.550893902778625488e-01,6.076454520225524902e-01
5.760231913697435147e+00,6.802844290010333417e+00,1.764755493164062500e+03,1.276793003082275391e+00,3.993590000000000195e+00,1.036266446113586426e+00,6.799724102020263672e-01
5.766094145855823250e+00,6.824405598425945740e+00,1.860644897460937500e+03,1.234256744384765625e+00,3.993600000000000261e+00,1.161388993263244629e+00,7.714491486549377441e-01
5.763393426026953925e+00,6.842812875455711819e+00,2.033373291015625000e+03,1.485279321670532227e+00,3.993610000000000326e+00,1.084637045860290527e+00,7.343701720237731934e-01
5.763821488996057951e+00,6.853451026108985822e+00,1.786714599609375000e+03,1.659079313278198242e+00,3.993620000000000392e+00,1.077999353408813477e+00,7.094219326972961426e-01
5.759927172158540998e+00,6.870168925739394972e+00,2.438050048828125000e+03,1.753482341766357422e+00,3.993630000000000457e+00,9.025989770889282227e-01,6.323647499084472656e-01
5.765642267427745438e+00,6.881002322684405037e+00,1.566389160156250000e+03,1.540464878082275391e+00,3.993640000000000523e+00,8.514817953109741211e-01,5.421850085258483887e-01
5.762412355212866544e+00,6.898033705247549996e+00,1.644413574218750000e+03,1.259191751480102539e+00,3.993650000000000144e+00,9.893454909324645996e-01,6.380105614662170410e-01
5.764305421872265356e+00,6.912197252959951577e+00,1.586257812500000000e+03,1.258227348327636719e+00,3.993660000000000210e+00,9.828605055809020996e-01,6.279397010803222656e-01
5.760701073377221704e+00,6.926577668654320341e+00,1.874667846679687500e+03,1.371799230575561523e+00,3.993670000000000275e+00,1.124233722686767578e+00,7.480268478393554688e-01
5.762506022608800293e+00,6.940450953228968878e+00,1.624278686523437500e+03,1.536405801773071289e+00,3.993680000000000341e+00,1.054424524307250977e+00,6.778361201286315918e-01
5.760893204620025188e+00,6.959861731363215398e+00,2.045316528320312500e+03,1.736912250518798828e+00,3.993690000000000406e+00,8.924518227577209473e-01,6.049751639366149902e-01
5.763016201614447276e+00,6.975373862559150595e+00,1.578347656250000000e+03,1.351774454116821289e+00,3.993700000000000472e+00,1.006282806396484375e+00,6.420541405677795410e-01
5.764354504019199688e+00,6.990711810478520860e+00,1.703966918945312500e+03,1.361783266067504883e+00,3.993710000000000537e+00,1.061138391494750977e+00,6.904246807098388672e-01
5.760841422154502567e+00,7.004114287762424951e+00,2.350082763671875000e+03,1.530065059661865234e+00,3.993720000000000159e+00,1.041912198066711426e+00,7.252911329269409180e-01
5.759164595859358471e+00,7.017664289078888729e+00,1.365910156250000000e+03,1.629181623458862305e+00,3.993730000000000224e+00,9.547079205513000488e-01,5.845282673835754395e-01
5.766598885305215916e+00,7.034758172056125858e+00,2.448465332031250000e+03,1.635481834411621094e+00,3.993740000000000290e+00,9.260975718498229980e-01,6.493021249771118164e-01
5.756815081612098872e+00,7.048531699860149047e+00,1.959337646484375000e+03,1.204636812210083008e+00,3.993750000000000355e+00,1.271176457405090332e+00,8.539995551109313965e-01
5.755051323165168320e+00,7.067839064536618032e+00,1.238752197265625000e+03,1.690942764282226562e+00,3.993760000000000421e+00,7.100322842597961426e-01,4.212586283683776855e-01
5.759860160154286923e+00,7.085365004281213075e+00,1.484307006835937500e+03,1.783535003662109375e+00,3.993770000000000486e+00,7.926589846611022949e-01,4.973239898681640625e-01
5.759636734248788414e+00,7.098337061094872169e+00,1.813208740234375000e+03,8.320385813713073730e-01,3.993780000000000108e+00,8.915362954139709473e-01,5.887244939804077148e-01
5.754464431901153532e+00,7.120548220561426334e+00,1.306098999023437500e+03,1.023376703262329102e+00,3.993790000000000173e+00,8.438524007797241211e-01,5.094547867774963379e-01
5.760282864779034284e+00,7.131251424056761934e+00,1.272030517578125000e+03,1.129641056060791016e+00,3.993800000000000239e+00,7.757979631423950195e-01,4.643648564815521240e-01
5.762334694527814882e+00,7.145585758454735981e+00,1.635327392578125000e+03,9.572679400444030762e-01,3.993810000000000304e+00,7.714491486549377441e-01,4.967899322509765625e-01
5.753499039460083786e+00,7.161796409860577306e+00,1.811568847656250000e+03,9.090620875358581543e-01,3.993820000000000370e+00,8.961139321327209473e-01,5.916236639022827148e-01
5.754051429918776606e+00,7.173435755156032378e+00,1.341836914062500000e+03,1.046152830123901367e+00,3.993830000000000435e+00,8.794054985046386719e-01,5.354710817337036133e-01
5.754362480994613449e+00,7.189040145765212664e+00,1.245087158203125000e+03,1.249895811080932617e+00,3.993840000000000501e+00,7.812148332595825195e-01,4.642885625362396240e-01
5.752449731528396448e+00,7.204707419957858683e+00,1.286983764648437500e+03,1.036425352096557617e+00,3.993850000000000122e+00,9.431111812591552734e-01,5.666754245758056641e-01
5.750364974371508175e+00,7.222173227106396531e+00,1.512814086914062500e+03,1.069724082946777344e+00,3.993860000000000188e+00,8.855853676795959473e-01,5.585882663726806641e-01
5.759823737678505751e+00,7.234071024555253082e+00,1.308052124023437500e+03,1.239877462387084961e+00,3.993870000000000253e+00,8.591112494468688965e-01,5.189152359962463379e-01
5.750143250938955397e+00,7.252797087433500600e+00,1.818393798828125000e+03,9.479386210441589355e-01,3.993880000000000319e+00,8.796343803405761719e-01,5.812476277351379395e-01
5.753859892288486044e+00,7.265868581360352074e+00,1.474707763671875000e+03,1.055888652801513672e+00,3.993890000000000384e+00,9.488332867622375488e-01,5.942176580429077148e-01
5.758557556766660923e+00,7.293661596970067329e+00,2.065084716796875000e+03,1.201891422271728516e+00,3.993900000000000450e+00,1.026958584785461426e+00,6.975200772285461426e-01
5.751202624384398554e+00,7.297201779359612672e+00,2.155382812500000000e+03,1.416843652725219727e+00,3.993910000000000515e+00,1.135220050811767578e+00,7.776290178298950195e-01
5.752669859872399094e+00,7.321585526519216458e+00,1.300285400390625000e+03,1.598944187164306641e+00,3.993920000000000137e+00,1.034893155097961426e+00,6.238961219787597656e-01
5.754723089324714991e+00,7.332185573179871518e+00,1.297003417968750000e+03,1.692198038101196289e+00,3.993930000000000202e+00,9.016071557998657227e-01,5.431005358695983887e-01
5.754420666408037732e+00,7.342483284848900560e+00,1.377026733398437500e+03,1.157198667526245117e+00,3.993940000000000268e+00,1.114315509796142578e+00,6.839396953582763672e-01
5.753352801475718259e+00,7.363729826684394908e+00,1.247416870117187500e+03,1.315327405929565430e+00,3.993950000000000333e+00,9.453237652778625488e-01,5.621740818023681641e-01
5.754844383384012829e+00,7.382986264131793597e+00,1.218576049804687500e+03,1.577387571334838867e+00,3.993960000000000399e+00,8.531603217124938965e-01,5.033512115478515625e-01
5.761024525878142732e+00,7.392440239334449714e+00,1.612224365234375000e+03,1.143955707550048828e+00,3.993970000000000464e+00,8.379014730453491211e-01,5.376073122024536133e-01
5.758679766963155977e+00,7.405004114023747697e+00,1.134922607421875000e+03,1.080607891082763672e+00,3.993980000000000530e+00,7.466535568237304688e-01,4.294984042644500732e-01
5.753995469244094885e+00,7.423026142142651551e+00,2.614516601562500000e+03,9.440214037895202637e-01,3.993990000000000151e+00,7.867079973220825195e-01,5.575964450836181641e-01
5.757857766087346008e+00,7.442655736548573486e+00,1.887321899414062500e+03,8.396989703178405762e-01,3.994000000000000217e+00,8.792529106140136719e-01,5.859015583992004395e-01
5.763799224012814193e+00,7.452504893281490794e+00,1.486848999023437500e+03,1.024724960327148438e+00,3.994010000000000282e+00,1.034511685371398926e+00,6.493784189224243164e-01
5.755254027988281784e+00,7.468796911609158151e+00,1.949543579101562500e+03,1.047861099243164062e+00,3.994020000000000348e+00,9.958305358886718750e-01,6.682993769645690918e-01
5.756063337408221514e+00,7.485238584693980179e+00,1.988319091796875000e+03,1.731993675231933594e+00,3.994030000000000413e+00,9.948387145996093750e-01,6.704356074333190918e-01
5.756739452584562322e+00,7.504702877694827023e+00,2.797798339843750000e+03,1.628016948699951172e+00,3.994040000000000479e+00,8.507188558578491211e-01,6.093239188194274902e-01
5.756607139238067994e+00,7.519709086222965411e+00,1.401685180664062500e+03,1.304178953170776367e+00,3.994050000000000544e+00,9.539449810981750488e-01,5.886482000350952148e-01
5.760370267270734423e+00,7.535554636312600252e+00,1.451244506835937500e+03,1.281187057495117188e+00,3.994060000000000166e+00,1.083416342735290527e+00,6.753947138786315918e-01
5.760552078144297816e+00,7.553104703966097233e+00,2.215457519531250000e+03,1.355831146240234375e+00,3.994070000000000231e+00,1.180996656417846680e+00,8.132584095001220703e-01
5.758655238020224054e+00,7.565150519093070791e+00,2.142359130859375000e+03,1.933453798294067383e+00,3.994080000000000297e+00,1.249966621398925781e+00,8.552202582359313965e-01
5.754753819195859599e+00,7.580878279552043963e+00,1.625652343750000000e+03,2.105715990066528320e+00,3.994090000000000362e+00,1.050991296768188477e+00,6.757761836051940918e-01
5.757727263628636294e+00,7.600727617062226216e+00,1.752123168945312500e+03,1.974000453948974609e+00,3.994100000000000428e+00,1.242794990539550781e+00,8.140976428985595703e-01
5.754356302942251311e+00,7.611030599628734628e+00,1.567283935546875000e+03,1.691510200500488281e+00,3.994110000000000493e+00,9.659994840621948242e-01,6.151985526084899902e-01
5.754392546142866216e+00,7.625069677443732097e+00,1.634417968750000000e+03,1.785988330841064453e+00,3.994120000000000115e+00,9.368550777435302734e-01,6.032204031944274902e-01
5.753829958334712558e+00,7.643416579188492932e+00,3.496644042968750000e+03,1.290747642517089844e+00,3.994130000000000180e+00,9.457815289497375488e-01,6.979778409004211426e-01
5.759170452331840551e+00,7.658372370802698725e+00,1.273689575195312500e+03,1.525822401046752930e+00,3.994140000000000246e+00,9.575307965278625488e-01,5.733893513679504395e-01
5.756056380938569639e+00,7.670822119885596813e+00,1.529604125976562500e+03,1.343420267105102539e+00,3.994150000000000311e+00,8.555254340171813965e-01,5.412694811820983887e-01
5.752272219946656051e+00,7.686981799343571176e+00,1.124498413085937500e+03,1.419173002243041992e+00,3.994160000000000377e+00,8.031112551689147949e-01,4.603975713253021240e-01
5.756082982220553035e+00,7.705681392102151861e+00,1.099566162109375000e+03,1.176399707794189453e+00,3.994170000000000442e+00,8.685717582702636719e-01,4.937381446361541748e-01
5.754999679258308909e+00,7.718341004271703554e+00,1.500538208007812500e+03,1.007416963577270508e+00,3.994180000000000508e+00,7.720595002174377441e-01,4.858798384666442871e-01
5.761545139331701648e+00,7.742101168097002883e+00,1.866425903320312500e+03,8.929998278617858887e-01,3.994190000000000129e+00,9.163319468498229980e-01,6.090950369834899902e-01
5.759724024115904228e+00,7.750924632652508528e+00,1.744577026367187500e+03,1.085581302642822266e+00,3.994200000000000195e+00,8.205063939094543457e-01,5.369206666946411133e-01
5.757777703563776051e+00,7.767444292803117989e+00,2.022285766601562500e+03,1.140280485153198242e+00,3.994210000000000260e+00,8.829150795936584473e-01,5.971168279647827148e-01
5.754534282880467089e+00,7.785483662747603617e+00,1.489769653320312500e+03,1.004271030426025391e+00,3.994220000000000326e+00,8.955798745155334473e-01,5.624792575836181641e-01
5.766616028045339348e+00,7.802146014485425773e+00,1.614015502929687500e+03,1.316927194595336914e+00,3.994230000000000391e+00,1.025127530097961426e+00,6.579233407974243164e-01
5.761674145131205904e+00,7.815641343463188839e+00,1.672572998046875000e+03,1.241034984588623047e+00,3.994240000000000457e+00,7.723646759986877441e-01,5.002231597900390625e-01
5.754548347899421934e+00,7.833186149047651092e+00,1.231533325195312500e+03,1.227895736694335938e+00,3.994250000000000522e+00,9.315145015716552734e-01,5.515691637992858887e-01
5.751447424260105912e+00,7.839887758055541944e+00,1.548625976562500000e+03,1.061658382415771484e+00,3.994260000000000144e+00,8.369096517562866211e-01,5.312749147415161133e-01
5.757052661265197990e+00,7.862315121656207495e+00,2.016168701171875000e+03,1.166593551635742188e+00,3.994270000000000209e+00,8.711657524108886719e-01,5.888007879257202148e-01
5.757227909308537228e+00,7.875718716770116146e+00,1.512781982421875000e+03,1.182322025299072266e+00,3.994280000000000275e+00,9.640921354293823242e-01,6.081032156944274902e-01
5.757544576617178222e+00,7.890649971718767475e+00,1.585851196289062500e+03,1.330757856369018555e+00,3.994290000000000340e+00,8.295853734016418457e-01,5.299779176712036133e-01
5.758397736676093004e+00,7.908286690739139146e+00,1.402415649414062500e+03,1.393843412399291992e+00,3.994300000000000406e+00,9.717215299606323242e-01,5.997108221054077148e-01
5.760083329846678701e+00,7.925566216628649130e+00,1.639811889648437500e+03,1.152497053146362305e+00,3.994310000000000471e+00,1.005443572998046875e+00,6.479287743568420410e-01
5.755818698341853334e+00,7.940369428827229292e+00,1.480737548828125000e+03,1.445961713790893555e+00,3.994320000000000537e+00,8.572039008140563965e-01,5.374547243118286133e-01
5.752938176960482153e+00,7.950875033114608748e+00,1.523598022460937500e+03,1.384588003158569336e+00,3.994330000000000158e+00,9.076343774795532227e-01,5.736182332038879395e-01
5.754830640746250836e+00,7.965205873378149448e+00,1.449207153320312500e+03,1.131767749786376953e+00,3.994340000000000224e+00,8.591875433921813965e-01,5.353947877883911133e-01
5.751242528263762921e+00,7.987917364319821800e+00,2.087905761718750000e+03,1.270273447036743164e+00,3.994350000000000289e+00,1.065258264541625977e+00,7.251385450363159180e-01
5.756003162009248442e+00,8.004379704651872984e+00,2.702017089843750000e+03,1.236069917678833008e+00,3.994360000000000355e+00,1.001094818115234375e+00,7.132366895675659180e-01
5.756264353470626816e+00,8.022175624275130090e+00,1.449890258789062500e+03,1.618500471115112305e+00,3.994370000000000420e+00,8.626207709312438965e-01,5.376073122024536133e-01
5.752629293111222175e+00,8.032429684702439232e+00,1.451882568359375000e+03,1.735459089279174805e+00,3.994380000000000486e+00,7.898361086845397949e-01,4.924411475658416748e-01
5.753820390012963415e+00,8.044684077583019288e+00,1.510549438476562500e+03,1.468895196914672852e+00,3.994390000000000107e+00,7.385663390159606934e-01,4.656618833541870117e-01
5.760635313790241518e+00,8.063050034975047353e+00,1.334263183593750000e+03,1.051809310913085938e+00,3.994400000000000173e+00,6.943156719207763672e-01,4.220215678215026855e-01
5.757088020700092734e+00,8.073669132217704103e+00,1.775121826171875000e+03,7.560569643974304199e-01,3.994410000000000238e+00,7.524518966674804688e-01,4.944247901439666748e-01
5.750988498609970634e+00,8.091293881706882019e+00,1.284494140625000000e+03,7.488829493522644043e-01,3.994420000000000304e+00,9.561575055122375488e-01,5.741522908210754395e-01
5.755093754957163021e+00,8.105491744378692687e+00,1.519052246093750000e+03,1.205582141876220703e+00,3.994430000000000369e+00,8.920703530311584473e-01,5.633184909820556641e-01
5.756010543763555809e+00,8.123055863467712356e+00,1.389536987304687500e+03,1.334068298339843750e+00,3.994440000000000435e+00,8.400377035140991211e-01,5.170078873634338379e-01
5.754282858641764697e+00,8.134893300016363682e+00,1.668022583007812500e+03,1.197127819061279297e+00,3.994450000000000500e+00,8.345444798469543457e-01,5.401250720024108887e-01
5.754363418017064191e+00,8.153895150533628566e+00,1.729101318359375000e+03,1.086146354675292969e+00,3.994460000000000122e+00,7.512311935424804688e-01,4.905337989330291748e-01
5.752988537889586418e+00,8.173429299550548421e+00,1.599816284179687500e+03,1.100484848022460938e+00,3.994470000000000187e+00,9.184681773185729980e-01,5.881141424179077148e-01
5.754332444138186453e+00,8.185124254615319117e+00,1.556295898437500000e+03,1.020421504974365234e+00,3.994480000000000253e+00,8.868060708045959473e-01,5.636999607086181641e-01
5.751541538635878581e+00,8.202977036609992112e+00,1.493593505859375000e+03,1.184144735336303711e+00,3.994490000000000318e+00,1.035503506660461426e+00,6.508280038833618164e-01
5.756349387236580739e+00,8.209441649924835716e+00,1.592811035156250000e+03,1.296232461929321289e+00,3.994500000000000384e+00,1.089748740196228027e+00,6.969860196113586426e-01
5.757984141930347910e+00,8.226131654753006117e+00,1.403867431640625000e+03,1.522365331649780273e+00,3.994510000000000449e+00,9.373128414154052734e-01,5.786536335945129395e-01
5.755236941653533833e+00,8.247901159618814759e+00,2.192784423828125000e+03,1.388997554779052734e+00,3.994520000000000515e+00,1.054424524307250977e+00,7.246807813644409180e-01
5.759631566786601375e+00,8.257513380687385052e+00,1.306013427734375000e+03,1.387323856353759766e+00,3.994530000000000136e+00,9.741629362106323242e-01,5.881141424179077148e-01
5.756185483679697512e+00,8.276351028596444337e+00,1.551464599609375000e+03,1.377670288085937500e+00,3.994540000000000202e+00,8.976398110389709473e-01,5.701086521148681641e-01
5.756721913914212507e+00,8.293563831011431020e+00,1.601112060546875000e+03,1.304710626602172852e+00,3.994550000000000267e+00,8.727679252624511719e-01,5.589697360992431641e-01
5.755826648902293563e+00,8.301978585595493954e+00,1.364621337890625000e+03,1.210257530212402344e+00,3.994560000000000333e+00,9.674490690231323242e-01,5.921577215194702148e-01
5.754829830694426107e+00,8.317046657474488569e+00,1.713390380859375000e+03,1.043889045715332031e+00,3.994570000000000398e+00,9.867514967918395996e-01,6.428933739662170410e-01
5.750302983873238460e+00,8.332089981813858515e+00,2.003681518554687500e+03,1.373522996902465820e+00,3.994580000000000464e+00,1.026577115058898926e+00,6.929423809051513672e-01
5.747198153494097461e+00,8.351323168405508923e+00,1.626920898437500000e+03,1.488580226898193359e+00,3.994590000000000529e+00,8.861194252967834473e-01,5.698797702789306641e-01
5.755224171633989805e+00,8.376691197729384086e+00,1.748482788085937500e+03,1.229519367218017578e+00,3.994600000000000151e+00,1.006511688232421875e+00,6.589914560317993164e-01
5.753181308770290769e+00,8.386671990724117620e+00,2.353950683593750000e+03,1.299026727676391602e+00,3.994610000000000216e+00,1.240582466125488281e+00,8.638414740562438965e-01
5.751096330549247959e+00,8.399787094118288167e+00,1.801070434570312500e+03,1.722931385040283203e+00,3.994620000000000282e+00,1.469770312309265137e+00,9.690512418746948242e-01
5.755612467796542120e+00,8.420456796794523413e+00,2.510477050781250000e+03,2.418649911880493164e+00,3.994630000000000347e+00,1.211514353752136230e+00,8.530077338218688965e-01
5.748414173069158473e+00,8.432572713012909560e+00,1.485405639648437500e+03,2.687754154205322266e+00,3.994640000000000413e+00,7.706099152565002441e-01,4.835910201072692871e-01
5.756923911138178696e+00,8.448957233023236313e+00,1.418722656250000000e+03,1.771071672439575195e+00,3.994650000000000478e+00,7.667189240455627441e-01,4.748171865940093994e-01
5.753099245603189971e+00,8.463404288876365200e+00,1.281466552734375000e+03,1.098626375198364258e+00,3.994660000000000544e+00,9.209095835685729980e-01,5.525609850883483887e-01
5.750381396392587163e+00,8.479411178362507684e+00,1.545705322265625000e+03,1.080274105072021484e+00,3.994670000000000165e+00,8.806262016296386719e-01,5.587408542633056641e-01
5.745777552469816030e+00,8.492178185085132114e+00,2.153850341796875000e+03,1.076572656631469727e+00,3.994680000000000231e+00,9.208332896232604980e-01,6.306862831115722656e-01
5.753138039118446123e+00,8.506969134339470884e+00,2.588455078125000000e+03,1.242887496948242188e+00,3.994690000000000296e+00,9.334218502044677734e-01,6.605173349380493164e-01
5.752518454269765158e+00,8.525435616542145212e+00,1.514529907226562500e+03,1.207285642623901367e+00,3.994700000000000362e+00,9.923210144042968750e-01,6.261086463928222656e-01
5.749193916876971677e+00,8.541424948285758489e+00,1.375231689453125000e+03,1.301519393920898438e+00,3.994710000000000427e+00,7.397107481956481934e-01,4.538362622261047363e-01
5.748179071680628027e+00,8.550869265943708442e+00,1.240101318359375000e+03,1.085363149642944336e+00,3.994720000000000493e+00,8.209641575813293457e-01,4.872531294822692871e-01
5.748853929759877524e+00,8.564713711383244998e+00,1.563920776367187500e+03,9.423906207084655762e-01,3.994730000000000114e+00,1.019176602363586426e+00,6.486917734146118164e-01
5.751640788526482417e+00,8.589185298397840285e+00,3.967054931640625000e+03,1.178421497344970703e+00,3.994740000000000180e+00,1.263394355773925781e+00,9.457052350044250488e-01
5.748171845790140289e+00,8.600508292326136228e+00,1.535586059570312500e+03,1.643543958663940430e+00,3.994750000000000245e+00,1.001094818115234375e+00,6.340432763099670410e-01
5.753602908061744792e+00,8.616346351903914069e+00,1.866976074218750000e+03,1.805068969726562500e+00,3.994760000000000311e+00,8.709368705749511719e-01,5.789588093757629395e-01
5.745533628696533057e+00,8.632202854483002952e+00,1.710844482421875000e+03,1.427543878555297852e+00,3.994770000000000376e+00,9.550130963325500488e-01,6.219887733459472656e-01
5.750044441773682458e+00,8.648413687397724203e+00,1.569703613281250000e+03,1.233782291412353516e+00,3.994780000000000442e+00,1.007274627685546875e+00,6.417489647865295410e-01
5.754230618572412581e+00,8.664282072775042920e+00,1.442895629882812500e+03,1.626036882400512695e+00,3.994790000000000507e+00,9.856833815574645996e-01,6.134437918663024902e-01
5.752719485528805521e+00,8.676156272012176984e+00,2.875694091796875000e+03,1.758956432342529297e+00,3.994800000000000129e+00,1.103481650352478027e+00,7.935745120048522949e-01
5.751550308608953443e+00,8.692096086875347183e+00,1.450420043945312500e+03,1.580618143081665039e+00,3.994810000000000194e+00,1.063274621963500977e+00,6.627298593521118164e-01
5.759982272388353586e+00,8.707629503645488711e+00,2.008025634765625000e+03,1.730335474014282227e+00,3.994820000000000260e+00,1.272854924201965332e+00,8.595690131187438965e-01
5.750279333016785621e+00,8.724609714113030989e+00,1.195089721679687500e+03,1.587597846984863281e+00,3.994830000000000325e+00,9.830130934715270996e-01,5.760596394538879395e-01
5.748570214033077441e+00,8.734022902145017753e+00,2.265455810546875000e+03,1.867264032363891602e+00,3.994840000000000391e+00,7.686262726783752441e-01,5.315037965774536133e-01
5.750317679615342570e+00,8.756609274091760042e+00,2.383888671875000000e+03,1.291926622390747070e+00,3.994850000000000456e+00,1.014904022216796875e+00,7.082775235176086426e-01
5.751273701222785917e+00,8.767810888670449998e+00,1.473478271484375000e+03,1.291098117828369141e+00,3.994860000000000522e+00,1.255154609680175781e+00,7.858687639236450195e-01
5.748865939173923856e+00,8.782238291208550152e+00,1.532426147460937500e+03,1.706479310989379883e+00,3.994870000000000143e+00,1.082653403282165527e+00,6.853129863739013672e-01
5.755003809682543547e+00,8.796958323646869360e+00,1.582056030273437500e+03,1.743293523788452148e+00,3.994880000000000209e+00,1.174511671066284180e+00,7.498579025268554688e-01
5.748900879574081912e+00,8.816331007842098444e+00,2.579799560546875000e+03,1.758467674255371094e+00,3.994890000000000274e+00,1.127132892608642578e+00,7.971603274345397949e-01
5.749373786816121878e+00,8.830477920577832762e+00,2.056419921875000000e+03,2.017583370208740234e+00,3.994900000000000340e+00,1.289334416389465332e+00,8.749804496765136719e-01
5.753782876126084744e+00,8.848030889323394987e+00,2.120664794921875000e+03,1.946525096893310547e+00,3.994910000000000405e+00,1.007884979248046875e+00,6.882121562957763672e-01
5.750150494795638778e+00,8.865622298288380776e+00,1.225350341796875000e+03,2.029051303863525391e+00,3.994920000000000471e+00,9.247242808341979980e-01,5.466100573539733887e-01
5.748447447114326536e+00,8.878573188161286822e+00,1.841295288085937500e+03,1.481959342956542969e+00,3.994930000000000536e+00,9.341084957122802734e-01,6.190133094787597656e-01
5.750473972784289067e+00,8.894674673350145611e+00,1.372293823242187500e+03,1.373514652252197266e+00,3.994940000000000158e+00,8.377488851547241211e-01,5.136509537696838379e-01
5.746029346931835313e+00,8.911530847912034758e+00,1.436482055664062500e+03,1.312702417373657227e+00,3.994950000000000223e+00,8.688769340515136719e-01,5.400487780570983887e-01
5.750901646872971895e+00,8.924185185152131439e+00,1.523768310546875000e+03,1.118053913116455078e+00,3.994960000000000289e+00,9.132801294326782227e-01,5.772040486335754395e-01
5.751241992319835461e+00,8.943921512565154330e+00,1.179888305664062500e+03,1.113461971282958984e+00,3.994970000000000354e+00,8.352311253547668457e-01,4.872531294822692871e-01
5.744014531297852777e+00,8.964015336518938781e+00,1.413322265625000000e+03,1.177290201187133789e+00,3.994980000000000420e+00,9.063373804092407227e-01,5.606482028961181641e-01
5.752970912519694835e+00,8.975993177576302884e+00,1.347073364257812500e+03,1.135489463806152344e+00,3.994990000000000485e+00,8.832202553749084473e-01,5.384465456008911133e-01
5.756497360840115540e+00,8.987781001160337624e+00,1.526108886718750000e+03,1.291139841079711914e+00,3.995000000000000107e+00,8.353074193000793457e-01,5.281468629837036133e-01
5.750343121803361157e+00,9.001718104349329508e+00,2.158795898437500000e+03,1.147219657897949219e+00,3.995010000000000172e+00,8.810076713562011719e-01,6.036781668663024902e-01
5.744730055322761153e+00,9.018645621197963536e+00,1.356510742187500000e+03,1.340140819549560547e+00,3.995020000000000238e+00,9.662283658981323242e-01,5.903266668319702148e-01
5.751547391661687492e+00,9.037625652484596372e+00,1.961763427734375000e+03,1.324103593826293945e+00,3.995030000000000303e+00,1.090435385704040527e+00,7.327679991722106934e-01
5.747335685210115841e+00,9.053051017199857498e+00,1.707110961914062500e+03,1.456835985183715820e+00,3.995040000000000369e+00,8.788714408874511719e-01,5.720923542976379395e-01
5.753886897809824319e+00,9.067075485902508447e+00,1.623083862304687500e+03,1.619684219360351562e+00,3.995050000000000434e+00,8.610185980796813965e-01,5.534002184867858887e-01
5.755900248779619588e+00,9.086104321056554411e+00,1.031225830078125000e+03,1.211689233779907227e+00,3.995060000000000500e+00,8.401139974594116211e-01,4.656618833541870117e-01
5.758819042200015836e+00,9.099667040896209258e+00,1.746933105468750000e+03,1.063766002655029297e+00,3.995070000000000121e+00,9.064899682998657227e-01,5.933784246444702148e-01
5.752356249118279585e+00,9.114825982947406757e+00,1.568537353515625000e+03,1.136140346527099609e+00,3.995080000000000187e+00,8.444627523422241211e-01,5.379124879837036133e-01
5.757186769140647975e+00,9.130134081656990475e+00,1.710885742187500000e+03,1.097969532012939453e+00,3.995090000000000252e+00,9.817160964012145996e-01,6.393838524818420410e-01
5.753733930655329232e+00,9.147124805474156517e+00,1.855432250976562500e+03,1.318872690200805664e+00,3.995100000000000318e+00,8.015853762626647949e-01,5.321141481399536133e-01
5.759099197848343898e+00,9.163112172418340862e+00,1.281126708984375000e+03,1.291450977325439453e+00,3.995110000000000383e+00,8.610948920249938965e-01,5.166264176368713379e-01
5.755951419846863537e+00,9.177311531978835646e+00,2.123606201171875000e+03,1.022412300109863281e+00,3.995120000000000449e+00,8.361467123031616211e-01,5.711005330085754395e-01
5.756318798892110067e+00,9.192749068912135613e+00,1.168061645507812500e+03,1.142702817916870117e+00,3.995130000000000514e+00,8.853564858436584473e-01,5.146427750587463379e-01
5.755707305384641259e+00,9.208363243854691405e+00,1.304203491210937500e+03,1.127285480499267578e+00,3.995140000000000136e+00,1.027950406074523926e+00,6.203103065490722656e-01
5.756740641358334187e+00,9.225647023522492773e+00,1.893597656250000000e+03,1.250115156173706055e+00,3.995150000000000201e+00,1.023677945137023926e+00,6.826426982879638672e-01
5.764314337136311472e+00,9.238018984923371590e+00,1.331925659179687500e+03,1.491842985153198242e+00,3.995160000000000267e+00,7.986862063407897949e-01,4.851931929588317871e-01
5.758223154279566103e+00,9.257015374665519047e+00,1.424355224609375000e+03,1.267981052398681641e+00,3.995170000000000332e+00,8.892474770545959473e-01,5.513402819633483887e-01
5.758493546765014237e+00,9.271262176224420060e+00,1.779578613281250000e+03,9.582001566886901855e-01,3.995180000000000398e+00,7.786971330642700195e-01,5.119724869728088379e-01
5.756469179995881369e+00,9.282844565657125457e+00,1.491816284179687500e+03,1.053474664688110352e+00,3.995190000000000463e+00,8.674273490905761719e-01,5.450078845024108887e-01
5.762574510235038083e+00,9.305003273481291970e+00,1.442858764648437500e+03,1.039031267166137695e+00,3.995200000000000529e+00,9.012256860733032227e-01,5.608770847320556641e-01
5.757740689927207001e+00,9.320221687380435327e+00,1.370965332031250000e+03,1.145522117614746094e+00,3.995210000000000150e+00,9.248768687248229980e-01,5.669043064117431641e-01
5.748927068370830007e+00,9.337512651717201351e+00,1.432204467773437500e+03,1.336153268814086914e+00,3.995220000000000216e+00,8.491166830062866211e-01,5.273076295852661133e-01
5.755714704972683116e+00,9.353073848509936283e+00,1.743818603515625000e+03,1.144245386123657227e+00,3.995230000000000281e+00,1.011470794677734375e+00,6.618143320083618164e-01
5.757544570670501294e+00,9.369910434096080820e+00,1.881253662109375000e+03,1.221084117889404297e+00,3.995240000000000347e+00,9.286915659904479980e-01,6.184029579162597656e-01
5.745126766921536010e+00,9.387730838811158662e+00,1.079120971679687500e+03,1.654631614685058594e+00,3.995250000000000412e+00,1.020321011543273926e+00,5.758307576179504395e-01
5.751868295143405696e+00,9.406597427046879289e+00,1.731984130859375000e+03,1.388979673385620117e+00,3.995260000000000478e+00,7.867842912673950195e-01,5.139561295509338379e-01
5.754231603756208457e+00,9.415088218703326461e+00,1.468164550781250000e+03,1.386121034622192383e+00,3.995270000000000543e+00,8.225663304328918457e-01,5.144901871681213379e-01
5.755648005355773478e+00,9.433206545721587233e+00,1.169636352539062500e+03,1.098979234695434570e+00,3.995280000000000165e+00,7.167462110519409180e-01,4.168335497379302979e-01
5.752588637133211336e+00,9.447007470467330137e+00,1.671901000976562500e+03,9.551114439964294434e-01,3.995290000000000230e+00,7.230786085128784180e-01,4.682558774948120117e-01
5.758851347547249588e+00,9.459868648679290004e+00,9.601491088867187500e+02,6.763023734092712402e-01,3.995300000000000296e+00,7.186535596847534180e-01,3.865447342395782471e-01
5.749259187097120360e+00,9.477101831497073192e+00,1.383651123046875000e+03,7.390779852867126465e-01,3.995310000000000361e+00,6.854655742645263672e-01,4.213349223136901855e-01
5.744998992242276614e+00,9.491511713678347562e+00,1.976165161132812500e+03,6.484526991844177246e-01,3.995320000000000427e+00,9.394490718841552734e-01,6.322884559631347656e-01
5.749407759963538922e+00,9.505078955308174926e+00,1.382607543945312500e+03,9.137827754020690918e-01,3.995330000000000492e+00,9.640921354293823242e-01,5.924628973007202148e-01
5.750891248013734192e+00,9.520866102448763968e+00,1.431465087890625000e+03,1.369473457336425781e+00,3.995340000000000114e+00,9.579885601997375488e-01,5.948280096054077148e-01
5.748222994410999931e+00,9.533242550129612525e+00,1.758133300781250000e+03,1.514907598495483398e+00,3.995350000000000179e+00,9.722555875778198242e-01,6.374002099037170410e-01
5.749365787722838128e+00,9.549943646675734144e+00,1.445919189453125000e+03,1.355093240737915039e+00,3.995360000000000245e+00,1.023677945137023926e+00,6.374765038490295410e-01
5.748742114473674114e+00,9.568124800375116479e+00,1.643074340820312500e+03,1.338815212249755859e+00,3.995370000000000310e+00,9.786643385887145996e-01,6.309914588928222656e-01
5.742468362719364450e+00,9.581476690603144775e+00,1.413054077148437500e+03,1.422230720520019531e+00,3.995380000000000376e+00,9.014545679092407227e-01,5.575964450836181641e-01
5.745125487258855301e+00,9.601155512849793183e+00,1.793349975585937500e+03,1.278769493103027344e+00,3.995390000000000441e+00,9.642447233200073242e-01,6.351113915443420410e-01
5.751948314874274715e+00,9.607691492602898009e+00,1.343335449218750000e+03,1.262773990631103516e+00,3.995400000000000507e+00,8.539232611656188965e-01,5.201359391212463379e-01
5.755119018369538431e+00,9.615963397371084298e+00,2.248766357421875000e+03,1.359266757965087891e+00,3.995410000000000128e+00,8.182938098907470703e-01,5.650732517242431641e-01
5.751444897153812796e+00,9.628762158114298586e+00,1.963361694335937500e+03,1.089659452438354492e+00,3.995420000000000194e+00,8.755908012390136719e-01,5.884956121444702148e-01
5.755550892726581047e+00,9.637589293656800393e+00,2.849008544921875000e+03,1.116448163986206055e+00,3.995430000000000259e+00,3.586973547935485840e-01,2.576074898242950439e-01
5.745229767174710567e+00,9.647670809412883131e+00,5.992768554687500000e+03,1.259668588638305664e+00,3.995440000000000325e+00,1.034168377518653870e-01,8.022338896989822388e-02
5.752588283729654250e+00,9.653592871274058851e+00,2.565714599609375000e+03,6.261844038963317871e-01,3.995450000000000390e+00,1.008991301059722900e-01,7.129696756601333618e-02
5.754430333274429543e+00,9.650636345908637281e+00,-1.751744531250000000e+04,3.080970346927642822e-01,3.995460000000000456e+00,8.762393146753311157e-02,7.465390861034393311e-02
