# x_coordinates, y_coordinates, TEP, TED, times, high, low
7.567809373073465906e+00,1.891817898316094926e+00,1.425063110351562500e+03,1.054233387112617493e-01,4.008440000000000225e+00,6.293892860412597656e-01,3.902831673622131348e-01
7.564470191021520407e+00,1.886628687666066728e+00,1.723997558593750000e+03,4.680925905704498291e-01,4.008450000000000735e+00,6.007026433944702148e-01,3.919616341590881348e-01
7.564536843369537245e+00,1.882292458596785956e+00,1.804915771484375000e+03,7.174236178398132324e-01,4.008460000000000356e+00,6.830241680145263672e-01,4.505556225776672363e-01
7.570348298961889100e+00,1.871400581736901048e+00,1.668952026367187500e+03,8.087689280509948730e-01,4.008469999999999978e+00,8.003646731376647949e-01,5.180760025978088379e-01
7.565409572549356199e+00,1.874465942131706475e+00,1.499806762695312500e+03,9.509426951408386230e-01,4.008480000000000487e+00,7.764083147048950195e-01,4.885501563549041748e-01
7.574628291192173180e+00,1.880732296073194032e+00,1.551200927734375000e+03,1.027329683303833008e+00,4.008490000000000109e+00,7.735854387283325195e-01,4.912967383861541748e-01
7.567504246745324181e+00,1.879672905827634466e+00,2.218610595703125000e+03,1.176962375640869141e+00,4.008500000000000618e+00,7.506971359252929688e-01,5.170841813087463379e-01
7.571813671814136448e+00,1.880622859874728547e+00,2.563923339843750000e+03,1.166927337646484375e+00,4.008510000000000240e+00,8.002120852470397949e-01,5.653784275054931641e-01
7.573132744004518635e+00,1.888857826508478999e+00,1.919283325195312500e+03,1.249432086944580078e+00,4.008520000000000749e+00,8.173782825469970703e-01,5.466863512992858887e-01
7.573163230216174213e+00,1.897020589727659745e+00,1.857028076171875000e+03,1.211903810501098633e+00,4.008530000000000371e+00,8.865771889686584473e-01,5.886482000350952148e-01
7.567468073623707880e+00,1.909883410132505288e+00,2.043426635742187500e+03,1.206802845001220703e+00,4.008539999999999992e+00,9.555471539497375488e-01,6.476235985755920410e-01
7.578331381903415931e+00,1.915718608220979613e+00,3.482947998046875000e+03,1.298557043075561523e+00,4.008550000000000502e+00,1.295819401741027832e+00,9.558523297309875488e-01
7.572472514533684418e+00,1.938719643061796116e+00,3.836671630859375000e+03,1.735972881317138672e+00,4.008560000000000123e+00,1.302609682083129883e+00,9.715689420700073242e-01
7.574274997515844987e+00,1.951009519650635848e+00,2.396865478515625000e+03,2.394244194030761719e+00,4.008570000000000633e+00,1.068767786026000977e+00,7.465772628784179688e-01
7.571891330488835337e+00,1.959939715736607635e+00,2.295383789062500000e+03,2.225418806076049805e+00,4.008580000000000254e+00,8.747515678405761719e-01,6.063484549522399902e-01
7.579327955646082415e+00,1.978379451433223135e+00,2.182758544921875000e+03,1.713261127471923828e+00,4.008590000000000764e+00,8.281357884407043457e-01,5.686590671539306641e-01
7.575477656887340316e+00,1.988029422012530301e+00,1.631073242187500000e+03,1.360344409942626953e+00,4.008600000000000385e+00,8.978686928749084473e-01,5.778144001960754395e-01
7.569815984812608534e+00,2.011709340643855981e+00,1.791107421875000000e+03,1.274770021438598633e+00,4.008610000000000007e+00,8.050949573516845703e-01,5.301305055618286133e-01
7.571593078531526189e+00,2.022313380451428166e+00,1.554842407226562500e+03,1.247627258300781250e+00,4.008620000000000516e+00,7.957870364189147949e-01,5.057163238525390625e-01
7.576080300240024101e+00,2.043784894720877432e+00,2.261735595703125000e+03,1.086612462997436523e+00,4.008630000000000138e+00,8.288987278938293457e-01,5.730078816413879395e-01
7.572046554676283847e+00,2.059677624782977112e+00,2.122922119140625000e+03,1.099320173263549805e+00,4.008640000000000647e+00,9.397542476654052734e-01,6.418252587318420410e-01
7.570994878014298379e+00,2.083409476614560774e+00,1.947590087890625000e+03,1.393981695175170898e+00,4.008650000000000269e+00,8.810839653015136719e-01,5.911659002304077148e-01
7.578735174295363919e+00,2.097956170354289718e+00,2.221831542968750000e+03,1.513639211654663086e+00,4.008659999999999890e+00,8.890185952186584473e-01,6.125282645225524902e-01
7.571400492778495028e+00,2.115503827655944580e+00,2.347087890625000000e+03,1.419862031936645508e+00,4.008670000000000400e+00,8.860431313514709473e-01,6.166481375694274902e-01
7.575721665909659563e+00,2.129793956581981451e+00,1.788086425781250000e+03,1.451651573181152344e+00,4.008680000000000021e+00,8.705554008483886719e-01,5.730078816413879395e-01
7.579449056045463706e+00,2.145679213107130945e+00,2.106555664062500000e+03,1.487143754959106445e+00,4.008690000000000531e+00,8.224900364875793457e-01,5.608770847320556641e-01
7.579458780329740186e+00,2.163740663678032750e+00,1.912871948242187500e+03,1.458949565887451172e+00,4.008700000000000152e+00,8.281357884407043457e-01,5.534765124320983887e-01
7.579767301238566901e+00,2.179842387452186614e+00,2.592939453125000000e+03,1.283112287521362305e+00,4.008710000000000662e+00,8.523210883140563965e-01,6.032966971397399902e-01
7.586804191629854088e+00,2.188407043011117548e+00,1.707568237304687500e+03,1.264541864395141602e+00,4.008720000000000283e+00,9.299123287200927734e-01,6.053566336631774902e-01
7.578440485212818878e+00,2.203614917153488673e+00,1.495925292968750000e+03,1.293458461761474609e+00,4.008729999999999905e+00,8.395799398422241211e-01,5.279179811477661133e-01
7.580239681480173353e+00,2.225520401816133198e+00,2.437532470703125000e+03,1.275373220443725586e+00,4.008740000000000414e+00,8.237870335578918457e-01,5.771277546882629395e-01
7.574696335232520283e+00,2.234107902245098920e+00,1.827599365234375000e+03,1.289001226425170898e+00,4.008750000000000036e+00,8.126480579376220703e-01,5.376073122024536133e-01
7.582111018071070241e+00,2.250334817799292786e+00,1.836842407226562500e+03,1.344511032104492188e+00,4.008760000000000545e+00,8.031875491142272949e-01,5.319615602493286133e-01
7.568693686199349457e+00,2.260834198099422654e+00,2.678268798828125000e+03,1.131460189819335938e+00,4.008770000000000167e+00,9.667624235153198242e-01,6.878306865692138672e-01
7.583622469386446241e+00,2.281849617421800147e+00,1.723767211914062500e+03,1.428458213806152344e+00,4.008780000000000676e+00,1.026577115058898926e+00,6.698252558708190918e-01
7.583715697215009044e+00,2.294179755055370418e+00,2.021864624023437500e+03,1.725728034973144531e+00,4.008790000000000298e+00,1.012691497802734375e+00,6.848552227020263672e-01
7.586161263351027806e+00,2.306871003453146773e+00,1.754785400390625000e+03,1.853372573852539062e+00,4.008799999999999919e+00,9.289204478263854980e-01,6.087135672569274902e-01
7.573535418775445116e+00,2.326806704201637821e+00,2.103535888671875000e+03,1.846408367156982422e+00,4.008810000000000429e+00,8.972583413124084473e-01,6.116890311241149902e-01
7.585181685310735666e+00,2.342172408794112926e+00,2.813189697265625000e+03,1.503449201583862305e+00,4.008820000000000050e+00,9.157978892326354980e-01,6.564737558364868164e-01
7.577131733263163582e+00,2.357141143823986429e+00,1.822329589843750000e+03,1.467141628265380859e+00,4.008830000000000560e+00,8.446916341781616211e-01,5.584356784820556641e-01
7.574619682476755322e+00,2.368216396966400517e+00,1.627856811523437500e+03,1.507544040679931641e+00,4.008840000000000181e+00,1.031765103340148926e+00,6.636453866958618164e-01
7.577279418663700028e+00,2.385940635898543771e+00,2.046025390625000000e+03,1.475241899490356445e+00,4.008850000000000691e+00,1.001552581787109375e+00,6.789805293083190918e-01
7.574733346035967152e+00,2.400276333046917454e+00,2.642591308593750000e+03,1.637378454208374023e+00,4.008860000000000312e+00,8.375962972640991211e-01,5.946754217147827148e-01
7.573262019374976006e+00,2.418889131274310600e+00,1.535450683593750000e+03,1.552545547485351562e+00,4.008869999999999933e+00,9.708822965621948242e-01,6.148933768272399902e-01
7.565108154744970115e+00,2.431888045782723662e+00,1.561089111328125000e+03,1.453070163726806641e+00,4.008880000000000443e+00,9.296070933341979980e-01,5.913947820663452148e-01
7.566023858698761373e+00,2.457332727633031233e+00,2.136314453125000000e+03,1.486726522445678711e+00,4.008890000000000065e+00,1.038784146308898926e+00,7.103374600410461426e-01
7.568909962061836083e+00,2.468356000112840842e+00,1.626700195312500000e+03,1.589798450469970703e+00,4.008900000000000574e+00,9.467733502388000488e-01,6.088661551475524902e-01
7.570685052850935293e+00,2.480033547475427813e+00,2.230936523437500000e+03,1.622882604598999023e+00,4.008910000000000196e+00,8.917651772499084473e-01,6.148933768272399902e-01
7.567916233329150977e+00,2.503013123412645591e+00,2.019046142578125000e+03,1.460092782974243164e+00,4.008920000000000705e+00,7.040050625801086426e-01,4.759615957736968994e-01
7.569090722569962182e+00,2.519923420324539975e+00,2.943597412109375000e+03,1.396320581436157227e+00,4.008930000000000327e+00,8.538469672203063965e-01,6.161140799522399902e-01
7.558517525332621112e+00,2.535630422528059036e+00,1.955351074218750000e+03,1.225357770919799805e+00,4.008939999999999948e+00,8.923755288124084473e-01,5.992530584335327148e-01
7.570077324514428163e+00,2.552769186169239202e+00,2.847064453125000000e+03,1.299679994583129883e+00,4.008950000000000458e+00,1.033596158027648926e+00,7.422285079956054688e-01
7.559411075411861525e+00,2.570239092877841358e+00,1.615445434570312500e+03,1.599678516387939453e+00,4.008960000000000079e+00,8.861957192420959473e-01,5.688879489898681641e-01
7.565310434649195059e+00,2.582156925975055639e+00,2.104972167968750000e+03,1.659334421157836914e+00,4.008970000000000589e+00,9.303700923919677734e-01,6.343484520912170410e-01
7.559437222113452925e+00,2.599371146984251535e+00,1.718685424804687500e+03,1.281874895095825195e+00,4.008980000000000210e+00,9.017597436904907227e-01,5.879615545272827148e-01
7.568959023666208097e+00,2.620667787728803155e+00,1.791091552734375000e+03,1.491424560546875000e+00,4.008990000000000720e+00,7.894546389579772949e-01,5.198307633399963379e-01
7.557998689535233794e+00,2.635190587534380846e+00,1.562389526367187500e+03,1.342164993286132812e+00,4.009000000000000341e+00,7.797652482986450195e-01,4.961795806884765625e-01
7.566682155432207679e+00,2.652411434599522888e+00,1.453881835937500000e+03,1.199094772338867188e+00,4.009009999999999962e+00,6.741740107536315918e-01,4.204956889152526855e-01
7.562537281576936721e+00,2.669123176991300639e+00,1.245172973632812500e+03,1.184843301773071289e+00,4.009020000000000472e+00,6.270241737365722656e-01,3.726592063903808594e-01
7.565254793347089723e+00,2.679362763524523849e+00,1.298317749023437500e+03,9.202415347099304199e-01,4.009030000000000094e+00,6.837871074676513672e-01,4.120270311832427979e-01
7.570511042673405910e+00,2.699911197485590275e+00,1.601983764648437500e+03,7.894820570945739746e-01,4.009040000000000603e+00,6.995800137519836426e-01,4.481141865253448486e-01
7.571667945376757913e+00,2.705819711784954062e+00,1.462895385742187500e+03,9.292513728141784668e-01,4.009050000000000225e+00,8.014327883720397949e-01,5.007572174072265625e-01
7.566044266698400023e+00,2.727777323472571958e+00,1.661148193359375000e+03,9.417671561241149902e-01,4.009060000000000734e+00,1.041683316230773926e+00,6.734873652458190918e-01
7.569383142022620525e+00,2.743933430336809920e+00,2.381364013671875000e+03,1.477610588073730469e+00,4.009070000000000356e+00,7.769423723220825195e-01,5.421087145805358887e-01
7.568248675662673897e+00,2.761913363784513908e+00,1.814004394531250000e+03,1.568556547164916992e+00,4.009079999999999977e+00,8.359941244125366211e-01,5.521032214164733887e-01
7.571403292832929566e+00,2.780135314917524081e+00,1.611875610351562500e+03,1.230678081512451172e+00,4.009090000000000487e+00,9.248768687248229980e-01,5.933784246444702148e-01
7.573604295839761136e+00,2.794403978747989292e+00,1.986448852539062500e+03,1.407467842102050781e+00,4.009100000000000108e+00,8.061630725860595703e-01,5.431768298149108887e-01
7.568517935776562844e+00,2.811645749421667784e+00,1.300491577148437500e+03,1.454926252365112305e+00,4.009110000000000618e+00,8.866534829139709473e-01,5.345555543899536133e-01
7.578034868145047120e+00,2.828449015236701669e+00,1.901327636718750000e+03,1.274054765701293945e+00,4.009120000000000239e+00,8.573564887046813965e-01,5.722449421882629395e-01
7.576840996770020986e+00,2.844349529508075847e+00,1.470718872070312500e+03,1.322755336761474609e+00,4.009130000000000749e+00,7.647352814674377441e-01,4.785555899143218994e-01
7.576048388230820940e+00,2.859203139155084283e+00,1.692886230468750000e+03,1.291723966598510742e+00,4.009140000000000370e+00,8.054001331329345703e-01,5.231876969337463379e-01
7.571155262319019918e+00,2.880146600804637913e+00,1.677983764648437500e+03,1.080854654312133789e+00,4.009149999999999991e+00,7.763320207595825195e-01,5.031986236572265625e-01
7.582493706897126984e+00,2.894696280095918173e+00,2.259494873046875000e+03,1.199852943420410156e+00,4.009160000000000501e+00,7.781630754470825195e-01,5.378361940383911133e-01
7.571201380035327944e+00,2.912064152840093012e+00,3.195341796875000000e+03,1.200614690780639648e+00,4.009170000000000122e+00,8.482011556625366211e-01,6.189370155334472656e-01
7.583353110507521144e+00,2.931291248851058295e+00,2.200704345703125000e+03,1.251705408096313477e+00,4.009180000000000632e+00,9.306752681732177734e-01,6.400704979896545410e-01
7.577120902419481219e+00,2.947785404922648844e+00,1.412059692382812500e+03,1.428176879882812500e+00,4.009190000000000254e+00,8.141739368438720703e-01,5.035037994384765625e-01
7.576311187643129053e+00,2.966381057303821400e+00,1.766370849609375000e+03,1.483711719512939453e+00,4.009200000000000763e+00,7.925063967704772949e-01,5.201359391212463379e-01
7.574963829839497009e+00,2.986161908345019267e+00,1.351340820312500000e+03,1.143661260604858398e+00,4.009210000000000385e+00,7.555799484252929688e-01,4.610842168331146240e-01
7.579586552183511294e+00,2.993555676918203012e+00,2.132531982421875000e+03,1.166201353073120117e+00,4.009220000000000006e+00,7.180432081222534180e-01,4.908389747142791748e-01
7.576481350158758232e+00,3.011921412404475085e+00,1.058748046875000000e+03,9.837359786033630371e-01,4.009230000000000516e+00,8.239396214485168457e-01,4.615419805049896240e-01
7.575598535646403064e+00,3.029248911835779268e+00,2.128544433593750000e+03,1.069410562515258789e+00,4.009240000000000137e+00,7.365064024925231934e-01,5.032749176025390625e-01
7.575906221256157203e+00,3.044346947091427946e+00,2.242540039062500000e+03,1.112358093261718750e+00,4.009250000000000647e+00,8.134109973907470703e-01,5.614111423492431641e-01
7.577107204138687102e+00,3.062340338318584987e+00,1.700483154296875000e+03,1.224640130996704102e+00,4.009260000000000268e+00,7.863265275955200195e-01,5.113621354103088379e-01
7.571453237582066009e+00,3.081902092937860438e+00,1.714765747070312500e+03,1.183369874954223633e+00,4.009269999999999889e+00,8.782610893249511719e-01,5.723212361335754395e-01
7.578229760456245856e+00,3.095783483615203835e+00,1.158834838867187500e+03,1.238361120223999023e+00,4.009280000000000399e+00,8.927569985389709473e-01,5.174656510353088379e-01
7.574603100156958035e+00,3.110471088215795987e+00,1.317026855468750000e+03,1.276502132415771484e+00,4.009290000000000020e+00,8.498033285140991211e-01,5.144138932228088379e-01
7.571084032452516155e+00,3.123877990442553099e+00,1.453955444335937500e+03,1.275499582290649414e+00,4.009300000000000530e+00,8.591112494468688965e-01,5.358525514602661133e-01
7.577268155532429716e+00,3.147221862658204028e+00,2.322529052734375000e+03,1.190424680709838867e+00,4.009310000000000151e+00,8.157761096954345703e-01,5.666754245758056641e-01
7.575533181290906803e+00,3.167153068626105572e+00,1.451405395507812500e+03,1.310216903686523438e+00,4.009320000000000661e+00,8.205063939094543457e-01,5.115147233009338379e-01
7.572009262627544146e+00,3.182042697554372523e+00,2.934024169921875000e+03,1.273229837417602539e+00,4.009330000000000283e+00,8.604845404624938965e-01,6.206154823303222656e-01
7.568658104272397047e+00,3.198428424592997921e+00,1.820501708984375000e+03,1.312160015106201172e+00,4.009339999999999904e+00,7.642012238502502441e-01,5.051059722900390625e-01
7.573003700004531602e+00,3.218238200729918841e+00,1.348220947265625000e+03,1.366613626480102539e+00,4.009350000000000414e+00,1.024364590644836426e+00,6.246590614318847656e-01
7.564933624445227878e+00,3.234485198646444903e+00,1.603326538085937500e+03,1.336783885955810547e+00,4.009360000000000035e+00,8.276780247688293457e-01,5.302830934524536133e-01
7.569493937682683971e+00,3.242577758919157560e+00,1.390662719726562500e+03,1.493570327758789062e+00,4.009370000000000545e+00,8.534654974937438965e-01,5.254002809524536133e-01
7.565558555532692075e+00,3.261197760236779430e+00,1.370208251953125000e+03,1.263368844985961914e+00,4.009380000000000166e+00,7.529859542846679688e-01,4.614656865596771240e-01
7.569503823207639925e+00,3.276559328499215162e+00,1.856775756835937500e+03,1.176890850067138672e+00,4.009390000000000676e+00,7.961685061454772949e-01,5.286046266555786133e-01
7.561012648976395134e+00,3.294952732750728863e+00,1.386462890625000000e+03,1.140300750732421875e+00,4.009400000000000297e+00,8.082230091094970703e-01,4.970951080322265625e-01
7.573435230767303850e+00,3.310099651068364235e+00,1.307867553710937500e+03,1.296718835830688477e+00,4.009409999999999918e+00,7.463483810424804688e-01,4.507845044136047363e-01
7.571040497171719785e+00,3.323383705091797591e+00,3.857413574218750000e+03,1.089514017105102539e+00,4.009420000000000428e+00,8.224900364875793457e-01,6.138252615928649902e-01
7.570741120430868776e+00,3.338327008183478384e+00,1.773425537109375000e+03,1.190651178359985352e+00,4.009430000000000049e+00,8.141739368438720703e-01,5.348607301712036133e-01
7.565363384794574486e+00,3.359185674851175474e+00,1.447179687500000000e+03,1.310094118118286133e+00,4.009440000000000559e+00,7.746535539627075195e-01,4.825229048728942871e-01
7.577652096283513217e+00,3.379060073576896972e+00,1.666533691406250000e+03,1.075719118118286133e+00,4.009450000000000180e+00,8.063156604766845703e-01,5.217381119728088379e-01
7.567356464160138074e+00,3.397306292643708758e+00,1.952204345703125000e+03,1.160479307174682617e+00,4.009460000000000690e+00,9.590566754341125488e-01,6.438089013099670410e-01
7.569249416917493534e+00,3.411297117709778615e+00,1.775479125976562500e+03,1.270626306533813477e+00,4.009470000000000312e+00,8.960376381874084473e-01,5.888007879257202148e-01
7.566943353596006006e+00,3.433778505242712775e+00,1.688904418945312500e+03,1.575468301773071289e+00,4.009479999999999933e+00,8.447679281234741211e-01,5.484411120414733887e-01
7.575695940013349450e+00,3.444512080745125271e+00,2.500716796875000000e+03,1.357084035873413086e+00,4.009490000000000443e+00,8.700976371765136719e-01,6.122230887413024902e-01
7.565122376079862043e+00,3.461807944257258907e+00,1.752386840820312500e+03,1.464776515960693359e+00,4.009500000000000064e+00,6.923320293426513672e-01,4.535310864448547363e-01
7.565693814299512709e+00,3.477296695003735838e+00,2.363872070312500000e+03,1.333823919296264648e+00,4.009510000000000574e+00,9.039722681045532227e-01,6.299233436584472656e-01
7.570196421148390087e+00,3.493939410726973449e+00,2.208932861328125000e+03,1.246244430541992188e+00,4.009520000000000195e+00,8.907733559608459473e-01,6.130623221397399902e-01
7.570538427067730503e+00,3.511747671259961567e+00,1.772988525390625000e+03,1.504424333572387695e+00,4.009530000000000705e+00,9.099231958389282227e-01,5.977271795272827148e-01
7.572043755682312138e+00,3.526608001259338820e+00,2.010190429687500000e+03,1.531259536743164062e+00,4.009540000000000326e+00,1.002162933349609375e+00,6.769205927848815918e-01
7.569803157570123453e+00,3.551675401266326304e+00,2.503755615234375000e+03,1.527807235717773438e+00,4.009549999999999947e+00,9.990348815917968750e-01,7.030895352363586426e-01
7.580281634337477925e+00,3.563805845454216747e+00,2.677013183593750000e+03,1.690291881561279297e+00,4.009560000000000457e+00,8.309586644172668457e-01,5.911659002304077148e-01
7.569541527979588125e+00,3.582332208352857705e+00,2.015249633789062500e+03,1.858304262161254883e+00,4.009570000000000078e+00,7.215527296066284180e-01,4.876345992088317871e-01
7.577399455012168161e+00,3.604291580685284657e+00,2.707877929687500000e+03,1.229314327239990234e+00,4.009580000000000588e+00,8.842883706092834473e-01,6.302285194396972656e-01
7.572230452756330443e+00,3.620023144811816085e+00,1.552535522460937500e+03,1.272058010101318359e+00,4.009590000000000209e+00,8.379014730453491211e-01,5.322667360305786133e-01
7.575125969073742027e+00,3.634945141606469310e+00,1.664445190429687500e+03,1.338300228118896484e+00,4.009600000000000719e+00,7.915908694267272949e-01,5.120487809181213379e-01
7.571328860680655026e+00,3.647286777504597843e+00,1.336368896484375000e+03,1.268151521682739258e+00,4.009610000000000340e+00,7.287244200706481934e-01,4.431550800800323486e-01
7.579755213586451212e+00,3.667245933186109585e+00,1.669363159179687500e+03,1.076755046844482422e+00,4.009619999999999962e+00,7.822829484939575195e-01,5.064029693603515625e-01
7.576058756500972713e+00,3.685067672902749170e+00,1.752727783203125000e+03,9.373659491539001465e-01,4.009630000000000472e+00,8.151657581329345703e-01,5.340214967727661133e-01
7.573465845086262860e+00,3.700139825183001108e+00,1.966852905273437500e+03,1.260017871856689453e+00,4.009640000000000093e+00,8.008224368095397949e-01,5.384465456008911133e-01
7.569723510559324353e+00,3.713871982977268615e+00,1.494727050781250000e+03,1.242919683456420898e+00,4.009650000000000603e+00,8.197433948516845703e-01,5.153294205665588379e-01
7.574164853136116982e+00,3.735639427977617721e+00,1.527901733398437500e+03,1.184240102767944336e+00,4.009660000000000224e+00,8.826861381530761719e-01,5.582830905914306641e-01
7.567861505828962443e+00,3.750012757991222578e+00,1.694569702148437500e+03,1.350969791412353516e+00,4.009670000000000734e+00,7.528333663940429688e-01,4.891605079174041748e-01
7.577122087415443907e+00,3.772684153776419080e+00,2.694860839843750000e+03,1.330512285232543945e+00,4.009680000000000355e+00,7.755690813064575195e-01,5.523321032524108887e-01
7.575480977306602526e+00,3.786203620076965759e+00,1.586209350585937500e+03,1.079128503799438477e+00,4.009689999999999976e+00,7.895309329032897949e-01,5.044193267822265625e-01
7.572660847695875219e+00,3.798390719132256343e+00,1.497568847656250000e+03,1.178915023803710938e+00,4.009700000000000486e+00,8.587297797203063965e-01,5.401250720024108887e-01
7.566212837070604991e+00,3.816405499116370947e+00,3.270682861328125000e+03,1.178087711334228516e+00,4.009710000000000107e+00,9.906424880027770996e-01,7.250622510910034180e-01
7.573241023314441378e+00,3.834112887205087361e+00,2.370737792968750000e+03,1.462057352066040039e+00,4.009720000000000617e+00,1.119961261749267578e+00,7.808333635330200195e-01
7.567043944874050965e+00,3.852326564015856381e+00,1.963280273437500000e+03,1.869798421859741211e+00,4.009730000000000238e+00,1.021465420722961426e+00,6.865336894989013672e-01
7.567246079910498580e+00,3.863068014940198580e+00,2.666207763671875000e+03,2.085109472274780273e+00,4.009740000000000748e+00,8.824572563171386719e-01,6.274056434631347656e-01
7.569068500597102123e+00,3.885128734405216555e+00,2.976229492187500000e+03,1.607282876968383789e+00,4.009750000000000369e+00,9.882773756980895996e-01,7.142285108566284180e-01
7.569808982931830244e+00,3.898663120906393331e+00,1.570116210937500000e+03,1.739764928817749023e+00,4.009759999999999991e+00,7.588606476783752441e-01,4.835147261619567871e-01
7.564950648365494246e+00,3.919226937279978173e+00,1.424073852539062500e+03,1.780019521713256836e+00,4.009770000000000501e+00,7.273511290550231934e-01,4.509370923042297363e-01
7.567903137807074465e+00,3.930247183234450326e+00,1.689385131835937500e+03,1.184632301330566406e+00,4.009780000000000122e+00,7.154492139816284180e-01,4.645174443721771240e-01
7.569478846337673872e+00,3.950880714420567763e+00,1.697186279296875000e+03,9.953302741050720215e-01,4.009790000000000632e+00,8.250840306282043457e-01,5.363103151321411133e-01
7.561432818648217591e+00,3.969280370889697096e+00,1.725088256835937500e+03,1.046018123626708984e+00,4.009800000000000253e+00,7.225445508956909180e-01,4.715365171432495117e-01
7.567572587469273415e+00,3.982682360506335062e+00,1.700445800781250000e+03,1.189500808715820312e+00,4.009810000000000763e+00,7.830458879470825195e-01,5.092259049415588379e-01
7.559184654839183004e+00,3.997044990771373207e+00,2.129059570312500000e+03,1.116046428680419922e+00,4.009820000000000384e+00,8.401902914047241211e-01,5.741522908210754395e-01
7.561001114635487852e+00,4.011831134006203392e+00,1.454318725585937500e+03,1.144668579101562500e+00,4.009830000000000005e+00,7.894546389579772949e-01,4.924411475658416748e-01
7.560526987756861494e+00,4.035292559319286987e+00,2.177640869140625000e+03,1.420039653778076172e+00,4.009840000000000515e+00,8.501847982406616211e-01,5.835364460945129395e-01
7.566049449442366459e+00,4.047486717189462624e+00,2.205422851562500000e+03,1.287426471710205078e+00,4.009850000000000136e+00,7.803755998611450195e-01,5.369206666946411133e-01
7.557730640355410756e+00,4.058823283426442607e+00,1.722943359375000000e+03,1.327468872070312500e+00,4.009860000000000646e+00,7.357434630393981934e-01,4.800051748752593994e-01
7.570035914230491159e+00,4.077586090662487450e+00,2.680329833984375000e+03,1.259786605834960938e+00,4.009870000000000267e+00,8.850513100624084473e-01,6.297707557678222656e-01
7.561333235277198916e+00,4.093401305363036258e+00,1.193377929687500000e+03,1.225026369094848633e+00,4.009879999999999889e+00,6.859996318817138672e-01,4.018035829067230225e-01
7.564807906176864272e+00,4.112399891383018868e+00,1.507702026367187500e+03,1.301432371139526367e+00,4.009890000000000398e+00,7.082012295722961426e-01,4.462831318378448486e-01
7.559872886170059481e+00,4.124845213078747186e+00,1.869731933593750000e+03,9.097713828086853027e-01,4.009900000000000020e+00,8.637651801109313965e-01,5.743811726570129395e-01
7.571883832652170909e+00,4.143165952903481219e+00,1.898172851562500000e+03,1.120223522186279297e+00,4.009910000000000529e+00,7.744246721267700195e-01,5.167027115821838379e-01
7.559026805022305950e+00,4.158566514767414013e+00,1.775067260742187500e+03,1.267369508743286133e+00,4.009920000000000151e+00,7.653456330299377441e-01,5.028934478759765625e-01
7.564337838445293727e+00,4.172198387479398640e+00,1.269890502929687500e+03,1.224158525466918945e+00,4.009930000000000661e+00,8.545336127281188965e-01,5.112095475196838379e-01
7.558122516122231183e+00,4.187385512758972972e+00,2.699553955078125000e+03,1.167762994766235352e+00,4.009940000000000282e+00,8.246262669563293457e-01,5.874274969100952148e-01
7.564854490076008631e+00,4.210096753562142524e+00,1.636409912109375000e+03,1.328688383102416992e+00,4.009949999999999903e+00,8.765063285827636719e-01,5.645391941070556641e-01
7.567899064586576685e+00,4.229622499018939941e+00,1.611305297851562500e+03,1.356840848922729492e+00,4.009960000000000413e+00,6.972149014472961426e-01,4.472749531269073486e-01
7.566558865524232402e+00,4.241956912985368255e+00,1.817019653320312500e+03,1.185081720352172852e+00,4.009970000000000034e+00,6.634927988052368164e-01,4.383485317230224609e-01
7.566793683456217501e+00,4.256704853497761398e+00,1.626145263671875000e+03,9.808594584465026855e-01,4.009980000000000544e+00,6.721903681755065918e-01,4.322449862957000732e-01
7.571222239145982691e+00,4.273576713727256227e+00,1.377306396484375000e+03,9.435445666313171387e-01,4.009990000000000165e+00,6.705119013786315918e-01,4.115692675113677979e-01
7.565844245826123249e+00,4.286027031981772595e+00,2.068568359375000000e+03,8.330423235893249512e-01,4.010000000000000675e+00,7.375745177268981934e-01,5.011386871337890625e-01
7.563036208964030394e+00,4.304366070296174129e+00,2.041046752929687500e+03,1.008663892745971680e+00,4.010010000000000296e+00,8.090622425079345703e-01,5.482122302055358887e-01
7.581725146082602507e+00,4.325056404484758588e+00,1.708570678710937500e+03,1.230225086212158203e+00,4.010019999999999918e+00,9.518087506294250488e-01,6.196999549865722656e-01
7.569890945508825020e+00,4.335367048073865526e+00,1.738780883789062500e+03,1.419878721237182617e+00,4.010030000000000427e+00,9.378468990325927734e-01,6.132149100303649902e-01
7.573404616798517175e+00,4.356456834288922941e+00,2.391431152343750000e+03,1.560827016830444336e+00,4.010040000000000049e+00,7.400922179222106934e-01,5.167790055274963379e-01
7.574202565412241128e+00,4.371012449744360318e+00,2.733607177734375000e+03,1.486012458801269531e+00,4.010050000000000558e+00,1.085781455039978027e+00,7.749587297439575195e-01
7.573918322860822450e+00,4.391214059523735003e+00,2.148109619140625000e+03,1.363883733749389648e+00,4.010060000000000180e+00,9.746969938278198242e-01,6.672312617301940918e-01
7.568079026449909819e+00,4.404801780903569330e+00,2.282243896484375000e+03,2.088638067245483398e+00,4.010070000000000690e+00,7.149151563644409180e-01,4.950351417064666748e-01
7.569336775338020296e+00,4.423826198669483567e+00,1.561642822265625000e+03,1.525229930877685547e+00,4.010080000000000311e+00,8.253129124641418457e-01,5.250951051712036133e-01
7.571663511155556137e+00,4.441541676049249432e+00,1.362948730468750000e+03,1.226123094558715820e+00,4.010089999999999932e+00,8.047134876251220703e-01,4.923648536205291748e-01
7.577437603921394427e+00,4.458825689064207509e+00,1.722976562500000000e+03,1.247468709945678711e+00,4.010100000000000442e+00,7.822829484939575195e-01,5.103703141212463379e-01
7.572543746310754997e+00,4.472921443059346913e+00,2.524043701171875000e+03,1.059119224548339844e+00,4.010110000000000063e+00,8.017379641532897949e-01,5.649969577789306641e-01
7.571721084651433564e+00,4.490550437962303576e+00,2.754286376953125000e+03,1.138604402542114258e+00,4.010120000000000573e+00,9.721029996871948242e-01,6.946208477020263672e-01
7.569968408246654512e+00,4.502792971367336250e+00,1.854240234375000000e+03,1.400242567062377930e+00,4.010130000000000194e+00,8.619341254234313965e-01,5.720923542976379395e-01
7.570941762258505570e+00,4.518350427065085384e+00,1.699675048828125000e+03,1.515159130096435547e+00,4.010140000000000704e+00,9.390676021575927734e-01,6.106209158897399902e-01
7.572031138328663147e+00,4.539616134315434870e+00,1.756550659179687500e+03,1.403251409530639648e+00,4.010150000000000325e+00,9.623373746871948242e-01,6.307625770568847656e-01
7.575885818348520040e+00,4.556109824957878196e+00,1.634758789062500000e+03,1.565550088882446289e+00,4.010159999999999947e+00,8.030349612236022949e-01,5.170841813087463379e-01
7.567055235812818026e+00,4.571439968505492502e+00,1.132960327148437500e+03,1.487036466598510742e+00,4.010170000000000456e+00,1.001018524169921875e+00,5.754492878913879395e-01
7.578561622640545004e+00,4.586059483789744817e+00,2.443627197265625000e+03,1.325789213180541992e+00,4.010180000000000078e+00,8.462938070297241211e-01,5.931495428085327148e-01
7.571428933565308661e+00,4.607392410524914439e+00,1.930288940429687500e+03,1.526630640029907227e+00,4.010190000000000587e+00,8.619341254234313965e-01,5.772040486335754395e-01
7.571125399070698592e+00,4.614975516655202448e+00,2.073469238281250000e+03,1.387123584747314453e+00,4.010200000000000209e+00,9.541738629341125488e-01,6.486154794692993164e-01
7.567516199458165005e+00,4.630182951504216327e+00,1.418732421875000000e+03,1.522877931594848633e+00,4.010210000000000719e+00,8.236344456672668457e-01,5.100651383399963379e-01
7.571754288167266367e+00,4.652307136487991102e+00,1.597329345703125000e+03,1.509778022766113281e+00,4.010220000000000340e+00,6.886699199676513672e-01,4.407899379730224609e-01
7.569781937070523270e+00,4.669220170053111296e+00,1.922498901367187500e+03,1.238499402999877930e+00,4.010229999999999961e+00,7.767134904861450195e-01,5.196781754493713379e-01
7.564934644460089785e+00,4.688230533822411061e+00,1.690738647460937500e+03,1.132926464080810547e+00,4.010240000000000471e+00,8.238633275032043457e-01,5.350133180618286133e-01
7.568935147978094413e+00,4.700788847167049589e+00,1.896800537109375000e+03,1.284040927886962891e+00,4.010250000000000092e+00,7.886153459548950195e-01,5.260869264602661133e-01
7.566443649824566187e+00,4.723481635561994629e+00,1.301831420898437500e+03,1.205261468887329102e+00,4.010260000000000602e+00,7.454328536987304688e-01,4.495638012886047363e-01
7.565026185194965613e+00,4.743083789438204967e+00,1.551213012695312500e+03,1.173433780670166016e+00,4.010270000000000223e+00,7.744246721267700195e-01,4.918307960033416748e-01
7.562661145956703024e+00,4.758036580915052660e+00,2.137800537109375000e+03,1.063292741775512695e+00,4.010280000000000733e+00,8.001357913017272949e-01,5.472204089164733887e-01
7.568182583443329392e+00,4.766404299524261035e+00,1.744586547851562500e+03,1.154200553894042969e+00,4.010290000000000354e+00,7.750350236892700195e-01,5.071659088134765625e-01
7.561011724548958313e+00,4.781305784844745332e+00,2.640700683593750000e+03,1.195133447647094727e+00,4.010299999999999976e+00,8.644518256187438965e-01,6.136726737022399902e-01
7.563183436710886554e+00,4.802663348907186602e+00,3.466445556640625000e+03,1.248129129409790039e+00,4.010310000000000485e+00,7.679396271705627441e-01,5.661413669586181641e-01
7.565204983592043853e+00,4.814548807251344265e+00,1.540491333007812500e+03,1.373463392257690430e+00,4.010320000000000107e+00,7.967025637626647949e-01,5.050296783447265625e-01
7.564872077542842632e+00,4.832756941793880934e+00,1.281101074218750000e+03,1.097948074340820312e+00,4.010330000000000616e+00,7.752639055252075195e-01,4.651278257369995117e-01
7.556444524899319504e+00,4.847808667215234735e+00,1.332773559570312500e+03,1.244149923324584961e+00,4.010340000000000238e+00,8.300431370735168457e-01,5.043430328369140625e-01
7.566417061691049106e+00,4.872002368168216080e+00,1.974953369140625000e+03,1.246653318405151367e+00,4.010350000000000747e+00,8.433183431625366211e-01,5.675146579742431641e-01
7.566815025480347678e+00,4.888204767714166898e+00,1.653689453125000000e+03,1.169661998748779297e+00,4.010360000000000369e+00,7.575635910034179688e-01,4.892368018627166748e-01
7.563757460422744217e+00,4.897471893830633860e+00,1.421629394531250000e+03,1.283000230789184570e+00,4.010369999999999990e+00,8.507188558578491211e-01,5.271550416946411133e-01
7.560686822775453564e+00,4.916719738918688520e+00,2.014736694335937500e+03,1.070261716842651367e+00,4.010380000000000500e+00,1.056560754776000977e+00,7.139996290206909180e-01
7.567167141094943261e+00,4.936742584364781194e+00,1.588431884765625000e+03,1.575701951980590820e+00,4.010390000000000121e+00,1.018795132637023926e+00,6.511331796646118164e-01
7.560994257592066781e+00,4.949686923786643433e+00,2.240445312500000000e+03,1.932303428649902344e+00,4.010400000000000631e+00,1.160931229591369629e+00,8.011276125907897949e-01
7.560814017953025434e+00,4.966707384800750802e+00,2.157011474609375000e+03,2.112682580947875977e+00,4.010410000000000252e+00,1.061443567276000977e+00,7.271985411643981934e-01
7.563625066149350928e+00,4.982267650867190589e+00,2.720080810546875000e+03,2.196073055267333984e+00,4.010420000000000762e+00,1.213803172111511230e+00,8.656725287437438965e-01
7.565213063531181170e+00,5.001692480112144956e+00,2.452134277343750000e+03,1.910515546798706055e+00,4.010430000000000383e+00,1.127666950225830078e+00,7.908279299736022949e-01
7.566532165303016200e+00,5.011382026345640561e+00,3.038438720703125000e+03,2.076259374618530273e+00,4.010440000000000005e+00,1.024593472480773926e+00,7.426099777221679688e-01
7.567136596343565280e+00,5.033716016041537955e+00,2.371075927734375000e+03,2.191999673843383789e+00,4.010450000000000514e+00,7.654982209205627441e-01,5.337163209915161133e-01
7.566548987360397938e+00,5.054047754057228836e+00,2.115787353515625000e+03,1.775615930557250977e+00,4.010460000000000136e+00,7.613020539283752441e-01,5.196018815040588379e-01
7.560206475023329098e+00,5.064512081259137766e+00,1.594185302734375000e+03,1.334493875503540039e+00,4.010470000000000645e+00,7.378033995628356934e-01,4.719942808151245117e-01
7.562527762403245646e+00,5.081066812296136881e+00,1.377712402343750000e+03,1.088563919067382812e+00,4.010480000000000267e+00,8.031875491142272949e-01,4.930514991283416748e-01
7.562982536707687942e+00,5.098922881376029004e+00,1.178136596679687500e+03,1.293628931045532227e+00,4.010489999999999888e+00,6.578470468521118164e-01,3.835692703723907471e-01
7.565452181608860016e+00,5.109893246247285248e+00,1.107713989257812500e+03,1.149580001831054688e+00,4.010500000000000398e+00,6.015418767929077148e-01,3.429044485092163086e-01
7.571600982387436396e+00,5.133053989701769737e+00,1.771233398437500000e+03,7.462090849876403809e-01,4.010510000000000019e+00,7.010295987129211426e-01,4.603975713253021240e-01
7.570349606279744847e+00,5.153249160482049618e+00,1.807065673828125000e+03,9.146804213523864746e-01,4.010520000000000529e+00,7.681685090065002441e-01,5.068607330322265625e-01
7.568721114249315818e+00,5.165158841221924035e+00,1.461918945312500000e+03,9.712881445884704590e-01,4.010530000000000150e+00,8.003646731376647949e-01,4.999942779541015625e-01
7.569194020198371398e+00,5.182102422573466427e+00,2.610974609375000000e+03,1.258326292037963867e+00,4.010540000000000660e+00,8.211167454719543457e-01,5.818579792976379395e-01
7.570637451381335481e+00,5.195537427531816022e+00,2.291988769531250000e+03,1.161150455474853516e+00,4.010550000000000281e+00,9.437978267669677734e-01,6.540323495864868164e-01
7.568625554398989763e+00,5.212842185448158361e+00,1.652327514648437500e+03,1.362043142318725586e+00,4.010559999999999903e+00,8.810839653015136719e-01,5.688879489898681641e-01
7.567640698935720778e+00,5.233326455384798237e+00,1.711670410156250000e+03,1.546279907226562500e+00,4.010570000000000412e+00,6.972149014472961426e-01,4.541414380073547363e-01
7.569783834422216806e+00,5.245105493516036610e+00,1.615054443359375000e+03,1.282120466232299805e+00,4.010580000000000034e+00,7.687025666236877441e-01,4.934329688549041748e-01
7.564715217406257963e+00,5.261048810080194649e+00,1.256130493164062500e+03,1.080387353897094727e+00,4.010590000000000543e+00,7.037761807441711426e-01,4.195038676261901855e-01
7.566418734614840602e+00,5.277121379468335149e+00,2.918444091796875000e+03,1.044852256774902344e+00,4.010600000000000165e+00,8.287461400032043457e-01,5.972694158554077148e-01
7.566128800000133658e+00,5.292190104310325438e+00,1.422720825195312500e+03,1.104815721511840820e+00,4.010610000000000674e+00,7.984573245048522949e-01,4.948825538158416748e-01
7.570125453793874470e+00,5.313723149667458401e+00,2.431859130859375000e+03,1.292553663253784180e+00,4.010620000000000296e+00,7.550458908081054688e-01,5.287572145462036133e-01
7.567746582806688771e+00,5.330539770928357513e+00,2.193750976562500000e+03,1.152497053146362305e+00,4.010629999999999917e+00,6.749369502067565918e-01,4.639070928096771240e-01
7.568037096035048705e+00,5.350202796647892889e+00,1.642385864257812500e+03,1.194594621658325195e+00,4.010640000000000427e+00,7.165173292160034180e-01,4.619234502315521240e-01
7.571529461475180689e+00,5.366768085257856313e+00,1.716889770507812500e+03,9.715360999107360840e-01,4.010650000000000048e+00,6.341958642005920410e-01,4.134003221988677979e-01
7.570416781721673871e+00,5.380087390146275794e+00,1.483443603515625000e+03,9.343559145927429199e-01,4.010660000000000558e+00,7.867079973220825195e-01,4.935092628002166748e-01
7.565693110210387928e+00,5.394738691119065344e+00,2.227030273437500000e+03,9.599048495292663574e-01,4.010670000000000179e+00,6.939342021942138672e-01,4.783267080783843994e-01
7.567964363018551133e+00,5.415002446012924686e+00,2.424448486328125000e+03,1.127306938171386719e+00,4.010680000000000689e+00,7.053020596504211426e-01,4.936618506908416748e-01
7.566640808235057136e+00,5.430093841383390796e+00,2.503375000000000000e+03,1.061070680618286133e+00,4.010690000000000310e+00,9.000812768936157227e-01,6.334329247474670410e-01
7.563309344398598810e+00,5.450090517913197097e+00,1.603750488281250000e+03,1.229148626327514648e+00,4.010699999999999932e+00,6.859233379364013672e-01,4.394929409027099609e-01
7.561054844560727517e+00,5.465123383555229530e+00,2.100645019531250000e+03,1.294575452804565430e+00,4.010710000000000441e+00,6.777598261833190918e-01,4.619234502315521240e-01
7.561007024721032366e+00,5.472639068894520342e+00,3.179683837890625000e+03,9.224326014518737793e-01,4.010720000000000063e+00,8.289750218391418457e-01,6.045174002647399902e-01
7.560436434077798751e+00,5.494602646024793202e+00,1.801301147460937500e+03,1.054214954376220703e+00,4.010730000000000572e+00,8.626970648765563965e-01,5.688116550445556641e-01
7.565030467156939942e+00,5.514855256041700571e+00,1.955724609375000000e+03,1.450720548629760742e+00,4.010740000000000194e+00,7.572584152221679688e-01,5.085392594337463379e-01
7.564789130607200818e+00,5.529220689888598272e+00,1.295674438476562500e+03,1.332182407379150391e+00,4.010750000000000703e+00,7.383374571800231934e-01,4.446046650409698486e-01
7.562753065105701999e+00,5.546046876187728181e+00,1.852387207031250000e+03,1.127347469329833984e+00,4.010760000000000325e+00,7.458906173706054688e-01,4.949588477611541748e-01
7.557968178038700913e+00,5.562440351539949646e+00,2.317380371093750000e+03,1.040015935897827148e+00,4.010769999999999946e+00,7.036998867988586426e-01,4.886264503002166748e-01
7.562249096308019780e+00,5.577906231860335851e+00,2.395430908203125000e+03,1.154797792434692383e+00,4.010780000000000456e+00,6.793619990348815918e-01,4.745120108127593994e-01
7.558788836185538429e+00,5.597075134269807961e+00,1.732967285156250000e+03,1.081557989120483398e+00,4.010790000000000077e+00,6.967571377754211426e-01,4.552095532417297363e-01
7.553216459496581159e+00,5.609084487919997919e+00,2.038089111328125000e+03,9.790939688682556152e-01,4.010800000000000587e+00,7.080486416816711426e-01,4.796237051486968994e-01
7.561434489031105599e+00,5.629307120749503568e+00,1.457126220703125000e+03,8.628553748130798340e-01,4.010810000000000208e+00,8.831439614295959473e-01,5.511876940727233887e-01
7.554213709008777755e+00,5.644623295106571348e+00,1.623228881835937500e+03,1.077137708663940430e+00,4.010820000000000718e+00,6.872203350067138672e-01,4.417054951190948486e-01
7.563052618246587144e+00,5.652160163500751899e+00,2.548966064453125000e+03,1.176912307739257812e+00,4.010830000000000339e+00,8.665880560874938965e-01,6.116890311241149902e-01
7.556981704487628626e+00,5.675576608584003147e+00,1.725333007812500000e+03,1.068150520324707031e+00,4.010839999999999961e+00,7.671766877174377441e-01,5.006809234619140625e-01
7.561509174300496738e+00,5.693684756326697460e+00,1.909156616210937500e+03,1.321850538253784180e+00,4.010850000000000470e+00,7.049205899238586426e-01,4.709261655807495117e-01
7.563301714410259002e+00,5.705205593804115516e+00,1.616612060546875000e+03,1.174619913101196289e+00,4.010860000000000092e+00,6.424356102943420410e-01,4.124847948551177979e-01
7.559179576853014559e+00,5.723724294401283608e+00,2.686302246093750000e+03,1.043041467666625977e+00,4.010870000000000601e+00,8.148605823516845703e-01,5.800269246101379395e-01
7.567536370754775810e+00,5.742060884675881383e+00,2.112869873046875000e+03,1.119530916213989258e+00,4.010880000000000223e+00,7.135418653488159180e-01,4.868716597557067871e-01
7.565365204124308462e+00,5.754404815551690255e+00,1.785707153320312500e+03,1.251879453659057617e+00,4.010890000000000732e+00,7.060649991035461426e-01,4.645937383174896240e-01
7.563224335223244665e+00,5.773197768770618410e+00,2.439820312500000000e+03,1.001294374465942383e+00,4.010900000000000354e+00,7.777053117752075195e-01,5.449315905570983887e-01
7.564437569062557820e+00,5.786262867087111239e+00,2.034547851562500000e+03,1.103226661682128906e+00,4.010909999999999975e+00,7.559614181518554688e-01,5.118961930274963379e-01
7.567448801557269178e+00,5.802002365882315438e+00,2.231849853515625000e+03,1.234865903854370117e+00,4.010920000000000485e+00,7.886916399002075195e-01,5.438634753227233887e-01
7.563503381793062808e+00,5.821531315963130560e+00,2.919940917968750000e+03,1.192291498184204102e+00,4.010930000000000106e+00,8.928332924842834473e-01,6.435037255287170410e-01
7.562952180354597154e+00,5.837200860988300377e+00,2.630757324218750000e+03,1.370313882827758789e+00,4.010940000000000616e+00,9.080921411514282227e-01,6.442666649818420410e-01
7.570743010749458435e+00,5.851204525446443760e+00,1.577207519531250000e+03,1.638677835464477539e+00,4.010950000000000237e+00,9.161793589591979980e-01,5.844519734382629395e-01
7.565805351650688237e+00,5.864951684280826250e+00,2.196410644531250000e+03,1.539839029312133789e+00,4.010960000000000747e+00,9.946098327636718750e-01,6.837871074676513672e-01
7.562777310661771502e+00,5.884625536089481912e+00,2.974407470703125000e+03,1.624732732772827148e+00,4.010970000000000368e+00,9.016834497451782227e-01,6.515909433364868164e-01
7.568751956462799413e+00,5.904806427667445234e+00,2.405428955078125000e+03,1.727828502655029297e+00,4.010979999999999990e+00,1.000865936279296875e+00,6.995800137519836426e-01
7.570329002948582797e+00,5.921278111591853133e+00,1.714112182617187500e+03,1.736731052398681641e+00,4.010990000000000499e+00,7.127789258956909180e-01,4.644411504268646240e-01
7.567402137767852643e+00,5.935361050083925782e+00,1.705324829101562500e+03,1.485170841217041016e+00,4.011000000000000121e+00,6.888225078582763672e-01,4.482667744159698486e-01
7.567255436555518244e+00,5.956330460210029543e+00,1.741672241210937500e+03,1.051755666732788086e+00,4.011010000000000630e+00,6.595255136489868164e-01,4.314057528972625732e-01
7.567031235166325587e+00,5.971979966553423225e+00,1.798778076171875000e+03,9.485680460929870605e-01,4.011020000000000252e+00,8.583483099937438965e-01,5.657598972320556641e-01
7.562682887586306357e+00,5.987508683133315301e+00,2.174062011718750000e+03,1.059684276580810547e+00,4.011030000000000761e+00,7.278088927268981934e-01,4.993839263916015625e-01
7.567707648615347615e+00,6.002952582294800443e+00,1.319303222656250000e+03,1.321308135986328125e+00,4.011040000000000383e+00,7.918960452079772949e-01,4.796237051486968994e-01
7.571972657534002948e+00,6.021378709747532199e+00,1.270082641601562500e+03,1.141134023666381836e+00,4.011050000000000004e+00,7.199505567550659180e-01,4.307191073894500732e-01
7.564797455811548943e+00,6.031436243860255786e+00,1.444218627929687500e+03,1.140472412109375000e+00,4.011060000000000514e+00,6.592966318130493164e-01,4.104248583316802979e-01
7.563652608472157368e+00,6.049662939877788581e+00,3.228054443359375000e+03,9.609956145286560059e-01,4.011070000000000135e+00,8.246262669563293457e-01,6.025337576866149902e-01
7.568690185750527988e+00,6.074020847997532613e+00,1.507685791015625000e+03,1.084964990615844727e+00,4.011080000000000645e+00,7.583265900611877441e-01,4.778689444065093994e-01
7.561794028149315672e+00,6.085334016651211542e+00,1.354286132812500000e+03,1.371478557586669922e+00,4.011090000000000266e+00,7.493238449096679688e-01,4.575746953487396240e-01
7.562083754360517496e+00,6.103686404218114703e+00,2.343335937500000000e+03,1.138014316558837891e+00,4.011099999999999888e+00,6.394601464271545410e-01,4.449098408222198486e-01
7.562109995838780740e+00,6.120824568972129676e+00,1.948778198242187500e+03,9.665841460227966309e-01,4.011110000000000397e+00,6.424356102943420410e-01,4.311005771160125732e-01
7.560043131308391118e+00,6.142709871483108763e+00,2.060254882812500000e+03,9.708637595176696777e-01,4.011120000000000019e+00,6.524301767349243164e-01,4.429261982440948486e-01
7.560013895642038406e+00,6.150358716081972155e+00,1.404226562500000000e+03,8.777720332145690918e-01,4.011130000000000528e+00,7.611494660377502441e-01,4.699343442916870117e-01
7.562506010929523015e+00,6.161481289750085466e+00,2.174000976562500000e+03,9.529144167900085449e-01,4.011140000000000150e+00,9.577596783638000488e-01,6.571604013442993164e-01
7.562911478798038267e+00,6.181814170406951803e+00,1.694002075195312500e+03,1.120678901672363281e+00,4.011150000000000659e+00,8.614000678062438965e-01,5.596563816070556641e-01
7.563009924519424665e+00,6.200483612589776428e+00,2.326517578125000000e+03,1.907944202423095703e+00,4.011160000000000281e+00,7.310895323753356934e-01,5.080052018165588379e-01
7.563085900890414770e+00,6.223518264739599459e+00,2.551538574218750000e+03,1.521988630294799805e+00,4.011169999999999902e+00,1.030925869941711426e+00,7.278088927268981934e-01
7.567116551719487383e+00,6.234343186034756457e+00,1.912481933593750000e+03,1.279717206954956055e+00,4.011180000000000412e+00,8.586534857749938965e-01,5.738471150398254395e-01
7.563042718999654745e+00,6.247298522620969408e+00,1.783311157226562500e+03,1.737380743026733398e+00,4.011190000000000033e+00,6.264901161193847656e-01,4.121033251285552979e-01
7.559774217324427781e+00,6.264648169414247292e+00,1.361284057617187500e+03,1.368070363998413086e+00,4.011200000000000543e+00,6.853892803192138672e-01,4.191986918449401855e-01
7.562280606094296864e+00,6.284930643529276217e+00,1.969424316406250000e+03,9.664291739463806152e-01,4.011210000000000164e+00,8.401902914047241211e-01,5.650732517242431641e-01
7.562506551353837203e+00,6.299273638967488154e+00,2.251634521484375000e+03,1.043498039245605469e+00,4.011220000000000674e+00,8.655962347984313965e-01,5.978797674179077148e-01
7.558176279640377082e+00,6.315645721441066840e+00,2.362768798828125000e+03,1.356653690338134766e+00,4.011230000000000295e+00,7.621412873268127441e-01,5.310460329055786133e-01
7.563256005882844413e+00,6.335678162377027967e+00,1.252170898437500000e+03,1.373630285263061523e+00,4.011239999999999917e+00,6.972149014472961426e-01,4.151550829410552979e-01
7.567330095306111559e+00,6.347556666514869050e+00,1.946564453125000000e+03,1.108163118362426758e+00,4.011250000000000426e+00,7.399396300315856934e-01,4.964084625244140625e-01
7.562179078111091357e+00,6.360220031657124018e+00,2.692471435546875000e+03,9.832376837730407715e-01,4.011260000000000048e+00,9.228932261466979980e-01,6.571604013442993164e-01
7.567638190119411412e+00,6.383586111047784506e+00,1.209642211914062500e+03,1.182890653610229492e+00,4.011270000000000557e+00,8.218796849250793457e-01,4.836673140525817871e-01
7.564853577208685564e+00,6.404544722684733848e+00,1.474197021484375000e+03,1.568827152252197266e+00,4.011280000000000179e+00,7.670240998268127441e-01,4.803103506565093994e-01
7.569071121650402745e+00,6.419428007959765203e+00,1.328899414062500000e+03,1.188957214355468750e+00,4.011290000000000688e+00,8.478959798812866211e-01,5.147190690040588379e-01
7.566893187412485844e+00,6.440409650610281034e+00,1.713618774414062500e+03,1.022134542465209961e+00,4.011300000000000310e+00,9.090839624404907227e-01,5.923103094100952148e-01
7.557896862113724801e+00,6.455122584135612129e+00,1.169451538085937500e+03,1.425053596496582031e+00,4.011309999999999931e+00,7.600813508033752441e-01,4.420106709003448486e-01
7.568074065386261928e+00,6.477833008177293017e+00,1.908500854492187500e+03,1.382218122482299805e+00,4.011320000000000441e+00,7.693892121315002441e-01,5.139561295509338379e-01
7.564434778909216561e+00,6.479753529727711125e+00,1.268043457031250000e+03,1.188675880432128906e+00,4.011330000000000062e+00,7.425336837768554688e-01,4.439943134784698486e-01
7.560446681219816334e+00,6.496497971456411058e+00,1.691159301757812500e+03,1.091874361038208008e+00,4.011340000000000572e+00,7.401685118675231934e-01,4.806918501853942871e-01
7.567394050581023990e+00,6.515054003510181602e+00,1.845011108398437500e+03,1.096109867095947266e+00,4.011350000000000193e+00,6.107735037803649902e-01,4.049316644668579102e-01
7.567029522507026762e+00,6.530730756510227053e+00,1.149735839843750000e+03,9.906513094902038574e-01,4.011360000000000703e+00,6.338143944740295410e-01,3.663267791271209717e-01
7.564968534170649406e+00,6.544382421339761891e+00,1.380057739257812500e+03,7.694191336631774902e-01,4.011370000000000324e+00,6.583048105239868164e-01,4.043213129043579102e-01
7.568308727758573440e+00,6.563794821536672153e+00,1.064254272460937500e+03,8.679265379905700684e-01,4.011379999999999946e+00,6.803538799285888672e-01,3.818908035755157471e-01
7.562943917301521601e+00,6.582806585812488898e+00,2.714848388671875000e+03,8.496338725090026855e-01,4.011390000000000455e+00,8.338578343391418457e-01,5.945228338241577148e-01
7.562794736647282967e+00,6.593528375933146002e+00,2.342486328125000000e+03,1.038752317428588867e+00,4.011400000000000077e+00,6.772257685661315918e-01,4.711550474166870117e-01
7.562499371885063937e+00,6.613164504349588135e+00,1.948361450195312500e+03,1.387955665588378906e+00,4.011410000000000586e+00,6.938579082489013672e-01,4.655855894088745117e-01
7.562357817987155784e+00,6.628950423543414239e+00,1.486575439453125000e+03,9.353083968162536621e-01,4.011420000000000208e+00,6.950786113739013672e-01,4.362885951995849609e-01
7.561646713270223863e+00,6.650329029377294532e+00,1.692065917968750000e+03,1.038894176483154297e+00,4.011430000000000717e+00,7.379559874534606934e-01,4.793185293674468994e-01
7.552545905963794937e+00,6.657852732749216962e+00,3.018766357421875000e+03,1.184201955795288086e+00,4.011440000000000339e+00,7.658033967018127441e-01,5.545446276664733887e-01
7.560724826418973699e+00,6.674708974563820618e+00,1.440070556640625000e+03,1.203674793243408203e+00,4.011449999999999960e+00,6.818034648895263672e-01,4.240815043449401855e-01
7.555633280622112480e+00,6.690154160321452714e+00,1.964144409179687500e+03,1.292633533477783203e+00,4.011460000000000470e+00,9.080921411514282227e-01,6.103920340538024902e-01
7.560405845886920773e+00,6.712267808443635353e+00,1.473432983398437500e+03,1.170042276382446289e+00,4.011470000000000091e+00,7.533674240112304688e-01,4.716891050338745117e-01
7.560437761255508704e+00,6.731941096930446733e+00,1.524018920898437500e+03,1.236841201782226562e+00,4.011480000000000601e+00,6.914927959442138672e-01,4.370515346527099609e-01
7.566189763802078083e+00,6.751710728267222628e+00,1.561570068359375000e+03,1.025363922119140625e+00,4.011490000000000222e+00,6.730296015739440918e-01,4.282014071941375732e-01
7.559633267844827031e+00,6.758339101929295545e+00,2.034639892578125000e+03,1.022588729858398438e+00,4.011500000000000732e+00,7.094219326972961426e-01,4.803866446018218994e-01
7.559159825184764259e+00,6.769703181917304136e+00,1.874447021484375000e+03,1.023646116256713867e+00,4.011510000000000353e+00,6.848552227020263672e-01,4.556673169136047363e-01
7.559289133737111754e+00,6.794789172381555886e+00,1.914896606445312500e+03,1.103456735610961914e+00,4.011519999999999975e+00,7.859450578689575195e-01,5.254002809524536133e-01
7.565347576459413581e+00,6.807029273038573081e+00,1.544866821289062500e+03,9.962660670280456543e-01,4.011530000000000484e+00,9.198414683341979980e-01,5.835364460945129395e-01
7.561332942661760370e+00,6.825649356354983155e+00,1.863609863281250000e+03,1.285202026367187500e+00,4.011540000000000106e+00,8.334000706672668457e-01,5.537816882133483887e-01
7.557841849321730976e+00,6.839647305089939344e+00,1.650717773437500000e+03,1.348191022872924805e+00,4.011550000000000615e+00,7.614546418190002441e-01,4.915256202220916748e-01
7.561957506521292949e+00,6.857527715555685965e+00,2.178686523437500000e+03,1.378682374954223633e+00,4.011560000000000237e+00,8.114273548126220703e-01,5.569860935211181641e-01
7.562169631656873392e+00,6.877057283683475575e+00,1.882944458007812500e+03,1.204854965209960938e+00,4.011570000000000746e+00,8.054764270782470703e-01,5.364629030227661133e-01
7.568434250852327239e+00,6.890540538234048995e+00,2.919288818359375000e+03,1.233475923538208008e+00,4.011580000000000368e+00,9.214436411857604980e-01,6.641032099723815918e-01
7.566817819964286151e+00,6.907174299375636650e+00,3.646401123046875000e+03,1.218465089797973633e+00,4.011589999999999989e+00,1.106151938438415527e+00,8.203538060188293457e-01
7.565998527861403034e+00,6.924832643466005244e+00,1.577959228515625000e+03,1.790912866592407227e+00,4.011600000000000499e+00,1.057171106338500977e+00,6.744791865348815918e-01
7.565773372137031494e+00,6.940228206001930467e+00,1.685498779296875000e+03,2.350731611251831055e+00,4.011610000000000120e+00,8.379014730453491211e-01,5.437108874320983887e-01
7.566905226271211760e+00,6.958111100255835346e+00,1.816626953125000000e+03,1.822354316711425781e+00,4.011620000000000630e+00,6.809642314910888672e-01,4.498689770698547363e-01
7.558479362959101167e+00,6.972568967524003014e+00,2.348599365234375000e+03,1.315078258514404297e+00,4.011630000000000251e+00,7.710676789283752441e-01,5.366917848587036133e-01
7.565005184881173683e+00,6.991226303093949213e+00,2.037112060546875000e+03,1.128957986831665039e+00,4.011640000000000761e+00,7.029369473457336426e-01,4.761141836643218994e-01
7.568103559220313414e+00,7.009040189168269208e+00,1.826736938476562500e+03,1.118050336837768555e+00,4.011650000000000382e+00,7.622175812721252441e-01,5.041904449462890625e-01
7.567048983288601427e+00,7.027239735170017987e+00,1.775028198242187500e+03,9.844917654991149902e-01,4.011660000000000004e+00,8.578905463218688965e-01,5.636999607086181641e-01
7.557644850697803562e+00,7.045487678534465559e+00,1.399984985351562500e+03,1.270324707031250000e+00,4.011670000000000513e+00,8.307297825813293457e-01,5.124302506446838379e-01
7.571240879502796339e+00,7.059492596477432436e+00,1.596112915039062500e+03,1.333516359329223633e+00,4.011680000000000135e+00,8.746752738952636719e-01,5.597326755523681641e-01
7.566227281913226577e+00,7.077031224078265126e+00,1.949311279296875000e+03,1.182984828948974609e+00,4.011690000000000644e+00,9.248005747795104980e-01,6.206154823303222656e-01
7.570277690228312650e+00,7.090170207193543739e+00,2.189291992187500000e+03,1.323531389236450195e+00,4.011700000000000266e+00,8.420976400375366211e-01,5.785773396492004395e-01
7.567700639965282861e+00,7.110134170099481565e+00,1.834558471679687500e+03,1.467158317565917969e+00,4.011709999999999887e+00,8.763537406921386719e-01,5.802558064460754395e-01
7.566028448966608089e+00,7.127120069858806417e+00,1.392666870117187500e+03,1.476284980773925781e+00,4.011720000000000397e+00,8.439286947250366211e-01,5.197544693946838379e-01
7.561320568221218785e+00,7.150809145374608988e+00,2.570377685546875000e+03,1.299998283386230469e+00,4.011730000000000018e+00,8.970294594764709473e-01,6.340432763099670410e-01
7.564066818931258318e+00,7.168734911006337640e+00,1.662413330078125000e+03,1.377461671829223633e+00,4.011740000000000528e+00,6.553293466567993164e-01,4.237763285636901855e-01
7.570705749927672201e+00,7.180464458900158498e+00,1.671651367187500000e+03,1.269728660583496094e+00,4.011750000000000149e+00,8.113510608673095703e-01,5.254002809524536133e-01
7.564175566957571206e+00,7.194568084438343725e+00,1.461441650390625000e+03,1.060912132263183594e+00,4.011760000000000659e+00,7.211712598800659180e-01,4.504793286323547363e-01
7.563642296373889629e+00,7.212076618893439317e+00,1.305725830078125000e+03,1.239882230758666992e+00,4.011770000000000280e+00,7.276563048362731934e-01,4.392640590667724609e-01
7.563928773085020651e+00,7.222128483796496745e+00,1.506074584960937500e+03,1.001979827880859375e+00,4.011779999999999902e+00,7.274274230003356934e-01,4.582613408565521240e-01
7.562298078953644698e+00,7.244642241369799507e+00,1.289151123046875000e+03,1.027380943298339844e+00,4.011790000000000411e+00,6.946208477020263672e-01,4.175964891910552979e-01
7.558974113221974989e+00,7.260632525907462664e+00,1.676522827148437500e+03,9.879667162895202637e-01,4.011800000000000033e+00,8.195908069610595703e-01,5.311223268508911133e-01
7.559684095651008739e+00,7.277256452460936664e+00,1.545061645507812500e+03,9.107083678245544434e-01,4.011810000000000542e+00,7.525281906127929688e-01,4.774111807346343994e-01
7.559343844864969242e+00,7.295502349446138624e+00,1.170971191406250000e+03,1.211775064468383789e+00,4.011820000000000164e+00,6.866862773895263672e-01,3.995147645473480225e-01
7.556775334348544426e+00,7.310366080548925005e+00,1.166310180664062500e+03,1.014506340026855469e+00,4.011830000000000673e+00,7.304791808128356934e-01,4.243866801261901855e-01
7.552993830191483404e+00,7.327205225474739514e+00,1.423574829101562500e+03,8.993024230003356934e-01,4.011840000000000295e+00,8.025009036064147949e-01,4.974765777587890625e-01
7.558684617522487770e+00,7.343991283479219589e+00,1.641340209960937500e+03,9.862989783287048340e-01,4.011849999999999916e+00,6.935527324676513672e-01,4.470460712909698486e-01
7.556322755150233661e+00,7.360212654292288548e+00,1.375023559570312500e+03,1.029651880264282227e+00,4.011860000000000426e+00,6.474710106849670410e-01,3.972259461879730225e-01
7.553590905097979480e+00,7.377634484457502140e+00,1.548541503906250000e+03,8.114654421806335449e-01,4.011870000000000047e+00,8.805499076843261719e-01,5.589697360992431641e-01
7.548290032983387299e+00,7.392662415450636182e+00,1.942479370117187500e+03,1.056881666183471680e+00,4.011880000000000557e+00,8.559831976890563965e-01,5.739997029304504395e-01
7.556595804259089277e+00,7.411508739354498054e+00,1.845455444335937500e+03,1.323334693908691406e+00,4.011890000000000178e+00,7.632094025611877441e-01,5.060214996337890625e-01
7.555618576975662748e+00,7.435929283496317765e+00,1.588786865234375000e+03,1.148430824279785156e+00,4.011900000000000688e+00,8.214219212532043457e-01,5.250188112258911133e-01
7.551903102634224041e+00,7.445891861663072930e+00,1.617839355468750000e+03,1.238291978836059570e+00,4.011910000000000309e+00,8.130295276641845703e-01,5.221195816993713379e-01
7.552676628131493430e+00,7.460582904814270222e+00,1.574830810546875000e+03,1.366061687469482422e+00,4.011919999999999931e+00,8.616289496421813965e-01,5.494329333305358887e-01
7.550565513254941408e+00,7.480930606923942960e+00,1.836502807617187500e+03,1.336435794830322266e+00,4.011930000000000440e+00,9.605825543403625488e-01,6.361795067787170410e-01
7.548046378463138417e+00,7.492656952162954020e+00,1.831902954101562500e+03,1.533197879791259766e+00,4.011940000000000062e+00,9.802665114402770996e-01,6.488443613052368164e-01
7.551612155947853289e+00,7.509193646546046708e+00,3.162209716796875000e+03,1.475764036178588867e+00,4.011950000000000571e+00,1.208691477775573730e+00,8.807787895202636719e-01
7.549368900318780717e+00,7.530001703994376072e+00,1.679390502929687500e+03,1.748216867446899414e+00,4.011960000000000193e+00,9.469259381294250488e-01,6.139015555381774902e-01
7.554664485220766501e+00,7.545703314797231442e+00,2.646102539062500000e+03,2.017932653427124023e+00,4.011970000000000702e+00,1.166500687599182129e+00,8.283646702766418457e-01
7.554136288034008828e+00,7.565464044315221237e+00,5.762893554687500000e+03,1.922169446945190430e+00,4.011980000000000324e+00,1.146282792091369629e+00,8.867297768592834473e-01
7.560913634195282285e+00,7.573943362805238166e+00,2.690829101562500000e+03,2.164521932601928711e+00,4.011989999999999945e+00,1.148113846778869629e+00,8.174545764923095703e-01
7.556381523140887957e+00,7.590565462516540407e+00,1.945614868164062500e+03,2.403836965560913086e+00,4.012000000000000455e+00,8.016616702079772949e-01,5.377599000930786133e-01
7.558835236973295402e+00,7.611175196427271139e+00,1.391090332031250000e+03,2.001238584518432617e+00,4.012010000000000076e+00,8.474382162094116211e-01,5.217381119728088379e-01
7.565000767940246895e+00,7.627622247927301480e+00,1.437350463867187500e+03,1.226768016815185547e+00,4.012020000000000586e+00,6.890513896942138672e-01,4.283539950847625732e-01
7.554417460803394491e+00,7.646863981887440431e+00,2.294952392578125000e+03,1.397642612457275391e+00,4.012030000000000207e+00,6.325173377990722656e-01,4.384248256683349609e-01
7.560964123962753192e+00,7.665480050663963318e+00,1.513478149414062500e+03,9.034926295280456543e-01,4.012040000000000717e+00,7.235363721847534180e-01,4.564302563667297363e-01
7.564913075646990670e+00,7.679423488821371713e+00,2.226253417968750000e+03,9.989292025566101074e-01,4.012050000000000338e+00,8.507188558578491211e-01,5.863593816757202148e-01
7.565841267125149372e+00,7.698265584147476304e+00,2.028141967773437500e+03,1.011360406875610352e+00,4.012059999999999960e+00,9.106861352920532227e-01,6.162666678428649902e-01
7.563032544604569196e+00,7.712709671667741240e+00,1.714141601562500000e+03,1.556962251663208008e+00,4.012070000000000469e+00,7.618361115455627441e-01,4.964084625244140625e-01
7.561092390148286491e+00,7.729678731913282697e+00,1.685363891601562500e+03,1.340256452560424805e+00,4.012080000000000091e+00,8.315690159797668457e-01,5.395910143852233887e-01
7.565387570283194307e+00,7.749577559560700379e+00,1.761230834960937500e+03,1.298367500305175781e+00,4.012090000000000600e+00,8.180649280548095703e-01,5.365391969680786133e-01
7.569396440535079762e+00,7.760913844382932858e+00,1.484060546875000000e+03,1.174338579177856445e+00,4.012100000000000222e+00,9.785117506980895996e-01,6.139015555381774902e-01
7.564902977508486615e+00,7.771782147664548113e+00,2.045283447265625000e+03,1.395527839660644531e+00,4.012110000000000731e+00,8.699450492858886719e-01,5.897163152694702148e-01
7.572744362160960918e+00,7.792754853784439106e+00,2.025385009765625000e+03,1.599007368087768555e+00,4.012120000000000353e+00,8.688769340515136719e-01,5.878089666366577148e-01
7.562475560585432355e+00,7.808186954474703789e+00,1.680351196289062500e+03,1.485421180725097656e+00,4.012129999999999974e+00,8.751330375671386719e-01,5.674383640289306641e-01
7.564952780890273232e+00,7.824647868071190615e+00,1.597699584960937500e+03,1.502621889114379883e+00,4.012140000000000484e+00,8.504899740219116211e-01,5.443975329399108887e-01
7.564944487845391308e+00,7.841129905122570243e+00,1.494578613281250000e+03,1.333055019378662109e+00,4.012150000000000105e+00,8.420976400375366211e-01,5.293675661087036133e-01
7.561695880987674201e+00,7.857593277386121677e+00,1.767797241210937500e+03,1.323439598083496094e+00,4.012160000000000615e+00,9.813346266746520996e-01,6.441903710365295410e-01
7.566591166234439392e+00,7.868229379326381334e+00,2.158827636718750000e+03,1.312417507171630859e+00,4.012170000000000236e+00,9.631766080856323242e-01,6.599832773208618164e-01
7.566466815415630265e+00,7.891444408204273842e+00,1.866332397460937500e+03,1.751158952713012695e+00,4.012180000000000746e+00,8.999286890029907227e-01,5.981849431991577148e-01
7.564291014825236026e+00,7.910579890790499391e+00,2.186790527343750000e+03,1.587130546569824219e+00,4.012190000000000367e+00,8.295090794563293457e-01,5.698034763336181641e-01
7.566171087032936171e+00,7.918961082886987413e+00,1.912542968750000000e+03,1.442514181137084961e+00,4.012199999999999989e+00,7.790786027908325195e-01,5.206699967384338379e-01
7.559447348906890518e+00,7.940199337890707199e+00,1.847228759765625000e+03,1.438915252685546875e+00,4.012210000000000498e+00,7.220867872238159180e-01,4.788607656955718994e-01
7.564629616418417690e+00,7.963697804799281244e+00,2.727081054687500000e+03,1.205901622772216797e+00,4.012220000000000120e+00,8.707079887390136719e-01,6.212258338928222656e-01
7.560573703404510404e+00,7.972611678389707635e+00,1.119881835937500000e+03,1.203195571899414062e+00,4.012230000000000629e+00,7.438306808471679688e-01,4.257599711418151855e-01
7.560171490371934588e+00,7.990133446724483335e+00,1.343892578125000000e+03,1.370622634887695312e+00,4.012240000000000251e+00,7.387189269065856934e-01,4.500215649604797363e-01
7.563574563255264671e+00,8.006331111160445602e+00,1.421104858398437500e+03,1.098006486892700195e+00,4.012250000000000760e+00,7.889968156814575195e-01,4.888553321361541748e-01
7.555168315700035109e+00,8.028907390367482577e+00,1.802689208984375000e+03,1.014359712600708008e+00,4.012260000000000382e+00,8.168442249298095703e-01,5.386754274368286133e-01
7.565197932296326755e+00,8.039320448188162160e+00,1.440124511718750000e+03,1.134354591369628906e+00,4.012270000000000003e+00,8.840594887733459473e-01,5.498906970024108887e-01
7.561588245068435299e+00,8.060374241861463673e+00,1.986975830078125000e+03,1.419273138046264648e+00,4.012280000000000513e+00,7.592421174049377441e-01,5.115910172462463379e-01
7.561043405384809901e+00,8.073332849188073368e+00,1.325750854492187500e+03,1.300425052642822266e+00,4.012290000000000134e+00,7.559614181518554688e-01,4.585665166378021240e-01
7.555816145383134064e+00,8.088091562945210811e+00,1.447060180664062500e+03,1.099577665328979492e+00,4.012300000000000644e+00,6.570841073989868164e-01,4.092804193496704102e-01
7.558227462573690048e+00,8.102721594923785631e+00,1.333135375976562500e+03,9.596258997917175293e-01,4.012310000000000265e+00,7.368115782737731934e-01,4.477327167987823486e-01
7.560102872351495584e+00,8.118528248438801498e+00,1.707003051757812500e+03,1.078264236450195312e+00,4.012319999999999887e+00,7.037761807441711426e-01,4.581087529659271240e-01
7.560597279540808735e+00,8.142526274131475006e+00,1.415994628906250000e+03,1.161400794982910156e+00,4.012330000000000396e+00,7.584028840065002441e-01,4.694002866744995117e-01
7.555074971257973004e+00,8.155204429025561197e+00,1.456318359375000000e+03,1.071673154830932617e+00,4.012340000000000018e+00,8.226426243782043457e-01,5.133457779884338379e-01
7.565070370212153783e+00,8.174349159865474945e+00,2.017869628906250000e+03,1.283360242843627930e+00,4.012350000000000527e+00,7.292584776878356934e-01,4.929752051830291748e-01
7.556402383587117022e+00,8.189109016511658012e+00,1.534775268554687500e+03,1.172430038452148438e+00,4.012360000000000149e+00,6.299233436584472656e-01,3.989044129848480225e-01
7.557516952940340538e+00,8.206027402416118832e+00,1.567408081054687500e+03,1.016354084014892578e+00,4.012370000000000658e+00,7.189587354660034180e-01,4.578798711299896240e-01
7.557879554490210872e+00,8.221349157135813712e+00,2.008200805664062500e+03,8.786541819572448730e-01,4.012380000000000280e+00,7.890731692314147949e-01,5.328770875930786133e-01
7.560800667348455129e+00,8.232001094300851918e+00,1.766958496093750000e+03,1.144850969314575195e+00,4.012389999999999901e+00,7.890731692314147949e-01,5.179234147071838379e-01
7.559334051959060830e+00,8.249989080726770396e+00,2.231192871093750000e+03,1.220606088638305664e+00,4.012400000000000411e+00,8.922992348670959473e-01,6.152748465538024902e-01
7.557432724942434454e+00,8.269646164797558541e+00,2.232729492187500000e+03,1.270505905151367188e+00,4.012410000000000032e+00,9.109913110733032227e-01,6.282448768615722656e-01
7.562133629176409855e+00,8.290691982920080250e+00,2.195549316406250000e+03,1.394307136535644531e+00,4.012420000000000542e+00,9.358632564544677734e-01,6.433511376380920410e-01
7.561653098375721527e+00,8.304879474967302500e+00,1.839496215820312500e+03,1.564443826675415039e+00,4.012430000000000163e+00,8.516344428062438965e-01,5.642340183258056641e-01
7.564515352476132826e+00,8.315273951413102438e+00,1.454040283203125000e+03,1.801316261291503906e+00,4.012440000000000673e+00,7.224682569503784180e-01,4.506319165229797363e-01
7.560565901724960014e+00,8.336544458214168785e+00,1.705437500000000000e+03,1.361958503723144531e+00,4.012450000000000294e+00,6.892802715301513672e-01,4.485719501972198486e-01
7.561046183439370516e+00,8.351848307109793978e+00,1.736628051757812500e+03,1.058749675750732422e+00,4.012459999999999916e+00,6.813457012176513672e-01,4.453676044940948486e-01
7.561151755560091559e+00,8.369033524979949235e+00,1.806495117187500000e+03,9.651357531547546387e-01,4.012470000000000425e+00,6.261086463928222656e-01,4.130951464176177979e-01
7.562652384818745688e+00,8.385347924199558989e+00,1.698016113281250000e+03,9.893972277641296387e-01,4.012480000000000047e+00,6.940104961395263672e-01,4.511659741401672363e-01
7.564902178115537446e+00,8.410589896989858261e+00,1.422127807617187500e+03,9.188002943992614746e-01,4.012490000000000556e+00,6.676890254020690918e-01,4.137817919254302979e-01
7.565610539665599710e+00,8.424067647216887167e+00,1.480989379882812500e+03,8.509654402732849121e-01,4.012500000000000178e+00,6.551767587661743164e-01,4.108063280582427979e-01
7.560197183858171854e+00,8.438872747166472621e+00,1.461773315429687500e+03,9.673983454704284668e-01,4.012510000000000687e+00,6.309914588928222656e-01,3.941741585731506348e-01
7.565795779420439793e+00,8.458387289868261050e+00,1.369913330078125000e+03,8.240873217582702637e-01,4.012520000000000309e+00,6.934001445770263672e-01,4.249207377433776855e-01
7.559205758541717834e+00,8.469690321529430577e+00,1.605374633789062500e+03,7.992679476737976074e-01,4.012529999999999930e+00,6.282448768615722656e-01,4.026428461074829102e-01
7.569541168116070473e+00,8.485121341331950617e+00,1.427252441406250000e+03,9.222299456596374512e-01,4.012540000000000440e+00,6.282448768615722656e-01,3.897491097450256348e-01
7.560736873073746978e+00,8.499405426549536458e+00,1.042264038085937500e+03,8.477706313133239746e-01,4.012550000000000061e+00,6.754710078239440918e-01,3.760161399841308594e-01
7.568442870022319191e+00,8.511766994834072619e+00,1.057087402343750000e+03,8.547109961509704590e-01,4.012560000000000571e+00,6.584573984146118164e-01,3.686155974864959717e-01
7.563845526384392670e+00,8.539775359371260421e+00,2.043635864257812500e+03,7.936901450157165527e-01,4.012570000000000192e+00,6.747843623161315918e-01,4.573458135128021240e-01
7.568323432601549605e+00,8.551670479585336437e+00,1.196752319335937500e+03,8.256072402000427246e-01,4.012580000000000702e+00,7.105663418769836426e-01,4.166046679019927979e-01
7.558000020684243481e+00,8.569685553236364939e+00,1.910764160156250000e+03,9.441537261009216309e-01,4.012590000000000323e+00,7.819777727127075195e-01,5.225010514259338379e-01
7.567489521011124154e+00,8.587241458076736222e+00,1.604663330078125000e+03,9.747869372367858887e-01,4.012599999999999945e+00,7.583265900611877441e-01,4.859561324119567871e-01
7.565901283214402362e+00,8.609073584871296703e+00,1.208414672851562500e+03,1.269987344741821289e+00,4.012610000000000454e+00,7.162121534347534180e-01,4.213349223136901855e-01
7.566892127532605983e+00,8.623909154264595145e+00,2.172117919921875000e+03,1.034019708633422852e+00,4.012620000000000076e+00,7.729750275611877441e-01,5.302830934524536133e-01
7.561100378189110849e+00,8.636767780882181000e+00,2.468746337890625000e+03,1.083585739135742188e+00,4.012630000000000585e+00,8.185226917266845703e-01,5.746863484382629395e-01
7.562622437523991437e+00,8.660102127991919474e+00,1.306205566406250000e+03,1.128044843673706055e+00,4.012640000000000207e+00,9.871329665184020996e-01,5.959724187850952148e-01
7.569389000264519218e+00,8.677428026695515939e+00,1.797770629882812500e+03,1.338918924331665039e+00,4.012650000000000716e+00,9.753836393356323242e-01,6.428170800209045410e-01
7.559497123664894680e+00,8.688181986692384839e+00,2.169483642578125000e+03,1.436807632446289062e+00,4.012660000000000338e+00,9.277760386466979980e-01,6.363320946693420410e-01
7.563934523544131316e+00,8.707175194104014082e+00,1.522790893554687500e+03,1.696680307388305664e+00,4.012669999999999959e+00,7.677107453346252441e-01,4.851168990135192871e-01
7.561663126179671401e+00,8.724053388769361206e+00,2.883452148437500000e+03,1.409534931182861328e+00,4.012680000000000469e+00,8.209641575813293457e-01,5.906318426132202148e-01
7.559497954219809301e+00,8.732270872716993537e+00,1.824154785156250000e+03,1.311282634735107422e+00,4.012690000000000090e+00,9.061084985733032227e-01,5.991767644882202148e-01
7.555882913499369913e+00,8.754446645580392428e+00,1.939134765625000000e+03,1.619487524032592773e+00,4.012700000000000600e+00,7.822066545486450195e-01,5.243321657180786133e-01
7.561397761846457399e+00,8.769221582063211784e+00,1.304942138671875000e+03,1.422748088836669922e+00,4.012710000000000221e+00,6.441140770912170410e-01,3.887572884559631348e-01
7.551293159214836237e+00,8.782903998586091276e+00,1.200286376953125000e+03,1.087685346603393555e+00,4.012720000000000731e+00,7.060649991035461426e-01,4.143921434879302979e-01
7.560384319817693211e+00,8.803852640446988786e+00,1.717116821289062500e+03,8.316022753715515137e-01,4.012730000000000352e+00,7.657271027565002441e-01,4.991550445556640625e-01
7.553653031196115641e+00,8.821119882646764054e+00,1.703389038085937500e+03,1.087424278259277344e+00,4.012739999999999974e+00,7.648878693580627441e-01,4.976291656494140625e-01
7.556291345316178187e+00,8.829333400583468716e+00,2.047783447265625000e+03,1.128882884979248047e+00,4.012750000000000483e+00,6.625772714614868164e-01,4.492586255073547363e-01
7.550170204615153757e+00,8.853835604105499968e+00,1.775967773437500000e+03,1.132894277572631836e+00,4.012760000000000105e+00,8.198196887969970703e-01,5.387517213821411133e-01
7.550527452406673667e+00,8.878413702211977565e+00,1.388895385742187500e+03,1.027421474456787109e+00,4.012770000000000614e+00,7.176617383956909180e-01,4.416292011737823486e-01
7.552708311338903968e+00,8.885985126261777722e+00,1.254975219726562500e+03,1.313768148422241211e+00,4.012780000000000236e+00,7.727461457252502441e-01,4.604738652706146240e-01
7.549785504749183751e+00,8.904967821659253602e+00,1.526343383789062500e+03,1.073904752731323242e+00,4.012790000000000745e+00,7.382611632347106934e-01,4.668062925338745117e-01
7.550798223472627413e+00,8.919950448585417746e+00,1.193500122070312500e+03,1.148067235946655273e+00,4.012800000000000367e+00,8.411058187484741211e-01,4.926700294017791748e-01
7.559675035635732954e+00,8.939928914597510712e+00,2.339533203125000000e+03,9.968442320823669434e-01,4.012809999999999988e+00,8.490403890609741211e-01,5.905555486679077148e-01
7.550350051539726159e+00,8.958761428075906252e+00,2.290057861328125000e+03,1.095196723937988281e+00,4.012820000000000498e+00,7.584028840065002441e-01,5.254765748977661133e-01
7.559831304825686438e+00,8.972487613627412983e+00,1.790428100585937500e+03,1.208776950836181641e+00,4.012830000000000119e+00,6.823375225067138672e-01,4.492586255073547363e-01
7.558465279452921237e+00,8.993316497025908518e+00,1.666605102539062500e+03,1.086049795150756836e+00,4.012840000000000629e+00,7.209423780441284180e-01,4.665011167526245117e-01
7.562219787596863974e+00,9.010858547493452164e+00,1.433715820312500000e+03,9.277159571647644043e-01,4.012850000000000250e+00,7.262829542160034180e-01,4.511659741401672363e-01
7.560579264799094368e+00,9.028227880360054414e+00,1.726678100585937500e+03,1.040845632553100586e+00,4.012860000000000760e+00,7.410840392112731934e-01,4.837436079978942871e-01
7.560582812527537833e+00,9.036494683583397247e+00,1.371385864257812500e+03,1.041311740875244141e+00,4.012870000000000381e+00,7.249096632003784180e-01,4.443757832050323486e-01
7.565021834466580941e+00,9.054488329110185418e+00,1.310526367187500000e+03,1.031528234481811523e+00,4.012880000000000003e+00,7.143048048019409180e-01,4.317109286785125732e-01
7.556286489085785263e+00,9.068426295047924413e+00,1.880938232421875000e+03,1.018900394439697266e+00,4.012890000000000512e+00,7.738143205642700195e-01,5.152531266212463379e-01
7.559908221950263574e+00,9.089948121403381265e+00,1.974337158203125000e+03,1.095793962478637695e+00,4.012900000000000134e+00,6.538034677505493164e-01,4.399507045745849609e-01
7.556125406354930796e+00,9.104884987717017708e+00,1.855343872070312500e+03,1.049471616744995117e+00,4.012910000000000643e+00,8.174545764923095703e-01,5.426427721977233887e-01
7.565775459261172564e+00,9.121121289222422490e+00,1.698013549804687500e+03,9.640938639640808105e-01,4.012920000000000265e+00,6.955364346504211426e-01,4.521577954292297363e-01
7.562573253241327897e+00,9.135405399806593607e+00,1.538730590820312500e+03,1.298503398895263672e+00,4.012929999999999886e+00,6.985881924629211426e-01,4.426973164081573486e-01
7.566674014188064845e+00,9.158198736309929089e+00,1.656103637695312500e+03,1.049978256225585938e+00,4.012940000000000396e+00,7.983810305595397949e-01,5.157871842384338379e-01
7.565120697589163612e+00,9.171087235714125541e+00,1.502501586914062500e+03,1.114074707031250000e+00,4.012950000000000017e+00,8.001357913017272949e-01,5.037326812744140625e-01
7.564274203719720369e+00,9.190900665085472099e+00,2.284442382812500000e+03,1.256427288055419922e+00,4.012960000000000527e+00,6.712748408317565918e-01,4.648989439010620117e-01
7.566757927143940243e+00,9.200701252634356564e+00,1.662426757812500000e+03,1.163014888763427734e+00,4.012970000000000148e+00,8.727679252624511719e-01,5.643866062164306641e-01
7.565161678889023911e+00,9.214031069593744405e+00,1.682016357421875000e+03,1.109557867050170898e+00,4.012980000000000658e+00,7.999832034111022949e-01,5.188389420509338379e-01
7.558518450863741300e+00,9.236211377719426352e+00,1.790092163085937500e+03,1.204611778259277344e+00,4.012990000000000279e+00,7.597761750221252441e-01,5.002231597900390625e-01
7.562159000510742857e+00,9.248531205368944796e+00,1.398571411132812500e+03,1.064813852310180664e+00,4.012999999999999901e+00,7.218579053878784180e-01,4.451387226581573486e-01
7.561303677260595713e+00,9.266763720259797665e+00,1.496201293945312500e+03,1.162724018096923828e+00,4.013010000000000410e+00,6.427407860755920410e-01,4.041687250137329102e-01
7.564274972990225443e+00,9.286283228180312932e+00,1.639100341796875000e+03,1.090023040771484375e+00,4.013020000000000032e+00,8.563646674156188965e-01,5.517980456352233887e-01
7.562769904656691189e+00,9.303345794661858292e+00,2.322544433593750000e+03,1.050343036651611328e+00,4.013030000000000541e+00,9.384572505950927734e-01,6.518961191177368164e-01
7.557142924249030891e+00,9.320226836410560267e+00,2.121453613281250000e+03,1.620158672332763672e+00,4.013040000000000163e+00,1.012615203857421875e+00,6.914927959442138672e-01
7.559184984263662699e+00,9.334384948976355290e+00,1.491746459960937500e+03,1.650136232376098633e+00,4.013050000000000672e+00,1.054805994033813477e+00,6.627298593521118164e-01
7.555132763169274845e+00,9.346477230975843042e+00,1.868529785156250000e+03,1.802272319793701172e+00,4.013060000000000294e+00,7.890731692314147949e-01,5.246373414993286133e-01
7.560066585892210256e+00,9.368359625232850263e+00,1.373828491210937500e+03,1.648430347442626953e+00,4.013069999999999915e+00,8.314927220344543457e-01,5.099888443946838379e-01
7.560137939433630550e+00,9.385861034917265755e+00,1.414995117187500000e+03,1.145179986953735352e+00,4.013080000000000425e+00,8.626207709312438965e-01,5.337926149368286133e-01
7.557599660852056367e+00,9.406038294129665189e+00,1.720902465820312500e+03,1.378474950790405273e+00,4.013090000000000046e+00,7.860213518142700195e-01,5.126591324806213379e-01
7.559586477248952718e+00,9.419387008847815324e+00,1.436883422851562500e+03,1.356422424316406250e+00,4.013100000000000556e+00,8.089096546173095703e-01,5.028171539306640625e-01
7.551295231282551867e+00,9.440309646844394109e+00,1.486186279296875000e+03,1.183295965194702148e+00,4.013110000000000177e+00,7.796126604080200195e-01,4.893130958080291748e-01
7.552942135232644461e+00,9.451170675446988412e+00,1.300687866210937500e+03,1.218214750289916992e+00,4.013120000000000687e+00,7.314710021018981934e-01,4.410188198089599609e-01
7.553225293593786915e+00,9.466696149999309640e+00,1.095414306640625000e+03,1.104281663894653320e+00,4.013130000000000308e+00,7.786971330642700195e-01,4.420106709003448486e-01
7.546152000397442272e+00,9.482634877818238550e+00,1.265601806640625000e+03,1.099001884460449219e+00,4.013139999999999930e+00,7.078960537910461426e-01,4.230133891105651855e-01
7.550828499650937609e+00,9.504270504717814205e+00,1.586442138671875000e+03,9.814853072166442871e-01,4.013150000000000439e+00,6.647135615348815918e-01,4.246918559074401855e-01
7.544186721131310058e+00,9.519779875317253115e+00,1.610324340820312500e+03,9.027261137962341309e-01,4.013160000000000061e+00,6.782938838005065918e-01,4.350678920745849609e-01
7.550954150412521493e+00,9.531280084284814436e+00,1.586372802734375000e+03,9.091121554374694824e-01,4.013170000000000570e+00,7.185772657394409180e-01,4.591005742549896240e-01
7.546478484297234779e+00,9.544649416765597749e+00,1.532750366210937500e+03,9.463710188865661621e-01,4.013180000000000192e+00,7.095745205879211426e-01,4.491823017597198486e-01
7.548075058706912976e+00,9.569889330046478904e+00,1.983206665039062500e+03,1.049999713897705078e+00,4.013190000000000701e+00,7.705336213111877441e-01,5.189915299415588379e-01
7.543883400644269877e+00,9.585313059126711721e+00,1.767567504882812500e+03,9.816462397575378418e-01,4.013200000000000323e+00,8.478196859359741211e-01,5.565283298492431641e-01
7.548604587032075486e+00,9.593420224174590061e+00,1.745336791992187500e+03,1.195764064788818359e+00,4.013209999999999944e+00,7.709913849830627441e-01,5.045719146728515625e-01
7.544590379549611647e+00,9.605894466784137720e+00,1.624770507812500000e+03,1.285292625427246094e+00,4.013220000000000454e+00,7.078197598457336426e-01,4.550569653511047363e-01
7.549655757265171019e+00,9.618525008150621503e+00,1.535113891601562500e+03,1.268701076507568359e+00,4.013230000000000075e+00,7.304791808128356934e-01,4.626100957393646240e-01
7.547688634578168632e+00,9.629283089221221559e+00,1.638775878906250000e+03,1.012196063995361328e+00,4.013240000000000585e+00,3.453458547592163086e-01,2.225121408700942993e-01
7.549800807670120406e+00,9.638787109361249605e+00,-1.299782500000000000e+05,9.901816248893737793e-01,4.013250000000000206e+00,1.208119243383407593e-01,1.008228361606597900e-01
7.550157991257473000e+00,9.640674298332161385e+00,-2.984418945312500000e+03,5.979949831962585449e-01,4.013260000000000716e+00,1.103596165776252747e-01,1.056293696165084839e-01
7.553886198552136833e+00,9.647976201659522744e+00,4.434464843750000000e+03,3.290707170963287354e-01,4.013270000000000337e+00,1.227192804217338562e-01,9.288823604583740234e-02
