# x_coordinates, y_coordinates, TEP, TED, times, high, low
1.297810563728021194e+01,1.927260276939068984e+00,1.174941528320312500e+03,9.306968003511428833e-02,4.059050000000000047e+00,2.415857017040252686e-01,1.407247185707092285e-01
1.298655829886879154e+01,1.929099622661314406e+00,1.059093505859375000e+03,1.490014940500259399e-01,4.059060000000000556e+00,3.023922145366668701e-01,1.694113463163375854e-01
1.297468457900987993e+01,1.923524024675604238e+00,1.552014892578125000e+03,1.961237341165542603e-01,4.059070000000000178e+00,3.985992372035980225e-01,2.531824111938476562e-01
1.298231475737353335e+01,1.919849371678206351e+00,1.497989501953125000e+03,3.297919332981109619e-01,4.059080000000000688e+00,4.246918559074401855e-01,2.671442627906799316e-01
1.297878353568182241e+01,1.920339949712396077e+00,3.658034179687500000e+03,5.213791728019714355e-01,4.059090000000000309e+00,4.085174798965454102e-01,3.030788600444793701e-01
1.298689695109157682e+01,1.920859984710736157e+00,1.834259521484375000e+03,5.059618353843688965e-01,4.059099999999999930e+00,5.931495428085327148e-01,3.927245736122131348e-01
1.298165108308834270e+01,1.927190343302833009e+00,1.515577392578125000e+03,6.080049872398376465e-01,4.059110000000000440e+00,4.655092954635620117e-01,2.937709689140319824e-01
1.299168722269781817e+01,1.931550869453207087e+00,1.205547485351562500e+03,7.454103827476501465e-01,4.059120000000000061e+00,5.076999664306640625e-01,2.984248995780944824e-01
1.297981717121004586e+01,1.943227356849016152e+00,1.301759033203125000e+03,6.006342768669128418e-01,4.059130000000000571e+00,5.449315905570983887e-01,3.286374211311340332e-01
1.297906639614938840e+01,1.949207421057256084e+00,3.572090576171875000e+03,6.785482764244079590e-01,4.059140000000000192e+00,4.824466109275817871e-01,3.569425940513610840e-01
1.298291738355680991e+01,1.962858612839644357e+00,1.289507324218750000e+03,8.241314291954040527e-01,4.059150000000000702e+00,4.429261982440948486e-01,2.663050293922424316e-01
1.298389650636817727e+01,1.972524548886244178e+00,1.854163574218750000e+03,6.687445044517517090e-01,4.059160000000000323e+00,5.143375992774963379e-01,3.413785696029663086e-01
1.298422585297741705e+01,1.989852268008547531e+00,1.792715698242187500e+03,4.917496740818023682e-01,4.059169999999999945e+00,5.759070515632629395e-01,3.792968094348907471e-01
1.298054515104960949e+01,2.000496813855197509e+00,1.406385986328125000e+03,8.279139399528503418e-01,4.059180000000000454e+00,5.220432877540588379e-01,3.224575817584991455e-01
1.298280454665765937e+01,2.026040459141681183e+00,1.749918090820312500e+03,6.745941042900085449e-01,4.059190000000000076e+00,6.083320975303649902e-01,3.983703553676605225e-01
1.298085971588903043e+01,2.045668552403136609e+00,1.569416259765625000e+03,8.693928122520446777e-01,4.059200000000000585e+00,4.242340922355651855e-01,2.702723443508148193e-01
1.297494616519603028e+01,2.069820811593718002e+00,1.700050048828125000e+03,8.987063765525817871e-01,4.059210000000000207e+00,4.336946010589599609e-01,2.820216417312622070e-01
1.297636677749132161e+01,2.090315447087481626e+00,1.435520874023437500e+03,5.019826292991638184e-01,4.059220000000000717e+00,4.657381772994995117e-01,2.894221842288970947e-01
1.298856022255742459e+01,2.109411959924291757e+00,1.837490478515625000e+03,6.363124251365661621e-01,4.059230000000000338e+00,3.814330399036407471e-01,2.526483535766601562e-01
1.296997482739901386e+01,2.133840169973744594e+00,1.945235961914062500e+03,4.585629999637603760e-01,4.059239999999999959e+00,4.484193623065948486e-01,3.007900416851043701e-01
1.298412673878074308e+01,2.152649404595230909e+00,1.865285278320312500e+03,5.975479483604431152e-01,4.059250000000000469e+00,4.408662319183349609e-01,2.930080294609069824e-01
1.297270759231425430e+01,2.176099601343469025e+00,1.815625366210937500e+03,6.372815966606140137e-01,4.059260000000000090e+00,4.553621411323547363e-01,3.007900416851043701e-01
1.297839370859816022e+01,2.191300393545943859e+00,1.335271118164062500e+03,6.070989966392517090e-01,4.059270000000000600e+00,4.442994892597198486e-01,2.701197564601898193e-01
1.296958908048481440e+01,2.212245579177748667e+00,1.563193237304687500e+03,6.037706732749938965e-01,4.059280000000000221e+00,4.811496138572692871e-01,3.062069118022918701e-01
1.298477418714075959e+01,2.233853810863387412e+00,1.442810546875000000e+03,5.384010672569274902e-01,4.059290000000000731e+00,5.258580446243286133e-01,3.272641301155090332e-01
1.297179555677951157e+01,2.256969299032904885e+00,1.597843872070312500e+03,6.664044260978698730e-01,4.059300000000000352e+00,5.492803454399108887e-01,3.516019880771636963e-01
1.297997778173594341e+01,2.278153777839706517e+00,1.879001220703125000e+03,6.860775351524353027e-01,4.059309999999999974e+00,5.972694158554077148e-01,3.976074159145355225e-01
1.297424515848990545e+01,2.289421158691001157e+00,2.525301513671875000e+03,8.686763644218444824e-01,4.059320000000000483e+00,5.969642400741577148e-01,4.207245707511901855e-01
1.298221018314069752e+01,2.307424987556208951e+00,3.189157470703125000e+03,8.132607340812683105e-01,4.059330000000000105e+00,7.175854444503784180e-01,5.234929323196411133e-01
1.297127225576431719e+01,2.325090313339835735e+00,2.403550781250000000e+03,1.198195934295654297e+00,4.059340000000000614e+00,6.367135643959045410e-01,4.449861347675323486e-01
1.297729692768724874e+01,2.341008323809667946e+00,2.475654052734375000e+03,1.220737218856811523e+00,4.059350000000000236e+00,7.255963087081909180e-01,5.096836686134338379e-01
1.298314681912849444e+01,2.363107222682232944e+00,1.410862182617187500e+03,1.212542772293090820e+00,4.059360000000000746e+00,4.143158495426177979e-01,2.561579048633575439e-01
1.297966103565321383e+01,2.378376114821851406e+00,1.406724487304687500e+03,1.064425230026245117e+00,4.059370000000000367e+00,5.973457098007202148e-01,3.689970672130584717e-01
1.297729730914256940e+01,2.404345503889887325e+00,2.513069580078125000e+03,5.662984251976013184e-01,4.059379999999999988e+00,6.595255136489868164e-01,4.644411504268646240e-01
1.298567592023155370e+01,2.422709505707501432e+00,1.744994384765625000e+03,1.024889469146728516e+00,4.059390000000000498e+00,6.528116464614868164e-01,4.272095859050750732e-01
1.298718426024320216e+01,2.440934018436812458e+00,2.358801757812500000e+03,1.040180444717407227e+00,4.059400000000000119e+00,5.667517185211181641e-01,3.947845399379730225e-01
1.298447476871801953e+01,2.453187262258980983e+00,1.770694824218750000e+03,1.047991037368774414e+00,4.059410000000000629e+00,5.140324234962463379e-01,3.375638425350189209e-01
1.298825119637265679e+01,2.472347974221405842e+00,1.415372558593750000e+03,8.680350184440612793e-01,4.059420000000000250e+00,5.762885212898254395e-01,3.566374182701110840e-01
1.298650024013155146e+01,2.487468289927006637e+00,1.778083374023437500e+03,8.781868815422058105e-01,4.059430000000000760e+00,5.659887790679931641e-01,3.720488548278808594e-01
1.298650239280645380e+01,2.508920908825631013e+00,1.405073486328125000e+03,9.463495612144470215e-01,4.059440000000000381e+00,5.228062272071838379e-01,3.228390514850616455e-01
1.298480797971155454e+01,2.532575793056202951e+00,2.172560302734375000e+03,7.882029414176940918e-01,4.059450000000000003e+00,5.331822633743286133e-01,3.657927215099334717e-01
1.299270898220944659e+01,2.551593513585766804e+00,2.016111450195312500e+03,7.651228308677673340e-01,4.059460000000000512e+00,6.063484549522399902e-01,4.098144769668579102e-01
1.298328138713750057e+01,2.575542772847978945e+00,1.848022338867187500e+03,8.585304617881774902e-01,4.059470000000000134e+00,5.582067966461181641e-01,3.702177703380584717e-01
1.299261663359449592e+01,2.589626231124747768e+00,2.507079589843750000e+03,8.801359534263610840e-01,4.059480000000000643e+00,4.986209869384765625e-01,3.509916365146636963e-01
1.298867345509712123e+01,2.609073724207779943e+00,2.440527343750000000e+03,8.528632521629333496e-01,4.059490000000000265e+00,4.043213129043579102e-01,2.833186388015747070e-01
1.299403493788542896e+01,2.628484551363529764e+00,1.248806884765625000e+03,7.262844443321228027e-01,4.059500000000000774e+00,4.258362948894500732e-01,2.533349990844726562e-01
1.298095897391863041e+01,2.650271544246043831e+00,1.426508300781250000e+03,5.455595850944519043e-01,4.059510000000000396e+00,4.558961987495422363e-01,2.827845811843872070e-01
1.299730201115866102e+01,2.676642494381950677e+00,2.058770751953125000e+03,5.161101222038269043e-01,4.059520000000000017e+00,4.605501592159271240e-01,3.126156330108642578e-01
1.298479333164108240e+01,2.696284756039764030e+00,2.102760742187500000e+03,5.505377650260925293e-01,4.059530000000000527e+00,5.191441178321838379e-01,3.538908064365386963e-01
1.299065545258432763e+01,2.716878215787661421e+00,1.636211547851562500e+03,6.547624468803405762e-01,4.059540000000000148e+00,5.101414322853088379e-01,3.285611271858215332e-01
1.298445898032719548e+01,2.740668248787845762e+00,4.747741699218750000e+03,7.370335459709167480e-01,4.059550000000000658e+00,5.134220719337463379e-01,3.910461068153381348e-01
1.299369200528589019e+01,2.760093986421988443e+00,1.936367919921875000e+03,6.912190318107604980e-01,4.059560000000000279e+00,5.416509509086608887e-01,3.629698157310485840e-01
1.298794291712684945e+01,2.775815375349123038e+00,1.455389404296875000e+03,8.793992400169372559e-01,4.059569999999999901e+00,4.314820468425750732e-01,2.692041993141174316e-01
1.298594673151972501e+01,2.798890751417920431e+00,1.418131591796875000e+03,7.538861632347106934e-01,4.059580000000000410e+00,4.520052075386047363e-01,2.798854112625122070e-01
1.298994797940985713e+01,2.821187461997208601e+00,1.269888427734375000e+03,6.734413504600524902e-01,4.059590000000000032e+00,4.056183099746704102e-01,2.426538169384002686e-01
1.298626464459001539e+01,2.835232614489226588e+00,1.620460327148437500e+03,6.581944823265075684e-01,4.059600000000000541e+00,4.858798384666442871e-01,3.121578693389892578e-01
1.297834230097035046e+01,2.853021495649669781e+00,1.817640991210937500e+03,4.814130365848541260e-01,4.059610000000000163e+00,5.709479451179504395e-01,3.772368431091308594e-01
1.298557003829733247e+01,2.872396115004260064e+00,2.561778808593750000e+03,7.270056605339050293e-01,4.059620000000000672e+00,4.472749531269073486e-01,3.159725666046142578e-01
1.297565880484681955e+01,2.896105377308888951e+00,1.382843261718750000e+03,7.701105475425720215e-01,4.059630000000000294e+00,4.809970259666442871e-01,2.956020236015319824e-01
1.297610236966940178e+01,2.915587518660694766e+00,1.461757690429687500e+03,5.904728770256042480e-01,4.059639999999999915e+00,4.437654316425323486e-01,2.772150933742523193e-01
1.297484201321596764e+01,2.933651352501278620e+00,1.193089111328125000e+03,6.609196066856384277e-01,4.059650000000000425e+00,3.822722733020782471e-01,2.238854318857192993e-01
1.297439301396499189e+01,2.953638910197791567e+00,1.472181762695312500e+03,5.618662238121032715e-01,4.059660000000000046e+00,3.838744461536407471e-01,2.402887046337127686e-01
1.297585135059727968e+01,2.976504931553894284e+00,1.381640136718750000e+03,4.844540655612945557e-01,4.059670000000000556e+00,4.376618862152099609e-01,2.688990235328674316e-01
1.297439145767712354e+01,2.990734136596794102e+00,9.285979614257812500e+02,5.131453871726989746e-01,4.059680000000000177e+00,5.531713366508483887e-01,2.931606173515319824e-01
1.298125139168735309e+01,3.013815048571433231e+00,1.735405639648437500e+03,6.609088778495788574e-01,4.059690000000000687e+00,5.360051393508911133e-01,3.503049910068511963e-01
1.297590615321186824e+01,3.031906423549186602e+00,1.822611450195312500e+03,6.758469939231872559e-01,4.059700000000000308e+00,5.678198337554931641e-01,3.754057884216308594e-01
1.298223619938744378e+01,3.052099409323183021e+00,1.282577270507812500e+03,7.935041785240173340e-01,4.059709999999999930e+00,4.913730323314666748e-01,2.949153780937194824e-01
1.296714580346380430e+01,3.066462097784785623e+00,1.650748413085937500e+03,7.290691733360290527e-01,4.059720000000000439e+00,4.670351743698120117e-01,3.014766871929168701e-01
1.297128295578743540e+01,3.089583213182673038e+00,1.924551513671875000e+03,6.258661150932312012e-01,4.059730000000000061e+00,4.020324647426605225e-01,2.690516114234924316e-01
1.295726011425959179e+01,3.108715341438441637e+00,1.430640747070312500e+03,5.964667201042175293e-01,4.059740000000000570e+00,4.744357168674468994e-01,2.945339083671569824e-01
1.297416221585871554e+01,3.126027733820287757e+00,1.741812744140625000e+03,4.897767603397369385e-01,4.059750000000000192e+00,5.466100573539733887e-01,3.575529456138610840e-01
1.296392962436835994e+01,3.147537646100047048e+00,1.547252807617187500e+03,6.977946162223815918e-01,4.059760000000000701e+00,4.460542500019073486e-01,2.830897569656372070e-01
1.297217180727184882e+01,3.170727202787769983e+00,1.553125000000000000e+03,7.103986144065856934e-01,4.059770000000000323e+00,4.642122685909271240e-01,2.949153780937194824e-01
1.296527065145418156e+01,3.193783120056973956e+00,1.161255737304687500e+03,5.746740698814392090e-01,4.059779999999999944e+00,5.181522965431213379e-01,3.005611300468444824e-01
1.297811646835597799e+01,3.210790610367030062e+00,1.576869140625000000e+03,6.690687537193298340e-01,4.059790000000000454e+00,6.101631522178649902e-01,3.892150521278381348e-01
1.297166402773417815e+01,3.231811105224314584e+00,3.201684814453125000e+03,6.804961562156677246e-01,4.059800000000000075e+00,7.366589903831481934e-01,5.376836061477661133e-01
1.297476996767776747e+01,3.257331981477084248e+00,1.728333862304687500e+03,1.049983024597167969e+00,4.059810000000000585e+00,6.051277518272399902e-01,3.950897157192230225e-01
1.297112781678502280e+01,3.271739759448248464e+00,3.737206787109375000e+03,1.231538772583007812e+00,4.059820000000000206e+00,4.950351417064666748e-01,3.681578338146209717e-01
1.297416046393425404e+01,3.300176924771048181e+00,1.838384277343750000e+03,9.976536631584167480e-01,4.059830000000000716e+00,5.926154851913452148e-01,3.925719857215881348e-01
1.297142979776473659e+01,3.320536742258247909e+00,1.987437744140625000e+03,8.120400309562683105e-01,4.059840000000000337e+00,6.283211708068847656e-01,4.233948588371276855e-01
1.297694562272642216e+01,3.342673055572520369e+00,1.887481933593750000e+03,1.065250158309936523e+00,4.059849999999999959e+00,5.675909519195556641e-01,3.782286643981933594e-01
1.297764748947900948e+01,3.357494625999872362e+00,1.845715209960937500e+03,9.961313605308532715e-01,4.059860000000000468e+00,6.554819345474243164e-01,4.346101284027099609e-01
1.297173656379874629e+01,3.377590739043527801e+00,1.310342407226562500e+03,9.337705969810485840e-01,4.059870000000000090e+00,5.960487127304077148e-01,3.602232336997985840e-01
1.297866392798079360e+01,3.398385218622400394e+00,1.606505737304687500e+03,1.060306549072265625e+00,4.059880000000000599e+00,5.676672458648681641e-01,3.638853728771209717e-01
1.297839628264507716e+01,3.413632672080432418e+00,2.211403808593750000e+03,9.212476611137390137e-01,4.059890000000000221e+00,6.353402733802795410e-01,4.373567104339599609e-01
1.297469922023185518e+01,3.439700677460263201e+00,1.580691040039062500e+03,1.070875644683837891e+00,4.059900000000000730e+00,5.705664753913879395e-01,3.641905486583709717e-01
1.297671150369139603e+01,3.459651437315160116e+00,1.690145996093750000e+03,1.180262088775634766e+00,4.059910000000000352e+00,4.821414351463317871e-01,3.130733966827392578e-01
1.298458845077333734e+01,3.475756553801977677e+00,2.887169189453125000e+03,8.602351546287536621e-01,4.059919999999999973e+00,7.155255079269409180e-01,5.148716568946838379e-01
1.297916832781825391e+01,3.500715391548191668e+00,1.679614013671875000e+03,9.233445525169372559e-01,4.059930000000000483e+00,4.584139287471771240e-01,2.972041964530944824e-01
1.298329291862080836e+01,3.525755630641693728e+00,1.734031250000000000e+03,1.152040481567382812e+00,4.059940000000000104e+00,4.887027442455291748e-01,3.193295300006866455e-01
1.297542801232991039e+01,3.534985247079243109e+00,4.250791015625000000e+03,6.418723464012145996e-01,4.059950000000000614e+00,4.153076708316802979e-01,3.130733966827392578e-01
1.298873255683864336e+01,3.555203290452178422e+00,1.743230468750000000e+03,7.344824671745300293e-01,4.059960000000000235e+00,3.760161399841308594e-01,2.460107654333114624e-01
1.297940592071954136e+01,3.578988307208884390e+00,1.557032958984375000e+03,4.898947775363922119e-01,4.059970000000000745e+00,3.958526551723480225e-01,2.516565322875976562e-01
1.298906851663460671e+01,3.602818557465401472e+00,1.561749023437500000e+03,5.146200060844421387e-01,4.059980000000000366e+00,4.243103861808776855e-01,2.699671685695648193e-01
1.297940740049094188e+01,3.617824130550578055e+00,1.792681640625000000e+03,5.447835326194763184e-01,4.059989999999999988e+00,4.368989467620849609e-01,2.877437174320220947e-01
1.298417065338577814e+01,3.640899995444432324e+00,1.766511718750000000e+03,5.748850703239440918e-01,4.060000000000000497e+00,4.317872226238250732e-01,2.833949327468872070e-01
1.298123018768256287e+01,3.666133619125807375e+00,1.250466552734375000e+03,6.625170111656188965e-01,4.060010000000000119e+00,4.270569980144500732e-01,2.541742622852325439e-01
1.298351255274709537e+01,3.685662284076864470e+00,1.399248413085937500e+03,6.269485354423522949e-01,4.060020000000000628e+00,4.546754956245422363e-01,2.804194688796997070e-01
1.298637366853913377e+01,3.701994867290192559e+00,2.011337524414062500e+03,4.789024889469146729e-01,4.060030000000000250e+00,4.858035445213317871e-01,3.281796574592590332e-01
1.298692555293216877e+01,3.725726000280638495e+00,8.983571777343750000e+02,6.684023737907409668e-01,4.060040000000000759e+00,4.867953658103942871e-01,2.540979683399200439e-01
1.298074099076462673e+01,3.739106069302292834e+00,2.041838378906250000e+03,6.420380473136901855e-01,4.060050000000000381e+00,6.035255789756774902e-01,4.089752435684204102e-01
1.298544657206612207e+01,3.763163975626294899e+00,1.956479370117187500e+03,6.738991141319274902e-01,4.060060000000000002e+00,5.480596423149108887e-01,3.680815398693084717e-01
1.297267344832954272e+01,3.786852680002858129e+00,2.085648437500000000e+03,9.325653910636901855e-01,4.060070000000000512e+00,5.314275026321411133e-01,3.616728186607360840e-01
1.297840145758835106e+01,3.802102875455898978e+00,1.377644531250000000e+03,8.549148440361022949e-01,4.060080000000000133e+00,5.482885241508483887e-01,3.365720212459564209e-01
1.297812138651057268e+01,3.824527387845587434e+00,9.706431884765625000e+02,8.724958300590515137e-01,4.060090000000000643e+00,5.016727447509765625e-01,2.711115777492523193e-01
1.298065458792352267e+01,3.842657229457822954e+00,1.770944335937500000e+03,7.193798422813415527e-01,4.060100000000000264e+00,5.407354235649108887e-01,3.551115095615386963e-01
1.297727559931045604e+01,3.860883891677328705e+00,3.914108154296875000e+03,7.181496024131774902e-01,4.060110000000000774e+00,6.308388710021972656e-01,4.715365171432495117e-01
1.296925499556077632e+01,3.883142364450463901e+00,3.721797851562500000e+03,9.015280604362487793e-01,4.060120000000000395e+00,4.176727831363677979e-01,3.104794025421142578e-01
1.297526906766436561e+01,3.910548107940472473e+00,2.392549804687500000e+03,7.934684157371520996e-01,4.060130000000000017e+00,5.427190661430358887e-01,3.789916336536407471e-01
1.297424599624757846e+01,3.923729739061553978e+00,1.376174804687500000e+03,7.352668642997741699e-01,4.060140000000000526e+00,4.747408926486968994e-01,2.913295328617095947e-01
1.297333698322248097e+01,3.945669863805846056e+00,1.842469726562500000e+03,7.614118456840515137e-01,4.060150000000000148e+00,5.651495456695556641e-01,3.745665550231933594e-01
1.297018052953994882e+01,3.968208860573734231e+00,1.356269409179687500e+03,7.417852282524108887e-01,4.060160000000000657e+00,4.929752051830291748e-01,3.011715114116668701e-01
1.296818322325542638e+01,3.985165391151084702e+00,1.915510986328125000e+03,8.281607031822204590e-01,4.060170000000000279e+00,4.272095859050750732e-01,2.856074869632720947e-01
1.296601169326108050e+01,4.006445960045158294e+00,2.124574462890625000e+03,7.221001982688903809e-01,4.060179999999999900e+00,4.672640562057495117e-01,3.191769421100616455e-01
1.297257981853284647e+01,4.026447587433399811e+00,2.729233398437500000e+03,6.673175692558288574e-01,4.060190000000000410e+00,5.095310807228088379e-01,3.635801970958709717e-01
1.296631074666485084e+01,4.046997865988315901e+00,1.517624877929687500e+03,7.055229544639587402e-01,4.060200000000000031e+00,5.887244939804077148e-01,3.716673851013183594e-01
1.297117781830373673e+01,4.060437171526002587e+00,1.634464355468750000e+03,9.115225672721862793e-01,4.060210000000000541e+00,5.765174031257629395e-01,3.712096214294433594e-01
1.296776614160812535e+01,4.082213997573603592e+00,2.254415527343750000e+03,8.698493838310241699e-01,4.060220000000000162e+00,5.930732488632202148e-01,4.097381830215454102e-01
1.297356438835607761e+01,4.103664982410844431e+00,2.133338867187500000e+03,8.405501246452331543e-01,4.060230000000000672e+00,6.979015469551086426e-01,4.771060049533843994e-01
1.296427538686403658e+01,4.114418361554553094e+00,2.211432617187500000e+03,1.139935970306396484e+00,4.060240000000000293e+00,8.823809623718261719e-01,6.074165701866149902e-01
1.296657170302832185e+01,4.142293879608043738e+00,2.446834960937500000e+03,1.531286954879760742e+00,4.060249999999999915e+00,9.238087534904479980e-01,6.476235985755920410e-01
1.296691940696626233e+01,4.165489142341203710e+00,1.452525878906250000e+03,1.705597162246704102e+00,4.060260000000000424e+00,6.686045527458190918e-01,4.169098436832427979e-01
1.296762439212773010e+01,4.181180447353512797e+00,1.721859741210937500e+03,1.564839601516723633e+00,4.060270000000000046e+00,6.402993798255920410e-01,4.176727831363677979e-01
1.296886530300912810e+01,4.203712297367536266e+00,1.695568481445312500e+03,1.287513494491577148e+00,4.060280000000000555e+00,6.133674979209899902e-01,3.985992372035980225e-01
1.297034175354368024e+01,4.221686177599548451e+00,1.839021362304687500e+03,1.031264781951904297e+00,4.060290000000000177e+00,7.645063996315002441e-01,5.064792633056640625e-01
1.296826625592506943e+01,4.242121996979915544e+00,2.252144042968750000e+03,1.145743846893310547e+00,4.060300000000000686e+00,6.152748465538024902e-01,4.249970316886901855e-01
1.296891091895397530e+01,4.257498463776022923e+00,1.996704101562500000e+03,1.343657493591308594e+00,4.060310000000000308e+00,5.431005358695983887e-01,3.663267791271209717e-01
1.297649032782241818e+01,4.287050358834853192e+00,2.933633300781250000e+03,9.795195460319519043e-01,4.060319999999999929e+00,7.082775235176086426e-01,5.108280777931213379e-01
1.297364354333421410e+01,4.299951240080483572e+00,1.919086914062500000e+03,1.168219566345214844e+00,4.060330000000000439e+00,5.980323553085327148e-01,3.999725282192230225e-01
1.297253126921089894e+01,4.326959986802466851e+00,1.408931274414062500e+03,1.314130544662475586e+00,4.060340000000000060e+00,5.141087174415588379e-01,3.177273571491241455e-01
1.297258830673506758e+01,4.345377220959231401e+00,1.894631958007812500e+03,8.730310797691345215e-01,4.060350000000000570e+00,6.193947792053222656e-01,4.130951464176177979e-01
1.297352082351258673e+01,4.359361832612195897e+00,1.379462158203125000e+03,9.414297938346862793e-01,4.060360000000000191e+00,5.160160660743713379e-01,3.168881237506866455e-01
1.296839947524490455e+01,4.383248553223563881e+00,2.725828369140625000e+03,1.018391370773315430e+00,4.060370000000000701e+00,4.919833838939666748e-01,3.509916365146636963e-01
1.297456632112510100e+01,4.400773831009491488e+00,2.299609863281250000e+03,7.341296076774597168e-01,4.060380000000000322e+00,6.131386160850524902e-01,4.251496195793151855e-01
1.297907428409523689e+01,4.424046744815796295e+00,2.335985595703125000e+03,8.751541972160339355e-01,4.060389999999999944e+00,4.718416929244995117e-01,3.281033635139465332e-01
1.297849367009752086e+01,4.446057928351920374e+00,1.596020385742187500e+03,9.409875273704528809e-01,4.060400000000000453e+00,5.301305055618286133e-01,3.392423093318939209e-01
1.297804838171049546e+01,4.467677498553887183e+00,1.526358032226562500e+03,7.329553961753845215e-01,4.060410000000000075e+00,5.710242390632629395e-01,3.610624670982360840e-01
1.298031021023104614e+01,4.488721850660648549e+00,1.414107299804687500e+03,7.554597258567810059e-01,4.060420000000000584e+00,5.764411091804504395e-01,3.566374182701110840e-01
1.297903656955421070e+01,4.509523612455052621e+00,1.461048583984375000e+03,8.139593005180358887e-01,4.060430000000000206e+00,4.906100928783416748e-01,3.064357936382293701e-01
1.297545249878723972e+01,4.524875489160978148e+00,2.087492675781250000e+03,8.592206835746765137e-01,4.060440000000000715e+00,5.667517185211181641e-01,3.857817947864532471e-01
1.297366142268936784e+01,4.547170736198768104e+00,1.248994628906250000e+03,8.095473647117614746e-01,4.060450000000000337e+00,3.891387581825256348e-01,2.315148562192916870e-01
1.297709092757463800e+01,4.564402768734343141e+00,2.062796386718750000e+03,7.386941313743591309e-01,4.060459999999999958e+00,3.397000730037689209e-01,2.306756228208541870e-01
1.298127435943607466e+01,4.586282878950298070e+00,1.967869384765625000e+03,4.271418154239654541e-01,4.060470000000000468e+00,3.633513152599334717e-01,2.443322986364364624e-01
1.297797327830687131e+01,4.607395615729280358e+00,1.164144653320312500e+03,4.571682512760162354e-01,4.060480000000000089e+00,3.732695579528808594e-01,2.167137712240219116e-01
1.297770645315904225e+01,4.625908885410170868e+00,1.250146484375000000e+03,4.353696405887603760e-01,4.060490000000000599e+00,3.787627220153808594e-01,2.254113256931304932e-01
1.297695530376045703e+01,4.649640265665556882e+00,1.325635498046875000e+03,3.977197706699371338e-01,4.060500000000000220e+00,4.264466464519500732e-01,2.586756050586700439e-01
1.297837251330470032e+01,4.665235169505203672e+00,1.480048461914062500e+03,4.103333055973052979e-01,4.060510000000000730e+00,4.985446929931640625e-01,3.125393390655517578e-01
1.297889200016168054e+01,4.683634411288637445e+00,1.504388793945312500e+03,5.056757330894470215e-01,4.060520000000000351e+00,3.781523704528808594e-01,2.381524592638015747e-01
1.297389171875096281e+01,4.704844488738860520e+00,1.349887451171875000e+03,5.343694090843200684e-01,4.060529999999999973e+00,3.132259845733642578e-01,1.910789161920547485e-01
1.296959409176800548e+01,4.723343148080656917e+00,1.079374511718750000e+03,4.418069422245025635e-01,4.060540000000000482e+00,3.425992727279663086e-01,1.933677494525909424e-01
1.297127540266987289e+01,4.743093116242368623e+00,1.507390258789062500e+03,2.733618319034576416e-01,4.060550000000000104e+00,5.328007936477661133e-01,3.357327878475189209e-01
1.297413932212884013e+01,4.767569827545651506e+00,2.456558105468750000e+03,5.833334326744079590e-01,4.060560000000000613e+00,4.820651412010192871e-01,3.381741940975189209e-01
1.297401290792419992e+01,4.786404614272155023e+00,1.046619140625000000e+03,8.034271597862243652e-01,4.060570000000000235e+00,5.049533843994140625e-01,2.815638780593872070e-01
1.297173724707817044e+01,4.810294070255142884e+00,1.473256225585937500e+03,6.530517935752868652e-01,4.060580000000000744e+00,4.697054624557495117e-01,2.940761446952819824e-01
1.297258304161947251e+01,4.826162749769698834e+00,1.790002563476562500e+03,6.592161059379577637e-01,4.060590000000000366e+00,4.247681498527526855e-01,2.796565294265747070e-01
1.297396893346463287e+01,4.843263441474777053e+00,2.329174072265625000e+03,5.714291930198669434e-01,4.060599999999999987e+00,5.595800876617431641e-01,3.889098763465881348e-01
1.297000912305750830e+01,4.863553524203870104e+00,1.491597656250000000e+03,6.479281783103942871e-01,4.060610000000000497e+00,6.647898554801940918e-01,4.176727831363677979e-01
1.297348467519945814e+01,4.887088007426521052e+00,1.603332031250000000e+03,9.538227915763854980e-01,4.060620000000000118e+00,6.319069862365722656e-01,4.048553705215454102e-01
1.297284589184321923e+01,4.902467640824644590e+00,2.302057617187500000e+03,1.013861417770385742e+00,4.060630000000000628e+00,6.081795096397399902e-01,4.217926859855651855e-01
1.296541097313569679e+01,4.925916010968057535e+00,1.473671752929687500e+03,8.903331160545349121e-01,4.060640000000000249e+00,5.832312703132629395e-01,3.651823699474334717e-01
1.297445747197582655e+01,4.945711842938074199e+00,1.426561889648437500e+03,1.030358791351318359e+00,4.060650000000000759e+00,4.504793286323547363e-01,2.794276475906372070e-01
1.297105711611163059e+01,4.964298726636251935e+00,1.653366210937500000e+03,8.049697279930114746e-01,4.060660000000000380e+00,5.227299332618713379e-01,3.375638425350189209e-01
1.297650929871571712e+01,4.985522289386707051e+00,2.123472412109375000e+03,7.620722651481628418e-01,4.060670000000000002e+00,4.801577627658843994e-01,3.279507756233215332e-01
1.297072560282867215e+01,5.006468422562441845e+00,1.401184204101562500e+03,8.273107409477233887e-01,4.060680000000000511e+00,4.882449507713317871e-01,3.012478053569793701e-01
1.297580269591417057e+01,5.027979694051638582e+00,1.894850097656250000e+03,6.606680750846862793e-01,4.060690000000000133e+00,4.031769037246704102e-01,2.688990235328674316e-01
1.296883195880446848e+01,5.050333329838927021e+00,2.025802978515625000e+03,7.379931807518005371e-01,4.060700000000000642e+00,4.698580503463745117e-01,3.178799450397491455e-01
1.296984171161638244e+01,5.069117633564144576e+00,1.988352783203125000e+03,5.731338858604431152e-01,4.060710000000000264e+00,7.524518966674804688e-01,5.070896148681640625e-01
1.296983963119316563e+01,5.086114819597730374e+00,1.260609252929687500e+03,9.109289050102233887e-01,4.060720000000000773e+00,3.982940614223480225e-01,2.376946955919265747e-01
1.297470299570071894e+01,5.109923643131448756e+00,3.003357910156250000e+03,1.037187099456787109e+00,4.060730000000000395e+00,4.414002895355224609e-01,3.194058239459991455e-01
1.297030491735605828e+01,5.122601911683227094e+00,1.219892089843750000e+03,5.985540747642517090e-01,4.060740000000000016e+00,5.918525457382202148e-01,3.493131697177886963e-01
1.297127069244338315e+01,5.152160845448450210e+00,2.057609375000000000e+03,7.217878699302673340e-01,4.060750000000000526e+00,5.036563873291015625e-01,3.418363332748413086e-01
1.296960533323310116e+01,5.166913420029428217e+00,1.581066528320312500e+03,7.821649909019470215e-01,4.060760000000000147e+00,4.816073775291442871e-01,3.074276149272918701e-01
1.296184012133819685e+01,5.191387194813338546e+00,1.741550659179687500e+03,6.970257163047790527e-01,4.060770000000000657e+00,4.261414706707000732e-01,2.787410020828247070e-01
1.296619810774454074e+01,5.203918189771734149e+00,2.373836425781250000e+03,7.110101580619812012e-01,4.060780000000000278e+00,5.962013006210327148e-01,4.157654345035552979e-01
1.297093700304635000e+01,5.222604765805316518e+00,2.385034912109375000e+03,6.988150477409362793e-01,4.060789999999999900e+00,4.932803809642791748e-01,3.442777395248413086e-01
1.297130724995274953e+01,5.250118511967838408e+00,1.381627319335937500e+03,1.075571298599243164e+00,4.060800000000000409e+00,4.249970316886901855e-01,2.611170113086700439e-01
1.296546215602103658e+01,5.263175537428853801e+00,1.626912841796875000e+03,7.775492072105407715e-01,4.060810000000000031e+00,5.124302506446838379e-01,3.295529484748840332e-01
1.297030587001134805e+01,5.283490245874277846e+00,1.073125732421875000e+03,6.752342581748962402e-01,4.060820000000000540e+00,4.504030346870422363e-01,2.536401748657226562e-01
1.296455259056305032e+01,5.308879064489091526e+00,1.882563842773437500e+03,6.866866946220397949e-01,4.060830000000000162e+00,4.694002866744995117e-01,3.126156330108642578e-01
1.296384720181616679e+01,5.327799677226801478e+00,1.231281005859375000e+03,6.261975169181823730e-01,4.060840000000000671e+00,4.488771259784698486e-01,2.657709717750549316e-01
1.296475284669577910e+01,5.353264691840288414e+00,1.250965698242187500e+03,6.613427996635437012e-01,4.060850000000000293e+00,5.596563816070556641e-01,3.331387937068939209e-01
1.296906062666056414e+01,5.364526107099158558e+00,3.805774414062500000e+03,6.386131644248962402e-01,4.060859999999999914e+00,5.347844362258911133e-01,3.985229432582855225e-01
1.296363916091681467e+01,5.382006595900662660e+00,1.296405029296875000e+03,8.990008234977722168e-01,4.060870000000000424e+00,5.622503757476806641e-01,3.386319577693939209e-01
1.296228039963421352e+01,5.411594397846841709e+00,1.630577026367187500e+03,9.042376875877380371e-01,4.060880000000000045e+00,4.954166114330291748e-01,3.187954723834991455e-01
1.297211489198129719e+01,5.426858797791201283e+00,1.367243408203125000e+03,8.135063052177429199e-01,4.060890000000000555e+00,5.813239216804504395e-01,3.560270667076110840e-01
1.296023854062130098e+01,5.442875001729653661e+00,2.267356201171875000e+03,7.853049635887145996e-01,4.060900000000000176e+00,4.930514991283416748e-01,3.409970998764038086e-01
1.296157304408862387e+01,5.468521040718629322e+00,1.646331054687500000e+03,8.246595263481140137e-01,4.060910000000000686e+00,4.858035445213317871e-01,3.133785724639892578e-01
1.297045279001223150e+01,5.491358627507178625e+00,1.380634155273437500e+03,7.691366076469421387e-01,4.060920000000000307e+00,4.632204473018646240e-01,2.845393419265747070e-01
1.296320259532827279e+01,5.505247377484572269e+00,2.391584228515625000e+03,6.464273333549499512e-01,4.060929999999999929e+00,5.846045613288879395e-01,4.082123041152954102e-01
1.296249420860354462e+01,5.520840664594238945e+00,1.416044311523437500e+03,7.766885161399841309e-01,4.060940000000000438e+00,4.350678920745849609e-01,2.692804932594299316e-01
1.296388210344545122e+01,5.541816501711061882e+00,1.927175415039062500e+03,8.357531428337097168e-01,4.060950000000000060e+00,3.547300398349761963e-01,2.374658137559890747e-01
1.296565045274969918e+01,5.559924631954154428e+00,8.200025634765625000e+02,5.287689566612243652e-01,4.060960000000000569e+00,3.796782791614532471e-01,1.895530372858047485e-01
1.296074999344745748e+01,5.580966475984825870e+00,1.891651977539062500e+03,3.977185785770416260e-01,4.060970000000000191e+00,3.660216033458709717e-01,2.440271079540252686e-01
1.296806354086253776e+01,5.597219579102024944e+00,1.203100830078125000e+03,3.698951303958892822e-01,4.060980000000000700e+00,4.027191400527954102e-01,2.365502864122390747e-01
1.296825836294266665e+01,5.620512113803531662e+00,2.004933593750000000e+03,4.006988108158111572e-01,4.060990000000000322e+00,4.935855567455291748e-01,3.332150876522064209e-01
1.296616261499538858e+01,5.638577426469686849e+00,1.357294311523437500e+03,5.530757308006286621e-01,4.060999999999999943e+00,4.494112133979797363e-01,2.746210992336273193e-01
1.296666006152933726e+01,5.655839670582791356e+00,1.593367797851562500e+03,7.750505805015563965e-01,4.061010000000000453e+00,4.230133891105651855e-01,2.705775201320648193e-01
1.296955626470771605e+01,5.685128924520158833e+00,1.743677734375000000e+03,4.991489946842193604e-01,4.061020000000000074e+00,5.314275026321411133e-01,3.477109968662261963e-01
1.296613344863369655e+01,5.703797460384223861e+00,1.217837402343750000e+03,6.428737044334411621e-01,4.061030000000000584e+00,4.981632232666015625e-01,2.938472628593444824e-01
1.296652245450023599e+01,5.721678501512380777e+00,2.789185546875000000e+03,7.562929987907409668e-01,4.061040000000000205e+00,3.612150549888610840e-01,2.585993111133575439e-01
1.296551631179608499e+01,5.744816885928431205e+00,1.209258056640625000e+03,6.923312544822692871e-01,4.061050000000000715e+00,4.389588832855224609e-01,2.582941353321075439e-01
1.296491301349738734e+01,5.760508552533952553e+00,1.516042114257812500e+03,4.695397913455963135e-01,4.061060000000000336e+00,5.205937027931213379e-01,3.285611271858215332e-01
1.296474396345274371e+01,5.786824140736855249e+00,1.166661743164062500e+03,6.069785952568054199e-01,4.061069999999999958e+00,3.330624997615814209e-01,1.935203373432159424e-01
1.296684394741457602e+01,5.800956807069596266e+00,1.211845947265625000e+03,5.470151305198669434e-01,4.061080000000000467e+00,3.917327523231506348e-01,2.306756228208541870e-01
1.296951212201148351e+01,5.818358322812251515e+00,2.122976806640625000e+03,3.485042154788970947e-01,4.061090000000000089e+00,4.452150166034698486e-01,3.040706813335418701e-01
1.296537628217102522e+01,5.841004722417455497e+00,1.498960327148437500e+03,5.176491141319274902e-01,4.061100000000000598e+00,4.544466137886047363e-01,2.859126627445220947e-01
1.295977501868787307e+01,5.857478000377521532e+00,1.069624755859375000e+03,5.656475424766540527e-01,4.061110000000000220e+00,5.185337662696838379e-01,2.916347086429595947e-01
1.296674065593085245e+01,5.878371079487490825e+00,1.169592773437500000e+03,6.239218115806579590e-01,4.061120000000000729e+00,5.526372790336608887e-01,3.213894665241241455e-01
1.296732042568403820e+01,5.898786799161755745e+00,1.359201416015625000e+03,6.874269843101501465e-01,4.061130000000000351e+00,5.439397692680358887e-01,3.325284421443939209e-01
1.296630941851172381e+01,5.919364570502165357e+00,1.310294067382812500e+03,6.934100985527038574e-01,4.061139999999999972e+00,3.968444764614105225e-01,2.398309260606765747e-01
1.296583313880207378e+01,5.938173683973787753e+00,1.642755615234375000e+03,6.539482474327087402e-01,4.061150000000000482e+00,4.999179840087890625e-01,3.223049938678741455e-01
1.296595079354298718e+01,5.960864962336623663e+00,1.808781494140625000e+03,5.040556788444519043e-01,4.061160000000000103e+00,5.225773453712463379e-01,3.448880910873413086e-01
1.296235156694455171e+01,5.976391078222033748e+00,1.643587402343750000e+03,7.413143515586853027e-01,4.061170000000000613e+00,3.157436847686767578e-01,2.035911679267883301e-01
1.297026864325998474e+01,6.003170495415431240e+00,1.509355468750000000e+03,6.215757727622985840e-01,4.061180000000000234e+00,4.317872226238250732e-01,2.721796929836273193e-01
1.297209298986899562e+01,6.022565205644001551e+00,1.689937744140625000e+03,4.409402906894683838e-01,4.061190000000000744e+00,4.288117587566375732e-01,2.784358263015747070e-01
1.296532657821745360e+01,6.042481502632992552e+00,1.451007446289062500e+03,5.833894610404968262e-01,4.061200000000000365e+00,5.159397721290588379e-01,3.216183483600616455e-01
1.296722551752521824e+01,6.056243981494781714e+00,2.250911865234375000e+03,5.840939879417419434e-01,4.061209999999999987e+00,5.026645660400390625e-01,3.471769094467163086e-01
1.296935942275995579e+01,6.080025413264537271e+00,1.857391845703125000e+03,7.388073801994323730e-01,4.061220000000000496e+00,5.358525514602661133e-01,3.557981848716735840e-01
1.296515349258439365e+01,6.095734703325214277e+00,1.306087036132812500e+03,7.567400336265563965e-01,4.061230000000000118e+00,4.999942779541015625e-01,3.018581569194793701e-01
1.296354459053015162e+01,6.113822152827145473e+00,1.970786132812500000e+03,8.176059126853942871e-01,4.061240000000000627e+00,4.652041196823120117e-01,3.129208087921142578e-01
1.296570704236943428e+01,6.136128574062212238e+00,2.283852539062500000e+03,6.970304846763610840e-01,4.061250000000000249e+00,4.784030020236968994e-01,3.313077092170715332e-01
1.296785967095612335e+01,6.159846151315661267e+00,2.087046875000000000e+03,7.741028666496276855e-01,4.061260000000000758e+00,4.207245707511901855e-01,2.863704264163970947e-01
1.296418010161406187e+01,6.179081974377196751e+00,2.013282470703125000e+03,6.884748339653015137e-01,4.061270000000000380e+00,4.615419805049896240e-01,3.118526935577392578e-01
1.296302535315055060e+01,6.194481921273924385e+00,1.369267822265625000e+03,5.822140574455261230e-01,4.061280000000000001e+00,4.678744077682495117e-01,2.866756021976470947e-01
1.296869539259370896e+01,6.212892458614661884e+00,1.257191772460937500e+03,7.066113352775573730e-01,4.061290000000000511e+00,4.996128082275390625e-01,2.978908419609069824e-01
1.296632632287736264e+01,6.240055420141721321e+00,1.429515747070312500e+03,5.765873789787292480e-01,4.061300000000000132e+00,4.983921051025390625e-01,3.093349933624267578e-01
1.296214930276713062e+01,6.260883661202947259e+00,1.704931030273437500e+03,6.479257941246032715e-01,4.061310000000000642e+00,4.174439013004302979e-01,2.716456353664398193e-01
1.296654071519720830e+01,6.279789154868767653e+00,1.662060546875000000e+03,6.525546908378601074e-01,4.061320000000000263e+00,4.676455259323120117e-01,3.023922145366668701e-01
1.296130752068750347e+01,6.297099005556404450e+00,1.620146850585937500e+03,6.529206633567810059e-01,4.061330000000000773e+00,4.369752407073974609e-01,2.807246446609497070e-01
1.296061843883109788e+01,6.316554956604682580e+00,1.943655273437500000e+03,5.996400713920593262e-01,4.061340000000000394e+00,4.806918501853942871e-01,3.223812878131866455e-01
1.296087654211782159e+01,6.340765957022476584e+00,1.340306396484375000e+03,6.462306380271911621e-01,4.061350000000000016e+00,4.392640590667724609e-01,2.673731446266174316e-01
1.296033311846895764e+01,6.365174826297757882e+00,1.163355957031250000e+03,6.528169512748718262e-01,4.061360000000000525e+00,5.000705718994140625e-01,2.902614176273345947e-01
1.295925983983044283e+01,6.378522947895130635e+00,1.274206542968750000e+03,6.231684088706970215e-01,4.061370000000000147e+00,5.274602174758911133e-01,3.158962726593017578e-01
1.295772384700461544e+01,6.398744454388561209e+00,9.823018188476562500e+02,7.032782435417175293e-01,4.061380000000000656e+00,3.811278641223907471e-01,2.070244103670120239e-01
1.296046704341513589e+01,6.418535186920412805e+00,1.172089233398437500e+03,6.262201666831970215e-01,4.061390000000000278e+00,4.170624315738677979e-01,2.427301108837127686e-01
1.295357507820344267e+01,6.434432588504932937e+00,1.726886596679687500e+03,4.091292917728424072e-01,4.061399999999999899e+00,3.614439368247985840e-01,2.359399199485778809e-01
1.296240453938455772e+01,6.456551020589369472e+00,1.588915527343750000e+03,4.913288652896881104e-01,4.061410000000000409e+00,3.704466521739959717e-01,2.367791682481765747e-01
1.296125323027362874e+01,6.475445532104236790e+00,1.599891479492187500e+03,4.227537214756011963e-01,4.061420000000000030e+00,4.040924310684204102e-01,2.587518990039825439e-01
1.295932561810992034e+01,6.495220216318379869e+00,2.294738769531250000e+03,4.174644052982330322e-01,4.061430000000000540e+00,4.348390102386474609e-01,3.014003932476043701e-01
1.295351603248097838e+01,6.516589977446836990e+00,1.271733886718750000e+03,5.360144972801208496e-01,4.061440000000000161e+00,4.942722022533416748e-01,2.958309054374694824e-01
1.295960264134627948e+01,6.532065866148104583e+00,1.697374145507812500e+03,6.015438437461853027e-01,4.061450000000000671e+00,5.417272448539733887e-01,3.521360456943511963e-01
1.296084939734710240e+01,6.554898669641714193e+00,1.838067871093750000e+03,6.765717864036560059e-01,4.061460000000000292e+00,4.694002866744995117e-01,3.109371662139892578e-01
1.296088362899056889e+01,6.582000556221681897e+00,1.624573120117187500e+03,6.825954318046569824e-01,4.061469999999999914e+00,3.683104217052459717e-01,2.367791682481765747e-01
1.295666439742293186e+01,6.597007577350424867e+00,1.490805297851562500e+03,5.820149779319763184e-01,4.061480000000000423e+00,5.376073122024536133e-01,3.377164304256439209e-01
1.295591416095852644e+01,6.617345844315812187e+00,1.908435058593750000e+03,4.574233591556549072e-01,4.061490000000000045e+00,5.816290974617004395e-01,3.885284066200256348e-01
1.295858938599480581e+01,6.638106187866893215e+00,1.400651977539062500e+03,8.568937182426452637e-01,4.061500000000000554e+00,5.596563816070556641e-01,3.452695608139038086e-01
1.295287013719761404e+01,6.661417376409198177e+00,2.084812988281250000e+03,9.152204394340515137e-01,4.061510000000000176e+00,5.702612400054931641e-01,3.880706429481506348e-01
1.296385515724060333e+01,6.679512620569687087e+00,1.902072143554687500e+03,7.809872031211853027e-01,4.061520000000000685e+00,5.275365114212036133e-01,3.521360456943511963e-01
1.295628264810290808e+01,6.698367754415151865e+00,1.787297973632812500e+03,8.231384158134460449e-01,4.061530000000000307e+00,4.758090078830718994e-01,3.131496906280517578e-01
1.295978677982483873e+01,6.715253754934167318e+00,1.424436767578125000e+03,6.801087260246276855e-01,4.061539999999999928e+00,5.465337634086608887e-01,3.388608396053314209e-01
1.295889304958154398e+01,6.744012111177120516e+00,1.450550537109375000e+03,7.420200705528259277e-01,4.061550000000000438e+00,5.662939548492431641e-01,3.529752790927886963e-01
1.296199203842603609e+01,6.754351109171159884e+00,2.490282714843750000e+03,7.965261340141296387e-01,4.061560000000000059e+00,5.687353610992431641e-01,3.998962342739105225e-01
1.295706816646729109e+01,6.775495130502844354e+00,3.084731201171875000e+03,8.587426543235778809e-01,4.061570000000000569e+00,5.513402819633483887e-01,4.004302918910980225e-01
1.296388998883659660e+01,6.799023406687059179e+00,1.705215332031250000e+03,9.957320094108581543e-01,4.061580000000000190e+00,4.629152715206146240e-01,3.012478053569793701e-01
1.296261353969768315e+01,6.815423029185567749e+00,1.559446044921875000e+03,8.535940051078796387e-01,4.061590000000000700e+00,5.302830934524536133e-01,3.372586667537689209e-01
1.296351438449844196e+01,6.837868230244690260e+00,1.347299804687500000e+03,7.321161627769470215e-01,4.061600000000000321e+00,6.200051307678222656e-01,3.779997825622558594e-01
1.296447122194772383e+01,6.858507726233072255e+00,2.028883422851562500e+03,8.811659216880798340e-01,4.061609999999999943e+00,5.759070515632629395e-01,3.897491097450256348e-01
1.296755489964084163e+01,6.880875884050389857e+00,1.693859863281250000e+03,9.457797408103942871e-01,4.061620000000000452e+00,7.123974561691284180e-01,4.628389775753021240e-01
1.296254619912992645e+01,6.900842243144041710e+00,1.487504394531250000e+03,9.105915427207946777e-01,4.061630000000000074e+00,6.061195731163024902e-01,3.805175125598907471e-01
1.296575489835766781e+01,6.919723573387618565e+00,1.827372558593750000e+03,1.311320781707763672e+00,4.061640000000000583e+00,4.828280806541442871e-01,3.194058239459991455e-01
1.296486185844793937e+01,6.941280409918792138e+00,1.175951538085937500e+03,9.849733710289001465e-01,4.061650000000000205e+00,4.934329688549041748e-01,2.875148355960845947e-01
1.296655642834512356e+01,6.967426639911641573e+00,1.388106079101562500e+03,7.084459662437438965e-01,4.061660000000000714e+00,3.738036155700683594e-01,2.299889773130416870e-01
1.296702766883062452e+01,6.980350862447970428e+00,1.657438476562500000e+03,6.619555354118347168e-01,4.061670000000000336e+00,4.610079228878021240e-01,2.978908419609069824e-01
1.296661487274262470e+01,6.995471208164523169e+00,2.201406738281250000e+03,5.192822813987731934e-01,4.061679999999999957e+00,5.339452028274536133e-01,3.672423064708709717e-01
1.296553019837426035e+01,7.021270965193978419e+00,1.296166992187500000e+03,7.365877032279968262e-01,4.061690000000000467e+00,5.575964450836181641e-01,3.358090817928314209e-01
1.296177504623615384e+01,7.041897757272203684e+00,2.068177246093750000e+03,8.534891009330749512e-01,4.061700000000000088e+00,5.116673111915588379e-01,3.476346731185913086e-01
1.296153318546103250e+01,7.062205911801901159e+00,1.744636352539062500e+03,7.559353709220886230e-01,4.061710000000000598e+00,5.662176609039306641e-01,3.705229461193084717e-01
1.296239712611198414e+01,7.077334544308650166e+00,1.699038085937500000e+03,8.254474997520446777e-01,4.061720000000000219e+00,5.144901871681213379e-01,3.345120847225189209e-01
1.296506674205876486e+01,7.099416671080454933e+00,1.442104492187500000e+03,8.106405138969421387e-01,4.061730000000000729e+00,4.950351417064666748e-01,3.080379664897918701e-01
1.295693497843701891e+01,7.122582063837561428e+00,1.564974487304687500e+03,7.852322459220886230e-01,4.061740000000000350e+00,4.969425201416015625e-01,3.163540363311767578e-01
1.296041129016285787e+01,7.146929417975210086e+00,1.268886840820312500e+03,7.909376025199890137e-01,4.061749999999999972e+00,5.552313327789306641e-01,3.320706784725189209e-01
1.295714847950085868e+01,7.168239699444320934e+00,2.072342285156250000e+03,7.363182902336120605e-01,4.061760000000000481e+00,6.042885184288024902e-01,4.107300341129302979e-01
1.296507449829956471e+01,7.181233539729229065e+00,1.347528930664062500e+03,8.769959807395935059e-01,4.061770000000000103e+00,6.462503075599670410e-01,3.940215706825256348e-01
1.295670501238221917e+01,7.205775169565900029e+00,1.363333618164062500e+03,1.017661809921264648e+00,4.061780000000000612e+00,4.409425258636474609e-01,2.698145806789398193e-01
1.296167170440725158e+01,7.221797946436935511e+00,1.518816894531250000e+03,8.738405108451843262e-01,4.061790000000000234e+00,4.993076324462890625e-01,3.152859210968017578e-01
1.295988057511529057e+01,7.242638380649909280e+00,1.647798095703125000e+03,6.415337920188903809e-01,4.061800000000000743e+00,4.926700294017791748e-01,3.178799450397491455e-01
1.295195003377797960e+01,7.262339843322570765e+00,4.112878906250000000e+03,6.749648451805114746e-01,4.061810000000000365e+00,6.007789373397827148e-01,4.513948559761047363e-01
1.295393859243894141e+01,7.286378081592394196e+00,4.252055175781250000e+03,8.044177889823913574e-01,4.061819999999999986e+00,6.552530527114868164e-01,4.939670264720916748e-01
1.295372590581001404e+01,7.305814329775417448e+00,1.813755981445312500e+03,9.104377627372741699e-01,4.061830000000000496e+00,5.939887762069702148e-01,3.922668099403381348e-01
1.294899175881736220e+01,7.323155760594510788e+00,1.302596679687500000e+03,1.320533275604248047e+00,4.061840000000000117e+00,6.189370155334472656e-01,3.733458518981933594e-01
1.295898137260436833e+01,7.342721058944968959e+00,2.386778564453125000e+03,1.203518629074096680e+00,4.061850000000000627e+00,5.851386189460754395e-01,4.084411859512329102e-01
1.295660617320061725e+01,7.362916508347854716e+00,1.718837768554687500e+03,9.860534071922302246e-01,4.061860000000000248e+00,5.064792633056640625e-01,3.302395939826965332e-01
1.295617570423342180e+01,7.382012522668863319e+00,2.398467041015625000e+03,9.498197436332702637e-01,4.061870000000000758e+00,6.116127371788024902e-01,4.272858798503875732e-01
1.295551136551917892e+01,7.400528583462701704e+00,2.748955810546875000e+03,8.447808623313903809e-01,4.061880000000000379e+00,7.454328536987304688e-01,5.324956178665161133e-01
1.296122559006584396e+01,7.423625872488869071e+00,2.626574707031250000e+03,1.256253242492675781e+00,4.061890000000000001e+00,5.217381119728088379e-01,3.700651824474334717e-01
1.295410047865239100e+01,7.440284732234990095e+00,1.476292968750000000e+03,1.236634969711303711e+00,4.061900000000000510e+00,5.220432877540588379e-01,3.270352482795715332e-01
1.295425181393939695e+01,7.459003752772492390e+00,1.096600097656250000e+03,8.636588454246520996e-01,4.061910000000000132e+00,3.836455643177032471e-01,2.178581953048706055e-01
1.295267238734572857e+01,7.489561748969787658e+00,1.387960815429687500e+03,6.086582541465759277e-01,4.061920000000000641e+00,4.493349194526672363e-01,2.764521539211273193e-01
1.295115084784711357e+01,7.508841792033353890e+00,1.913522460937500000e+03,5.436701178550720215e-01,4.061930000000000263e+00,4.205719828605651855e-01,2.811061143875122070e-01
1.295635593579041789e+01,7.526531855156205708e+00,2.036081298828125000e+03,6.603772044181823730e-01,4.061940000000000772e+00,4.673403501510620117e-01,3.165066540241241455e-01
1.295712026151432106e+01,7.544402262769080103e+00,2.234945556640625000e+03,5.913311839103698730e-01,4.061950000000000394e+00,4.829806685447692871e-01,3.331387937068939209e-01
1.296172801252635942e+01,7.559674309893009259e+00,1.837352661132812500e+03,6.640142798423767090e-01,4.061960000000000015e+00,5.160923600196838379e-01,3.418363332748413086e-01
1.295245039747320881e+01,7.588184537485044956e+00,1.853622558593750000e+03,7.154435515403747559e-01,4.061970000000000525e+00,4.897708594799041748e-01,3.250516057014465332e-01
1.296344141798748062e+01,7.602558111929429430e+00,2.019883422851562500e+03,7.008785605430603027e-01,4.061980000000000146e+00,4.713839292526245117e-01,3.187191784381866455e-01
1.296106492832523216e+01,7.622020549737167805e+00,1.913339965820312500e+03,7.583314776420593262e-01,4.061990000000000656e+00,5.132694840431213379e-01,3.430570363998413086e-01
1.296073245460598855e+01,7.636927206282738467e+00,1.355198364257812500e+03,6.560224890708923340e-01,4.062000000000000277e+00,5.521795153617858887e-01,3.372586667537689209e-01
1.295576201032191221e+01,7.662396156948633852e+00,2.020213012695312500e+03,7.603771090507507324e-01,4.062009999999999899e+00,5.131168961524963379e-01,3.469480276107788086e-01
1.296016179687336312e+01,7.687580776986708386e+00,1.803772094726562500e+03,8.034164309501647949e-01,4.062020000000000408e+00,4.163757860660552979e-01,2.746210992336273193e-01
1.295971243206804502e+01,7.702600038869200638e+00,1.638347778320312500e+03,7.010859847068786621e-01,4.062030000000000030e+00,4.173676073551177979e-01,2.688990235328674316e-01
1.296064941358545930e+01,7.723720801735275643e+00,1.593177734375000000e+03,5.514151453971862793e-01,4.062040000000000539e+00,4.085937738418579102e-01,2.613458931446075439e-01
1.295826376898422438e+01,7.747526570143043578e+00,2.356652099609375000e+03,5.476362109184265137e-01,4.062050000000000161e+00,3.956237733364105225e-01,2.755366265773773193e-01
1.296140632930224612e+01,7.764312398065787768e+00,1.232730468750000000e+03,6.217390894889831543e-01,4.062060000000000670e+00,3.733458518981933594e-01,2.211388498544692993e-01
1.295877389831431437e+01,7.773133054297987954e+00,1.200700439453125000e+03,5.362481474876403809e-01,4.062070000000000292e+00,5.142613053321838379e-01,3.018581569194793701e-01
1.296242616364057909e+01,7.802197594107009415e+00,1.628806518554687500e+03,4.498273432254791260e-01,4.062079999999999913e+00,4.992313385009765625e-01,3.211605846881866455e-01
1.296266779866199848e+01,7.829277509490317755e+00,1.371362182617187500e+03,6.829041838645935059e-01,4.062090000000000423e+00,4.822177290916442871e-01,2.956020236015319824e-01
1.295664542999088198e+01,7.843865745428936442e+00,1.500058227539062500e+03,7.448453307151794434e-01,4.062100000000000044e+00,5.233402848243713379e-01,3.293240666389465332e-01
1.295506914463131487e+01,7.866076733292545420e+00,2.289694824218750000e+03,6.866938471794128418e-01,4.062110000000000554e+00,5.171604752540588379e-01,3.583158850669860840e-01
1.295964462270033835e+01,7.884693354344399552e+00,1.351720947265625000e+03,7.401532530784606934e-01,4.062120000000000175e+00,6.493784189224243164e-01,3.963104188442230225e-01
1.296013953648642314e+01,7.907492999981528214e+00,2.261400390625000000e+03,9.417325854301452637e-01,4.062130000000000685e+00,5.990241765975952148e-01,4.140869677066802979e-01
1.295531260514265703e+01,7.923992048426971024e+00,1.268803710937500000e+03,1.001328945159912109e+00,4.062140000000000306e+00,4.491060078144073486e-01,2.685938477516174316e-01
1.295805855457662226e+01,7.946576796995202585e+00,1.549607910156250000e+03,8.294255137443542480e-01,4.062149999999999928e+00,4.737490713596343994e-01,3.007900416851043701e-01
1.295192723151726000e+01,7.964442570225956253e+00,1.901042114257812500e+03,6.934530138969421387e-01,4.062160000000000437e+00,4.826754927635192871e-01,3.221524059772491455e-01
1.295231757042994225e+01,7.983479358743744037e+00,9.795339965820312500e+02,6.481642127037048340e-01,4.062170000000000059e+00,5.143375992774963379e-01,2.790461778640747070e-01
1.295497440191406291e+01,8.007014596447817212e+00,1.302093505859375000e+03,7.004637122154235840e-01,4.062180000000000568e+00,5.021305084228515625e-01,3.028499782085418701e-01
1.296548375192118208e+01,8.026494132434283557e+00,1.218281616210937500e+03,7.028204798698425293e-01,4.062190000000000190e+00,4.896945655345916748e-01,2.888881266117095947e-01
1.295018615972503362e+01,8.043481936518769970e+00,1.545206298828125000e+03,6.885368227958679199e-01,4.062200000000000699e+00,4.294984042644500732e-01,2.724848687648773193e-01
1.294912383048674265e+01,8.064810160272767092e+00,1.599799438476562500e+03,7.483071684837341309e-01,4.062210000000000321e+00,3.875365853309631348e-01,2.481470108032226562e-01
1.295365282100302551e+01,8.080858216771208191e+00,1.462230834960937500e+03,5.574411749839782715e-01,4.062219999999999942e+00,3.946319520473480225e-01,2.465448230504989624e-01
1.295812921902405357e+01,8.100276621553934575e+00,3.033420166015625000e+03,4.761594831943511963e-01,4.062230000000000452e+00,3.385556638240814209e-01,2.453241199254989624e-01
1.295358000394256059e+01,8.126907049381033588e+00,1.496604248046875000e+03,4.694170057773590088e-01,4.062240000000000073e+00,3.784575462341308594e-01,2.379998713731765747e-01
1.295365225457971015e+01,8.145523844944598579e+00,8.635164184570312500e+02,4.408687651157379150e-01,4.062250000000000583e+00,3.563322424888610840e-01,1.825339645147323608e-01
1.295824532841935017e+01,8.166613323096589383e+00,1.110753784179687500e+03,4.260951578617095947e-01,4.062260000000000204e+00,4.312531650066375732e-01,2.460870593786239624e-01
1.295229230310425450e+01,8.188199762120504488e+00,2.205036865234375000e+03,4.247528612613677979e-01,4.062270000000000714e+00,3.819670975208282471e-01,2.627955079078674316e-01
1.295314212695380007e+01,8.210640832956785928e+00,1.279397949218750000e+03,5.572599768638610840e-01,4.062280000000000335e+00,3.556455969810485840e-01,2.132805436849594116e-01
1.295631289444764001e+01,8.227511629829432849e+00,1.181892089843750000e+03,4.623419344425201416e-01,4.062289999999999957e+00,4.125610888004302979e-01,2.408227622509002686e-01
1.295209915506572074e+01,8.246632719287665836e+00,1.721442749023437500e+03,4.204374849796295166e-01,4.062300000000000466e+00,3.789153397083282471e-01,2.471551746129989624e-01
1.295024500408482560e+01,8.262518116146024383e+00,1.514596313476562500e+03,4.596239626407623291e-01,4.062310000000000088e+00,3.543485701084136963e-01,2.235802561044692993e-01
1.295181508648841806e+01,8.281874090154637713e+00,9.667290649414062500e+02,4.155260622501373291e-01,4.062320000000000597e+00,3.599943518638610840e-01,1.942069828510284424e-01
1.295751108299066523e+01,8.308735798664157457e+00,8.497819213867187500e+02,3.666311800479888916e-01,4.062330000000000219e+00,3.995147645473480225e-01,2.030571103096008301e-01
1.295159184154217513e+01,8.324933328248434350e+00,1.420805664062500000e+03,3.632587492465972900e-01,4.062340000000000728e+00,4.245392680168151855e-01,2.630243897438049316e-01
1.295780268154584647e+01,8.346984638965288639e+00,1.107435424804687500e+03,4.620963633060455322e-01,4.062350000000000350e+00,4.275910556316375732e-01,2.437219321727752686e-01
1.296248213294022911e+01,8.366163402257317472e+00,1.460362060546875000e+03,5.024213194847106934e-01,4.062359999999999971e+00,4.642885625362396240e-01,2.899562418460845947e-01
1.295525607653578071e+01,8.386564465731332518e+00,2.046718261718750000e+03,6.308371424674987793e-01,4.062370000000000481e+00,5.138798356056213379e-01,3.483976423740386963e-01
1.296119950156096756e+01,8.410823174295220639e+00,1.981504516601562500e+03,7.011801600456237793e-01,4.062380000000000102e+00,5.398961901664733887e-01,3.635801970958709717e-01
1.295904627700158152e+01,8.423910619208648143e+00,1.379247924804687500e+03,8.333856463432312012e-01,4.062390000000000612e+00,5.539342761039733887e-01,3.401578664779663086e-01
1.295841097109765983e+01,8.448568927734067202e+00,1.546146972656250000e+03,8.619434237480163574e-01,4.062400000000000233e+00,4.578035771846771240e-01,2.904902994632720947e-01
1.295724836577374006e+01,8.471193437086595779e+00,1.288598388671875000e+03,7.232362627983093262e-01,4.062410000000000743e+00,4.567354321479797363e-01,2.745448052883148193e-01
1.296513277193664493e+01,8.486787885633139794e+00,1.194079101562500000e+03,5.889291167259216309e-01,4.062420000000000364e+00,5.312749147415161133e-01,3.112423419952392578e-01
1.295829688203124341e+01,8.507995359972149174e+00,1.402103759765625000e+03,5.855745673179626465e-01,4.062429999999999986e+00,4.339997768402099609e-01,2.678309082984924316e-01
1.296119228353949637e+01,8.528434868714333206e+00,1.716920776367187500e+03,6.797820925712585449e-01,4.062440000000000495e+00,4.334656894207000732e-01,2.825556993484497070e-01
1.295802715376489544e+01,8.548690325600407647e+00,2.494354248046875000e+03,6.152243018150329590e-01,4.062450000000000117e+00,3.957763612270355225e-01,2.783595323562622070e-01
1.295786505991950044e+01,8.568549105020014878e+00,1.067980590820312500e+03,6.482679247856140137e-01,4.062460000000000626e+00,4.402558803558349609e-01,2.474603503942489624e-01
1.295229406933800398e+01,8.587673020713566530e+00,1.868506591796875000e+03,5.473036170005798340e-01,4.062470000000000248e+00,4.758090078830718994e-01,3.163540363311767578e-01
1.296274973579743950e+01,8.606937126696827534e+00,1.295299072265625000e+03,6.191737055778503418e-01,4.062480000000000757e+00,4.331605136394500732e-01,2.608118355274200439e-01
1.295932647760712619e+01,8.624453323439963626e+00,1.434104003906250000e+03,6.270403265953063965e-01,4.062490000000000379e+00,5.680487155914306641e-01,3.528989851474761963e-01
1.296231842522193389e+01,8.643362394723263620e+00,2.384483398437500000e+03,6.785113215446472168e-01,4.062500000000000000e+00,6.068825125694274902e-01,4.235474467277526855e-01
1.295642116595093185e+01,8.666940497554618261e+00,1.835079589843750000e+03,9.527022242546081543e-01,4.062510000000000510e+00,4.437654316425323486e-01,2.938472628593444824e-01
1.295613084324108577e+01,8.688238133083391546e+00,2.051903564453125000e+03,9.904832243919372559e-01,4.062520000000000131e+00,4.155365526676177979e-01,2.818690538406372070e-01
1.295937695793631939e+01,8.707436342944568253e+00,1.284345214843750000e+03,6.616598963737487793e-01,4.062530000000000641e+00,4.684084653854370117e-01,2.812587022781372070e-01
1.295090236767300595e+01,8.726199297392854604e+00,1.060121582031250000e+03,6.055993437767028809e-01,4.062540000000000262e+00,4.085937738418579102e-01,2.289971560239791870e-01
1.295920184950274034e+01,8.749577121936152224e+00,1.371471923828125000e+03,6.057173609733581543e-01,4.062550000000000772e+00,4.207245707511901855e-01,2.579126656055450439e-01
1.295504365654448087e+01,8.771001703673144689e+00,1.118046875000000000e+03,4.529530107975006104e-01,4.062560000000000393e+00,4.387300014495849609e-01,2.509698867797851562e-01
1.295872599865590935e+01,8.786170332030026842e+00,1.005079956054687500e+03,5.983418822288513184e-01,4.062570000000000014e+00,4.994602203369140625e-01,2.739344537258148193e-01
1.295109507719716646e+01,8.809876332390469855e+00,1.684979614257812500e+03,5.462366938591003418e-01,4.062580000000000524e+00,4.745120108127593994e-01,3.078853785991668701e-01
1.295625162093784866e+01,8.832752681664173267e+00,1.824764282226562500e+03,6.634683012962341309e-01,4.062590000000000146e+00,4.822940230369567871e-01,3.189480602741241455e-01
1.294819822475777826e+01,8.852536994534755621e+00,1.689268432617187500e+03,7.318992018699645996e-01,4.062600000000000655e+00,4.228608012199401855e-01,2.745448052883148193e-01
1.295298139742297749e+01,8.861403092715558927e+00,1.400489624023437500e+03,7.412165999412536621e-01,4.062610000000000277e+00,3.789916336536407471e-01,2.338036894798278809e-01
1.295250908915938126e+01,8.886281465004490343e+00,1.313971191406250000e+03,5.178362727165222168e-01,4.062619999999999898e+00,3.747954368591308594e-01,2.267083227634429932e-01
1.295771317298844671e+01,8.912543801966029022e+00,1.744658813476562500e+03,4.384094774723052979e-01,4.062630000000000408e+00,3.406156301498413086e-01,2.228936105966567993e-01
1.294814452462015630e+01,8.928291494796132710e+00,1.764012939453125000e+03,3.588086664676666260e-01,4.062640000000000029e+00,5.865882635116577148e-01,3.848662674427032471e-01
1.295799355006448650e+01,8.950622177856189410e+00,1.273671875000000000e+03,5.666930079460144043e-01,4.062650000000000539e+00,4.518526196479797363e-01,2.705775201320648193e-01
1.294764251461001336e+01,8.971310945591437047e+00,2.476252441406250000e+03,7.822126746177673340e-01,4.062660000000000160e+00,4.600161015987396240e-01,3.231442272663116455e-01
1.295159797634339682e+01,8.992521902569789560e+00,1.438040771484375000e+03,6.002098917961120605e-01,4.062670000000000670e+00,4.027954339981079102e-01,2.504358291625976562e-01
1.295008636815557779e+01,9.018732075979542628e+00,1.686070678710937500e+03,6.200653910636901855e-01,4.062680000000000291e+00,3.653349578380584717e-01,2.370843440294265747e-01
1.295734048484728262e+01,9.032577153325149766e+00,1.360850097656250000e+03,5.248255133628845215e-01,4.062689999999999912e+00,3.906646370887756348e-01,2.389153987169265747e-01
1.294804440887431340e+01,9.061666555906922937e+00,1.724693603515625000e+03,4.407662451267242432e-01,4.062700000000000422e+00,4.446809589862823486e-01,2.901851236820220947e-01
1.294777860553223903e+01,9.073609756973882057e+00,1.130371459960937500e+03,5.755538344383239746e-01,4.062710000000000043e+00,4.121033251285552979e-01,2.367028743028640747e-01
1.294890317631835863e+01,9.097925523664997627e+00,2.775843261718750000e+03,5.477840304374694824e-01,4.062720000000000553e+00,4.798525869846343994e-01,3.432859182357788086e-01
1.295156477989677768e+01,9.114071434283829376e+00,1.087062622070312500e+03,5.708915591239929199e-01,4.062730000000000175e+00,4.796999990940093994e-01,2.714930474758148193e-01
1.295155332931419245e+01,9.133897877359984818e+00,1.280115112304687500e+03,7.790881991386413574e-01,4.062740000000000684e+00,4.809970259666442871e-01,2.885066568851470947e-01
1.295263680279444785e+01,9.155579391087064423e+00,1.438830810546875000e+03,5.852133631706237793e-01,4.062750000000000306e+00,4.547517895698547363e-01,2.827845811843872070e-01
1.295435622776208717e+01,9.175255504452563216e+00,1.175190429687500000e+03,6.790322661399841309e-01,4.062759999999999927e+00,3.847136795520782471e-01,2.241143137216567993e-01
1.295756825531659473e+01,9.193095484855884791e+00,1.826434692382812500e+03,5.381578803062438965e-01,4.062770000000000437e+00,3.585447669029235840e-01,2.371606379747390747e-01
1.296004143094427796e+01,9.208690546473146554e+00,2.881400146484375000e+03,4.582649767398834229e-01,4.062780000000000058e+00,3.757109642028808594e-01,2.702723443508148193e-01
1.295417123366510559e+01,9.232290375649197856e+00,1.237643310546875000e+03,4.137164652347564697e-01,4.062790000000000568e+00,4.188935160636901855e-01,2.484521865844726562e-01
1.295933439560548450e+01,9.246892597823425319e+00,2.099180175781250000e+03,5.093354582786560059e-01,4.062800000000000189e+00,3.999725282192230225e-01,2.725611627101898193e-01
1.295175642104925195e+01,9.276281866489409111e+00,1.447845458984375000e+03,4.617125093936920166e-01,4.062810000000000699e+00,5.147953629493713379e-01,3.207028210163116455e-01
1.296354070779934275e+01,9.292642468565491143e+00,1.575345458984375000e+03,6.092757582664489746e-01,4.062820000000000320e+00,3.826537430286407471e-01,2.440271079540252686e-01
1.295938763975574304e+01,9.312976353916047501e+00,1.381714355468750000e+03,6.379730105400085449e-01,4.062829999999999941e+00,3.579344153404235840e-01,2.199181318283081055e-01
1.295969894652722942e+01,9.335644475330250103e+00,1.243077636718750000e+03,4.080969393253326416e-01,4.062840000000000451e+00,3.480161726474761963e-01,2.067192345857620239e-01
1.295492789738113437e+01,9.355861760826099882e+00,1.148593627929687500e+03,3.903013765811920166e-01,4.062850000000000072e+00,3.863158524036407471e-01,2.231987863779067993e-01
1.295829398605646965e+01,9.371701313538473244e+00,1.283895507812500000e+03,3.351432383060455322e-01,4.062860000000000582e+00,4.725283384323120117e-01,2.837001085281372070e-01
1.295839118441566917e+01,9.398884202821639278e+00,1.409299316406250000e+03,5.486709475517272949e-01,4.062870000000000203e+00,4.172913134098052979e-01,2.579126656055450439e-01
1.296920579553567876e+01,9.416768901491723298e+00,1.117497558593750000e+03,6.419617533683776855e-01,4.062880000000000713e+00,3.789153397083282471e-01,2.167137712240219116e-01
1.296107013649382544e+01,9.435930263164552301e+00,1.142100708007812500e+03,4.541141092777252197e-01,4.062890000000000335e+00,4.401795864105224609e-01,2.537927627563476562e-01
1.296012812725946972e+01,9.453905455337569208e+00,1.246144042968750000e+03,4.271787703037261963e-01,4.062899999999999956e+00,4.067627191543579102e-01,2.418145835399627686e-01
1.296208432949573286e+01,9.473958116465464485e+00,1.524304443359375000e+03,4.825395643711090088e-01,4.062910000000000466e+00,4.671877622604370117e-01,2.952968478202819824e-01
1.296328534541767574e+01,9.491508388008137231e+00,1.117564453125000000e+03,5.679911971092224121e-01,4.062920000000000087e+00,5.384465456008911133e-01,3.079616725444793701e-01
1.296138832987495704e+01,9.511666240741082134e+00,3.507769042968750000e+03,7.010192275047302246e-01,4.062930000000000597e+00,8.220322728157043457e-01,6.068825125694274902e-01
1.296151579583341906e+01,9.531722966490615789e+00,3.266296630859375000e+03,9.803337454795837402e-01,4.062940000000000218e+00,5.125828385353088379e-01,3.751006126403808594e-01
1.295504787938244817e+01,9.544712193919187015e+00,2.590358886718750000e+03,1.666932821273803711e+00,4.062950000000000728e+00,5.108280777931213379e-01,3.615202307701110840e-01
1.295593040169285715e+01,9.564812868698568948e+00,1.554591552734375000e+03,8.850950598716735840e-01,4.062960000000000349e+00,6.402230858802795410e-01,4.068390130996704102e-01
1.295309404710149792e+01,9.586422798924290944e+00,1.445085937500000000e+03,9.000558257102966309e-01,4.062969999999999970e+00,4.120270311832427979e-01,2.565393745899200439e-01
1.295866464806889162e+01,9.598987202516878980e+00,1.764398803710937500e+03,1.006476402282714844e+00,4.062980000000000480e+00,3.927245736122131348e-01,2.576837837696075439e-01
1.295919628429589920e+01,9.619794916438802801e+00,1.823077636718750000e+03,4.701477587223052979e-01,4.062990000000000101e+00,2.384576350450515747e-01,1.576620340347290039e-01
1.296151108188657908e+01,9.627265632395273443e+00,-3.128898681640625000e+03,5.456394553184509277e-01,4.063000000000000611e+00,4.978198930621147156e-02,4.734057188034057617e-02
1.295177745361571020e+01,9.636636122011774219e+00,-9.279488525390625000e+02,3.061229288578033447e-01,4.063010000000000232e+00,3.414167091250419617e-02,4.459398239850997925e-02
1.295459605795368496e+01,9.645022295580155003e+00,-1.576342651367187500e+03,2.095335870981216431e-01,4.063020000000000742e+00,4.222885891795158386e-02,4.581468924880027771e-02
