# x_coordinates, y_coordinates, TEP, TED, times, high, low
1.026398481746423386e+01,1.909308477970633522e+00,1.867748901367187500e+03,3.903943598270416260e-01,4.034310000000000507e+00,8.724627494812011719e-01,5.800269246101379395e-01
1.027771423442701959e+01,1.898758410480249514e+00,1.603692993164062500e+03,1.584951400756835938e+00,4.034320000000000128e+00,8.681139945983886719e-01,5.562231540679931641e-01
1.027571592474679996e+01,1.892512026913494072e+00,1.592357299804687500e+03,1.102762937545776367e+00,4.034330000000000638e+00,9.312856197357177734e-01,5.955909490585327148e-01
1.027705202768731851e+01,1.891890752479888693e+00,1.593599609375000000e+03,9.703094363212585449e-01,4.034340000000000259e+00,8.943591713905334473e-01,5.720923542976379395e-01
1.027441776515998839e+01,1.895401691856021253e+00,1.211953125000000000e+03,1.187804460525512695e+00,4.034350000000000769e+00,7.929641604423522949e-01,4.669588804244995117e-01
1.028552296104147246e+01,1.890002354264406881e+00,1.355471801757812500e+03,8.593053221702575684e-01,4.034360000000000390e+00,9.241139292716979980e-01,5.644629001617431641e-01
1.027381818846078332e+01,1.892528086253626229e+00,1.893317749023437500e+03,8.990079760551452637e-01,4.034370000000000012e+00,8.498033285140991211e-01,5.666754245758056641e-01
1.028585128614828292e+01,1.899560163294576887e+00,1.887208984375000000e+03,9.667128920555114746e-01,4.034380000000000521e+00,9.357106685638427734e-01,6.235146522521972656e-01
1.028177008749778842e+01,1.911272260048618943e+00,1.678755493164062500e+03,1.157354831695556641e+00,4.034390000000000143e+00,1.003154754638671875e+00,6.502939462661743164e-01
1.028327921769237463e+01,1.917489442048655457e+00,2.120743652343750000e+03,1.184894561767578125e+00,4.034400000000000652e+00,1.201061964035034180e+00,8.201248645782470703e-01
1.027955727826058130e+01,1.927975662831973969e+00,1.754101928710937500e+03,1.497296810150146484e+00,4.034410000000000274e+00,1.268658757209777832e+00,8.312638401985168457e-01
1.028423028863595690e+01,1.942375098321224680e+00,1.743474853515625000e+03,1.936882257461547852e+00,4.034419999999999895e+00,1.355862975120544434e+00,8.871112465858459473e-01
1.028023800999862480e+01,1.954014177693421450e+00,1.648956909179687500e+03,2.116357803344726562e+00,4.034430000000000405e+00,1.118816852569580078e+00,7.220104932785034180e-01
1.028583224060135493e+01,1.967694444425846845e+00,1.603022583007812500e+03,2.054762363433837891e+00,4.034440000000000026e+00,1.137585163116455078e+00,7.288007140159606934e-01
1.027255465923310318e+01,1.985786552693860951e+00,1.864079956054687500e+03,1.638704061508178711e+00,4.034450000000000536e+00,1.085247397422790527e+00,7.211712598800659180e-01
1.028772619740530558e+01,2.004666458630850912e+00,1.503655517578125000e+03,1.883345365524291992e+00,4.034460000000000157e+00,1.059612512588500977e+00,6.672312617301940918e-01
1.027692606897770666e+01,2.022118831262245120e+00,1.659684692382812500e+03,1.609308242797851562e+00,4.034470000000000667e+00,8.436235189437866211e-01,5.453130602836608887e-01
1.027928891795304445e+01,2.035442998728427710e+00,1.705080566406250000e+03,1.295504093170166016e+00,4.034480000000000288e+00,9.083210229873657227e-01,5.910896062850952148e-01
1.028288218008395027e+01,2.058910698169978293e+00,1.734817138671875000e+03,1.231988191604614258e+00,4.034489999999999910e+00,8.465989828109741211e-01,5.532476305961608887e-01
1.027768203255274670e+01,2.077692409857294198e+00,2.694643066406250000e+03,1.113750457763671875e+00,4.034500000000000419e+00,9.154927134513854980e-01,6.519724130630493164e-01
1.028036821184124072e+01,2.096918475358575673e+00,2.069671386718750000e+03,1.002981185913085938e+00,4.034510000000000041e+00,1.151013016700744629e+00,7.821303606033325195e-01
1.027118827506302701e+01,2.117668149756315454e+00,1.643833862304687500e+03,1.247651100158691406e+00,4.034520000000000550e+00,1.315045595169067383e+00,8.479722738265991211e-01
1.027498450584638690e+01,2.137444884639718712e+00,1.279680541992187500e+03,1.857304096221923828e+00,4.034530000000000172e+00,1.068767786026000977e+00,6.409860253334045410e-01
1.027093194013588118e+01,2.158960814302584019e+00,1.415605590820312500e+03,1.802072048187255859e+00,4.034540000000000681e+00,1.032756924629211426e+00,6.391549706459045410e-01
1.027538151219799190e+01,2.178322256474029661e+00,1.115376342773437500e+03,1.446976184844970703e+00,4.034550000000000303e+00,1.078152060508728027e+00,6.161903738975524902e-01
1.026613638819430641e+01,2.195773673637315682e+00,2.303599853515625000e+03,1.515599012374877930e+00,4.034559999999999924e+00,1.182827711105346680e+00,8.204300999641418457e-01
1.026980174744503138e+01,2.209565233275790241e+00,2.552569335937500000e+03,1.930593967437744141e+00,4.034570000000000434e+00,1.549879312515258789e+00,1.094250082969665527e+00
1.026498436967914962e+01,2.228765478882483997e+00,2.580632812500000000e+03,2.612100362777709961e+00,4.034580000000000055e+00,1.808593034744262695e+00,1.279187321662902832e+00
1.027680509039229229e+01,2.247314899961227130e+00,2.817217529296875000e+03,3.455944776535034180e+00,4.034590000000000565e+00,1.239514350891113281e+00,8.887134194374084473e-01
1.026546338645745315e+01,2.261586008623890365e+00,1.975180664062500000e+03,2.912513732910156250e+00,4.034600000000000186e+00,1.139645099639892578e+00,7.669478058815002441e-01
1.027223775461870936e+01,2.276840994610781710e+00,2.204642089843750000e+03,1.971380233764648438e+00,4.034610000000000696e+00,1.151928544044494629e+00,7.925063967704772949e-01
1.027117042378075951e+01,2.291391502185989193e+00,1.740728759765625000e+03,1.730812311172485352e+00,4.034620000000000317e+00,1.156201004981994629e+00,7.561902999877929688e-01
1.027346656282074910e+01,2.306699091167479398e+00,1.369676147460937500e+03,1.725041389465332031e+00,4.034629999999999939e+00,1.132320880889892578e+00,6.938579082489013672e-01
1.026387845666294041e+01,2.324342116760818033e+00,1.374761962890625000e+03,1.694097042083740234e+00,4.034640000000000448e+00,1.119350910186767578e+00,6.866862773895263672e-01
1.027198283656879951e+01,2.345790980943459392e+00,1.533505126953125000e+03,1.610878229141235352e+00,4.034650000000000070e+00,1.010021209716796875e+00,6.394601464271545410e-01
1.027061052627900040e+01,2.353274463805099526e+00,1.839523803710937500e+03,1.440687894821166992e+00,4.034660000000000579e+00,9.382283687591552734e-01,6.216073036193847656e-01
1.026856918981983746e+01,2.375767085643333498e+00,1.557697509765625000e+03,1.212028980255126953e+00,4.034670000000000201e+00,1.056865930557250977e+00,6.719614863395690918e-01
1.026749668624014689e+01,2.386960977144800822e+00,1.689343261718750000e+03,1.187077283859252930e+00,4.034680000000000710e+00,1.213574290275573730e+00,7.879287004470825195e-01
1.027443559132143491e+01,2.411129612599624217e+00,1.447638916015625000e+03,1.723600149154663086e+00,4.034690000000000332e+00,1.107220053672790527e+00,6.897380352020263672e-01
1.027061367583370988e+01,2.429031125900074084e+00,1.713577636718750000e+03,1.777899980545043945e+00,4.034699999999999953e+00,9.929313659667968750e-01,6.469369530677795410e-01
1.027057533619234420e+01,2.446111740707419546e+00,1.287710083007812500e+03,1.461140632629394531e+00,4.034710000000000463e+00,1.024822354316711426e+00,6.158851981163024902e-01
1.027068408428229773e+01,2.468270773122854145e+00,1.353592285156250000e+03,1.473452568054199219e+00,4.034720000000000084e+00,1.052593469619750977e+00,6.426644921302795410e-01
1.027633524705376544e+01,2.481988108776472135e+00,1.394705566406250000e+03,1.277131557464599609e+00,4.034730000000000594e+00,1.006511688232421875e+00,6.201577186584472656e-01
1.027530195199293317e+01,2.508822496042038885e+00,1.191731445312500000e+03,1.485014677047729492e+00,4.034740000000000215e+00,9.418904781341552734e-01,5.514165759086608887e-01
1.027264419589356237e+01,2.519328999398017910e+00,1.458728393554687500e+03,1.322817325592041016e+00,4.034750000000000725e+00,1.012157440185546875e+00,6.319069862365722656e-01
1.027362229686161754e+01,2.542981982894300774e+00,1.447203002929687500e+03,1.239283800125122070e+00,4.034760000000000346e+00,9.385335445404052734e-01,5.846045613288879395e-01
1.027085921532527024e+01,2.563245161241193948e+00,1.575292236328125000e+03,1.226995706558227539e+00,4.034769999999999968e+00,1.055492639541625977e+00,6.731058955192565918e-01
1.027905847334063871e+01,2.582228894461780833e+00,2.056691162109375000e+03,1.231603145599365234e+00,4.034780000000000477e+00,1.160015702247619629e+00,7.872420549392700195e-01
1.027772777016464367e+01,2.599603286451344530e+00,1.364778564453125000e+03,1.561845064163208008e+00,4.034790000000000099e+00,1.027492642402648926e+00,6.289315223693847656e-01
1.028203611103784709e+01,2.620297140725994289e+00,1.510631347656250000e+03,1.504984617233276367e+00,4.034800000000000608e+00,1.286587834358215332e+00,8.111984729766845703e-01
1.026923673426530570e+01,2.639369948980005987e+00,1.908137939453125000e+03,1.344080686569213867e+00,4.034810000000000230e+00,1.212582468986511230e+00,8.099777698516845703e-01
1.028043781498844744e+01,2.656192081375727376e+00,1.377532958984375000e+03,2.091903209686279297e+00,4.034820000000000739e+00,1.030544400215148926e+00,6.325936317443847656e-01
1.027405555425778694e+01,2.662562678206385147e+00,1.672467529296875000e+03,1.834316968917846680e+00,4.034830000000000361e+00,9.631003141403198242e-01,6.237435340881347656e-01
1.027541133629665460e+01,2.669781735724972016e+00,1.935345947265625000e+03,1.411562681198120117e+00,4.034839999999999982e+00,1.179470777511596680e+00,7.902938723564147949e-01
1.027430487795092695e+01,2.681755775875836356e+00,1.374950927734375000e+03,1.637116193771362305e+00,4.034850000000000492e+00,1.029018521308898926e+00,6.312966346740722656e-01
1.028313419341374235e+01,2.693653984316724870e+00,1.102518310546875000e+03,1.729293584823608398e+00,4.034860000000000113e+00,8.922229409217834473e-01,5.076999664306640625e-01
1.027427098034110209e+01,2.701337172562574551e+00,1.775250854492187500e+03,1.199852943420410156e+00,4.034870000000000623e+00,9.818686842918395996e-01,6.451821923255920410e-01
1.027725490004368325e+01,2.709460511776466518e+00,1.390846191406250000e+03,1.215871095657348633e+00,4.034880000000000244e+00,9.351003170013427734e-01,5.756781697273254395e-01
1.027834896694002964e+01,2.724124817297451706e+00,1.799834228515625000e+03,1.282866716384887695e+00,4.034890000000000754e+00,9.472311139106750488e-01,6.244301795959472656e-01
1.027715198054432477e+01,2.727383099691953028e+00,1.424350463867187500e+03,1.214383363723754883e+00,4.034900000000000375e+00,9.655417203903198242e-01,5.986427068710327148e-01
1.026952603391155883e+01,2.733040376947611705e+00,1.344389526367187500e+03,1.231011867523193359e+00,4.034909999999999997e+00,8.813891410827636719e-01,5.369969606399536133e-01
1.027565213406066214e+01,2.741625179986681982e+00,1.505510986328125000e+03,1.231884479522705078e+00,4.034920000000000506e+00,9.682883024215698242e-01,6.099342703819274902e-01
1.027946719838128509e+01,2.758532344029587247e+00,1.323972045898437500e+03,1.050552845001220703e+00,4.034930000000000128e+00,1.068081140518188477e+00,6.476235985755920410e-01
1.026713319355039822e+01,2.775314309145591185e+00,1.401491943359375000e+03,1.262348413467407227e+00,4.034940000000000637e+00,9.473074078559875488e-01,5.845282673835754395e-01
1.027259650433580340e+01,2.795946025943053304e+00,1.265383911132812500e+03,1.315770864486694336e+00,4.034950000000000259e+00,1.044124722480773926e+00,6.238961219787597656e-01
1.026933704064783015e+01,2.812940031549004516e+00,1.054203857421875000e+03,1.283127784729003906e+00,4.034960000000000768e+00,9.415853023529052734e-01,5.265446901321411133e-01
1.027270269564602501e+01,2.835456417347224978e+00,1.066284790039062500e+03,1.217802286148071289e+00,4.034970000000000390e+00,9.290730357170104980e-01,5.218906998634338379e-01
1.027039703960611128e+01,2.855353237809893585e+00,1.014938476562500000e+03,1.120796918869018555e+00,4.034980000000000011e+00,7.605391144752502441e-01,4.188172221183776855e-01
1.026780453232153434e+01,2.872268483380203907e+00,1.157690795898437500e+03,9.729296565055847168e-01,4.034990000000000521e+00,7.822066545486450195e-01,4.532259106636047363e-01
1.026190120846498388e+01,2.894655710145473737e+00,1.304525390625000000e+03,7.403582930564880371e-01,4.035000000000000142e+00,9.570730328559875488e-01,5.775855183601379395e-01
1.026329596977613434e+01,2.912019204167354047e+00,1.380937622070312500e+03,9.069663882255554199e-01,4.035010000000000652e+00,1.024059414863586426e+00,6.290841102600097656e-01
1.026397252733178433e+01,2.931210256290277094e+00,2.161279296875000000e+03,1.196069240570068359e+00,4.035020000000000273e+00,1.066936731338500977e+00,7.312421202659606934e-01
1.026423241202924252e+01,2.959469318612794275e+00,2.330663085937500000e+03,1.217208623886108398e+00,4.035029999999999895e+00,1.180004835128784180e+00,8.202011585235595703e-01
1.025771609566776910e+01,2.978588136137647169e+00,1.615558959960937500e+03,1.632169008255004883e+00,4.035040000000000404e+00,1.175808668136596680e+00,7.548170089721679688e-01
1.026491153402209733e+01,3.007989022694733006e+00,2.360001708984375000e+03,1.797464609146118164e+00,4.035050000000000026e+00,1.403089165687561035e+00,9.774436354637145996e-01
1.025642414262432034e+01,3.030359693796448095e+00,1.564543457031250000e+03,1.956055879592895508e+00,4.035060000000000535e+00,1.056942224502563477e+00,6.728007197380065918e-01
1.026011733811271043e+01,3.050765978767962405e+00,1.370494262695312500e+03,2.013233423233032227e+00,4.035070000000000157e+00,1.051449060440063477e+00,6.444192528724670410e-01
1.025876208194375394e+01,3.084154162336748772e+00,1.598749511718750000e+03,1.466278553009033203e+00,4.035080000000000666e+00,1.029934048652648926e+00,6.593729257583618164e-01
1.027321229342618558e+01,3.117316439994426869e+00,1.433886352539062500e+03,1.482724666595458984e+00,4.035090000000000288e+00,1.063503503799438477e+00,6.606699228286743164e-01
1.026486143334243195e+01,3.139994128915009508e+00,1.180220581054687500e+03,1.345438480377197266e+00,4.035099999999999909e+00,9.201466441154479980e-01,5.368443727493286133e-01
1.026161372128642313e+01,3.172542956793291680e+00,1.529087524414062500e+03,1.354711771011352539e+00,4.035110000000000419e+00,8.495744466781616211e-01,5.374547243118286133e-01
1.026089652928638074e+01,3.198429999561583248e+00,1.316011718750000000e+03,1.049214124679565430e+00,4.035120000000000040e+00,1.033062100410461426e+00,6.251931190490722656e-01
1.026497084140235394e+01,3.226813919211336756e+00,1.631953369140625000e+03,1.142394065856933594e+00,4.035130000000000550e+00,7.942611575126647949e-01,5.112095475196838379e-01
1.025767108094673929e+01,3.254208581740725581e+00,1.263022216796875000e+03,1.301617145538330078e+00,4.035140000000000171e+00,8.867297768592834473e-01,5.295201539993286133e-01
1.026615003817142124e+01,3.268283002515786517e+00,1.231993896484375000e+03,8.597607016563415527e-01,4.035150000000000681e+00,9.228932261466979980e-01,5.465337634086608887e-01
1.027145283889116811e+01,3.285921766884841944e+00,1.339608398437500000e+03,1.023337364196777344e+00,4.035160000000000302e+00,8.264573216438293457e-01,5.029697418212890625e-01
1.026528633956744230e+01,3.313772666203801620e+00,1.266697387695312500e+03,9.682399630546569824e-01,4.035169999999999924e+00,8.085281848907470703e-01,4.832858443260192871e-01
1.027146467453113132e+01,3.339897197252335914e+00,1.678832519531250000e+03,7.579500079154968262e-01,4.035180000000000433e+00,7.645826935768127441e-01,4.956454932689666748e-01
1.026950156837367878e+01,3.344070008391542004e+00,1.355016479492187500e+03,7.885164618492126465e-01,4.035190000000000055e+00,9.025989770889282227e-01,5.512639880180358887e-01
1.027021060543113151e+01,3.365875687918769898e+00,2.139045654296875000e+03,8.623308539390563965e-01,4.035200000000000564e+00,1.079906821250915527e+00,7.386426329612731934e-01
1.027192342559913030e+01,3.376393649593200319e+00,2.403738769531250000e+03,1.110907316207885742e+00,4.035210000000000186e+00,1.267132878303527832e+00,8.855853676795959473e-01
1.027813585403642627e+01,3.391608316350841701e+00,1.938593139648437500e+03,1.813289642333984375e+00,4.035220000000000695e+00,1.135448932647705078e+00,7.610731720924377441e-01
1.027315171093243862e+01,3.409311252291507000e+00,1.686028442382812500e+03,2.001635551452636719e+00,4.035230000000000317e+00,1.131634235382080078e+00,7.343701720237731934e-01
1.027365345347071468e+01,3.424257226880558669e+00,1.423757080078125000e+03,1.845023155212402344e+00,4.035239999999999938e+00,8.964954018592834473e-01,5.557653903961181641e-01
1.027808644722113129e+01,3.444556647793586279e+00,1.682735839843750000e+03,1.618865251541137695e+00,4.035250000000000448e+00,1.013149261474609375e+00,6.571604013442993164e-01
1.028165288705473124e+01,3.462965810904401920e+00,2.084331298828125000e+03,9.432918429374694824e-01,4.035260000000000069e+00,1.278424382209777832e+00,8.699450492858886719e-01
1.027083404498039343e+01,3.475297765403439154e+00,1.272234375000000000e+03,1.730924367904663086e+00,4.035270000000000579e+00,1.227841258049011230e+00,7.349805235862731934e-01
1.027706994498060666e+01,3.493362423618449508e+00,1.525659912109375000e+03,1.965463876724243164e+00,4.035280000000000200e+00,9.071766138076782227e-01,5.735419392585754395e-01
1.027321974141834282e+01,3.508568968699428581e+00,1.644115844726562500e+03,1.582208395004272461e+00,4.035290000000000710e+00,7.909805178642272949e-01,5.100651383399963379e-01
1.027811895236493456e+01,3.521206742002227941e+00,1.180234985351562500e+03,1.103549718856811523e+00,4.035300000000000331e+00,7.738143205642700195e-01,4.514711499214172363e-01
1.026936975740990476e+01,3.542213856680802575e+00,1.150271240234375000e+03,8.979970812797546387e-01,4.035309999999999953e+00,7.639723420143127441e-01,4.416292011737823486e-01
1.027596157754165418e+01,3.564738067964496882e+00,1.172855834960937500e+03,6.847829222679138184e-01,4.035320000000000462e+00,8.199722766876220703e-01,4.773348867893218994e-01
1.027109510200834919e+01,3.577983478202560796e+00,1.887370605468750000e+03,8.613438010215759277e-01,4.035330000000000084e+00,9.750784635543823242e-01,6.497598886489868164e-01
1.027019020672779348e+01,3.601106002869530975e+00,1.343010864257812500e+03,8.786684870719909668e-01,4.035340000000000593e+00,8.969531655311584473e-01,5.463048815727233887e-01
1.027383125769425121e+01,3.620160066668974608e+00,1.259867309570312500e+03,1.234751462936401367e+00,4.035350000000000215e+00,9.654654264450073242e-01,5.760596394538879395e-01
1.027599593673754441e+01,3.640336283506968584e+00,1.075749145507812500e+03,1.059457778930664062e+00,4.035360000000000724e+00,9.342610836029052734e-01,5.266209840774536133e-01
1.027019465653815367e+01,3.660638713562250679e+00,1.667582641601562500e+03,9.484559893608093262e-01,4.035370000000000346e+00,8.744463920593261719e-01,5.659124851226806641e-01
1.026597352505411109e+01,3.684793685041654943e+00,1.310473022460937500e+03,9.376866221427917480e-01,4.035379999999999967e+00,9.983482360839843750e-01,6.033729910850524902e-01
1.027206904765539974e+01,3.704972337800676918e+00,1.657145019531250000e+03,9.865886569023132324e-01,4.035390000000000477e+00,1.020473599433898926e+00,6.593729257583618164e-01
1.026259108662900665e+01,3.725562806975324825e+00,1.457951782226562500e+03,1.225680828094482422e+00,4.035400000000000098e+00,1.145290970802307129e+00,7.149151563644409180e-01
1.026118903038382690e+01,3.742295857726666952e+00,1.651515991210937500e+03,1.199441671371459961e+00,4.035410000000000608e+00,1.266217350959777832e+00,8.174545764923095703e-01
1.026941925483319018e+01,3.765313041559736895e+00,1.538282348632812500e+03,1.774935245513916016e+00,4.035420000000000229e+00,1.095013022422790527e+00,6.938579082489013672e-01
1.026231565484502539e+01,3.786140820604764645e+00,2.440603027343750000e+03,1.715256690979003906e+00,4.035430000000000739e+00,1.008266448974609375e+00,7.065227627754211426e-01
1.025683270489415833e+01,3.795999058732370646e+00,1.624481933593750000e+03,1.467128515243530273e+00,4.035440000000000360e+00,1.049999475479125977e+00,6.750132441520690918e-01
1.025427415654195329e+01,3.818401935978954942e+00,1.547569458007812500e+03,1.485551118850708008e+00,4.035449999999999982e+00,1.076397180557250977e+00,6.831767559051513672e-01
1.026096905211454491e+01,3.837910359669419957e+00,1.410064086914062500e+03,1.251632690429687500e+00,4.035460000000000491e+00,1.092953085899353027e+00,6.756235957145690918e-01
1.025526388217622120e+01,3.855991338678713021e+00,1.966725708007812500e+03,1.908061027526855469e+00,4.035470000000000113e+00,1.043438076972961426e+00,7.015636563301086426e-01
1.025538429255494677e+01,3.876979890957734654e+00,2.224106445312500000e+03,1.728454351425170898e+00,4.035480000000000622e+00,1.212124705314636230e+00,8.353074193000793457e-01
1.026071934973627364e+01,3.895971886036688314e+00,2.027226806640625000e+03,1.468348026275634766e+00,4.035490000000000244e+00,1.061748743057250977e+00,7.184246778488159180e-01
1.025034788463963231e+01,3.908678350685844016e+00,1.554037109375000000e+03,1.839609861373901367e+00,4.035500000000000753e+00,1.112408161163330078e+00,7.068279385566711426e-01
1.025778294103726829e+01,3.925974440376020169e+00,1.399591186523437500e+03,1.611526727676391602e+00,4.035510000000000375e+00,1.003231048583984375e+00,6.187844276428222656e-01
1.025603406689060293e+01,3.939599201733875233e+00,1.756290405273437500e+03,1.779174327850341797e+00,4.035519999999999996e+00,1.123241901397705078e+00,7.362012267112731934e-01
1.025952672131328924e+01,3.962480990431676453e+00,1.559755859375000000e+03,1.322068691253662109e+00,4.035530000000000506e+00,1.106151938438415527e+00,7.035472989082336426e-01
1.025444996298008427e+01,3.969562858723546306e+00,1.655817382812500000e+03,1.645707607269287109e+00,4.035540000000000127e+00,1.038631558418273926e+00,6.709696650505065918e-01
1.025858001174877998e+01,3.995441679587234063e+00,1.607359130859375000e+03,1.606136083602905273e+00,4.035550000000000637e+00,1.076092004776000977e+00,6.898906230926513672e-01
1.025429375842973023e+01,4.010187353204025307e+00,2.211992919921875000e+03,1.666590690612792969e+00,4.035560000000000258e+00,1.001476287841796875e+00,6.894328594207763672e-01
1.025507833457531959e+01,4.030142257519027105e+00,1.682310913085937500e+03,1.372615814208984375e+00,4.035570000000000768e+00,1.084026694297790527e+00,7.030895352363586426e-01
1.025316479714696349e+01,4.044834383285961898e+00,1.578586425781250000e+03,1.411945343017578125e+00,4.035580000000000389e+00,1.113018512725830078e+00,7.101848721504211426e-01
1.025468244154603425e+01,4.069506054756793390e+00,1.686136962890625000e+03,1.607032537460327148e+00,4.035590000000000011e+00,1.033214688301086426e+00,6.705119013786315918e-01
1.025949240114011829e+01,4.090802604027953038e+00,1.652660766601562500e+03,1.585313796997070312e+00,4.035600000000000520e+00,9.685934782028198242e-01,6.254220008850097656e-01
1.026020620981676856e+01,4.101965856721963455e+00,1.643166625976562500e+03,1.430415630340576172e+00,4.035610000000000142e+00,1.183361768722534180e+00,7.629805207252502441e-01
1.026523259665601628e+01,4.124606539980137931e+00,2.077955322265625000e+03,1.280753135681152344e+00,4.035620000000000651e+00,1.405759453773498535e+00,9.560049176216125488e-01
1.026869110694827647e+01,4.138001450070721177e+00,1.752594116210937500e+03,1.861989021301269531e+00,4.035630000000000273e+00,1.273694157600402832e+00,8.343918919563293457e-01
1.026272868213545486e+01,4.157601991215257975e+00,1.761539550781250000e+03,2.178439617156982422e+00,4.035639999999999894e+00,9.334218502044677734e-01,6.122230887413024902e-01
1.025800847198281396e+01,4.177983484096237099e+00,1.620526123046875000e+03,1.555479288101196289e+00,4.035650000000000404e+00,9.956779479980468750e-01,6.396890282630920410e-01
1.026478420072652753e+01,4.194803789507949077e+00,1.896192016601562500e+03,1.270684719085693359e+00,4.035660000000000025e+00,1.081127524375915527e+00,7.211712598800659180e-01
1.025717952142089828e+01,4.221354789462552048e+00,2.252543457031250000e+03,1.393215179443359375e+00,4.035670000000000535e+00,1.111721515655517578e+00,7.679396271705627441e-01
1.026541957042496023e+01,4.232442294841886721e+00,1.495608398437500000e+03,1.790339469909667969e+00,4.035680000000000156e+00,1.135220050811767578e+00,7.137707471847534180e-01
1.026163358912393164e+01,4.256885858338526063e+00,1.895938476562500000e+03,1.659699201583862305e+00,4.035690000000000666e+00,1.139034748077392578e+00,7.597761750221252441e-01
1.026291659092501973e+01,4.274101836107824681e+00,1.644798217773437500e+03,1.908226728439331055e+00,4.035700000000000287e+00,1.116222858428955078e+00,7.198742628097534180e-01
1.026186821403823934e+01,4.289700246660403948e+00,1.882187377929687500e+03,1.800179004669189453e+00,4.035709999999999908e+00,1.133312702178955078e+00,7.547407150268554688e-01
1.027221591342719798e+01,4.315896947530434069e+00,1.458607543945312500e+03,1.926642179489135742e+00,4.035720000000000418e+00,9.769858717918395996e-01,6.099342703819274902e-01
1.027114202638628804e+01,4.334032346950746906e+00,1.204810791015625000e+03,1.753639698028564453e+00,4.035730000000000040e+00,9.457052350044250488e-01,5.557653903961181641e-01
1.026881377280157004e+01,4.351422833629978726e+00,1.317497070312500000e+03,1.234057664871215820e+00,4.035740000000000549e+00,1.008495330810546875e+00,6.105446219444274902e-01
1.027269432409143768e+01,4.364174959089703876e+00,1.457133056640625000e+03,1.197013378143310547e+00,4.035750000000000171e+00,1.079220175743103027e+00,6.735636591911315918e-01
1.026806657942526613e+01,4.379577328697042304e+00,1.268178710937500000e+03,1.409445524215698242e+00,4.035760000000000680e+00,1.027797818183898926e+00,6.145882010459899902e-01
1.026777911409619115e+01,4.404442512076297334e+00,1.469843261718750000e+03,1.395694732666015625e+00,4.035770000000000302e+00,1.083492636680603027e+00,6.779124140739440918e-01
1.026431912696303250e+01,4.423911824208627941e+00,2.189664062500000000e+03,1.428908824920654297e+00,4.035779999999999923e+00,1.050380945205688477e+00,7.217053174972534180e-01
1.027252132305570953e+01,4.440286113913832544e+00,1.750492065429687500e+03,1.555188417434692383e+00,4.035790000000000433e+00,1.233868479728698730e+00,8.080704212188720703e-01
1.026084611474650643e+01,4.463732581187020543e+00,1.598962890625000000e+03,1.622558355331420898e+00,4.035800000000000054e+00,1.194348096847534180e+00,7.646589875221252441e-01
1.026491998321478150e+01,4.473131029663061753e+00,1.421846801757812500e+03,1.916979074478149414e+00,4.035810000000000564e+00,1.154904007911682129e+00,7.156780958175659180e-01
1.026993485274900131e+01,4.494327967778930955e+00,1.862111938476562500e+03,1.886901378631591797e+00,4.035820000000000185e+00,1.121334552764892578e+00,7.449750900268554688e-01
1.026578935158501160e+01,4.508648415391445674e+00,1.461584960937500000e+03,1.741714000701904297e+00,4.035830000000000695e+00,1.246457099914550781e+00,7.786208391189575195e-01
1.025707788165429157e+01,4.528559968208876185e+00,1.547563842773437500e+03,1.718710184097290039e+00,4.035840000000000316e+00,1.063656091690063477e+00,6.750895380973815918e-01
1.026332708238364511e+01,4.552138646626246121e+00,1.754233032226562500e+03,1.831357002258300781e+00,4.035849999999999937e+00,1.056255578994750977e+00,6.921031475067138672e-01
1.026633673258266022e+01,4.568451321538506527e+00,1.997677612304687500e+03,1.511207342147827148e+00,4.035860000000000447e+00,1.017269253730773926e+00,6.862285137176513672e-01
1.025327394929664671e+01,4.585696897939361527e+00,1.984434448242187500e+03,1.423329830169677734e+00,4.035870000000000068e+00,1.213269114494323730e+00,8.173019886016845703e-01
1.026363529070505720e+01,4.606240434439324183e+00,1.976660156250000000e+03,1.499968290328979492e+00,4.035880000000000578e+00,1.338849425315856934e+00,9.011493921279907227e-01
1.026445469064246829e+01,4.622895928851741054e+00,2.571383544921875000e+03,1.974354505538940430e+00,4.035890000000000200e+00,1.391950249671936035e+00,9.839286208152770996e-01
1.026289636631481805e+01,4.642221478131782320e+00,2.143394775390625000e+03,2.198370218276977539e+00,4.035900000000000709e+00,1.405835747718811035e+00,9.619559049606323242e-01
1.026170574030695448e+01,4.658566360647304450e+00,1.760404174804687500e+03,2.504889488220214844e+00,4.035910000000000331e+00,1.289563298225402832e+00,8.456834554672241211e-01
1.026375375359238262e+01,4.679000489206654123e+00,1.530444213867187500e+03,2.463590621948242188e+00,4.035919999999999952e+00,1.225552439689636230e+00,7.754927873611450195e-01
1.026130137110898133e+01,4.700342766197971756e+00,1.501868896484375000e+03,2.124520063400268555e+00,4.035930000000000462e+00,1.074871301651000977e+00,6.766154170036315918e-01
1.026238961373490177e+01,4.713116214715132202e+00,1.559813476562500000e+03,1.716906547546386719e+00,4.035940000000000083e+00,1.042446255683898926e+00,6.630350351333618164e-01
1.026615644629353774e+01,4.733124083334355525e+00,1.337869750976562500e+03,1.497500658035278320e+00,4.035950000000000593e+00,9.882010817527770996e-01,6.011604070663452148e-01
1.025638359350425510e+01,4.754491483576143374e+00,1.859216796875000000e+03,1.374245405197143555e+00,4.035960000000000214e+00,8.679614067077636719e-01,5.764411091804504395e-01
1.025995909653233262e+01,4.763109779173925418e+00,2.043754028320312500e+03,1.195420742034912109e+00,4.035970000000000724e+00,9.788169264793395996e-01,6.634165048599243164e-01
1.026473183920947285e+01,4.787154156817504003e+00,1.677926147460937500e+03,1.339994192123413086e+00,4.035980000000000345e+00,1.046947717666625977e+00,6.785990595817565918e-01
1.026401782098777815e+01,4.807312819571113671e+00,2.107761962890625000e+03,1.260876178741455078e+00,4.035989999999999966e+00,1.508146286010742188e+00,1.028560757637023926e+00
1.026289545349680310e+01,4.822249229066644105e+00,1.601218383789062500e+03,2.085480213165283203e+00,4.036000000000000476e+00,1.047863245010375977e+00,6.711222529411315918e-01
1.025504241953188256e+01,4.841506721583023420e+00,1.524866210937500000e+03,2.429518222808837891e+00,4.036010000000000097e+00,1.161846756935119629e+00,7.344464659690856934e-01
1.026131788355060337e+01,4.863651969882333503e+00,1.517213989257812500e+03,1.565554857254028320e+00,4.036020000000000607e+00,1.211438059806823730e+00,7.647352814674377441e-01
1.026112698795438938e+01,4.878962645785643204e+00,1.996667358398437500e+03,1.762074947357177734e+00,4.036030000000000229e+00,1.396299004554748535e+00,9.418141841888427734e-01
1.026328661228050798e+01,4.902472888622802394e+00,1.626651733398437500e+03,1.858539104461669922e+00,4.036040000000000738e+00,1.339230895042419434e+00,8.612474799156188965e-01
1.026330312919959376e+01,4.917859508790026979e+00,1.632398803710937500e+03,2.179847478866577148e+00,4.036050000000000360e+00,9.639395475387573242e-01,6.204628944396972656e-01
1.026198445579111507e+01,4.934483532809705864e+00,1.683562255859375000e+03,1.865428209304809570e+00,4.036059999999999981e+00,9.482229351997375488e-01,6.151222586631774902e-01
1.026160198594718231e+01,4.953978447247132877e+00,1.406171875000000000e+03,1.403890371322631836e+00,4.036070000000000491e+00,9.186970591545104980e-01,5.674383640289306641e-01
1.026092521354345877e+01,4.969164850091904562e+00,1.243709594726562500e+03,1.169180393218994141e+00,4.036080000000000112e+00,9.715689420700073242e-01,5.772040486335754395e-01
1.026372651775056788e+01,4.987592498257002127e+00,1.416856567382812500e+03,1.127206802368164062e+00,4.036090000000000622e+00,9.871329665184020996e-01,6.110786795616149902e-01
1.026464635975483297e+01,5.003010994440026060e+00,1.648266601562500000e+03,1.222784042358398438e+00,4.036100000000000243e+00,1.053432703018188477e+00,6.797435283660888672e-01
1.026138359763953289e+01,5.022110939305695076e+00,1.575864990234375000e+03,1.327474832534790039e+00,4.036110000000000753e+00,8.772692680358886719e-01,5.595037937164306641e-01
1.026329033128220303e+01,5.042860890231787963e+00,1.338565673828125000e+03,1.252969026565551758e+00,4.036120000000000374e+00,8.789477348327636719e-01,5.347844362258911133e-01
1.025645243080897906e+01,5.057329589288416472e+00,1.182274780273437500e+03,1.063413143157958984e+00,4.036129999999999995e+00,8.916125893592834473e-01,5.205174088478088379e-01
1.025914613079274496e+01,5.077356520664461748e+00,2.057401855468750000e+03,1.007534980773925781e+00,4.036140000000000505e+00,9.334218502044677734e-01,6.335092186927795410e-01
1.026743766225487597e+01,5.094778913914792540e+00,1.730775024414062500e+03,1.049364328384399414e+00,4.036150000000000126e+00,9.719504117965698242e-01,6.348062157630920410e-01
1.025934408647960439e+01,5.113548741318789226e+00,1.455141113281250000e+03,1.205458164215087891e+00,4.036160000000000636e+00,9.624899625778198242e-01,6.004737615585327148e-01
1.025932495262214772e+01,5.131749280966770854e+00,1.357705688476562500e+03,1.340901374816894531e+00,4.036170000000000258e+00,1.014904022216796875e+00,6.202340126037597656e-01
1.026793913695049021e+01,5.150018899392623695e+00,1.467091552734375000e+03,1.356003999710083008e+00,4.036180000000000767e+00,1.054424524307250977e+00,6.593729257583618164e-01
1.026414415527713864e+01,5.161614464018919435e+00,2.454339111328125000e+03,1.376918077468872070e+00,4.036190000000000389e+00,1.236920356750488281e+00,8.675799369812011719e-01
1.026064823460966124e+01,5.185224226231411215e+00,1.667967773437500000e+03,1.408401250839233398e+00,4.036200000000000010e+00,1.142696976661682129e+00,7.395581603050231934e-01
1.026284703044949254e+01,5.203620083310841693e+00,1.415724487304687500e+03,1.944754838943481445e+00,4.036210000000000520e+00,8.478196859359741211e-01,5.247136354446411133e-01
1.026198098674144354e+01,5.227955766918833014e+00,1.856639404296875000e+03,1.406174421310424805e+00,4.036220000000000141e+00,1.117596149444580078e+00,7.419995665550231934e-01
1.026556564739540534e+01,5.243208891272516325e+00,1.833855468750000000e+03,1.099941253662109375e+00,4.036230000000000651e+00,1.003536224365234375e+00,6.644083857536315918e-01
1.026187786434710603e+01,5.263000313603821922e+00,1.369805541992187500e+03,1.554659128189086914e+00,4.036240000000000272e+00,1.112865924835205078e+00,6.819560527801513672e-01
1.026138704681597957e+01,5.277195741523846628e+00,2.176463867187500000e+03,1.364964962005615234e+00,4.036249999999999893e+00,1.467481493949890137e+00,1.007122039794921875e+00
1.025693651795389627e+01,5.295519527439077834e+00,2.176287109375000000e+03,1.871926307678222656e+00,4.036260000000000403e+00,1.380124568939208984e+00,9.471548199653625488e-01
1.026204160887224859e+01,5.320550491998207399e+00,2.668094726562500000e+03,2.463843345642089844e+00,4.036270000000000024e+00,1.214337229728698730e+00,8.634600043296813965e-01
1.026148909051281422e+01,5.335787903571711510e+00,1.916821899414062500e+03,2.402321815490722656e+00,4.036280000000000534e+00,9.849967360496520996e-01,6.586099863052368164e-01
1.026572801686173975e+01,5.354690643291895924e+00,1.532575195312500000e+03,1.787009954452514648e+00,4.036290000000000155e+00,8.315690159797668457e-01,5.263921022415161133e-01
1.026036115282608208e+01,5.373552904424952814e+00,1.094376098632812500e+03,1.270362854003906250e+00,4.036300000000000665e+00,1.010784149169921875e+00,5.735419392585754395e-01
1.026272412020432157e+01,5.392338269798374384e+00,1.447856567382812500e+03,1.085036516189575195e+00,4.036310000000000286e+00,9.949913024902343750e-01,6.198525428771972656e-01
1.026775641976849229e+01,5.408298431615435220e+00,1.442816284179687500e+03,1.167144298553466797e+00,4.036319999999999908e+00,1.136364459991455078e+00,7.072094082832336426e-01
1.025886587643943315e+01,5.429625091609770138e+00,1.520962890625000000e+03,1.309294223785400391e+00,4.036330000000000418e+00,1.085247397422790527e+00,6.855418682098388672e-01
1.026432635342758104e+01,5.450474181813825147e+00,1.518100830078125000e+03,1.431709051132202148e+00,4.036340000000000039e+00,1.130642414093017578e+00,7.138470411300659180e-01
1.027190448977644976e+01,5.469932796886076254e+00,1.711148681640625000e+03,1.477505683898925781e+00,4.036350000000000549e+00,1.067775964736938477e+00,6.954601407051086426e-01
1.026696693285907713e+01,5.484654822884448500e+00,1.480110595703125000e+03,1.673616886138916016e+00,4.036360000000000170e+00,1.275220036506652832e+00,7.994491457939147949e-01
1.026708963798478536e+01,5.502068102903383995e+00,2.453208496093750000e+03,1.592852592468261719e+00,4.036370000000000680e+00,1.513868331909179688e+00,1.061748743057250977e+00
1.027145380607934655e+01,5.528825586741680453e+00,1.492429809570312500e+03,2.271123647689819336e+00,4.036380000000000301e+00,1.066326379776000977e+00,6.700541377067565918e-01
1.027127523962080069e+01,5.538745041621850440e+00,1.575177978515625000e+03,2.487124919891357422e+00,4.036389999999999922e+00,9.514272809028625488e-01,6.067299246788024902e-01
1.026433375762412226e+01,5.561636934285436595e+00,1.280344970703125000e+03,1.558117389678955078e+00,4.036400000000000432e+00,9.836234450340270996e-01,5.900214910507202148e-01
1.026618564559369062e+01,5.579219199469767076e+00,1.307060546875000000e+03,1.308873414993286133e+00,4.036410000000000053e+00,9.903373122215270996e-01,5.980323553085327148e-01
1.026946712877630219e+01,5.593210888881863241e+00,1.261837402343750000e+03,1.284579753875732422e+00,4.036420000000000563e+00,8.675799369812011719e-01,5.179234147071838379e-01
1.026294453357760972e+01,5.609816026222744334e+00,1.428734252929687500e+03,1.254105091094970703e+00,4.036430000000000184e+00,7.797652482986450195e-01,4.838961958885192871e-01
1.026677981088146296e+01,5.621546134090149138e+00,1.801534790039062500e+03,8.561593890190124512e-01,4.036440000000000694e+00,9.276997447013854980e-01,6.116890311241149902e-01
1.026378227918694641e+01,5.649996128191282274e+00,1.444686767578125000e+03,8.941358923912048340e-01,4.036450000000000315e+00,1.127972126007080078e+00,7.022503018379211426e-01
1.026596304411618021e+01,5.666544541672625890e+00,1.344637207031250000e+03,1.311772584915161133e+00,4.036459999999999937e+00,1.122631549835205078e+00,6.840159893035888672e-01
1.026419845547001408e+01,5.688139148851112381e+00,1.759741455078125000e+03,1.462193250656127930e+00,4.036470000000000447e+00,1.180310010910034180e+00,7.739669084548950195e-01
1.026389332373162055e+01,5.701104698571467289e+00,1.404228271484375000e+03,1.717698097229003906e+00,4.036480000000000068e+00,1.217999339103698730e+00,7.519941329956054688e-01
1.026459914165445575e+01,5.726751136630452876e+00,1.704184814453125000e+03,1.784648418426513672e+00,4.036490000000000578e+00,1.154675126075744629e+00,7.513074874877929688e-01
1.025818282544449112e+01,5.737917386050461310e+00,1.250945190429687500e+03,1.929852485656738281e+00,4.036500000000000199e+00,9.353291988372802734e-01,5.567572116851806641e-01
1.026318015291749397e+01,5.761455050411564471e+00,1.737734252929687500e+03,1.647380113601684570e+00,4.036510000000000709e+00,8.600267767906188965e-01,5.622503757476806641e-01
1.025789385959714117e+01,5.775271339673856197e+00,1.550291992187500000e+03,9.510130286216735840e-01,4.036520000000000330e+00,1.004756927490234375e+00,6.380105614662170410e-01
1.025615111792463274e+01,5.799886191875164521e+00,1.705947509765625000e+03,1.269447326660156250e+00,4.036529999999999951e+00,9.434926509857177734e-01,6.140541434288024902e-01
1.026041549909282224e+01,5.816697955426879396e+00,1.675907592773437500e+03,1.351956844329833984e+00,4.036540000000000461e+00,1.019710659980773926e+00,6.607462167739868164e-01
1.025578886864200889e+01,5.827431233521638276e+00,1.468761474609375000e+03,1.344435930252075195e+00,4.036550000000000082e+00,9.940757751464843750e-01,6.218361854553222656e-01
1.025764723192349592e+01,5.848576075477740055e+00,1.605484375000000000e+03,1.428442716598510742e+00,4.036560000000000592e+00,1.071895837783813477e+00,6.869914531707763672e-01
1.025644784158003553e+01,5.869605701452178081e+00,1.548317626953125000e+03,1.463474750518798828e+00,4.036570000000000213e+00,1.058468103408813477e+00,6.718851923942565918e-01
1.025609478421735155e+01,5.884225903096307775e+00,1.318216186523437500e+03,1.493154287338256836e+00,4.036580000000000723e+00,9.283100962638854980e-01,5.620977878570556641e-01
1.025818514540855553e+01,5.907081053927058178e+00,1.432027587890625000e+03,1.356383085250854492e+00,4.036590000000000344e+00,8.420213460922241211e-01,5.228825211524963379e-01
1.025348994498626354e+01,5.926389660311150998e+00,1.147728515625000000e+03,1.067791700363159180e+00,4.036599999999999966e+00,9.592855572700500488e-01,5.540868639945983887e-01
1.025367940937020350e+01,5.942593618124834443e+00,1.432570068359375000e+03,1.012534618377685547e+00,4.036610000000000475e+00,8.566698431968688965e-01,5.320378541946411133e-01
1.025805706610283252e+01,5.956364404548020630e+00,1.363380737304687500e+03,1.095449447631835938e+00,4.036620000000000097e+00,9.621084928512573242e-01,5.887244939804077148e-01
1.025644307942445543e+01,5.973010705271632581e+00,1.541087890625000000e+03,1.122314453125000000e+00,4.036630000000000607e+00,1.030086636543273926e+00,6.530405282974243164e-01
1.025052888478576563e+01,5.995230282898043939e+00,1.813298828125000000e+03,1.291847944259643555e+00,4.036640000000000228e+00,1.142468094825744629e+00,7.544355392456054688e-01
1.025482082898684411e+01,6.018451887155625180e+00,1.646955444335937500e+03,1.466520547866821289e+00,4.036650000000000738e+00,8.840594887733459473e-01,5.703375935554504395e-01
1.025407160053473632e+01,6.032538749227657426e+00,1.382624877929687500e+03,1.601026773452758789e+00,4.036660000000000359e+00,9.460867047309875488e-01,5.814002156257629395e-01
1.025436264899732919e+01,6.049718504040070499e+00,1.593833129882812500e+03,1.175773859024047852e+00,4.036669999999999980e+00,9.460867047309875488e-01,6.052040457725524902e-01
1.025322757724874378e+01,6.074984293852252470e+00,1.599697875976562500e+03,1.119697809219360352e+00,4.036680000000000490e+00,9.653128385543823242e-01,6.180977821350097656e-01
1.025736114730192483e+01,6.086536258507061703e+00,1.564010864257812500e+03,1.180823564529418945e+00,4.036690000000000111e+00,9.959068298339843750e-01,6.338906884193420410e-01
1.024826356474370037e+01,6.106608161273438640e+00,1.686000610351562500e+03,1.274823665618896484e+00,4.036700000000000621e+00,8.832202553749084473e-01,5.731604695320129395e-01
1.025532279893909759e+01,6.123317335812307860e+00,1.627590698242187500e+03,1.318540096282958984e+00,4.036710000000000242e+00,8.518633246421813965e-01,5.479070544242858887e-01
1.025333730422076606e+01,6.141345972639118855e+00,1.235831298828125000e+03,1.047478437423706055e+00,4.036720000000000752e+00,8.587297797203063965e-01,5.090733170509338379e-01
1.025329659891737322e+01,6.161346084916914378e+00,1.466750732421875000e+03,1.114207029342651367e+00,4.036730000000000373e+00,9.771384596824645996e-01,6.110023856163024902e-01
1.025861551429360929e+01,6.177137809201397545e+00,1.906740356445312500e+03,9.519702792167663574e-01,4.036739999999999995e+00,1.003841400146484375e+00,6.704356074333190918e-01
1.026084582685050961e+01,6.198726353525520594e+00,1.529945678710937500e+03,1.407767057418823242e+00,4.036750000000000504e+00,1.081203818321228027e+00,6.840922832489013672e-01
1.025821415587062901e+01,6.215659974753383388e+00,2.590531005859375000e+03,1.366959333419799805e+00,4.036760000000000126e+00,1.099209189414978027e+00,7.779341936111450195e-01
1.025202892640323782e+01,6.235651255254836656e+00,1.533846679687500000e+03,1.550274610519409180e+00,4.036770000000000636e+00,1.028637051582336426e+00,6.512857675552368164e-01
1.025998766855416910e+01,6.253288488155450686e+00,1.696151977539062500e+03,1.565802812576293945e+00,4.036780000000000257e+00,1.195111036300659180e+00,7.767134904861450195e-01
1.026481422770022434e+01,6.271111783006530160e+00,1.465337402343750000e+03,1.687935113906860352e+00,4.036790000000000767e+00,9.498251080513000488e-01,5.937598943710327148e-01
1.025949708115371095e+01,6.292682969978563357e+00,1.467637207031250000e+03,1.584671258926391602e+00,4.036800000000000388e+00,1.093716025352478027e+00,6.840159893035888672e-01
1.026008306428140493e+01,6.305500467545377852e+00,1.328716674804687500e+03,1.360493421554565430e+00,4.036810000000000009e+00,1.009563446044921875e+00,6.128334403038024902e-01
1.026157234848250255e+01,6.328580655251915488e+00,1.625785522460937500e+03,1.461414813995361328e+00,4.036820000000000519e+00,1.027950406074523926e+00,6.609750986099243164e-01
1.026264975570780535e+01,6.345564488027394923e+00,1.246956054687500000e+03,1.395799636840820312e+00,4.036830000000000140e+00,1.023067593574523926e+00,6.083320975303649902e-01
1.026008739313833829e+01,6.364839307961558390e+00,2.108260009765625000e+03,1.494223594665527344e+00,4.036840000000000650e+00,1.030086636543273926e+00,7.025554776191711426e-01
1.026497332676751739e+01,6.377346424518655965e+00,1.487229980468750000e+03,1.408537149429321289e+00,4.036850000000000271e+00,9.553182721138000488e-01,5.997108221054077148e-01
1.027268774194763346e+01,6.398387467487847147e+00,1.662224365234375000e+03,1.517773389816284180e+00,4.036859999999999893e+00,1.047176599502563477e+00,6.771494746208190918e-01
1.027030583778183193e+01,6.416682891915010956e+00,1.380271118164062500e+03,1.263945817947387695e+00,4.036870000000000402e+00,1.291394352912902832e+00,7.931930422782897949e-01
1.026882694148586594e+01,6.434321131979602093e+00,1.411895629882812500e+03,1.672389030456542969e+00,4.036880000000000024e+00,1.310162782669067383e+00,8.102066516876220703e-01
1.026978018457554143e+01,6.448325491947671573e+00,1.723891357421875000e+03,2.033037662506103516e+00,4.036890000000000533e+00,1.165585160255432129e+00,7.605391144752502441e-01
1.026715887662403048e+01,6.473778182761882327e+00,1.716164062500000000e+03,1.958626031875610352e+00,4.036900000000000155e+00,1.118282794952392578e+00,7.288770079612731934e-01
1.026572887331290751e+01,6.489905811526821999e+00,1.780506469726562500e+03,1.802361726760864258e+00,4.036910000000000664e+00,9.334981441497802734e-01,6.138252615928649902e-01
1.027224541223241694e+01,6.506197968412284816e+00,1.806697753906250000e+03,1.672199487686157227e+00,4.036920000000000286e+00,9.831656813621520996e-01,6.486917734146118164e-01
1.026555104893148318e+01,6.524785309249128140e+00,1.883875244140625000e+03,1.283136129379272461e+00,4.036929999999999907e+00,9.523428082466125488e-01,6.343484520912170410e-01
1.026539917754069364e+01,6.538047635539671276e+00,1.327926391601562500e+03,1.211964607238769531e+00,4.036940000000000417e+00,9.599722027778625488e-01,5.826209187507629395e-01
1.026741890159618364e+01,6.562937633531388038e+00,1.474751220703125000e+03,1.242203235626220703e+00,4.036950000000000038e+00,8.620867133140563965e-01,5.398961901664733887e-01
1.027002839202499018e+01,6.582504657198215092e+00,1.286459960937500000e+03,1.206724166870117188e+00,4.036960000000000548e+00,1.039623379707336426e+00,6.245827674865722656e-01
1.025655913111312145e+01,6.599643253778899599e+00,1.956368530273437500e+03,1.222186803817749023e+00,4.036970000000000169e+00,1.074718713760375977e+00,7.217816114425659180e-01
1.025832271358364878e+01,6.615088778250272306e+00,2.484345947265625000e+03,1.530415534973144531e+00,4.036980000000000679e+00,1.141781449317932129e+00,8.025009036064147949e-01
1.026037441917311277e+01,6.633537164091044325e+00,1.885989746093750000e+03,1.774633646011352539e+00,4.036990000000000300e+00,1.277661442756652832e+00,8.512529134750366211e-01
1.025581416989073702e+01,6.649991878484811103e+00,1.360921875000000000e+03,1.840116500854492188e+00,4.036999999999999922e+00,9.441792964935302734e-01,5.774329304695129395e-01
1.025589300735659215e+01,6.672072740140875702e+00,2.188769042968750000e+03,1.972219467163085938e+00,4.037010000000000431e+00,9.083210229873657227e-01,6.240487098693847656e-01
1.026237511296139182e+01,6.691050813216678605e+00,1.125784667968750000e+03,1.334779977798461914e+00,4.037020000000000053e+00,9.026752710342407227e-01,5.176945328712463379e-01
1.025545835289712571e+01,6.705057525215567082e+00,1.626055053710937500e+03,1.159454107284545898e+00,4.037030000000000562e+00,1.053890466690063477e+00,6.776835322380065918e-01
1.025782268392432783e+01,6.729081403229426606e+00,2.819209716796875000e+03,1.010008573532104492e+00,4.037040000000000184e+00,1.115536212921142578e+00,7.999069094657897949e-01
1.025917340534999411e+01,6.750953917265541726e+00,2.352844482421875000e+03,1.505861997604370117e+00,4.037050000000000693e+00,8.580431342124938965e-01,5.974220037460327148e-01
1.025164524215040096e+01,6.767745901418482646e+00,1.425959472656250000e+03,1.551466703414916992e+00,4.037060000000000315e+00,9.791221022605895996e-01,6.072639822959899902e-01
1.025371184392183999e+01,6.786945587380208700e+00,1.597938476562500000e+03,1.261432886123657227e+00,4.037069999999999936e+00,1.047710657119750977e+00,6.706644892692565918e-01
1.025431830201876160e+01,6.805382412714743090e+00,2.329942382812500000e+03,1.269386529922485352e+00,4.037080000000000446e+00,1.132320880889892578e+00,7.870131731033325195e-01
1.025933508440949460e+01,6.820023773957110791e+00,1.697587524414062500e+03,1.635206460952758789e+00,4.037090000000000067e+00,1.064113855361938477e+00,6.917216777801513672e-01
1.024680330084831503e+01,6.842284642803416972e+00,1.695333251953125000e+03,1.827406406402587891e+00,4.037100000000000577e+00,1.098980307579040527e+00,7.141522169113159180e-01
1.025822247495294981e+01,6.860278011799300302e+00,1.799104370117187500e+03,1.470642805099487305e+00,4.037110000000000198e+00,1.084942221641540527e+00,7.151440382003784180e-01
1.025406470993715224e+01,6.882894361992875076e+00,1.728838745117187500e+03,1.662094116210937500e+00,4.037120000000000708e+00,9.798087477684020996e-01,6.397653222084045410e-01
1.025705227882168913e+01,6.893941929110498634e+00,1.671101440429687500e+03,1.532827138900756836e+00,4.037130000000000329e+00,1.077236413955688477e+00,6.975200772285461426e-01
1.025358140078980895e+01,6.913514007620096713e+00,1.301868164062500000e+03,1.265614748001098633e+00,4.037139999999999951e+00,9.215199351310729980e-01,5.557653903961181641e-01
1.025047812945378034e+01,6.940516852775723500e+00,1.351366455078125000e+03,1.266070127487182617e+00,4.037150000000000460e+00,8.953509926795959473e-01,5.463811755180358887e-01
1.024686837000503203e+01,6.956497098760203279e+00,1.371791625976562500e+03,1.122288227081298828e+00,4.037160000000000082e+00,9.495962262153625488e-01,5.821631550788879395e-01
1.024999626629026572e+01,6.971104852337092872e+00,1.234648681640625000e+03,1.052966833114624023e+00,4.037170000000000591e+00,8.942828774452209473e-01,5.299779176712036133e-01
1.025458797150667856e+01,6.991647914139421438e+00,1.029773193359375000e+03,1.298371076583862305e+00,4.037180000000000213e+00,8.803973197937011719e-01,4.877108931541442871e-01
1.025220590936944376e+01,7.007051856878989682e+00,1.044009033203125000e+03,1.076981544494628906e+00,4.037190000000000722e+00,8.756670951843261719e-01,4.877871870994567871e-01
1.025726472066299522e+01,7.023548990252994173e+00,1.514038696289062500e+03,9.300214648246765137e-01,4.037200000000000344e+00,1.027721524238586426e+00,6.483865380287170410e-01
1.025489848768224732e+01,7.052269821835826846e+00,1.047710205078125000e+03,1.081510305404663086e+00,4.037209999999999965e+00,9.032856225967407227e-01,5.038852691650390625e-01
1.026065400961940988e+01,7.060900208835794167e+00,1.165121337890625000e+03,1.211418628692626953e+00,4.037220000000000475e+00,8.651384711265563965e-01,5.024356842041015625e-01
1.025379049454100411e+01,7.086822308131432102e+00,1.957637329101562500e+03,9.972519278526306152e-01,4.037230000000000096e+00,9.232746958732604980e-01,6.201577186584472656e-01
1.025603052412685123e+01,7.102863325788058013e+00,2.064698242187500000e+03,1.035906791687011719e+00,4.037240000000000606e+00,9.010730981826782227e-01,6.119942069053649902e-01
1.025713506915001005e+01,7.118226912058903011e+00,1.208798828125000000e+03,1.242644309997558594e+00,4.037250000000000227e+00,9.833945631980895996e-01,5.785773396492004395e-01
1.026202436527758621e+01,7.138627513157911331e+00,1.737116088867187500e+03,1.316716194152832031e+00,4.037260000000000737e+00,1.056408166885375977e+00,6.905772686004638672e-01
1.026060011910888115e+01,7.155910628809150964e+00,1.286242553710937500e+03,1.325348138809204102e+00,4.037270000000000358e+00,9.422719478607177734e-01,5.660650730133056641e-01
1.026305746771403804e+01,7.174330948542894326e+00,1.506847900390625000e+03,1.275001287460327148e+00,4.037279999999999980e+00,9.084736108779907227e-01,5.723975300788879395e-01
1.026422458525300918e+01,7.188370843742381666e+00,1.498134887695312500e+03,1.219973087310791016e+00,4.037290000000000489e+00,9.082447290420532227e-01,5.713294148445129395e-01
1.026271879351550709e+01,7.217014226273529509e+00,1.428802001953125000e+03,1.141561985015869141e+00,4.037300000000000111e+00,1.136898517608642578e+00,7.055309414863586426e-01
1.026193847983951635e+01,7.230420623731554919e+00,1.743692626953125000e+03,1.463148117065429688e+00,4.037310000000000620e+00,9.653128385543823242e-01,6.316018104553222656e-01
1.026717650640116197e+01,7.247051085290698857e+00,1.632611572265625000e+03,1.588652849197387695e+00,4.037320000000000242e+00,1.082195639610290527e+00,6.966045498847961426e-01
1.025665460876970414e+01,7.258528251228238304e+00,1.299403442382812500e+03,1.293477535247802734e+00,4.037330000000000751e+00,9.898032546043395996e-01,5.965827703475952148e-01
1.026118512670225158e+01,7.282146043818426229e+00,1.398299804687500000e+03,1.578884840011596680e+00,4.037340000000000373e+00,8.519396185874938965e-01,5.253239870071411133e-01
1.026118514868759668e+01,7.304587212264880058e+00,1.338250000000000000e+03,1.295818805694580078e+00,4.037349999999999994e+00,8.363755941390991211e-01,5.088444352149963379e-01
1.026607418700999474e+01,7.318886304261985387e+00,1.110837158203125000e+03,9.605128169059753418e-01,4.037360000000000504e+00,8.733782768249511719e-01,4.983921051025390625e-01
1.025391243558583199e+01,7.331328218762950044e+00,1.084003417968750000e+03,9.750074744224548340e-01,4.037370000000000125e+00,1.004909515380859375e+00,5.681250095367431641e-01
1.026116769582788457e+01,7.351536902106274418e+00,1.274807617187500000e+03,9.652633070945739746e-01,4.037380000000000635e+00,1.046032071113586426e+00,6.265664100646972656e-01
1.025964078413590030e+01,7.377854696319143812e+00,1.881673950195312500e+03,1.268127679824829102e+00,4.037390000000000256e+00,8.337815403938293457e-01,5.552313327789306641e-01
1.026114319215243320e+01,7.387566073256930821e+00,1.770405151367187500e+03,1.208660125732421875e+00,4.037400000000000766e+00,1.041988492012023926e+00,6.842448711395263672e-01
1.025453147032630241e+01,7.409403540127538434e+00,1.248209228515625000e+03,1.251921176910400391e+00,4.037410000000000387e+00,1.009639739990234375e+00,6.005500555038452148e-01
1.025747861950782003e+01,7.420464501078377850e+00,1.382168334960937500e+03,1.415519237518310547e+00,4.037420000000000009e+00,9.659231901168823242e-01,5.935310125350952148e-01
1.025967974221809520e+01,7.443735168169730798e+00,2.120440917968750000e+03,1.315361976623535156e+00,4.037430000000000518e+00,9.142720103263854980e-01,6.242775917053222656e-01
1.025198139820586540e+01,7.462968359134258378e+00,1.419725585937500000e+03,1.143842458724975586e+00,4.037440000000000140e+00,9.329640865325927734e-01,5.778906941413879395e-01
1.026289383076796291e+01,7.478518213093460432e+00,1.296931152343750000e+03,1.272401332855224609e+00,4.037450000000000649e+00,9.639395475387573242e-01,5.806372761726379395e-01
1.025731973656864149e+01,7.499174143837354478e+00,1.312526367187500000e+03,1.149079322814941406e+00,4.037460000000000271e+00,9.991111755371093750e-01,6.041359305381774902e-01
1.025339809820987469e+01,7.520750023465872403e+00,1.309019775390625000e+03,1.167931079864501953e+00,4.037469999999999892e+00,9.029804468154907227e-01,5.455419421195983887e-01
1.024869214638458104e+01,7.535223445687266874e+00,1.967911254882812500e+03,1.211516380310058594e+00,4.037480000000000402e+00,1.023449063301086426e+00,6.882121562957763672e-01
1.025512032391163686e+01,7.548806786384542278e+00,1.555471557617187500e+03,1.153448343276977539e+00,4.037490000000000023e+00,9.422719478607177734e-01,5.988715887069702148e-01
1.025402016905133529e+01,7.570109166374425769e+00,1.823623168945312500e+03,1.330983161926269531e+00,4.037500000000000533e+00,1.104168295860290527e+00,7.300977110862731934e-01
1.025827084832767788e+01,7.588010223369084706e+00,1.628299072265625000e+03,1.346716403961181641e+00,4.037510000000000154e+00,9.435689449310302734e-01,6.069588065147399902e-01
1.024502104570287919e+01,7.609120108243197400e+00,1.625156982421875000e+03,1.515801668167114258e+00,4.037520000000000664e+00,8.333237767219543457e-01,5.357762575149536133e-01
1.025436695154126454e+01,7.626381161195630476e+00,1.078917358398437500e+03,1.167783260345458984e+00,4.037530000000000285e+00,8.104355335235595703e-01,4.573458135128021240e-01
1.024457339197356376e+01,7.647159348388140820e+00,1.217825073242187500e+03,1.004038572311401367e+00,4.037539999999999907e+00,9.464681744575500488e-01,5.582830905914306641e-01
1.025754335829071451e+01,7.669373874517706469e+00,1.641575073242187500e+03,9.541386961936950684e-01,4.037550000000000416e+00,1.041149258613586426e+00,6.711222529411315918e-01
1.025072404787563762e+01,7.686577389929367676e+00,1.628335815429687500e+03,1.239083528518676758e+00,4.037560000000000038e+00,1.055645227432250977e+00,6.790568232536315918e-01
1.025684538150522407e+01,7.699011842470390832e+00,1.574158325195312500e+03,1.558459520339965820e+00,4.037570000000000547e+00,8.559831976890563965e-01,5.457708239555358887e-01
1.025556958221647363e+01,7.721202691692588438e+00,1.955493530273437500e+03,1.449316263198852539e+00,4.037580000000000169e+00,9.270130991935729980e-01,6.225228309631347656e-01
1.025591778096959672e+01,7.743644213992467940e+00,1.374737792968750000e+03,1.149414300918579102e+00,4.037590000000000678e+00,9.156453013420104980e-01,5.617163181304931641e-01
1.025380867559387355e+01,7.761243280881341633e+00,1.441780273437500000e+03,1.164457321166992188e+00,4.037600000000000300e+00,9.465444684028625488e-01,5.889533758163452148e-01
1.025427691221532456e+01,7.773509148857399076e+00,1.124318481445312500e+03,1.098047018051147461e+00,4.037609999999999921e+00,8.545336127281188965e-01,4.898471534252166748e-01
1.025341262404024434e+01,7.798265659542172656e+00,1.557047119140625000e+03,1.043378829956054688e+00,4.037620000000000431e+00,8.817706108093261719e-01,5.605719089508056641e-01
1.024973864192830852e+01,7.816809987985633867e+00,1.654826904296875000e+03,8.175224661827087402e-01,4.037630000000000052e+00,1.055797815322875977e+00,6.819560527801513672e-01
1.025572804735378440e+01,7.829841954079016730e+00,1.614673339843750000e+03,1.130077362060546875e+00,4.037640000000000562e+00,9.305226802825927734e-01,5.972694158554077148e-01
1.026050180135944601e+01,7.846603418255357454e+00,1.586568115234375000e+03,1.236929416656494141e+00,4.037650000000000183e+00,9.620321989059448242e-01,6.146644949913024902e-01
1.025879139227421710e+01,7.866017386922275811e+00,2.056626220703125000e+03,1.290828704833984375e+00,4.037660000000000693e+00,1.230511546134948730e+00,8.350785374641418457e-01
1.025561606127425129e+01,7.888342971576745022e+00,1.883813720703125000e+03,1.431064128875732422e+00,4.037670000000000314e+00,1.383710384368896484e+00,9.216725230216979980e-01
1.026070035392636548e+01,7.905825092292423584e+00,1.548005249023437500e+03,1.957072734832763672e+00,4.037679999999999936e+00,1.070064783096313477e+00,6.792094111442565918e-01
1.025479335071624831e+01,7.929645951532953596e+00,1.205409790039062500e+03,2.088708400726318359e+00,4.037690000000000445e+00,9.398305416107177734e-01,5.524083971977233887e-01
1.025836116220018823e+01,7.944815794559903388e+00,1.298893310546875000e+03,1.398218393325805664e+00,4.037700000000000067e+00,1.058544397354125977e+00,6.379342675209045410e-01
1.025139481400078267e+01,7.966949625719476735e+00,1.386798339843750000e+03,1.168155193328857422e+00,4.037710000000000576e+00,1.193051099777221680e+00,7.338361144065856934e-01
1.026024925296366774e+01,7.981589355137454156e+00,1.592888916015625000e+03,1.387966394424438477e+00,4.037720000000000198e+00,1.134228229522705078e+00,7.254437208175659180e-01
1.025362651657224511e+01,8.001415195402818981e+00,2.518336425781250000e+03,1.870183467864990234e+00,4.037730000000000707e+00,1.158032059669494629e+00,8.157761096954345703e-01
1.026240468138108142e+01,8.018895520266921650e+00,1.417729248046875000e+03,1.849891662597656250e+00,4.037740000000000329e+00,9.669913053512573242e-01,5.987190008163452148e-01
1.025545879586053033e+01,8.038379602831495774e+00,1.263268188476562500e+03,1.633830785751342773e+00,4.037749999999999950e+00,1.084179282188415527e+00,6.474710106849670410e-01
1.025887919685293426e+01,8.055846783916758014e+00,1.395467651367187500e+03,1.433207511901855469e+00,4.037760000000000460e+00,9.157215952873229980e-01,5.643103122711181641e-01
1.025487642101764685e+01,8.071472893256542491e+00,1.491397705078125000e+03,1.440661668777465820e+00,4.037770000000000081e+00,9.656180143356323242e-01,6.066536307334899902e-01
1.025838382864767695e+01,8.091436061257569534e+00,1.877996948242187500e+03,1.068247079849243164e+00,4.037780000000000591e+00,9.930076599121093750e-01,6.609750986099243164e-01
1.025254759637473079e+01,8.110920159811991326e+00,1.197881958007812500e+03,1.222494363784790039e+00,4.037790000000000212e+00,7.817488908767700195e-01,4.584902226924896240e-01
1.026057538867500263e+01,8.129230953590157682e+00,1.157202270507812500e+03,1.198141098022460938e+00,4.037800000000000722e+00,9.206044077873229980e-01,5.333348512649536133e-01
1.026083194229367557e+01,8.154748802791525364e+00,1.710997924804687500e+03,8.899528384208679199e-01,4.037810000000000343e+00,1.073421716690063477e+00,6.991222500801086426e-01
1.026152367368841567e+01,8.173555992180626006e+00,1.555797485351562500e+03,1.210060834884643555e+00,4.037819999999999965e+00,9.138904809951782227e-01,5.808661580085754395e-01
1.025640130827837559e+01,8.190279341565428695e+00,1.323306274414062500e+03,1.276472330093383789e+00,4.037830000000000474e+00,9.379994869232177734e-01,5.686590671539306641e-01
1.025278798745301145e+01,8.203675455033543784e+00,1.307432373046875000e+03,1.158288240432739258e+00,4.037840000000000096e+00,9.725607633590698242e-01,5.873512029647827148e-01
1.025191661793187059e+01,8.222441601408776890e+00,1.299730957031250000e+03,1.229761362075805664e+00,4.037850000000000605e+00,8.404954671859741211e-01,5.066318511962890625e-01
1.025108779980221385e+01,8.244420905587233506e+00,1.191973999023437500e+03,1.121061563491821289e+00,4.037860000000000227e+00,8.227189183235168457e-01,4.816836714744567871e-01
1.025560693486179531e+01,8.262317900671485305e+00,1.551540039062500000e+03,8.492440581321716309e-01,4.037870000000000736e+00,9.260975718498229980e-01,5.881904363632202148e-01
1.024693073680554178e+01,8.277279649470072442e+00,1.634063476562500000e+03,9.673268198966979980e-01,4.037880000000000358e+00,9.431874752044677734e-01,6.072639822959899902e-01
1.025600920122037785e+01,8.300699421247554000e+00,1.410718505859375000e+03,1.074406623840332031e+00,4.037889999999999979e+00,9.866752028465270996e-01,6.100105643272399902e-01
1.024175228387498038e+01,8.318106535291480697e+00,1.493849365234375000e+03,1.280624389648437500e+00,4.037900000000000489e+00,9.836234450340270996e-01,6.182503700256347656e-01
1.025461988392664736e+01,8.327601352980156690e+00,1.351121582031250000e+03,1.282094240188598633e+00,4.037910000000000110e+00,9.880484938621520996e-01,6.029152274131774902e-01
1.024710465370078794e+01,8.355992892278122142e+00,1.355912231445312500e+03,1.493633508682250977e+00,4.037920000000000620e+00,8.403428792953491211e-01,5.133457779884338379e-01
1.025112812447539312e+01,8.369305088231454803e+00,1.099219848632812500e+03,1.253896474838256836e+00,4.037930000000000241e+00,9.313619136810302734e-01,5.293675661087036133e-01
1.024863748998949120e+01,8.391404817693887352e+00,1.305137451171875000e+03,1.149448871612548828e+00,4.037940000000000751e+00,8.774218559265136719e-01,5.295964479446411133e-01
1.025824001924105744e+01,8.410196312523506634e+00,1.022831298828125000e+03,1.194035530090332031e+00,4.037950000000000372e+00,9.605825543403625488e-01,5.306645631790161133e-01
1.024898983441269351e+01,8.432442195128770024e+00,1.376065917968750000e+03,9.773415923118591309e-01,4.037959999999999994e+00,1.064571619033813477e+00,6.532694101333618164e-01
1.024918989885790488e+01,8.451703130902044947e+00,1.766697631835937500e+03,1.152728319168090820e+00,4.037970000000000503e+00,9.770621657371520996e-01,6.412912011146545410e-01
1.024410521214472958e+01,8.472414166962934701e+00,1.934345825195312500e+03,1.371184110641479492e+00,4.037980000000000125e+00,1.067547082901000977e+00,7.152203321456909180e-01
1.025475851009988304e+01,8.494304921754782356e+00,1.373463623046875000e+03,1.580167531967163086e+00,4.037990000000000634e+00,9.884299635887145996e-01,6.061958670616149902e-01
1.025138970499103763e+01,8.507564643189974518e+00,1.303987182617187500e+03,1.502977132797241211e+00,4.038000000000000256e+00,9.526479840278625488e-01,5.748389363288879395e-01
1.025457580855618112e+01,8.522191442935358907e+00,1.244430664062500000e+03,1.287726879119873047e+00,4.038010000000000765e+00,9.804953932762145996e-01,5.826209187507629395e-01
1.025364261580469361e+01,8.543967329991204451e+00,1.732493286132812500e+03,1.273711442947387695e+00,4.038020000000000387e+00,8.465226888656616211e-01,5.530187487602233887e-01
1.024837058180353822e+01,8.560208028120376511e+00,1.165894897460937500e+03,1.183139801025390625e+00,4.038030000000000008e+00,8.386644124984741211e-01,4.871768355369567871e-01
1.025536748808203313e+01,8.571114174637198602e+00,1.590452880859375000e+03,9.676296114921569824e-01,4.038040000000000518e+00,9.383809566497802734e-01,5.999397039413452148e-01
1.025712356918291768e+01,8.595916837297258084e+00,1.701311279296875000e+03,1.000257253646850586e+00,4.038050000000000139e+00,8.338578343391418457e-01,5.423375964164733887e-01
1.025676953135305958e+01,8.611399599385503478e+00,1.167655395507812500e+03,1.177222251892089844e+00,4.038060000000000649e+00,9.509695172309875488e-01,5.527135729789733887e-01
1.025287298804190783e+01,8.627849500547828399e+00,1.367889160156250000e+03,1.079052209854125977e+00,4.038070000000000270e+00,8.974872231483459473e-01,5.497381091117858887e-01
1.025875099161317294e+01,8.650686913461850480e+00,1.379093872070312500e+03,1.096153974533081055e+00,4.038079999999999892e+00,8.587297797203063965e-01,5.273076295852661133e-01
1.024992452564166889e+01,8.663691831706954005e+00,1.718704589843750000e+03,1.094158411026000977e+00,4.038090000000000401e+00,1.165737748146057129e+00,7.600813508033752441e-01
1.026328812880377050e+01,8.680488733000856882e+00,2.463243408203125000e+03,1.324833154678344727e+00,4.038100000000000023e+00,1.124081134796142578e+00,7.889205217361450195e-01
1.025573394636634283e+01,8.700668164781109937e+00,1.803205078125000000e+03,1.730931520462036133e+00,4.038110000000000532e+00,1.066784143447875977e+00,7.035472989082336426e-01
1.026729788332916726e+01,8.717209633221258969e+00,1.790985961914062500e+03,1.607704877853393555e+00,4.038120000000000154e+00,9.373128414154052734e-01,6.171821951866149902e-01
1.025508089964217362e+01,8.739005773699121349e+00,1.384800292968750000e+03,1.436538219451904297e+00,4.038130000000000663e+00,8.636125922203063965e-01,5.309697389602661133e-01
1.026177604692418299e+01,8.759256290255711619e+00,1.482497924804687500e+03,1.193849563598632812e+00,4.038140000000000285e+00,8.488878011703491211e-01,5.324193239212036133e-01
1.026325725940742117e+01,8.771274551885584359e+00,1.053550048828125000e+03,1.070999622344970703e+00,4.038149999999999906e+00,9.399068355560302734e-01,5.254765748977661133e-01
1.026056382041578452e+01,8.789724188507056724e+00,2.706468994140625000e+03,1.117339849472045898e+00,4.038160000000000416e+00,8.931384682655334473e-01,6.364846825599670410e-01
1.025869993311306061e+01,8.811951970013184976e+00,2.125890380859375000e+03,1.278130531311035156e+00,4.038170000000000037e+00,9.398305416107177734e-01,6.420541405677795410e-01
1.026802456692564114e+01,8.828501085247539848e+00,1.324834106445312500e+03,1.339056015014648438e+00,4.038180000000000547e+00,9.507406353950500488e-01,5.765936970710754395e-01
1.026194879881257371e+01,8.839963906461417054e+00,1.377815307617187500e+03,1.225947856903076172e+00,4.038190000000000168e+00,1.095852255821228027e+00,6.727244257926940918e-01
1.026092920302720302e+01,8.862076837947281405e+00,1.446652221679687500e+03,1.179177284240722656e+00,4.038200000000000678e+00,1.031612515449523926e+00,6.425119042396545410e-01
1.025763657958346364e+01,8.883152594218596931e+00,1.489536254882812500e+03,1.448192119598388672e+00,4.038210000000000299e+00,1.076626062393188477e+00,6.761576533317565918e-01
1.026096676332871205e+01,8.894783923221618593e+00,1.428048339843750000e+03,1.458192586898803711e+00,4.038219999999999921e+00,9.186970591545104980e-01,5.700323581695556641e-01
1.025354606956268277e+01,8.920718209125432452e+00,1.289656127929687500e+03,1.581627845764160156e+00,4.038230000000000430e+00,9.909476637840270996e-01,5.958198308944702148e-01
1.025298434108808543e+01,8.937634167661419937e+00,1.856731079101562500e+03,1.233708381652832031e+00,4.038240000000000052e+00,8.881030678749084473e-01,5.896400213241577148e-01
1.025812305752097409e+01,8.955615263638035728e+00,1.228357177734375000e+03,1.289011955261230469e+00,4.038250000000000561e+00,8.701739311218261719e-01,5.147953629493713379e-01
1.025079034824619484e+01,8.976622692453354091e+00,1.268786621093750000e+03,1.064397811889648438e+00,4.038260000000000183e+00,9.598959088325500488e-01,5.740759968757629395e-01
1.024884125080568253e+01,8.991409631428791016e+00,1.213585327148437500e+03,1.142063856124877930e+00,4.038270000000000692e+00,8.157761096954345703e-01,4.806155562400817871e-01
1.025372552447014840e+01,9.017599144722385773e+00,1.535234497070312500e+03,1.133180379867553711e+00,4.038280000000000314e+00,8.268387913703918457e-01,5.236455202102661133e-01
1.024868289622091133e+01,9.037272773389439351e+00,1.477889282226562500e+03,9.465450644493103027e-01,4.038289999999999935e+00,8.206589818000793457e-01,5.142613053321838379e-01
1.024996856781123000e+01,9.051533711114009506e+00,1.277326660156250000e+03,1.195946455001831055e+00,4.038300000000000445e+00,9.375417232513427734e-01,5.619451999664306641e-01
1.025669062046504543e+01,9.068243134893091195e+00,1.504427856445312500e+03,1.120839834213256836e+00,4.038310000000000066e+00,9.539449810981750488e-01,6.007789373397827148e-01
1.024996457128429306e+01,9.085845466863281317e+00,1.639013427734375000e+03,1.105825424194335938e+00,4.038320000000000576e+00,1.045116543769836426e+00,6.734110713005065918e-01
1.025589497264681782e+01,9.105997309902456038e+00,1.369779541015625000e+03,1.305598735809326172e+00,4.038330000000000197e+00,8.626207709312438965e-01,5.286046266555786133e-01
1.024792932122781153e+01,9.122962403997998848e+00,1.195554321289062500e+03,1.413018226623535156e+00,4.038340000000000707e+00,8.855090737342834473e-01,5.189915299415588379e-01
1.025523542526227949e+01,9.143870820799973487e+00,1.863978027343750000e+03,9.843403697013854980e-01,4.038350000000000328e+00,8.211930394172668457e-01,5.456945300102233887e-01
1.024566048321831246e+01,9.159869039405922564e+00,1.254489013671875000e+03,1.035460948944091797e+00,4.038359999999999950e+00,9.481466412544250488e-01,5.649206638336181641e-01
1.024982306756615635e+01,9.180448274073309989e+00,1.701838623046875000e+03,9.797853827476501465e-01,4.038370000000000459e+00,1.126446247100830078e+00,7.326917052268981934e-01
1.024715958143498362e+01,9.196928528272575676e+00,2.022642822265625000e+03,1.193855524063110352e+00,4.038380000000000081e+00,9.096180200576782227e-01,6.151985526084899902e-01
1.025465704608127382e+01,9.215199739486283903e+00,1.188239624023437500e+03,1.378300905227661133e+00,4.038390000000000590e+00,8.973346352577209473e-01,5.247899293899536133e-01
1.024724759904235327e+01,9.236213008682973680e+00,1.457679687500000000e+03,1.149065017700195312e+00,4.038400000000000212e+00,9.336507320404052734e-01,5.827735066413879395e-01
1.025533354816812448e+01,9.261554087797717827e+00,1.841004638671875000e+03,1.062271118164062500e+00,4.038410000000000721e+00,9.792746901512145996e-01,6.489206552505493164e-01
1.025417612159102809e+01,9.276391831174935376e+00,1.525399169921875000e+03,1.309782981872558594e+00,4.038420000000000343e+00,8.857379555702209473e-01,5.599615573883056641e-01
1.025203163358606595e+01,9.292269276331229122e+00,1.457200561523437500e+03,1.115487337112426758e+00,4.038429999999999964e+00,1.133236408233642578e+00,7.072857022285461426e-01
1.025602023812806607e+01,9.311347820857500679e+00,1.289274291992187500e+03,1.289963245391845703e+00,4.038440000000000474e+00,1.089138388633728027e+00,6.547952890396118164e-01
1.025182143596671125e+01,9.333958277234490453e+00,1.978079101562500000e+03,1.609720706939697266e+00,4.038450000000000095e+00,9.624899625778198242e-01,6.479287743568420410e-01
1.024938565249281019e+01,9.351083639077081955e+00,1.915384155273437500e+03,1.414608478546142578e+00,4.038460000000000605e+00,9.883536696434020996e-01,6.607462167739868164e-01
1.025754134554579444e+01,9.362602963663796629e+00,1.241373168945312500e+03,1.507509469985961914e+00,4.038470000000000226e+00,8.720812797546386719e-01,5.177708268165588379e-01
1.025714062409564775e+01,9.377838728061947293e+00,1.372766723632812500e+03,1.178344011306762695e+00,4.038480000000000736e+00,9.724081754684448242e-01,5.962775945663452148e-01
1.025660541485863142e+01,9.399931156069584404e+00,1.339574829101562500e+03,1.058021306991577148e+00,4.038490000000000357e+00,1.022533535957336426e+00,6.222939491271972656e-01
1.025768477389056343e+01,9.424266613804643811e+00,1.173917236328125000e+03,1.295063018798828125e+00,4.038499999999999979e+00,9.598959088325500488e-01,5.589697360992431641e-01
1.025201903991687047e+01,9.441664644725745958e+00,1.909705200195312500e+03,1.243471622467041016e+00,4.038510000000000488e+00,8.974109292030334473e-01,5.995582342147827148e-01
1.026445390333487140e+01,9.458257878364419113e+00,1.754278564453125000e+03,1.302401542663574219e+00,4.038520000000000110e+00,1.069988489151000977e+00,7.011058926582336426e-01
1.025378789830662818e+01,9.470206868085510266e+00,1.614532470703125000e+03,1.321874380111694336e+00,4.038530000000000619e+00,9.873618483543395996e-01,6.337381005287170410e-01
1.025944633691594987e+01,9.493892986866727668e+00,1.629117431640625000e+03,1.510391950607299805e+00,4.038540000000000241e+00,8.716998100280761719e-01,5.608007907867431641e-01
1.025661956228094240e+01,9.512184249243240686e+00,1.278183349609375000e+03,1.370400905609130859e+00,4.038550000000000750e+00,8.776507377624511719e-01,5.261632204055786133e-01
1.026379778690705180e+01,9.527491897387013964e+00,1.875013793945312500e+03,1.098742008209228516e+00,4.038560000000000372e+00,9.286915659904479980e-01,6.179451942443847656e-01
1.025307277731552524e+01,9.545759954773220812e+00,1.701950195312500000e+03,1.220944643020629883e+00,4.038569999999999993e+00,1.000102996826171875e+00,6.505228281021118164e-01
1.025852669801446737e+01,9.568876130056276352e+00,1.533829345703125000e+03,1.113672971725463867e+00,4.038580000000000503e+00,1.101421713829040527e+00,6.973674893379211426e-01
1.025480249850509118e+01,9.580829060518993856e+00,1.594860717773437500e+03,1.430834054946899414e+00,4.038590000000000124e+00,9.243428111076354980e-01,5.913947820663452148e-01
1.025882095297952468e+01,9.595208749386827662e+00,1.505674316406250000e+03,1.596467018127441406e+00,4.038600000000000634e+00,9.258686900138854980e-01,5.832312703132629395e-01
1.025616476350659667e+01,9.609098026735400921e+00,1.219660400390625000e+03,1.262037277221679688e+00,4.038610000000000255e+00,9.851493239402770996e-01,5.814002156257629395e-01
1.026298669243857553e+01,9.622290540329462516e+00,2.566383544921875000e+03,1.175239801406860352e+00,4.038620000000000765e+00,5.492803454399108887e-01,3.881469368934631348e-01
1.025170140792025464e+01,9.626792192531510750e+00,-2.685329833984375000e+03,1.303237199783325195e+00,4.038630000000000386e+00,8.785281330347061157e-02,8.541139960289001465e-02
1.026551056677240226e+01,9.634760250505760126e+00,1.283589355468750000e+03,7.524949908256530762e-01,4.038640000000000008e+00,8.953128755092620850e-02,5.374928936362266541e-02
1.026678120523429527e+01,9.641525822015621472e+00,2.750963867187500000e+03,2.917284071445465088e-01,4.038650000000000517e+00,7.907897233963012695e-02,5.649588257074356079e-02
