# x_coordinates, y_coordinates, TEP, TED, times, high, low
1.477933907927715751e+01,1.943417919533850347e+00,-4.254154968261718750e+02,1.082879379391670227e-01,4.074220000000000397e+00,1.369481533765792847e-02,3.047954663634300232e-02
1.478055043176145489e+01,1.942120489269508310e+00,-1.128106811523437500e+03,1.056844070553779602e-01,4.074230000000000018e+00,2.559671550989151001e-02,3.086101822555065155e-02
1.478417632600023701e+01,1.927544113751807897e+00,-3.198979248046875000e+03,1.089781597256660461e-01,4.074240000000000528e+00,3.238690271973609924e-02,3.070843033492565155e-02
1.478131635522537657e+01,1.933284044493224663e+00,4.940931640625000000e+03,1.088613346219062805e-01,4.074250000000000149e+00,3.139507770538330078e-02,2.399453707039356232e-02
1.478100615604388857e+01,1.940578944464272926e+00,3.332685058593750000e+03,1.085740402340888977e-01,4.074260000000000659e+00,7.877379655838012695e-02,5.779288336634635925e-02
1.478598446934058330e+01,1.942227360690026439e+00,1.389739257812500000e+03,1.089829280972480774e-01,4.074270000000000280e+00,8.770022541284561157e-02,5.397817119956016541e-02
1.478407182029683575e+01,1.947984757643381304e+00,2.497645263671875000e+03,1.069122627377510071e-01,4.074279999999999902e+00,8.876834064722061157e-02,6.244683265686035156e-02
1.477879813878179682e+01,1.960969753542518568e+00,2.231730957031250000e+03,1.141387298703193665e-01,4.074290000000000411e+00,7.717162370681762695e-02,5.321522802114486694e-02
1.478292291301844941e+01,1.965159296703557157e+00,-1.236344824218750000e+04,1.138955429196357727e-01,4.074300000000000033e+00,7.602720707654953003e-02,6.542230397462844849e-02
1.479048054933864087e+01,1.982831590327801319e+00,1.133947509765625000e+03,1.098030880093574524e-01,4.074310000000000542e+00,9.784735739231109619e-02,5.626700073480606079e-02
1.478320949952908414e+01,1.997452518502443430e+00,1.062428466796875000e+03,1.067656353116035461e-01,4.074320000000000164e+00,8.670839667320251465e-02,4.863757640123367310e-02
1.478129565387009059e+01,2.018746188358682581e+00,3.088431152343750000e+03,1.122576072812080383e-01,4.074330000000000673e+00,9.174381941556930542e-02,6.664301455020904541e-02
1.478267865566906103e+01,2.037922487896753232e+00,6.811945800781250000e+02,1.177769973874092102e-01,4.074340000000000295e+00,1.138691455125808716e-01,5.123157799243927002e-02
1.478413249293506482e+01,2.055883543077397402e+00,1.372992968750000000e+04,1.161891296505928040e-01,4.074349999999999916e+00,8.098632842302322388e-02,6.534601002931594849e-02
1.477975492679134994e+01,2.085149072141240012e+00,3.248229248046875000e+03,1.080173328518867493e-01,4.074360000000000426e+00,8.602175116539001465e-02,6.290459632873535156e-02
1.477960028288042871e+01,2.108358238627639381e+00,-1.060926093750000000e+05,1.097363308072090149e-01,4.074370000000000047e+00,8.052856475114822388e-02,6.725336611270904541e-02
1.478123525997724741e+01,2.131111465041576558e+00,1.243246875000000000e+04,1.073604896664619446e-01,4.074380000000000557e+00,7.251767069101333618e-02,5.832694470882415771e-02
1.477958687756424183e+01,2.158145873122566893e+00,1.188585083007812500e+03,1.115077808499336243e-01,4.074390000000000178e+00,1.040271893143653870e-01,6.084465235471725464e-02
1.478575359895853758e+01,2.183051144364395402e+00,9.787589111328125000e+02,1.092332676053047180e-01,4.074400000000000688e+00,9.052310883998870850e-02,4.909534007310867310e-02
1.479041173564674239e+01,2.210864209510633671e+00,9.160732421875000000e+02,1.100593879818916321e-01,4.074410000000000309e+00,1.078419014811515808e-01,5.680105835199356079e-02
1.478169368288989638e+01,2.240381865346547485e+00,2.071929931640625000e+03,1.102501228451728821e-01,4.074419999999999931e+00,9.098087996244430542e-02,6.183647736907005310e-02
1.479079974068869419e+01,2.262773327283173153e+00,2.041247680664062500e+03,1.105934455990791321e-01,4.074430000000000440e+00,8.022338896989822388e-02,5.435964465141296387e-02
1.478589462438088908e+01,2.289003788773208203e+00,2.379776367187500000e+03,1.074892356991767883e-01,4.074440000000000062e+00,8.983646333217620850e-02,6.267571449279785156e-02
1.478838238692432761e+01,2.318487308055650065e+00,-2.015531616210937500e+03,1.148730590939521790e-01,4.074450000000000571e+00,6.382013112306594849e-02,6.534601002931594849e-02
1.478233061717541474e+01,2.344218745148091365e+00,4.491426269531250000e+03,1.209217384457588196e-01,4.074460000000000193e+00,8.411439508199691772e-02,6.374383717775344849e-02
1.479232098120340311e+01,2.368654469993913381e+00,2.096057617187500000e+03,1.096791103482246399e-01,4.074470000000000702e+00,8.808169513940811157e-02,6.000541523098945618e-02
1.478860375556191897e+01,2.391786164074697574e+00,3.334666503906250000e+03,1.125139072537422180e-01,4.074480000000000324e+00,9.426152706146240234e-02,6.916072219610214233e-02
1.478316645843795385e+01,2.416371245950197810e+00,1.323105712890625000e+03,1.129561737179756165e-01,4.074489999999999945e+00,1.104359105229377747e-01,6.694819033145904541e-02
1.479279577917053068e+01,2.439618787169776759e+00,8.388215942382812500e+02,1.129931285977363586e-01,4.074500000000000455e+00,9.540594369173049927e-02,4.817980900406837463e-02
1.478554462025087801e+01,2.460368500471795006e+00,1.067869140625000000e+03,1.121527031064033508e-01,4.074510000000000076e+00,1.029590740799903870e-01,5.786917731165885925e-02
1.478143408917834201e+01,2.484030708719530356e+00,2.587733154296875000e+03,1.108890846371650696e-01,4.074520000000000586e+00,1.059345453977584839e-01,7.495908439159393311e-02
1.478532283343425924e+01,2.503986127551327101e+00,4.572987792968750000e+03,1.256448179483413696e-01,4.074530000000000207e+00,7.663755863904953003e-02,5.817435681819915771e-02
1.478944735400637711e+01,2.522891648402279419e+00,7.675194824218750000e+03,1.338488012552261353e-01,4.074540000000000717e+00,8.373292535543441772e-02,6.595636904239654541e-02
1.478922897344794940e+01,2.545543437350849203e+00,1.289967773437500000e+03,1.110321357846260071e-01,4.074550000000000338e+00,9.319341182708740234e-02,5.603811517357826233e-02
1.478976470277758182e+01,2.569848618185647915e+00,8.047866821289062500e+02,1.269620805978775024e-01,4.074559999999999960e+00,1.065449044108390808e-01,5.268117040395736694e-02
1.478991308226913226e+01,2.589437725246493738e+00,1.056242431640625000e+03,1.075476482510566711e-01,4.074570000000000469e+00,1.058582514524459839e-01,5.924247577786445618e-02
1.479188179365567812e+01,2.617094630494939178e+00,2.313441162109375000e+03,1.186233833432197571e-01,4.074580000000000091e+00,9.853400290012359619e-02,6.839778274297714233e-02
1.478597757163007032e+01,2.635238765949806439e+00,1.166961425781250000e+03,1.036554649472236633e-01,4.074590000000000600e+00,9.197270125150680542e-02,5.344411358237266541e-02
1.479486299967228469e+01,2.665694903894492818e+00,1.892769775390625000e+03,1.245504692196846008e-01,4.074600000000000222e+00,1.044086590409278870e-01,6.961849331855773926e-02
1.479273093504710701e+01,2.690973361533786523e+00,2.176870117187500000e+03,8.326233178377151489e-02,4.074610000000000731e+00,1.391225457191467285e-01,9.548223763704299927e-02
1.479058120373520424e+01,2.714846454600415182e+00,2.201652099609375000e+03,3.336352407932281494e-01,4.074620000000000353e+00,8.602175116539001465e-02,5.916618183255195618e-02
1.479048788299673589e+01,2.741014369138667917e+00,1.858311157226562500e+03,2.493339926004409790e-01,4.074629999999999974e+00,9.265934675931930542e-02,6.153130158782005310e-02
1.479502467182491010e+01,2.761050450170653203e+00,1.374260131835937500e+03,9.885609894990921021e-02,4.074640000000000484e+00,9.906806796789169312e-02,6.076835840940475464e-02
1.479240255979493845e+01,2.788170055494626709e+00,1.313802856445312500e+03,1.374918371438980103e-01,4.074650000000000105e+00,9.731329977512359619e-02,5.886100232601165771e-02
1.479130151637646939e+01,2.818486588197205656e+00,1.025137817382812500e+03,1.020509079098701477e-01,4.074660000000000615e+00,1.105884984135627747e-01,6.114983186125755310e-02
1.478934875533794191e+01,2.839930759669254901e+00,5.618522460937500000e+03,1.232379749417304993e-01,4.074670000000000236e+00,7.801085710525512695e-02,6.023430079221725464e-02
1.478857485924575954e+01,2.867719678324889720e+00,7.681025781250000000e+04,1.007813289761543274e-01,4.074680000000000746e+00,7.953674346208572388e-02,6.580378115177154541e-02
1.478170663904628235e+01,2.891605652293306683e+00,2.561225976562500000e+04,1.196938827633857727e-01,4.074690000000000367e+00,7.267025858163833618e-02,5.947135761380195618e-02
1.479307544091147086e+01,2.913055480848062206e+00,1.708722290039062500e+03,1.048141792416572571e-01,4.074699999999999989e+00,8.571657538414001465e-02,5.580923333764076233e-02
1.478188915625680444e+01,2.947686845453368232e+00,5.478186523437500000e+03,1.178890541195869446e-01,4.074710000000000498e+00,8.449586480855941772e-02,6.511712819337844849e-02
1.478540549870778165e+01,2.970802533663944534e+00,7.476859741210937500e+02,1.036375835537910461e-01,4.074720000000000120e+00,1.145557984709739685e-01,5.443593859672546387e-02
1.478282976785771297e+01,2.999780544930794157e+00,3.526358154296875000e+03,1.218146160244941711e-01,4.074730000000000629e+00,1.092151999473571777e-01,8.068115264177322388e-02
1.478359792490574876e+01,3.023706032206215699e+00,2.388208496093750000e+03,1.407104879617691040e-01,4.074740000000000251e+00,9.426152706146240234e-02,6.580378115177154541e-02
1.478409025277094635e+01,3.052106265190531076e+00,1.828222167968750000e+03,1.463979631662368774e-01,4.074750000000000760e+00,9.288823604583740234e-02,6.145500764250755310e-02
1.478379476807842074e+01,3.079638900124817003e+00,-2.370379492187500000e+04,1.116210296750068665e-01,4.074760000000000382e+00,7.762938737869262695e-02,6.572748720645904541e-02
1.478966566587599196e+01,3.100888642480664537e+00,3.147581542968750000e+03,1.224917247891426086e-01,4.074770000000000003e+00,8.815798908472061157e-02,6.420160084962844849e-02
1.478385982237123919e+01,3.120273343335633331e+00,9.914801025390625000e+02,1.225406005978584290e-01,4.074780000000000513e+00,8.792910724878311157e-02,4.795092716813087463e-02
1.478065627621212919e+01,3.144062441233908434e+00,1.456770263671875000e+03,1.256853491067886353e-01,4.074790000000000134e+00,1.083759590983390808e-01,6.763484328985214233e-02
1.477028103463711339e+01,3.168861529422397627e+00,2.883318164062500000e+04,1.082307174801826477e-01,4.074800000000000644e+00,9.868659824132919312e-02,8.091003447771072388e-02
1.478408550875584915e+01,3.197462388866384231e+00,1.045147705078125000e+03,1.431089788675308228e-01,4.074810000000000265e+00,1.075367256999015808e-01,5.992912128567695618e-02
1.477093928947934565e+01,3.218002186250762175e+00,6.638294067382812500e+02,1.151269748806953430e-01,4.074820000000000775e+00,1.169209182262420654e-01,5.176563933491706848e-02
1.477769791701460989e+01,3.243043117989532043e+00,9.941109008789062500e+02,1.214569881558418274e-01,4.074830000000000396e+00,9.174381941556930542e-02,5.008716508746147156e-02
1.478011572470166968e+01,3.270316781976404741e+00,2.043458618164062500e+03,1.081997230648994446e-01,4.074840000000000018e+00,8.831057697534561157e-02,5.985282734036445618e-02
1.477581536016853114e+01,3.294427721713004686e+00,1.853963745117187500e+03,1.189166381955146790e-01,4.074850000000000527e+00,8.167298138141632080e-02,5.420705676078796387e-02
1.477654965547047183e+01,3.316190803993459113e+00,-4.913157421875000000e+04,1.075702980160713196e-01,4.074860000000000149e+00,7.770568132400512695e-02,6.519342213869094849e-02
1.477418480910909437e+01,3.342094980904016133e+00,1.886257446289062500e+03,1.157134845852851868e-01,4.074870000000000658e+00,9.853400290012359619e-02,6.565119326114654541e-02
1.477307604774716943e+01,3.369123959350759367e+00,1.552940307617187500e+03,1.034528091549873352e-01,4.074880000000000280e+00,1.154713258147239685e-01,7.335691154003143311e-02
1.478004500656705567e+01,3.393697428911776726e+00,3.183823730468750000e+03,1.302260309457778931e-01,4.074889999999999901e+00,9.471929073333740234e-02,6.908442825078964233e-02
1.477790746975816738e+01,3.420646042430178113e+00,1.259173339843750000e+03,1.247555091977119446e-01,4.074900000000000411e+00,9.304082393646240234e-02,5.550405755639076233e-02
1.478095019598180926e+01,3.446497132711987543e+00,1.387309570312500000e+03,1.151007488369941711e-01,4.074910000000000032e+00,9.159123152494430542e-02,5.634329468011856079e-02
1.477771006904112738e+01,3.468253260805332694e+00,2.925230712890625000e+03,1.082509830594062805e-01,4.074920000000000542e+00,9.349858760833740234e-02,6.740596145391464233e-02
1.477390733137967516e+01,3.489009927910661890e+00,1.413268432617187500e+03,1.224881485104560852e-01,4.074930000000000163e+00,8.541139960289001465e-02,5.283375829458236694e-02
1.477797422231371982e+01,3.517613558523817296e+00,4.316035644531250000e+03,1.136726215481758118e-01,4.074940000000000673e+00,8.655580878257751465e-02,6.534601002931594849e-02
1.477863511418100728e+01,3.543025557988161101e+00,4.501265625000000000e+03,1.292497068643569946e-01,4.074950000000000294e+00,9.204899519681930542e-02,6.977108120918273926e-02
1.478151693112883613e+01,3.569392402160652900e+00,1.816921020507812500e+03,9.080351144075393677e-02,4.074959999999999916e+00,1.630026400089263916e-01,1.076893135905265808e-01
1.478153017294711624e+01,3.596285147744773703e+00,9.555427856445312500e+02,2.149111181497573853e-01,4.074970000000000425e+00,1.230244562029838562e-01,6.603266298770904541e-02
1.478155167986593455e+01,3.620131418161459003e+00,1.163051879882812500e+03,2.595669329166412354e-01,4.074980000000000047e+00,1.283650547266006470e-01,7.450132071971893311e-02
1.478401427949310509e+01,3.649791078861812643e+00,3.193743652343750000e+03,1.517480760812759399e-01,4.074990000000000556e+00,8.579286932945251465e-02,6.259942054748535156e-02
1.479134762719644769e+01,3.677988238231237883e+00,-8.160250000000000000e+03,1.341968923807144165e-01,4.075000000000000178e+00,8.037597686052322388e-02,7.038143277168273926e-02
1.478531501370405721e+01,3.695807569174947904e+00,5.337055468750000000e+04,1.104003265500068665e-01,4.075010000000000687e+00,8.213074505329132080e-02,6.778743118047714233e-02
1.478202705849992604e+01,3.725317597469115949e+00,9.537343750000000000e+02,1.105743721127510071e-01,4.075020000000000309e+00,1.329427063465118408e-01,7.129696756601333618e-02
1.478572658874494294e+01,3.751164506624147243e+00,1.306742309570312500e+03,1.240676715970039368e-01,4.075029999999999930e+00,1.078419014811515808e-01,6.511712819337844849e-02
1.479631571849988347e+01,3.775801137410241815e+00,1.393939086914062500e+03,1.657897382974624634e-01,4.075040000000000440e+00,1.112751439213752747e-01,6.855037063360214233e-02
1.479106546187445126e+01,3.800629749472064667e+00,2.694289062500000000e+03,1.264494806528091431e-01,4.075050000000000061e+00,9.143864363431930542e-02,6.511712819337844849e-02
1.479544340274950187e+01,3.822500441022717688e+00,1.144930297851562500e+03,1.300496011972427368e-01,4.075060000000000571e+00,9.723700582981109619e-02,5.611440911889076233e-02
1.479269490945882026e+01,3.848048504015814331e+00,9.808959350585937500e+02,1.077085807919502258e-01,4.075070000000000192e+00,1.108173802495002747e-01,6.015800684690475464e-02
1.479335583153069145e+01,3.870687729570588598e+00,2.671134277343750000e+03,1.186579540371894836e-01,4.075080000000000702e+00,8.426698297262191772e-02,5.992912128567695618e-02
1.478490284781787878e+01,3.893081823098024419e+00,-5.887419921875000000e+03,1.064318493008613586e-01,4.075090000000000323e+00,7.427243888378143311e-02,6.633783876895904541e-02
1.479967710430019956e+01,3.922234662335776445e+00,-2.346767578125000000e+04,1.120299175381660461e-01,4.075099999999999945e+00,7.770568132400512695e-02,6.580378115177154541e-02
1.479358036538152987e+01,3.944713686733167357e+00,9.056697387695312500e+02,1.124149635434150696e-01,4.075110000000000454e+00,1.043323650956153870e-01,5.466482043266296387e-02
1.478700889277224739e+01,3.970048526081966678e+00,1.246504150390625000e+03,1.185923889279365540e-01,4.075120000000000076e+00,1.006702482700347900e-01,5.985282734036445618e-02
1.479145478947438264e+01,4.000543073370637970e+00,1.705550292968750000e+03,1.108890846371650696e-01,4.075130000000000585e+00,8.411439508199691772e-02,5.474111437797546387e-02
1.479242223763520947e+01,4.025305971895766000e+00,2.357681396484375000e+03,1.202493980526924133e-01,4.075140000000000207e+00,8.647951483726501465e-02,6.023430079221725464e-02
1.479154581365317078e+01,4.047305360717049716e+00,1.442606445312500000e+03,1.110631301999092102e-01,4.075150000000000716e+00,9.777106344699859619e-02,6.084465235471725464e-02
1.478602878650713670e+01,4.067918794081409217e+00,-2.187129687500000000e+04,1.230496242642402649e-01,4.075160000000000338e+00,8.228333294391632080e-02,6.977108120918273926e-02
1.478681532441127366e+01,4.095329341677841128e+00,1.257888305664062500e+03,1.070529296994209290e-01,4.075169999999999959e+00,1.213459819555282593e-01,7.236508280038833618e-02
1.479567796507229183e+01,4.119103018649823866e+00,1.123177246093750000e+03,1.434952169656753540e-01,4.075180000000000469e+00,9.952583163976669312e-02,5.702994018793106079e-02
1.478458725260984252e+01,4.146252204127041985e+00,2.697980224609375000e+03,1.472622305154800415e-01,4.075190000000000090e+00,9.838141500949859619e-02,7.007625699043273926e-02
1.478695376460861155e+01,4.171266046869836153e+00,2.967653320312500000e+03,1.389581114053726196e-01,4.075200000000000600e+00,1.033405438065528870e-01,7.465390861034393311e-02
1.478644112760570728e+01,4.198725025172649339e+00,1.176348632812500000e+04,1.391047388315200806e-01,4.075210000000000221e+00,1.017383635044097900e-01,8.167298138141632080e-02
1.478417465469439840e+01,4.220590743236448894e+00,9.738388061523437500e+02,1.185888126492500305e-01,4.075220000000000731e+00,1.079181954264640808e-01,5.840323865413665771e-02
1.479015833350292830e+01,4.245602084456308489e+00,2.466752929687500000e+03,1.208204105496406555e-01,4.075230000000000352e+00,9.319341182708740234e-02,6.542230397462844849e-02
1.478752444723194337e+01,4.271826249045470369e+00,3.697040771484375000e+03,1.126211956143379211e-01,4.075239999999999974e+00,8.869204670190811157e-02,6.588007509708404541e-02
1.477444584458742227e+01,4.296689494671745102e+00,-4.980890136718750000e+03,1.148182228207588196e-01,4.075250000000000483e+00,8.655580878257751465e-02,7.831603288650512695e-02
1.477307665550457116e+01,4.329829411906850112e+00,1.363281494140625000e+03,1.285833269357681274e-01,4.075260000000000105e+00,1.051716059446334839e-01,6.435418874025344849e-02
1.478571666305754917e+01,4.352578798000294569e+00,2.407506103515625000e+03,1.426631361246109009e-01,4.075270000000000614e+00,9.532964974641799927e-02,6.664301455020904541e-02
1.477354644958725949e+01,4.373382467278833730e+00,1.694900634765625000e+03,1.336687952280044556e-01,4.075280000000000236e+00,1.002124771475791931e-01,6.511712819337844849e-02
1.477823235600170193e+01,4.400508598345221678e+00,7.660061035156250000e+02,1.208633258938789368e-01,4.075290000000000745e+00,1.212696880102157593e-01,5.840323865413665771e-02
1.477726423874265471e+01,4.419269541465456363e+00,1.557038818359375000e+03,1.167005375027656555e-01,4.075300000000000367e+00,9.906806796789169312e-02,6.298089027404785156e-02
1.477927353886252249e+01,4.446690804671394659e+00,2.208342285156250000e+03,1.157718971371650696e-01,4.075309999999999988e+00,9.861029684543609619e-02,6.786372512578964233e-02
1.476967925379967106e+01,4.478007164472141532e+00,2.213711181640625000e+03,1.143306568264961243e-01,4.075320000000000498e+00,9.136234968900680542e-02,6.290459632873535156e-02
1.478470868243977954e+01,4.504634519863248698e+00,5.208276855468750000e+03,1.330024152994155884e-01,4.075330000000000119e+00,9.586370736360549927e-02,7.358579337596893311e-02
1.477575728678467648e+01,4.529556464210405586e+00,2.262317871093750000e+03,1.295977979898452759e-01,4.075340000000000629e+00,8.922611176967620850e-02,6.168388947844505310e-02
1.477797813974952845e+01,4.552793294202535535e+00,1.903105346679687500e+03,1.166182830929756165e-01,4.075350000000000250e+00,9.639776498079299927e-02,6.435418874025344849e-02
1.477342253588715160e+01,4.576996867282733916e+00,8.930261230468750000e+02,1.162153556942939758e-01,4.075360000000000760e+00,9.197270125150680542e-02,4.787463322281837463e-02
1.477825253278031781e+01,4.605286255577045296e+00,1.253998779296875000e+03,1.090782955288887024e-01,4.075370000000000381e+00,1.217274516820907593e-01,7.251767069101333618e-02
1.476922004608211125e+01,4.632799348424269326e+00,-1.236425878906250000e+04,1.276773363351821899e-01,4.075380000000000003e+00,7.930786162614822388e-02,6.824519485235214233e-02
1.477969570341635475e+01,4.647984946373157733e+00,-3.323765136718750000e+03,1.310998350381851196e-01,4.075390000000000512e+00,7.160214334726333618e-02,6.755854934453964233e-02
1.477779212540935383e+01,4.679353474174224203e+00,2.036575317382812500e+03,1.117378547787666321e-01,4.075400000000000134e+00,7.305172830820083618e-02,4.947681352496147156e-02
1.478287400404576424e+01,4.697435074668820043e+00,9.669203125000000000e+03,1.117259338498115540e-01,4.075410000000000643e+00,8.777651935815811157e-02,6.992366909980773926e-02
1.478236822611204815e+01,4.732610324217092490e+00,-6.255631835937500000e+03,1.111227348446846008e-01,4.075420000000000265e+00,8.487733453512191772e-02,7.549314945936203003e-02
1.477634246602716317e+01,4.753188487549205199e+00,1.460901611328125000e+03,1.112848594784736633e-01,4.075430000000000774e+00,1.030353680253028870e-01,6.435418874025344849e-02
1.478556710316228440e+01,4.777643407949731191e+00,1.149347167968750000e+03,1.118284538388252258e-01,4.075440000000000396e+00,1.035694256424903870e-01,5.985282734036445618e-02
1.478499474075920617e+01,4.801743959622126745e+00,1.139244995117187500e+03,1.128774955868721008e-01,4.075450000000000017e+00,9.105717390775680542e-02,5.245228856801986694e-02
1.479049077626150321e+01,4.828481578935693186e+00,2.467446289062500000e+03,1.130968406796455383e-01,4.075460000000000527e+00,9.166752547025680542e-02,6.435418874025344849e-02
1.478742268535805771e+01,4.856979509384651728e+00,1.542610839843750000e+03,1.171714141964912415e-01,4.075470000000000148e+00,9.655035287141799927e-02,6.122612580657005310e-02
1.478363479907530831e+01,4.879652183061148563e+00,3.575946533203125000e+03,1.167219951748847961e-01,4.075480000000000658e+00,8.068115264177322388e-02,5.970023944973945618e-02
1.478031369811643714e+01,4.905633449573998384e+00,1.637661987304687500e+03,1.156658008694648743e-01,4.075490000000000279e+00,9.906806796789169312e-02,6.382013112306594849e-02
1.478858368931037859e+01,4.932007122762479767e+00,7.789678955078125000e+02,1.329356580972671509e-01,4.075499999999999901e+00,1.076130196452140808e-01,5.229970067739486694e-02
1.478205750138607577e+01,4.953026497422131413e+00,1.119658447265625000e+03,1.336246877908706665e-01,4.075510000000000410e+00,7.724791765213012695e-02,4.421250894665718079e-02
1.478956125940219657e+01,4.980435187719090884e+00,3.030811523437500000e+03,1.122313812375068665e-01,4.075520000000000032e+00,7.976562529802322388e-02,5.779288336634635925e-02
1.478478313888077977e+01,5.001760943175529661e+00,2.396710449218750000e+03,1.151830032467842102e-01,4.075530000000000541e+00,9.616888314485549927e-02,6.717707216739654541e-02
1.479587470606228372e+01,5.029593358750635623e+00,1.211623779296875000e+03,1.138228252530097961e-01,4.075540000000000163e+00,9.555853158235549927e-02,5.626700073480606079e-02
1.478255980156121296e+01,5.057097210641551932e+00,1.485297607421875000e+03,1.144200637936592102e-01,4.075550000000000672e+00,8.480104058980941772e-02,5.321522802114486694e-02
1.479087726822417892e+01,5.077924139314953678e+00,7.509922363281250000e+03,1.101595237851142883e-01,4.075560000000000294e+00,8.121521770954132080e-02,6.389642506837844849e-02
1.478970908350267166e+01,5.102701759801156811e+00,4.129173339843750000e+03,1.089960411190986633e-01,4.075569999999999915e+00,8.663210272789001465e-02,6.511712819337844849e-02
1.479535177889056108e+01,5.125776879568226363e+00,4.034958496093750000e+03,1.128000095486640930e-01,4.075580000000000425e+00,7.564573734998703003e-02,5.672476440668106079e-02
1.478418833418710499e+01,5.150786589919443159e+00,9.079059448242187500e+02,1.162511184811592102e-01,4.075590000000000046e+00,9.868659824132919312e-02,5.176563933491706848e-02
1.479055048984099230e+01,5.168522700020439231e+00,1.792665649414062500e+03,1.103001907467842102e-01,4.075600000000000556e+00,8.358033746480941772e-02,5.504629015922546387e-02
1.478205336343762255e+01,5.202457948595570869e+00,1.597860595703125000e+03,1.143831089138984680e-01,4.075610000000000177e+00,9.243046492338180542e-02,5.916618183255195618e-02
1.478875058983343393e+01,5.227122188722651330e+00,1.336451782226562500e+03,1.117342785000801086e-01,4.075620000000000687e+00,9.189640730619430542e-02,5.588552728295326233e-02
1.478219747600122780e+01,5.250543739637874019e+00,1.156266357421875000e+03,1.152986362576484680e-01,4.075630000000000308e+00,9.372746944427490234e-02,5.428335070610046387e-02
1.479237045203888101e+01,5.276845451545978172e+00,3.717472265625000000e+04,1.082211807370185852e-01,4.075639999999999930e+00,8.426698297262191772e-02,6.931331008672714233e-02
1.478291971016406947e+01,5.302428101397531179e+00,5.070095214843750000e+03,1.209825351834297180e-01,4.075650000000000439e+00,8.441957086324691772e-02,6.465936452150344849e-02
1.477796538929959880e+01,5.330229227640559841e+00,1.506381958007812500e+03,1.518756300210952759e-01,4.075660000000000061e+00,1.037220135331153870e-01,6.534601002931594849e-02
1.478910655213617531e+01,5.351752909064221519e+00,2.786260742187500000e+03,1.442283540964126587e-01,4.075670000000000570e+00,9.342229366302490234e-02,6.687189638614654541e-02
1.477489057531630223e+01,5.374859509322917894e+00,1.009195190429687500e+03,1.393288522958755493e-01,4.075680000000000192e+00,1.100544333457946777e-01,6.046318262815475464e-02
1.477657951382683699e+01,5.405496566513811274e+00,2.057096191406250000e+03,1.217550113797187805e-01,4.075690000000000701e+00,9.212528914213180542e-02,6.252312660217285156e-02
1.477140406891267688e+01,5.422631660051368208e+00,3.588657958984375000e+03,1.175099685788154602e-01,4.075700000000000323e+00,7.930786162614822388e-02,5.870841443538665771e-02
1.478680027605730452e+01,5.452719270045804478e+00,2.413926757812500000e+03,1.182872131466865540e-01,4.075709999999999944e+00,7.030513882637023926e-02,4.917163401842117310e-02
1.477090963272441115e+01,5.475013897942480057e+00,5.013359375000000000e+03,1.182121112942695618e-01,4.075720000000000454e+00,7.961303740739822388e-02,6.092094630002975464e-02
1.477960940161964842e+01,5.498970958851776558e+00,5.215300292968750000e+03,1.164311245083808899e-01,4.075730000000000075e+00,7.816344499588012695e-02,6.000541523098945618e-02
1.477032384995718317e+01,5.521415012855536375e+00,2.479906005859375000e+03,1.104945018887519836e-01,4.075740000000000585e+00,7.953674346208572388e-02,5.588552728295326233e-02
1.477070215554164534e+01,5.550014669224426100e+00,1.702665771484375000e+03,1.122421100735664368e-01,4.075750000000000206e+00,9.845770895481109619e-02,6.404901295900344849e-02
1.476820510037193301e+01,5.566055035799175599e+00,1.907166137695312500e+03,1.130968406796455383e-01,4.075760000000000716e+00,9.258305281400680542e-02,6.183647736907005310e-02
1.477643321367264129e+01,5.593225641613236654e+00,2.198577880859375000e+03,1.150196865200996399e-01,4.075770000000000337e+00,9.769476950168609619e-02,6.717707216739654541e-02
1.476445196735748411e+01,5.624243593500373173e+00,1.554414916992187500e+03,1.106518581509590149e-01,4.075779999999999959e+00,9.815253317356109619e-02,6.237053871154785156e-02
1.476894474072527430e+01,5.644564191759085858e+00,-6.775170898437500000e+03,1.116710975766181946e-01,4.075790000000000468e+00,8.152039349079132080e-02,7.213620096445083618e-02
1.476829220642107998e+01,5.667773156784901900e+00,1.151009521484375000e+03,1.081889942288398743e-01,4.075800000000000090e+00,9.731329977512359619e-02,5.626700073480606079e-02
1.477575285189318421e+01,5.696005276106536286e+00,2.082038818359375000e+03,1.139623001217842102e-01,4.075810000000000599e+00,8.281739056110382080e-02,5.634329468011856079e-02
1.476633615330595362e+01,5.723378820483525864e+00,1.863290039062500000e+03,1.156765297055244446e-01,4.075820000000000221e+00,8.640322089195251465e-02,5.741141363978385925e-02
1.477725843345397294e+01,5.741612816817980303e+00,1.653746948242187500e+03,1.131111457943916321e-01,4.075830000000000730e+00,9.693183004856109619e-02,6.259942054748535156e-02
1.477098820948960700e+01,5.774844066741584570e+00,2.924639648437500000e+03,1.146119907498359680e-01,4.075840000000000352e+00,8.556398749351501465e-02,6.168388947844505310e-02
1.477304936502420318e+01,5.800186792283689385e+00,3.476784667968750000e+03,1.138955429196357727e-01,4.075849999999999973e+00,1.028827801346778870e-01,7.587461918592453003e-02
1.477555365146229605e+01,5.823870393012438029e+00,1.202623291015625000e+03,1.365500837564468384e-01,4.075860000000000483e+00,8.411439508199691772e-02,4.940051957964897156e-02
1.478089516467393238e+01,5.847385434029578555e+00,1.627056274414062500e+03,1.273650079965591431e-01,4.075870000000000104e+00,8.914981782436370850e-02,5.733511969447135925e-02
1.477807705741554400e+01,5.867988982281064025e+00,1.594556640625000000e+03,1.144129112362861633e-01,4.075880000000000614e+00,8.556398749351501465e-02,5.474111437797546387e-02
1.477715917957853087e+01,5.898159697790227973e+00,1.748798706054687500e+03,1.247531250119209290e-01,4.075890000000000235e+00,8.220703899860382080e-02,5.382558330893516541e-02
1.478077551275180213e+01,5.921911947979463520e+00,8.085604980468750000e+03,1.172119453549385071e-01,4.075900000000000745e+00,8.823428303003311157e-02,6.969478726387023926e-02
1.477336257498469330e+01,5.943220065495851578e+00,2.791824951171875000e+03,1.146501377224922180e-01,4.075910000000000366e+00,1.007465422153472900e-01,7.213620096445083618e-02
1.477642189375512771e+01,5.971686492960915693e+00,9.304323730468750000e+02,1.116579845547676086e-01,4.075919999999999987e+00,9.212528914213180542e-02,4.886645823717117310e-02
1.477953941548221906e+01,5.998373099021436339e+00,1.338204589843750000e+03,1.147860363125801086e-01,4.075930000000000497e+00,9.098087996244430542e-02,5.535146966576576233e-02
1.478063350303346013e+01,6.019839304508844968e+00,2.206057617187500000e+03,1.115530803799629211e-01,4.075940000000000119e+00,9.685553610324859619e-02,6.664301455020904541e-02
1.477605878009797991e+01,6.044581666667703246e+00,2.451438720703125000e+03,1.143473461270332336e-01,4.075950000000000628e+00,9.372746944427490234e-02,6.572748720645904541e-02
1.478333155611723804e+01,6.081003142375620563e+00,8.610775390625000000e+03,1.260119825601577759e-01,4.075960000000000250e+00,9.113346785306930542e-02,7.221249490976333618e-02
1.477448805900729312e+01,6.098996034079978479e+00,8.060795410156250000e+03,1.188558414578437805e-01,4.075970000000000759e+00,7.076290249824523926e-02,5.588552728295326233e-02
1.478303051822176428e+01,6.123097074603001566e+00,1.870752685546875000e+03,1.222330406308174133e-01,4.075980000000000381e+00,8.678469061851501465e-02,5.771658942103385925e-02
1.477477929229621090e+01,6.143169697213685332e+00,1.080032470703125000e+03,1.227265670895576477e-01,4.075990000000000002e+00,9.899177402257919312e-02,5.588552728295326233e-02
1.478278985474119622e+01,6.172575019945249153e+00,1.783873413085937500e+03,1.096516922116279602e-01,4.076000000000000512e+00,1.023487150669097900e-01,6.732966005802154541e-02
1.477234420456156450e+01,6.195951271212646994e+00,3.053559326171875000e+03,1.255923658609390259e-01,4.076010000000000133e+00,8.525881171226501465e-02,6.183647736907005310e-02
1.478125810158480746e+01,6.218129343140003762e+00,1.896192016601562500e+03,1.106327846646308899e-01,4.076020000000000643e+00,9.830512106418609619e-02,6.557489931583404541e-02
1.477539222408465491e+01,6.244519361791704526e+00,2.455878662109375000e+03,1.187962368130683899e-01,4.076030000000000264e+00,7.999450713396072388e-02,5.611440911889076233e-02
1.478292963323110598e+01,6.267998312650454373e+00,2.003350781250000000e+05,1.066976860165596008e-01,4.076040000000000774e+00,7.724791765213012695e-02,6.412530690431594849e-02
1.477279502810103651e+01,6.293325807670932193e+00,1.026964453125000000e+04,1.210135295987129211e-01,4.076050000000000395e+00,7.236508280038833618e-02,5.779288336634635925e-02
1.477761108026554560e+01,6.311627752626594479e+00,1.028507934570312500e+03,1.060158088803291321e-01,4.076060000000000016e+00,8.632692694664001465e-02,4.779833927750587463e-02
1.477594355916291846e+01,6.342341475066026746e+00,4.095356201171875000e+03,1.225608661770820618e-01,4.076070000000000526e+00,8.396180719137191772e-02,6.305718421936035156e-02
1.477048227583842355e+01,6.366368254570299534e+00,1.453602050781250000e+03,1.012045219540596008e-01,4.076080000000000148e+00,9.792365133762359619e-02,6.107353791594505310e-02
1.476691313405962624e+01,6.393400358698199781e+00,1.386907348632812500e+03,1.284414678812026978e-01,4.076090000000000657e+00,9.494818001985549927e-02,5.840323865413665771e-02
1.477667409813816057e+01,6.409927124732283765e+00,1.428631103515625000e+03,1.005131080746650696e-01,4.076100000000000279e+00,1.447683125734329224e-01,8.983646333217620850e-02
1.477562518915117806e+01,6.439452658823918263e+00,4.227428222656250000e+03,1.812774091958999634e-01,4.076109999999999900e+00,8.632692694664001465e-02,6.504083424806594849e-02
1.476908049790760380e+01,6.467201316732363203e+00,1.075464062500000000e+04,1.772731691598892212e-01,4.076120000000000410e+00,7.709532231092453003e-02,6.168388947844505310e-02
1.477697775847430606e+01,6.486597644207503954e+00,5.297238281250000000e+03,1.138573959469795227e-01,4.076130000000000031e+00,7.518796622753143311e-02,5.779288336634635925e-02
1.477099196282171967e+01,6.515083164471955790e+00,1.071250732421875000e+03,1.248890236020088196e-01,4.076140000000000541e+00,1.024250090122222900e-01,5.764029547572135925e-02
1.476971148522936694e+01,6.543930697583395073e+00,7.228870605468750000e+03,1.322513967752456665e-01,4.076150000000000162e+00,8.625063300132751465e-02,6.771113723516464233e-02
1.476504425778798257e+01,6.567179245304933133e+00,1.242552246093750000e+03,1.143056228756904602e-01,4.076160000000000672e+00,9.769476950168609619e-02,5.802176520228385925e-02
1.477279394931606049e+01,6.592267322976764099e+00,1.921503173828125000e+03,1.220685318112373352e-01,4.076170000000000293e+00,1.145557984709739685e-01,7.663755863904953003e-02
1.476749018488460585e+01,6.613399402171279640e+00,2.018830200195312500e+03,1.122838333249092102e-01,4.076179999999999914e+00,9.609258919954299927e-02,6.496454030275344849e-02
1.476106887709230797e+01,6.635006307732210118e+00,2.391757812500000000e+03,1.340860277414321899e-01,4.076190000000000424e+00,8.647951483726501465e-02,6.038688868284225464e-02
1.476313726154935146e+01,6.661203260537805093e+00,1.113312744140625000e+03,1.014167144894599915e-01,4.076200000000000045e+00,9.037052094936370850e-02,5.161305144429206848e-02
1.477110999591000073e+01,6.688331113974089526e+00,-1.740160546875000000e+04,1.303464323282241821e-01,4.076210000000000555e+00,7.480649650096893311e-02,6.374383717775344849e-02
1.476019108992570850e+01,6.711599722508201360e+00,2.269364990234375000e+03,9.645880013704299927e-02,4.076220000000000176e+00,7.968933135271072388e-02,5.512258410453796387e-02
1.476932974798024922e+01,6.735960334394432536e+00,7.739369140625000000e+03,1.376074701547622681e-01,4.076230000000000686e+00,8.495362848043441772e-02,6.694819033145904541e-02
1.476234776296742979e+01,6.764938038377620977e+00,1.761324340820312500e+03,8.679331094026565552e-02,4.076240000000000308e+00,9.777106344699859619e-02,6.412530690431594849e-02
1.476595875442624717e+01,6.789733762541429130e+00,2.974667968750000000e+03,1.527542024850845337e-01,4.076249999999999929e+00,1.147083863615989685e-01,8.289368450641632080e-02
1.475943507964281665e+01,6.813305410533199158e+00,2.148246826171875000e+03,6.176770105957984924e-02,4.076260000000000439e+00,2.863704264163970947e-01,1.960380375385284424e-01
1.476864146833072411e+01,6.842624191735382055e+00,3.670598144531250000e+03,4.746300280094146729e-01,4.076270000000000060e+00,1.160053834319114685e-01,8.609804511070251465e-02
1.475920528931565023e+01,6.864536236109183953e+00,3.280007812500000000e+03,5.325848460197448730e-01,4.076280000000000570e+00,2.552423775196075439e-01,1.868827342987060547e-01
1.476377649138606429e+01,6.892204016718429749e+00,1.671266357421875000e+03,2.934307157993316650e-01,4.076290000000000191e+00,9.632147103548049927e-02,6.237053871154785156e-02
1.476067733555540684e+01,6.912952474935882385e+00,-4.639157812500000000e+04,5.107349753379821777e-01,4.076300000000000701e+00,1.121143773198127747e-01,9.410893917083740234e-02
1.476078525455489832e+01,6.935861125937313076e+00,8.699543945312500000e+03,1.602369695901870728e-01,4.076310000000000322e+00,9.609258919954299927e-02,7.617979496717453003e-02
1.476169266053806872e+01,6.963091854529558589e+00,1.865383544921875000e+03,2.347415834665298462e-01,4.076319999999999943e+00,9.349858760833740234e-02,6.214165687561035156e-02
1.476280775096732611e+01,6.986511373471554265e+00,3.170175048828125000e+03,9.323061257600784302e-02,4.076330000000000453e+00,2.133568376302719116e-01,1.555258035659790039e-01
1.476667888874286660e+01,7.014832694404563362e+00,1.259944335937500000e+04,2.369803339242935181e-01,4.076340000000000074e+00,9.960212558507919312e-02,8.014709502458572388e-02
1.476425088552044862e+01,7.035507326393102723e+00,2.651111328125000000e+03,3.428632318973541260e-01,4.076350000000000584e+00,1.132587939500808716e-01,8.045227080583572388e-02
1.476068692313380382e+01,7.065117029827597150e+00,2.007714355468750000e+03,1.633650213479995728e-01,4.076360000000000205e+00,8.998905122280120850e-02,6.076835840940475464e-02
1.475965624113384145e+01,7.085776352207642681e+00,2.199072460937500000e+04,1.479798704385757446e-01,4.076370000000000715e+00,7.595091313123703003e-02,6.198906525969505310e-02
1.476827348515326577e+01,7.111439969985183573e+00,1.929438720703125000e+03,1.219886615872383118e-01,4.076380000000000337e+00,8.243592083454132080e-02,5.519888177514076233e-02
1.476487030497026787e+01,7.139709704131615098e+00,2.032922973632812500e+03,1.175791099667549133e-01,4.076389999999999958e+00,8.953128755092620850e-02,6.061577051877975464e-02
1.476689889680604040e+01,7.164708205549953135e+00,1.173689941406250000e+03,1.221615150570869446e-01,4.076400000000000468e+00,1.059345453977584839e-01,6.168388947844505310e-02
1.476718161357969805e+01,7.186844332164240789e+00,1.236643600000000000e+07,1.203543022274971008e-01,4.076410000000000089e+00,8.892093598842620850e-02,7.396726310253143311e-02
1.476897184730166401e+01,7.218219050490215949e+00,1.894246875000000000e+04,1.185172870755195618e-01,4.076420000000000599e+00,8.312257379293441772e-02,6.763484328985214233e-02
1.476692295916005548e+01,7.234365742651822195e+00,1.114599487304687500e+03,1.154452636837959290e-01,4.076430000000000220e+00,1.018146574497222900e-01,5.817435681819915771e-02
1.477497267466128683e+01,7.254937722305387915e+00,2.795536132812500000e+03,1.121360138058662415e-01,4.076440000000000730e+00,8.144409954547882080e-02,5.832694470882415771e-02
1.476465927288536406e+01,7.290448964326002645e+00,-1.859716308593750000e+03,1.183301284909248352e-01,4.076450000000000351e+00,5.100269615650177002e-02,5.313893407583236694e-02
1.477498743484332167e+01,7.312505956871761192e+00,5.316856445312500000e+03,1.130205467343330383e-01,4.076459999999999972e+00,1.056293696165084839e-01,8.121521770954132080e-02
1.477520931874157561e+01,7.337486900981172511e+00,2.239660400390625000e+03,1.231724098324775696e-01,4.076470000000000482e+00,9.525335580110549927e-02,6.572748720645904541e-02
1.477286905255839855e+01,7.355262484492214980e+00,1.202458129882812500e+03,1.400071531534194946e-01,4.076480000000000103e+00,8.632692694664001465e-02,5.069752037525177002e-02
1.477139100059105381e+01,7.385556148553259703e+00,1.154658081054687500e+03,1.191490963101387024e-01,4.076490000000000613e+00,1.032642498612403870e-01,5.977653339505195618e-02
1.477471942485919953e+01,7.406403773509511623e+00,1.378181640625000000e+03,1.268965154886245728e-01,4.076500000000000234e+00,9.090458601713180542e-02,5.580923333764076233e-02
1.476623135003032772e+01,7.428357024997453983e+00,2.763046142578125000e+03,1.214271858334541321e-01,4.076510000000000744e+00,8.884463459253311157e-02,6.351495534181594849e-02
1.477244446830856184e+01,7.455354973069123758e+00,1.600862182617187500e+03,1.152283027768135071e-01,4.076520000000000366e+00,8.869204670190811157e-02,5.680105835199356079e-02
1.476672088060412413e+01,7.481576832633240137e+00,-3.701153564453125000e+03,1.163429096341133118e-01,4.076529999999999987e+00,7.572203129529953003e-02,7.053402066230773926e-02
1.477175050641974785e+01,7.506041371335335555e+00,2.687416015625000000e+03,1.124662235379219055e-01,4.076540000000000497e+00,8.976016938686370850e-02,6.389642506837844849e-02
1.476380006421278246e+01,7.536670352855810329e+00,2.435895263671875000e+03,1.176434829831123352e-01,4.076550000000000118e+00,9.960212558507919312e-02,6.977108120918273926e-02
1.476889376708079205e+01,7.558600362939364992e+00,6.711127441406250000e+03,1.189786270260810852e-01,4.076560000000000628e+00,8.312257379293441772e-02,6.496454030275344849e-02
1.476882820724517487e+01,7.581314663034528500e+00,3.456358398437500000e+03,1.172536686062812805e-01,4.076570000000000249e+00,8.411439508199691772e-02,6.198906525969505310e-02
1.476428413851258803e+01,7.611806099214182275e+00,1.374954345703125000e+03,1.158231571316719055e-01,4.076580000000000759e+00,9.159123152494430542e-02,5.619070678949356079e-02
1.476495342079261341e+01,7.640438887111247190e+00,3.621380615234375000e+03,1.176363304257392883e-01,4.076590000000000380e+00,9.899177402257919312e-02,7.335691154003143311e-02
1.476303583511374562e+01,7.660650697622912730e+00,-4.669900390625000000e+03,1.186305359005928040e-01,4.076600000000000001e+00,1.269917637109756470e-01,1.155476197600364685e-01
1.476327611670711271e+01,7.684883347369602546e+00,3.511722656250000000e+03,1.459413915872573853e-01,4.076610000000000511e+00,1.090626120567321777e-01,8.052856475114822388e-02
1.475305198464579348e+01,7.712422824662440668e+00,1.507769165039062500e+03,3.013998568058013916e-01,4.076620000000000132e+00,1.041797772049903870e-01,6.565119326114654541e-02
1.476651912709943026e+01,7.738501317055033191e+00,1.136070312500000000e+03,1.845759302377700806e-01,4.076630000000000642e+00,9.632147103548049927e-02,5.542776361107826233e-02
1.476184280903230039e+01,7.763158315980818180e+00,1.821691040039062500e+03,1.296025663614273071e-01,4.076640000000000263e+00,9.296452999114990234e-02,6.145500764250755310e-02
1.475701096376271870e+01,7.779822965675425195e+00,2.303197998046875000e+03,1.399547010660171509e-01,4.076650000000000773e+00,9.113346785306930542e-02,6.320977210998535156e-02
1.475324412869775159e+01,7.811218341664233122e+00,1.293450195312500000e+03,1.196950748562812805e-01,4.076660000000000394e+00,1.080707833170890808e-01,6.504083424806594849e-02
1.476210602825455886e+01,7.835741799926498885e+00,1.347175903320312500e+03,1.297325044870376587e-01,4.076670000000000016e+00,9.166752547025680542e-02,5.588552728295326233e-02
1.475493346842687359e+01,7.861160826761835807e+00,1.042515380859375000e+03,1.178091838955879211e-01,4.076680000000000526e+00,1.086048483848571777e-01,6.046318262815475464e-02
1.475284353176833285e+01,7.888883570562727598e+00,1.558206933593750000e+04,1.205641105771064758e-01,4.076690000000000147e+00,7.701902836561203003e-02,6.237053871154785156e-02
1.475410038624847608e+01,7.913799904875004287e+00,4.703589355468750000e+03,1.064592674374580383e-01,4.076700000000000657e+00,9.609258919954299927e-02,7.312802225351333618e-02
1.475479899508865778e+01,7.940322942854405319e+00,1.241618530273437500e+03,1.597136408090591431e-01,4.076710000000000278e+00,1.466756761074066162e-01,8.708987385034561157e-02
1.475184210707056387e+01,7.967203318997365002e+00,1.433546752929687500e+03,1.530403047800064087e-01,4.076719999999999899e+00,1.160053834319114685e-01,7.205990701913833618e-02
1.475822224491801649e+01,7.980862763329746201e+00,1.627064941406250000e+03,2.321881204843521118e-01,4.076730000000000409e+00,1.086048483848571777e-01,6.984737515449523926e-02
1.475521776637391014e+01,8.008642969597266514e+00,1.812214477539062500e+03,1.648694425821304321e-01,4.076740000000000030e+00,8.937869966030120850e-02,5.901359021663665771e-02
1.475571331815829623e+01,8.037758422418741944e+00,2.051197998046875000e+03,1.276606470346450806e-01,4.076750000000000540e+00,9.746588766574859619e-02,6.610895693302154541e-02
1.475694868113291136e+01,8.065177431662101881e+00,1.521388183593750000e+03,1.244467571377754211e-01,4.076760000000000161e+00,8.701357990503311157e-02,5.496999621391296387e-02
1.475712520313996201e+01,8.088447093194762516e+00,1.836425537109375000e+03,1.272577196359634399e-01,4.076770000000000671e+00,8.403810113668441772e-02,5.565664544701576233e-02
1.475562995469946870e+01,8.110694978227430241e+00,1.336100219726562500e+03,1.235836818814277649e-01,4.076780000000000292e+00,1.169972121715545654e-01,7.114437222480773926e-02
1.475252519780248228e+01,8.131391161303227477e+00,1.265369384765625000e+03,1.305073648691177368e-01,4.076789999999999914e+00,9.876289218664169312e-02,5.901359021663665771e-02
1.475389829181901469e+01,8.164430874139336325e+00,1.006052307128906250e+03,1.634055525064468384e-01,4.076800000000000423e+00,1.085285544395446777e-01,5.954765155911445618e-02
1.475741464942124992e+01,8.183891164293623177e+00,1.543216552734375000e+03,1.179820373654365540e-01,4.076810000000000045e+00,1.124195605516433716e-01,7.129696756601333618e-02
1.475877056196713966e+01,8.210009806286590717e+00,2.905506347656250000e+03,1.545661836862564087e-01,4.076820000000000555e+00,8.617433905601501465e-02,6.206536293029785156e-02
1.476045230928329133e+01,8.233897304707380016e+00,-2.042267187500000000e+05,1.304823309183120728e-01,4.076830000000000176e+00,8.159668743610382080e-02,6.801631301641464233e-02
1.475531656512128009e+01,8.252134583760311060e+00,-1.402283300781250000e+04,1.170831993222236633e-01,4.076840000000000686e+00,7.526426762342453003e-02,6.450677663087844849e-02
1.475329765630282175e+01,8.279466065971096356e+00,-5.886137695312500000e+03,1.183623149991035461e-01,4.076850000000000307e+00,8.785281330347061157e-02,7.846862077713012695e-02
1.475876697523859171e+01,8.310014616007673993e+00,2.252461914062500000e+03,1.176589801907539368e-01,4.076859999999999928e+00,9.868659824132919312e-02,6.816890090703964233e-02
1.476079317742733998e+01,8.334541058718881956e+00,8.702769531250000000e+03,1.449006944894790649e-01,4.076870000000000438e+00,9.204899519681930542e-02,7.297543436288833618e-02
1.476144349047070747e+01,8.349559531693241610e+00,1.419418457031250000e+03,1.611191183328628540e-01,4.076880000000000059e+00,8.899722993373870850e-02,5.512258410453796387e-02
1.476088952373909713e+01,8.379423776948430103e+00,7.597052001953125000e+02,1.191347911953926086e-01,4.076890000000000569e+00,9.731329977512359619e-02,4.665392637252807617e-02
1.476105162001670301e+01,8.406213559666444013e+00,1.417754882812500000e+03,1.205569580197334290e-01,4.076900000000000190e+00,9.716071188449859619e-02,6.015800684690475464e-02
1.475995902787093428e+01,8.434731612125935030e+00,3.855578613281250000e+03,1.113277748227119446e-01,4.076910000000000700e+00,9.441411495208740234e-02,7.045772671699523926e-02
1.476451097581798955e+01,8.454862018138806334e+00,-8.942481445312500000e+03,1.157242134213447571e-01,4.076920000000000321e+00,7.732421159744262695e-02,6.740596145391464233e-02
1.476104990315773335e+01,8.479234564466199942e+00,3.644582519531250000e+03,1.163500621914863586e-01,4.076929999999999943e+00,9.861029684543609619e-02,7.312802225351333618e-02
1.476894627876706778e+01,8.502741404126735958e+00,1.607955200195312500e+03,1.263612657785415649e-01,4.076940000000000452e+00,9.525335580110549927e-02,6.107353791594505310e-02
1.476156826875507200e+01,8.536182461530163579e+00,-3.054241210937500000e+03,1.661843210458755493e-01,4.076950000000000074e+00,6.977108120918273926e-02,6.656672060489654541e-02
1.476454893681514946e+01,8.556875551973389449e+00,1.647342529296875000e+03,1.480084806680679321e-01,4.076960000000000583e+00,1.023487150669097900e-01,6.603266298770904541e-02
1.476324319126633711e+01,8.583115379795826172e+00,8.230911865234375000e+02,1.033049896359443665e-01,4.076970000000000205e+00,9.357488155364990234e-02,4.680651426315307617e-02
1.476437382532658482e+01,8.610153399382628692e+00,1.072979858398437500e+03,1.241129711270332336e-01,4.076980000000000715e+00,9.761847555637359619e-02,5.496999621391296387e-02
1.475635357797211000e+01,8.631335469712890784e+00,3.382169433593750000e+03,1.017850711941719055e-01,4.076990000000000336e+00,9.731329977512359619e-02,7.152584940195083618e-02
1.476312358603097330e+01,8.657431708452428154e+00,4.409324218750000000e+03,1.432758718729019165e-01,4.076999999999999957e+00,1.040271893143653870e-01,7.869750261306762695e-02
1.475955047461571823e+01,8.678542560266034656e+00,2.590906494140625000e+03,1.417309194803237915e-01,4.077010000000000467e+00,1.148609742522239685e-01,8.129151165485382080e-02
1.475993210150097568e+01,8.706994483270856122e+00,1.774829833984375000e+03,2.546900808811187744e-01,4.077020000000000088e+00,1.045612543821334839e-01,6.870295852422714233e-02
1.476359407407982260e+01,8.736804730381562578e+00,4.975995605468750000e+03,2.048283964395523071e-01,4.077030000000000598e+00,1.624685823917388916e-01,1.242451667785644531e-01
1.475716799323268091e+01,8.761776173782713784e+00,1.725881103515625000e+03,1.691812425851821899e-01,4.077040000000000219e+00,1.118092015385627747e-01,7.297543436288833618e-02
1.475788770691282892e+01,8.781503585080976393e+00,1.613039916992187500e+03,2.765542566776275635e-01,4.077050000000000729e+00,1.196675077080726624e-01,7.679014652967453003e-02
1.476064614580823253e+01,8.804425127276662266e+00,5.539085449218750000e+03,1.370245367288589478e-01,4.077060000000000350e+00,8.640322089195251465e-02,6.664301455020904541e-02
1.476337169291472051e+01,8.828713233643895819e+00,9.612586669921875000e+02,1.381856352090835571e-01,4.077069999999999972e+00,9.250675886869430542e-02,4.978198930621147156e-02
1.475825782581781986e+01,8.854373359293532531e+00,1.253145629882812500e+03,1.204389408230781555e-01,4.077080000000000481e+00,9.716071188449859619e-02,5.786917731165885925e-02
1.475771795019924504e+01,8.879783411729256670e+00,-3.223852539062500000e+03,1.187580898404121399e-01,4.077090000000000103e+00,6.649042665958404541e-02,6.298089027404785156e-02
1.475740372051572713e+01,8.904829100328676361e+00,8.735072631835937500e+02,1.157027557492256165e-01,4.077100000000000612e+00,1.022724211215972900e-01,5.268117040395736694e-02
1.475326821858298665e+01,8.933146879002100249e+00,-3.734368652343750000e+03,1.178103759884834290e-01,4.077110000000000234e+00,8.678469061851501465e-02,8.075744658708572388e-02
1.474506903462924967e+01,8.956593450557996050e+00,1.067537475585937500e+03,1.131481006741523743e-01,4.077120000000000744e+00,1.172260940074920654e-01,6.588007509708404541e-02
1.475138342121385548e+01,8.985584999718986055e+00,1.548881958007812500e+03,1.188927963376045227e-01,4.077130000000000365e+00,9.067569673061370850e-02,5.756400153040885925e-02
1.475487287940249281e+01,9.006497078404928303e+00,1.759036254882812500e+03,1.165896728634834290e-01,4.077139999999999986e+00,1.005939543247222900e-01,6.595636904239654541e-02
1.475404015176625272e+01,9.029641319975407754e+00,-1.430187255859375000e+03,1.175052002072334290e-01,4.077150000000000496e+00,6.382013112306594849e-02,7.114437222480773926e-02
1.475497298555541548e+01,9.059366220288090688e+00,6.679604492187500000e+03,1.159840896725654602e-01,4.077160000000000117e+00,8.373292535543441772e-02,6.542230397462844849e-02
1.475569366874319677e+01,9.085939654062677562e+00,1.590002319335937500e+03,1.408189684152603149e-01,4.077170000000000627e+00,8.777651935815811157e-02,5.611440911889076233e-02
1.475093160214683152e+01,9.110844762459802126e+00,2.981400625000000000e+05,1.239770725369453430e-01,4.077180000000000248e+00,8.426698297262191772e-02,6.999996304512023926e-02
1.475184792518695076e+01,9.138161432969168274e+00,1.209691162109375000e+03,1.184707954525947571e-01,4.077190000000000758e+00,9.418523311614990234e-02,5.542776361107826233e-02
1.475026296833724082e+01,9.157169805926782757e+00,1.124726074218750000e+03,1.253515630960464478e-01,4.077200000000000379e+00,8.976016938686370850e-02,5.146046355366706848e-02
1.475124292672480841e+01,9.184315468616395250e+00,1.236978881835937500e+03,1.193040683865547180e-01,4.077210000000000001e+00,8.510622382164001465e-02,5.046863853931427002e-02
1.474384546164750098e+01,9.211263821458164358e+00,-4.377216796875000000e+03,1.155930832028388977e-01,4.077220000000000510e+00,8.472474664449691772e-02,7.755309343338012695e-02
1.475023477393517446e+01,9.235305820097533314e+00,6.152933105468750000e+03,1.206606701016426086e-01,4.077230000000000132e+00,9.311711788177490234e-02,7.236508280038833618e-02
1.475229118052472188e+01,9.261302248053228325e+00,-7.697460937500000000e+03,1.195865944027900696e-01,4.077240000000000641e+00,7.526426762342453003e-02,6.610895693302154541e-02
1.474649972163775580e+01,9.281637147008819255e+00,-2.099438964843750000e+03,1.228934600949287415e-01,4.077250000000000263e+00,6.916072219610214233e-02,7.022884488105773926e-02
1.475093180868615406e+01,9.308210010270194346e+00,-7.041999023437500000e+03,1.156073883175849915e-01,4.077260000000000773e+00,8.724246174097061157e-02,7.701902836561203003e-02
1.475315778118807408e+01,9.333892996268041031e+00,1.368359008789062500e+03,1.361709982156753540e-01,4.077270000000000394e+00,9.571111947298049927e-02,5.863212049007415771e-02
1.474656114657759787e+01,9.360570087324916244e+00,2.183593261718750000e+03,1.232677772641181946e-01,4.077280000000000015e+00,1.198200955986976624e-01,8.228333294391632080e-02
1.475034050330814139e+01,9.381502496117887446e+00,1.017023010253906250e+03,1.581198126077651978e-01,4.077290000000000525e+00,1.077656075358390808e-01,5.939506366848945618e-02
1.475359018265132427e+01,9.410952674648671135e+00,3.089194824218750000e+03,1.619976907968521118e-01,4.077300000000000146e+00,8.617433905601501465e-02,6.259942054748535156e-02
1.475597498266484564e+01,9.434723110061920437e+00,2.425013183593750000e+03,1.115053966641426086e-01,4.077310000000000656e+00,9.052310883998870850e-02,6.336236000061035156e-02
1.476193854128111482e+01,9.455446057230844303e+00,-3.610096923828125000e+03,1.217395141720771790e-01,4.077320000000000277e+00,7.183102518320083618e-02,6.710077822208404541e-02
1.475708058592407212e+01,9.488138606374326045e+00,-5.562391601562500000e+03,1.126056984066963196e-01,4.077329999999999899e+00,8.213074505329132080e-02,7.366208732128143311e-02
1.475449125687137197e+01,9.510144065892824017e+00,-2.657043945312500000e+03,1.253038793802261353e-01,4.077340000000000408e+00,6.412530690431594849e-02,6.244683265686035156e-02
1.474910841005140050e+01,9.525491831350379357e+00,5.155038574218750000e+03,1.273363977670669556e-01,4.077350000000000030e+00,7.923156768083572388e-02,6.076835840940475464e-02
1.475208775561404018e+01,9.556394013777051555e+00,9.151199340820312500e+02,1.262098699808120728e-01,4.077360000000000539e+00,1.002124771475791931e-01,5.275746434926986694e-02
1.475739554144325538e+01,9.572056028445583564e+00,9.928220214843750000e+02,1.186162307858467102e-01,4.077370000000000161e+00,8.983646333217620850e-02,4.901904612779617310e-02
1.475871379586457088e+01,9.590586159695890345e+00,3.629433105468750000e+03,1.201731041073799133e-01,4.077380000000000670e+00,6.633783876895904541e-02,4.917163401842117310e-02
1.475978917340157004e+01,9.598850806356049148e+00,-5.964537353515625000e+02,1.155775859951972961e-01,4.077390000000000292e+00,2.170570939779281616e-02,3.643049672245979309e-02
1.475888808512976169e+01,9.613690147928895868e+00,-2.964882812500000000e+02,1.164621189236640930e-01,4.077399999999999913e+00,9.574926458299160004e-03,3.269207850098609924e-02
1.475412277405055939e+01,9.623046752684237148e+00,-4.779831848144531250e+02,1.136809661984443665e-01,4.077410000000000423e+00,1.422887481749057770e-02,2.841960266232490540e-02
