# x_coordinates, y_coordinates, TEP, TED, times, high, low
6.667744422099932677e+00,1.887704509898223248e+00,1.159788085937500000e+03,1.896363645792007446e-01,3.999450000000000394e+00,6.178689002990722656e-01,3.582395911216735840e-01
6.664873221413092352e+00,1.879665274628775862e+00,1.381785522460937500e+03,1.033097028732299805e+00,3.999460000000000459e+00,5.862830877304077148e-01,3.602232336997985840e-01
6.662742602745907128e+00,1.875952882810628219e+00,1.200604614257812500e+03,7.723278403282165527e-01,3.999470000000000525e+00,5.709479451179504395e-01,3.351224362850189209e-01
6.667638012893857713e+00,1.877218986793093958e+00,1.812569946289062500e+03,5.390018820762634277e-01,3.999480000000000146e+00,6.605173349380493164e-01,4.361360073089599609e-01
6.675356608961728000e+00,1.873252462121727691e+00,2.211936523437500000e+03,6.656212210655212402e-01,3.999490000000000212e+00,7.806044816970825195e-01,5.373784303665161133e-01
6.671259817018444060e+00,1.872216068471431516e+00,1.768462402343750000e+03,7.343048453330993652e-01,3.999500000000000277e+00,7.342938780784606934e-01,4.820651412010192871e-01
6.668880625291094155e+00,1.878500403006167163e+00,1.484551635742187500e+03,1.118320941925048828e+00,3.999510000000000343e+00,7.050731778144836426e-01,4.423921406269073486e-01
6.671334898007143188e+00,1.876180741161860510e+00,2.104006835937500000e+03,9.354192614555358887e-01,3.999520000000000408e+00,1.010021209716796875e+00,6.885936260223388672e-01
6.672682552991056504e+00,1.882931887412715444e+00,2.182271728515625000e+03,1.137337207794189453e+00,3.999530000000000474e+00,7.160595655441284180e-01,4.916782081127166748e-01
6.673276340321812050e+00,1.891330713385754869e+00,1.969833496093750000e+03,1.395897388458251953e+00,3.999540000000000539e+00,6.081795096397399902e-01,4.090515375137329102e-01
6.671578418569249713e+00,1.902350329132163953e+00,1.641303222656250000e+03,9.027785658836364746e-01,3.999550000000000161e+00,6.059669852256774902e-01,3.905883431434631348e-01
6.671803351781215419e+00,1.915689563629914050e+00,2.333502197265625000e+03,7.331902384757995605e-01,3.999560000000000226e+00,6.876780986785888672e-01,4.780978262424468994e-01
6.673032633727174812e+00,1.924216271142033197e+00,2.199899658203125000e+03,7.149357199668884277e-01,3.999570000000000292e+00,7.248333692550659180e-01,4.984683990478515625e-01
6.673197553361124079e+00,1.935528930071709119e+00,1.387425537109375000e+03,1.004626274108886719e+00,3.999580000000000357e+00,6.605936288833618164e-01,4.063812494277954102e-01
6.673835493846165257e+00,1.946866490480640977e+00,1.812718505859375000e+03,9.660202860832214355e-01,3.999590000000000423e+00,6.138252615928649902e-01,4.053131341934204102e-01
6.674903350482820130e+00,1.967121359590375373e+00,3.651440917968750000e+03,8.159345984458923340e-01,3.999600000000000488e+00,7.406262755393981934e-01,5.493566393852233887e-01
6.674727557471438644e+00,1.980629302089136790e+00,1.241216308593750000e+03,8.612675070762634277e-01,3.999610000000000110e+00,7.355145812034606934e-01,4.366700649261474609e-01
6.674004605405007950e+00,1.997996960356885898e+00,1.526702514648437500e+03,9.731740355491638184e-01,3.999620000000000175e+00,7.198742628097534180e-01,4.552095532417297363e-01
6.672571425659089783e+00,2.018304905351254508e+00,1.652688598632812500e+03,8.921141028404235840e-01,3.999630000000000241e+00,8.049423694610595703e-01,5.197544693946838379e-01
6.673902842783999034e+00,2.037065243460942199e+00,2.329482421875000000e+03,8.501500487327575684e-01,3.999640000000000306e+00,8.050186634063720703e-01,5.595037937164306641e-01
6.665887700577559194e+00,2.052932553800133064e+00,2.123970947265625000e+03,1.164605140686035156e+00,3.999650000000000372e+00,6.951549053192138672e-01,4.748171865940093994e-01
6.676238477311517983e+00,2.071385043842573381e+00,2.100827148437500000e+03,1.015337228775024414e+00,3.999660000000000437e+00,7.745772600173950195e-01,5.279179811477661133e-01
6.671963236993673441e+00,2.091364200960174280e+00,2.030567993164062500e+03,9.533686041831970215e-01,3.999670000000000503e+00,9.231984019279479980e-01,6.248879432678222656e-01
6.672464289058509301e+00,2.106612165557425698e+00,2.327176757812500000e+03,1.212870597839355469e+00,3.999680000000000124e+00,9.364736080169677734e-01,6.507517099380493164e-01
6.676232730445707197e+00,2.123028442564539819e+00,3.516035888671875000e+03,1.559831619262695312e+00,3.999690000000000190e+00,6.762339472770690918e-01,4.993839263916015625e-01
6.676526058070175296e+00,2.136571979445811564e+00,2.462321289062500000e+03,1.230751991271972656e+00,3.999700000000000255e+00,7.432203292846679688e-01,5.215855240821838379e-01
6.670608034549168508e+00,2.151063133330879840e+00,1.975041381835937500e+03,1.026277065277099609e+00,3.999710000000000321e+00,7.252911329269409180e-01,4.880923628807067871e-01
6.669851810014318261e+00,2.159946621730023164e+00,1.444535278320312500e+03,1.066623449325561523e+00,3.999720000000000386e+00,7.481031417846679688e-01,4.657381772994995117e-01
6.677256668712423959e+00,2.173994683402917349e+00,1.716375610351562500e+03,1.021229743957519531e+00,3.999730000000000452e+00,7.313947081565856934e-01,4.767245352268218994e-01
6.673996658817823224e+00,2.196602323750128871e+00,1.980316894531250000e+03,8.483952879905700684e-01,3.999740000000000517e+00,7.259014844894409180e-01,4.887790381908416748e-01
6.675147492003739913e+00,2.204298271341553317e+00,1.487816284179687500e+03,8.794087767601013184e-01,3.999750000000000139e+00,7.363538146018981934e-01,4.623049199581146240e-01
6.675822667184108106e+00,2.218299093041023351e+00,1.396455810546875000e+03,8.147234320640563965e-01,3.999760000000000204e+00,7.891494631767272949e-01,4.864138960838317871e-01
6.676824893521941640e+00,2.226848834379030251e+00,2.153680419921875000e+03,8.970672488212585449e-01,3.999770000000000270e+00,6.660868525505065918e-01,4.562013745307922363e-01
6.673842882980656199e+00,2.249982257737652258e+00,1.891446899414062500e+03,8.428699374198913574e-01,3.999780000000000335e+00,6.786753535270690918e-01,4.524629712104797363e-01
6.674915177949251266e+00,2.265228803490637155e+00,1.269234375000000000e+03,8.185858130455017090e-01,3.999790000000000401e+00,6.692149043083190918e-01,4.002777040004730225e-01
6.675648802269670057e+00,2.276625247979390032e+00,2.382824951171875000e+03,8.703786730766296387e-01,3.999800000000000466e+00,7.652693390846252441e-01,5.340214967727661133e-01
6.666252260697529408e+00,2.289565228040712608e+00,1.798512329101562500e+03,8.825737833976745605e-01,3.999810000000000532e+00,7.515363693237304688e-01,4.953403174877166748e-01
6.666378475025805272e+00,2.301795796497974944e+00,2.627107421875000000e+03,8.336586356163024902e-01,3.999820000000000153e+00,8.816180229187011719e-01,6.253457069396972656e-01
6.670418260180632331e+00,2.321347286553844480e+00,1.674530883789062500e+03,1.167339801788330078e+00,3.999830000000000219e+00,7.801467180252075195e-01,5.054111480712890625e-01
6.665563372151725119e+00,2.328975691471295573e+00,3.658068115234375000e+03,1.267244338989257812e+00,3.999840000000000284e+00,9.054218530654907227e-01,6.717326045036315918e-01
6.675130429395964349e+00,2.350683705758203068e+00,2.107766113281250000e+03,1.234180450439453125e+00,3.999850000000000350e+00,7.951003909111022949e-01,5.422613024711608887e-01
6.668126074930081693e+00,2.364914255886865213e+00,2.066789550781250000e+03,1.470371007919311523e+00,3.999860000000000415e+00,6.942393779754638672e-01,4.716128110885620117e-01
6.673275569452173706e+00,2.379335304740124890e+00,1.242928833007812500e+03,1.155764579772949219e+00,3.999870000000000481e+00,7.666426301002502441e-01,4.553621411323547363e-01
6.666346771867603493e+00,2.390310138212151436e+00,1.448746337890625000e+03,9.489352107048034668e-01,3.999880000000000546e+00,6.742503046989440918e-01,4.201142191886901855e-01
6.666328747560944734e+00,2.411757524850964174e+00,1.384156494140625000e+03,9.899563193321228027e-01,3.999890000000000168e+00,5.487462878227233887e-01,3.373349606990814209e-01
6.666667359631071932e+00,2.429906965714486500e+00,2.223281982421875000e+03,7.318598628044128418e-01,3.999900000000000233e+00,7.960159182548522949e-01,5.485174059867858887e-01
6.668975907365544131e+00,2.443596991690536235e+00,2.296303955078125000e+03,7.429069876670837402e-01,3.999910000000000299e+00,7.226971387863159180e-01,5.009860992431640625e-01
6.664211222782990163e+00,2.462168222657638683e+00,2.368742431640625000e+03,1.058877229690551758e+00,3.999920000000000364e+00,7.309369444847106934e-01,5.095310807228088379e-01
6.671412347430209167e+00,2.476157422156417542e+00,1.383607666015625000e+03,1.083007574081420898e+00,3.999930000000000430e+00,7.450513839721679688e-01,4.579561650753021240e-01
6.668322229737263740e+00,2.489739772097844028e+00,2.386965087890625000e+03,1.095834493637084961e+00,3.999940000000000495e+00,8.208878636360168457e-01,5.730078816413879395e-01
6.669101703775186962e+00,2.506651790291199333e+00,1.710554199218750000e+03,1.042686223983764648e+00,3.999950000000000117e+00,7.486371994018554688e-01,4.875583052635192871e-01
6.669127863619332075e+00,2.522195737728709197e+00,1.603826660156250000e+03,1.250612258911132812e+00,3.999960000000000182e+00,7.528333663940429688e-01,4.823703169822692871e-01
6.670041207452196197e+00,2.537116596058478724e+00,2.050926513671875000e+03,9.964258074760437012e-01,3.999970000000000248e+00,7.645063996315002441e-01,5.185337662696838379e-01
6.673396116432365410e+00,2.561390749733350347e+00,2.188871582031250000e+03,1.053832292556762695e+00,3.999980000000000313e+00,7.645063996315002441e-01,5.252476930618286133e-01
6.668547798677809446e+00,2.571433791341945607e+00,2.019227416992187500e+03,1.271589517593383789e+00,3.999990000000000379e+00,7.624464631080627441e-01,5.154820084571838379e-01
6.674899636955202276e+00,2.586584111151364329e+00,1.714798583984375000e+03,1.192388057708740234e+00,4.000000000000000000e+00,9.411275386810302734e-01,6.132912039756774902e-01
6.671565693439377220e+00,2.602022570783367073e+00,1.457829223632812500e+03,1.158790111541748047e+00,4.000010000000000510e+00,8.711657524108886719e-01,5.437871813774108887e-01
6.674001543848604001e+00,2.614667971500794774e+00,2.864724365234375000e+03,1.504544734954833984e+00,4.000020000000000131e+00,8.390458822250366211e-01,6.030678153038024902e-01
6.681197987557943918e+00,2.627204763858166370e+00,1.487636962890625000e+03,1.245443344116210938e+00,4.000030000000000641e+00,8.472093343734741211e-01,5.318852663040161133e-01
6.677607990138500149e+00,2.644308417256373556e+00,1.465303710937500000e+03,1.391299486160278320e+00,4.000040000000000262e+00,8.248551487922668457e-01,5.156345963478088379e-01
6.672447501707569728e+00,2.653756712069566870e+00,1.672670410156250000e+03,1.187719821929931641e+00,4.000049999999999883e+00,8.048660755157470703e-01,5.212803483009338379e-01
6.680685073749136116e+00,2.679185590591866895e+00,1.753635498046875000e+03,1.084253311157226562e+00,4.000060000000000393e+00,6.414437890052795410e-01,4.202668070793151855e-01
6.670867874784803142e+00,2.696081894229376275e+00,1.130670532226562500e+03,1.195873737335205078e+00,4.000070000000000014e+00,6.147407889366149902e-01,3.531278669834136963e-01
6.676166848898240858e+00,2.709362476309211232e+00,1.740674560546875000e+03,7.927877306938171387e-01,4.000080000000000524e+00,8.278306126594543457e-01,5.414220690727233887e-01
6.671554323022891531e+00,2.733079672900099677e+00,1.632572631835937500e+03,7.968325018882751465e-01,4.000090000000000146e+00,8.783373832702636719e-01,5.653784275054931641e-01
6.674258430143361842e+00,2.741652842986121996e+00,1.358264648437500000e+03,1.154568910598754883e+00,4.000100000000000655e+00,9.425008296966552734e-01,5.760596394538879395e-01
6.669128144737719310e+00,2.756747952306961125e+00,2.150017578125000000e+03,1.174566268920898438e+00,4.000110000000000277e+00,7.239178419113159180e-01,4.956454932689666748e-01
6.671680280110137140e+00,2.774292979758063549e+00,2.320023193359375000e+03,1.238007068634033203e+00,4.000119999999999898e+00,6.580759286880493164e-01,4.570406377315521240e-01
6.668962091379735391e+00,2.787529259741573284e+00,1.833616210937500000e+03,9.128195643424987793e-01,4.000130000000000408e+00,1.037792325019836426e+00,6.870677471160888672e-01
6.670867510143235535e+00,2.809223784771925914e+00,2.453863281250000000e+03,1.113470315933227539e+00,4.000140000000000029e+00,8.707079887390136719e-01,6.106972098350524902e-01
6.667928399850127086e+00,2.821315327033380616e+00,2.012733398437500000e+03,1.560513496398925781e+00,4.000150000000000539e+00,9.142720103263854980e-01,6.177163124084472656e-01
6.668601820646025580e+00,2.837464722203429712e+00,3.410273437500000000e+03,1.274277687072753906e+00,4.000160000000000160e+00,9.447133541107177734e-01,6.950786113739013672e-01
6.665935475477756889e+00,2.852515558728452749e+00,1.431251708984375000e+03,1.497349262237548828e+00,4.000170000000000670e+00,7.152203321456909180e-01,4.440706074237823486e-01
6.670581800461187427e+00,2.869600255715294423e+00,1.562695678710937500e+03,1.408549070358276367e+00,4.000180000000000291e+00,6.287789344787597656e-01,4.001251161098480225e-01
6.670041514684777795e+00,2.885085186938462609e+00,1.614058593750000000e+03,8.264464735984802246e-01,4.000189999999999912e+00,6.888225078582763672e-01,4.420869648456573486e-01
6.663554687408461241e+00,2.901458590851586195e+00,1.224696044921875000e+03,8.190686106681823730e-01,4.000200000000000422e+00,7.983810305595397949e-01,4.718416929244995117e-01
6.661550031181870501e+00,2.922186162800768372e+00,1.675743164062500000e+03,8.562249541282653809e-01,4.000210000000000043e+00,7.034710049629211426e-01,4.558199048042297363e-01
6.664865843520204614e+00,2.937461471574911887e+00,1.127938354492187500e+03,1.069750308990478516e+00,4.000220000000000553e+00,6.412149071693420410e-01,3.680052459239959717e-01
6.667940612194104943e+00,2.954033596967717834e+00,1.247760864257812500e+03,9.899634718894958496e-01,4.000230000000000175e+00,7.084301114082336426e-01,4.213349223136901855e-01
6.662006576299424054e+00,2.966759868042734727e+00,1.080149414062500000e+03,7.668418288230895996e-01,4.000240000000000684e+00,7.080486416816711426e-01,3.997436463832855225e-01
6.666996626508571389e+00,2.990118752604882246e+00,1.756264160156250000e+03,9.257192015647888184e-01,4.000250000000000306e+00,8.606371283531188965e-01,5.640814304351806641e-01
6.666505038730141663e+00,3.006675478403765922e+00,2.244342529296875000e+03,9.331220984458923340e-01,4.000259999999999927e+00,7.560377120971679688e-01,5.218906998634338379e-01
6.663958191890269944e+00,3.018196937845193162e+00,2.585301269531250000e+03,1.295896291732788086e+00,4.000270000000000437e+00,7.410077452659606934e-01,5.242558717727661133e-01
6.665416540043066718e+00,3.040281841917490180e+00,2.789315185546875000e+03,1.060643911361694336e+00,4.000280000000000058e+00,7.468824386596679688e-01,5.347081422805786133e-01
6.674431825530598772e+00,3.051426189225470598e+00,2.283166503906250000e+03,1.031820297241210938e+00,4.000290000000000568e+00,8.356125950813293457e-01,5.786536335945129395e-01
6.667031688803128020e+00,3.069350903486027349e+00,2.312160156250000000e+03,1.156529903411865234e+00,4.000300000000000189e+00,7.564191818237304688e-01,5.250188112258911133e-01
6.672203021682057589e+00,3.080483545152899350e+00,1.462886718750000000e+03,1.151211977005004883e+00,4.000310000000000699e+00,9.065662622451782227e-01,5.664465427398681641e-01
6.670604795927977726e+00,3.096125007647583693e+00,1.795021484375000000e+03,1.261025190353393555e+00,4.000320000000000320e+00,8.588823676109313965e-01,5.658361911773681641e-01
6.673708841336552844e+00,3.116434299292137222e+00,2.105509033203125000e+03,1.441461563110351562e+00,4.000329999999999941e+00,7.340649962425231934e-01,5.005283355712890625e-01
6.666764623028819337e+00,3.130076319720055622e+00,1.584833496093750000e+03,1.236103296279907227e+00,4.000340000000000451e+00,7.535200119018554688e-01,4.813022017478942871e-01
6.673399591211647497e+00,3.146123566601291444e+00,2.298919921875000000e+03,1.026738405227661133e+00,4.000350000000000072e+00,7.521467208862304688e-01,5.215092301368713379e-01
6.669398510725146778e+00,3.159346811107278885e+00,1.683133911132812500e+03,1.144936800003051758e+00,4.000360000000000582e+00,7.411603331565856934e-01,4.807681441307067871e-01
6.678311121863441890e+00,3.180019359648509791e+00,1.715492187500000000e+03,9.757894873619079590e-01,4.000370000000000203e+00,7.529096603393554688e-01,4.906863868236541748e-01
6.673256073156919044e+00,3.199658948249247015e+00,2.075965332031250000e+03,1.197144508361816406e+00,4.000380000000000713e+00,7.141522169113159180e-01,4.855746626853942871e-01
6.672282086401735590e+00,3.214035622350031485e+00,1.803556762695312500e+03,1.048134088516235352e+00,4.000390000000000335e+00,8.181412220001220703e-01,5.395910143852233887e-01
6.680070683572465029e+00,3.229770895064284719e+00,1.862679809570312500e+03,9.707099795341491699e-01,4.000399999999999956e+00,7.945663332939147949e-01,5.279179811477661133e-01
6.678522330050200573e+00,3.243373541338355981e+00,1.574751342773437500e+03,1.207823276519775391e+00,4.000410000000000466e+00,9.262501597404479980e-01,5.906318426132202148e-01
6.674674839125588122e+00,3.254585589940917956e+00,1.989827758789062500e+03,1.582161903381347656e+00,4.000420000000000087e+00,8.177597522735595703e-01,5.511876940727233887e-01
6.671899061745347304e+00,3.273276625129295070e+00,1.611336669921875000e+03,1.504998922348022461e+00,4.000430000000000597e+00,6.214547157287597656e-01,3.986755311489105225e-01
6.675527607682030684e+00,3.290902600601034678e+00,2.945111328125000000e+03,1.072198867797851562e+00,4.000440000000000218e+00,7.586317658424377441e-01,5.474492907524108887e-01
6.669092128959708710e+00,3.312318942405618749e+00,1.514866333007812500e+03,8.914346098899841309e-01,4.000450000000000728e+00,8.044845461845397949e-01,5.076236724853515625e-01
6.681267212492344676e+00,3.319396905234297979e+00,1.410747802734375000e+03,1.301440715789794922e+00,4.000460000000000349e+00,6.395364403724670410e-01,3.953948915004730225e-01
6.673673645846941227e+00,3.337501789252137030e+00,1.108277709960937500e+03,1.144408702850341797e+00,4.000469999999999970e+00,7.044628262519836426e-01,4.016509950160980225e-01
6.677888817164101987e+00,3.356621059933571072e+00,1.655770751953125000e+03,7.316977381706237793e-01,4.000480000000000480e+00,6.666209101676940918e-01,4.306428134441375732e-01
6.675786538756781852e+00,3.367526180679015102e+00,1.451672973632812500e+03,9.033746123313903809e-01,4.000490000000000101e+00,7.152203321456909180e-01,4.459016621112823486e-01
6.679773748424334023e+00,3.383749879743834121e+00,1.522371337890625000e+03,8.302957415580749512e-01,4.000500000000000611e+00,6.965282559394836426e-01,4.401032924652099609e-01
6.669305355943497382e+00,3.404152931921109460e+00,2.069205322265625000e+03,9.107941985130310059e-01,4.000510000000000232e+00,7.093456387519836426e-01,4.819888472557067871e-01
6.678052043311708985e+00,3.415628153292733060e+00,1.764635864257812500e+03,7.463020682334899902e-01,4.000520000000000742e+00,7.688551545143127441e-01,5.044956207275390625e-01
6.675258184726158284e+00,3.435296453986370846e+00,1.717146972656250000e+03,9.348780512809753418e-01,4.000530000000000364e+00,8.501085042953491211e-01,5.541631579399108887e-01
6.678619978638375088e+00,3.452969201839444224e+00,1.769887573242187500e+03,1.087368249893188477e+00,4.000539999999999985e+00,9.460867047309875488e-01,6.212258338928222656e-01
6.666745068046064482e+00,3.469175185084705237e+00,1.759579467773437500e+03,1.309321641921997070e+00,4.000550000000000495e+00,8.350022435188293457e-01,5.475255846977233887e-01
6.675407532587740889e+00,3.488931953651252194e+00,2.314959228515625000e+03,1.320691823959350586e+00,4.000560000000000116e+00,8.915362954139709473e-01,6.189370155334472656e-01
6.672721511632686564e+00,3.502211144263342568e+00,3.293972656250000000e+03,1.214328527450561523e+00,4.000570000000000626e+00,1.044735074043273926e+00,7.653456330299377441e-01
6.669136157463661618e+00,3.519610338244755443e+00,1.768066040039062500e+03,1.631652832031250000e+00,4.000580000000000247e+00,1.083340048789978027e+00,7.111767530441284180e-01
6.667707393427615870e+00,3.532649880290705369e+00,1.481935180664062500e+03,1.911195039749145508e+00,4.000590000000000757e+00,9.831656813621520996e-01,6.165718436241149902e-01
6.665633794975891924e+00,3.548745280743083708e+00,2.624969482421875000e+03,1.736429452896118164e+00,4.000600000000000378e+00,7.407025694847106934e-01,5.253239870071411133e-01
6.668276826118999523e+00,3.569410795897067334e+00,1.924413208007812500e+03,1.737051725387573242e+00,4.000609999999999999e+00,6.728007197380065918e-01,4.502504467964172363e-01
6.666586226263348181e+00,3.581035728091958692e+00,1.781027465820312500e+03,9.247953295707702637e-01,4.000620000000000509e+00,8.792529106140136719e-01,5.781958699226379395e-01
6.668793153162314802e+00,3.594327662801619194e+00,1.167828491210937500e+03,1.174290895462036133e+00,4.000630000000000130e+00,7.036235928535461426e-01,4.089752435684204102e-01
6.662541809808796955e+00,3.608547131738358615e+00,1.649139648437500000e+03,1.021446704864501953e+00,4.000640000000000640e+00,7.546644210815429688e-01,4.870242476463317871e-01
6.668668896080874653e+00,3.630706264144634154e+00,1.070885742187500000e+03,8.203417658805847168e-01,4.000650000000000261e+00,5.924628973007202148e-01,3.333676755428314209e-01
6.667724796137399323e+00,3.644790929768023435e+00,2.122238525390625000e+03,9.159643054008483887e-01,4.000660000000000771e+00,7.639723420143127441e-01,5.217381119728088379e-01
6.671398517607007861e+00,3.656954105532252974e+00,1.792858398437500000e+03,6.367868781089782715e-01,4.000670000000000393e+00,7.822066545486450195e-01,5.151768326759338379e-01
6.658307142130142964e+00,3.679680159998201194e+00,1.691311889648437500e+03,9.747762084007263184e-01,4.000680000000000014e+00,8.707842826843261719e-01,5.655310153961181641e-01
6.670477976193070369e+00,3.697596018650417982e+00,2.718974121093750000e+03,1.113454818725585938e+00,4.000690000000000524e+00,8.029586672782897949e-01,5.726264119148254395e-01
6.661064814465182948e+00,3.711358682584991797e+00,1.955663085937500000e+03,1.311119318008422852e+00,4.000700000000000145e+00,8.308823704719543457e-01,5.579779148101806641e-01
6.665211315006021486e+00,3.728508480738818687e+00,1.653404174804687500e+03,1.270784854888916016e+00,4.000710000000000655e+00,8.003646731376647949e-01,5.168552994728088379e-01
6.665129013587037576e+00,3.746053028950608876e+00,1.364638427734375000e+03,1.293541908264160156e+00,4.000720000000000276e+00,7.690077424049377441e-01,4.706972837448120117e-01
6.670770872740834356e+00,3.757487831289507696e+00,1.532648559570312500e+03,1.067046642303466797e+00,4.000729999999999897e+00,8.211930394172668457e-01,5.198307633399963379e-01
6.657299756061889617e+00,3.773891579638803950e+00,1.308611083984375000e+03,1.066033363342285156e+00,4.000740000000000407e+00,9.647024869918823242e-01,5.827735066413879395e-01
6.660648077783532628e+00,3.791034969146405142e+00,1.577371704101562500e+03,1.305691719055175781e+00,4.000750000000000028e+00,7.432203292846679688e-01,4.741305410861968994e-01
6.660516332274687201e+00,3.805383033380236313e+00,1.438568237304687500e+03,1.177567958831787109e+00,4.000760000000000538e+00,8.178360462188720703e-01,5.085392594337463379e-01
6.665608862124228651e+00,3.817611693637856796e+00,1.743455078125000000e+03,1.128243923187255859e+00,4.000770000000000159e+00,6.927134990692138672e-01,4.532259106636047363e-01
6.664399679323089742e+00,3.836356905849527710e+00,2.718633300781250000e+03,1.194337129592895508e+00,4.000780000000000669e+00,7.178143262863159180e-01,5.118961930274963379e-01
6.667416937670376242e+00,3.850541251747304106e+00,1.765954589843750000e+03,1.034255743026733398e+00,4.000790000000000290e+00,6.550241708755493164e-01,4.298798739910125732e-01
6.664350435077655455e+00,3.867590699725309555e+00,1.247214355468750000e+03,1.066716432571411133e+00,4.000799999999999912e+00,7.425336837768554688e-01,4.415529072284698486e-01
6.663154079684111331e+00,3.887029665652663279e+00,1.476279296875000000e+03,8.740300536155700684e-01,4.000810000000000421e+00,7.724409699440002441e-01,4.838961958885192871e-01
6.662668959928395473e+00,3.900964526019871315e+00,1.422081420898437500e+03,1.109300374984741211e+00,4.000820000000000043e+00,8.257706761360168457e-01,5.117436051368713379e-01
6.670048623997238302e+00,3.914533090324760156e+00,2.960112792968750000e+03,1.086415767669677734e+00,4.000830000000000553e+00,8.193619251251220703e-01,5.916999578475952148e-01
6.668697689608574564e+00,3.936273299687957028e+00,1.576795410156250000e+03,1.193572998046875000e+00,4.000840000000000174e+00,6.682993769645690918e-01,4.262940585613250732e-01
6.672996857710500329e+00,3.951857206691755220e+00,1.491203002929687500e+03,1.243733882904052734e+00,4.000850000000000684e+00,6.183266639709472656e-01,3.884521126747131348e-01
6.675907972639809174e+00,3.962029833530395617e+00,1.255198120117187500e+03,8.008343577384948730e-01,4.000860000000000305e+00,6.595255136489868164e-01,3.930297493934631348e-01
6.669148494359724566e+00,3.988325518855194929e+00,1.302208251953125000e+03,8.340448737144470215e-01,4.000869999999999926e+00,7.272748351097106934e-01,4.386537075042724609e-01
6.666790356572372289e+00,4.000927624586505971e+00,1.566386596679687500e+03,8.124834895133972168e-01,4.000880000000000436e+00,6.389260888099670410e-01,4.068390130996704102e-01
6.668987697677442483e+00,4.012560454508792951e+00,1.222994506835937500e+03,7.965916991233825684e-01,4.000890000000000057e+00,6.591440439224243164e-01,3.893676400184631348e-01
6.675642589146561612e+00,4.026327577239550592e+00,1.104004028320312500e+03,8.142883181571960449e-01,4.000900000000000567e+00,7.982284426689147949e-01,4.544466137886047363e-01
6.669423456528245531e+00,4.045003391244097024e+00,1.746653564453125000e+03,9.022349715232849121e-01,4.000910000000000188e+00,7.133892774581909180e-01,4.669588804244995117e-01
6.682529411146093778e+00,4.061560665168722828e+00,1.835921875000000000e+03,1.058617353439331055e+00,4.000920000000000698e+00,7.205609083175659180e-01,4.771822988986968994e-01
6.675769379690686733e+00,4.073264566395213393e+00,1.663050415039062500e+03,9.573001265525817871e-01,4.000930000000000319e+00,6.969097256660461426e-01,4.507082104682922363e-01
6.679706783364418143e+00,4.086321331287535052e+00,1.470261230468750000e+03,1.068635702133178711e+00,4.000939999999999941e+00,7.574872970581054688e-01,4.739779531955718994e-01
6.669966653980052840e+00,4.106169480518770953e+00,1.039685791015625000e+03,1.028565883636474609e+00,4.000950000000000450e+00,7.834273576736450195e-01,4.356782436370849609e-01
6.675578950752036889e+00,4.122678188515926045e+00,1.481428222656250000e+03,1.080799818038940430e+00,4.000960000000000072e+00,9.289967417716979980e-01,5.825446248054504395e-01
6.668825668428828735e+00,4.132194780482105756e+00,2.158583984375000000e+03,1.165878295898437500e+00,4.000970000000000582e+00,7.992965579032897949e-01,5.476781725883483887e-01
6.675220665893354166e+00,4.153980354176149525e+00,1.244198242187500000e+03,1.426935911178588867e+00,4.000980000000000203e+00,7.856398820877075195e-01,4.668062925338745117e-01
6.667669931580824105e+00,4.173366619694392377e+00,1.418667236328125000e+03,1.155250787734985352e+00,4.000990000000000713e+00,6.324410438537597656e-01,3.916564583778381348e-01
6.674942139935235552e+00,4.188413842928817132e+00,1.470755004882812500e+03,9.798533320426940918e-01,4.001000000000000334e+00,7.604628205299377441e-01,4.758853018283843994e-01
6.668104223987503687e+00,4.196638414827042141e+00,2.395406250000000000e+03,7.510108351707458496e-01,4.001009999999999955e+00,8.529314398765563965e-01,5.957435369491577148e-01
6.672450179220711597e+00,4.216665145229573142e+00,1.993160034179687500e+03,1.192045927047729492e+00,4.001020000000000465e+00,5.543920397758483887e-01,3.738036155700683594e-01
6.670732918066200057e+00,4.232777080626904720e+00,1.754446411132812500e+03,1.210350513458251953e+00,4.001030000000000086e+00,6.522012948989868164e-01,4.273621737957000732e-01
6.663924409533322546e+00,4.251267492120136104e+00,2.224080810546875000e+03,7.042092680931091309e-01,4.001040000000000596e+00,6.675364375114440918e-01,4.600161015987396240e-01
6.659921030381219076e+00,4.260718783651227248e+00,9.874951171875000000e+02,8.402675986289978027e-01,4.001050000000000217e+00,6.592966318130493164e-01,3.589262366294860840e-01
6.668191824867553130e+00,4.278075743513685580e+00,1.401120239257812500e+03,7.596475481986999512e-01,4.001060000000000727e+00,6.878306865692138672e-01,4.243866801261901855e-01
6.666607421687550605e+00,4.294365192095743744e+00,1.480815673828125000e+03,7.298488020896911621e-01,4.001070000000000348e+00,6.811168193817138672e-01,4.270569980144500732e-01
6.660853974879660910e+00,4.305951242496949050e+00,1.322964843750000000e+03,8.852011561393737793e-01,4.001079999999999970e+00,6.180214881896972656e-01,3.746428489685058594e-01
6.661768154143096865e+00,4.332283365739323600e+00,1.475193725585937500e+03,8.155030608177185059e-01,4.001090000000000479e+00,7.188824415206909180e-01,4.502504467964172363e-01
6.663548547849344139e+00,4.345305930018825258e+00,1.362558227539062500e+03,8.349770903587341309e-01,4.001100000000000101e+00,5.652258396148681641e-01,3.458036184310913086e-01
6.668205756803982531e+00,4.360179064081764366e+00,2.360352294921875000e+03,7.581085562705993652e-01,4.001110000000000610e+00,6.763102412223815918e-01,4.711550474166870117e-01
6.655673575463247893e+00,4.375223748532900636e+00,1.339144775390625000e+03,6.708831191062927246e-01,4.001120000000000232e+00,8.185226917266845703e-01,4.980869293212890625e-01
6.663411845214067597e+00,4.392907544006140697e+00,2.473726806640625000e+03,8.263868689537048340e-01,4.001130000000000742e+00,7.738143205642700195e-01,5.434820055961608887e-01
6.659473836587086026e+00,4.410724069947283610e+00,1.390323364257812500e+03,1.228295087814331055e+00,4.001140000000000363e+00,7.735854387283325195e-01,4.761904776096343994e-01
6.668325729957585324e+00,4.431855523446557754e+00,1.995661010742187500e+03,1.266763925552368164e+00,4.001149999999999984e+00,7.086589932441711426e-01,4.779452383518218994e-01
6.658516456147044238e+00,4.440692076882491790e+00,1.901430053710937500e+03,1.015419483184814453e+00,4.001160000000000494e+00,6.566263437271118164e-01,4.382722377777099609e-01
6.661201629471070973e+00,4.457963907345089183e+00,1.743268554687500000e+03,1.026038646697998047e+00,4.001170000000000115e+00,6.569315195083618164e-01,4.298035800457000732e-01
6.659955694810053117e+00,4.475188693195328860e+00,1.359269775390625000e+03,8.052522540092468262e-01,4.001180000000000625e+00,6.497598886489868164e-01,3.972259461879730225e-01
6.665588623722268125e+00,4.495425200645478014e+00,1.479003051757812500e+03,8.796293139457702637e-01,4.001190000000000246e+00,6.946208477020263672e-01,4.353730678558349609e-01
6.656028898835833374e+00,4.510256511066732088e+00,1.809966308593750000e+03,7.866854071617126465e-01,4.001200000000000756e+00,8.623155951499938965e-01,5.691931247711181641e-01
6.662793938741722322e+00,4.522161008920376091e+00,2.379420898437500000e+03,9.672254920005798340e-01,4.001210000000000377e+00,7.860213518142700195e-01,5.483648180961608887e-01
6.661560268642427118e+00,4.540458887911457353e+00,1.455109008789062500e+03,1.159295558929443359e+00,4.001219999999999999e+00,9.083210229873657227e-01,5.666754245758056641e-01
6.666689376335905415e+00,4.561351886763249652e+00,2.709596191406250000e+03,1.200376272201538086e+00,4.001230000000000508e+00,1.118511676788330078e+00,7.972366213798522949e-01
6.654615683800094494e+00,4.571621909187021160e+00,2.915579101562500000e+03,1.378291368484497070e+00,4.001240000000000130e+00,1.075557947158813477e+00,7.750350236892700195e-01
6.663564301532237444e+00,4.584959256662447302e+00,2.539668945312500000e+03,2.079330205917358398e+00,4.001250000000000639e+00,8.373674154281616211e-01,5.907081365585327148e-01
6.666138294611818615e+00,4.600055325142840879e+00,1.509895996093750000e+03,1.696249961853027344e+00,4.001260000000000261e+00,7.735091447830200195e-01,4.876345992088317871e-01
6.670938008759866200e+00,4.617330265242049592e+00,2.537877685546875000e+03,1.450634717941284180e+00,4.001270000000000771e+00,8.345444798469543457e-01,5.886482000350952148e-01
6.665194134000061332e+00,4.636864504866843539e+00,2.317893798828125000e+03,1.390397071838378906e+00,4.001280000000000392e+00,9.726370573043823242e-01,6.753947138786315918e-01
6.667277697295035388e+00,4.647704448394781807e+00,2.581089111328125000e+03,1.596539735794067383e+00,4.001290000000000013e+00,8.226426243782043457e-01,5.818579792976379395e-01
6.667514978848293694e+00,4.668945839531871478e+00,1.163914672851562500e+03,1.587401151657104492e+00,4.001300000000000523e+00,7.935745120048522949e-01,4.607027471065521240e-01
6.662633162347822768e+00,4.686911758726233224e+00,1.356005249023437500e+03,1.234117269515991211e+00,4.001310000000000144e+00,8.127243518829345703e-01,4.964847564697265625e-01
6.672728416054764189e+00,4.702707955855952804e+00,1.400880859375000000e+03,1.154946804046630859e+00,4.001320000000000654e+00,8.132584095001220703e-01,5.017490386962890625e-01
6.666682534601703125e+00,4.714070526873067379e+00,1.551289916992187500e+03,1.008852243423461914e+00,4.001330000000000275e+00,7.246807813644409180e-01,4.602449834346771240e-01
6.663094989014701319e+00,4.729065736003668086e+00,1.548400390625000000e+03,1.268246889114379883e+00,4.001339999999999897e+00,6.352639794349670410e-01,4.032531976699829102e-01
6.673141856453441711e+00,4.751943467504506025e+00,2.819404541015625000e+03,8.737522959709167480e-01,4.001350000000000406e+00,6.895091533660888672e-01,4.944247901439666748e-01
6.669667973349364232e+00,4.768754417634566423e+00,1.621616088867187500e+03,8.874875903129577637e-01,4.001360000000000028e+00,6.719614863395690918e-01,4.317872226238250732e-01
6.661081097676794904e+00,4.779969775891282247e+00,1.283005981445312500e+03,8.726460337638854980e-01,4.001370000000000537e+00,6.059669852256774902e-01,3.637327849864959717e-01
6.672130071370165005e+00,4.793040960412391804e+00,1.498932861328125000e+03,6.982488036155700684e-01,4.001380000000000159e+00,6.482339501380920410e-01,4.078308343887329102e-01
6.667239994687392368e+00,4.809059487995569704e+00,1.902274780273437500e+03,6.766075491905212402e-01,4.001390000000000668e+00,6.955364346504211426e-01,4.642885625362396240e-01
6.674004680060106942e+00,4.816074455188534387e+00,1.460361572265625000e+03,7.800204157829284668e-01,4.001400000000000290e+00,5.433294177055358887e-01,3.393186032772064209e-01
6.668908167115075614e+00,4.843184920779574298e+00,8.924083251953125000e+02,8.006018996238708496e-01,4.001409999999999911e+00,5.311223268508911133e-01,2.763758599758148193e-01
6.677028397249037184e+00,4.857393462336749401e+00,1.017072937011718750e+03,5.174524188041687012e-01,4.001420000000000421e+00,5.402013659477233887e-01,2.977382540702819824e-01
6.667805318069889964e+00,4.869169649718536164e+00,1.354850341796875000e+03,4.336101114749908447e-01,4.001430000000000042e+00,5.376073122024536133e-01,3.283322453498840332e-01
6.672414058382967639e+00,4.881255682901410431e+00,1.233296997070312500e+03,4.714316427707672119e-01,4.001440000000000552e+00,6.532694101333618164e-01,3.870025277137756348e-01
6.666211334064552574e+00,4.902350106425289233e+00,1.572165649414062500e+03,5.982298254966735840e-01,4.001450000000000173e+00,6.890513896942138672e-01,4.391877651214599609e-01
6.674432731195906854e+00,4.911912051377714583e+00,1.984152099609375000e+03,7.431477904319763184e-01,4.001460000000000683e+00,7.008007168769836426e-01,4.720705747604370117e-01
6.668063469929601084e+00,4.929005268504997872e+00,1.300996582031250000e+03,9.321827292442321777e-01,4.001470000000000304e+00,6.429696679115295410e-01,3.876891732215881348e-01
6.672043296784286426e+00,4.944461370432692071e+00,1.916569580078125000e+03,8.446807265281677246e-01,4.001479999999999926e+00,6.566263437271118164e-01,4.390351772308349609e-01
6.671616230257080282e+00,4.961165906953635130e+00,1.658649902343750000e+03,8.184308409690856934e-01,4.001490000000000435e+00,6.322121620178222656e-01,4.085937738418579102e-01
6.668746259173637725e+00,4.979737948337641384e+00,1.619415283203125000e+03,7.733029723167419434e-01,4.001500000000000057e+00,7.065227627754211426e-01,4.538362622261047363e-01
6.660996979422887598e+00,4.993629264213580221e+00,1.443981323242187500e+03,7.832414507865905762e-01,4.001510000000000566e+00,7.958633303642272949e-01,4.954166114330291748e-01
6.663872259908878881e+00,5.007843365307400596e+00,1.544532470703125000e+03,9.472638964653015137e-01,4.001520000000000188e+00,7.236126661300659180e-01,4.590242803096771240e-01
6.668858692739583205e+00,5.022926883122512898e+00,1.459661743164062500e+03,1.011607170104980469e+00,4.001530000000000697e+00,8.637651801109313965e-01,5.393621325492858887e-01
6.661457620987427219e+00,5.045523218595333148e+00,1.420991943359375000e+03,9.131199717521667480e-01,4.001540000000000319e+00,8.449205160140991211e-01,5.234929323196411133e-01
6.663301896027117088e+00,5.052620249559284460e+00,1.663022216796875000e+03,1.272190332412719727e+00,4.001549999999999940e+00,8.638414740562438965e-01,5.586645603179931641e-01
6.667004566974775948e+00,5.073077617566105424e+00,1.727541870117187500e+03,1.304927587509155273e+00,4.001560000000000450e+00,8.942065834999084473e-01,5.837653279304504395e-01
6.663728406219358469e+00,5.089228454991084227e+00,2.189978515625000000e+03,1.289106130599975586e+00,4.001570000000000071e+00,7.968551516532897949e-01,5.475255846977233887e-01
6.660822265083495175e+00,5.105232244040564638e+00,1.674469970703125000e+03,1.410674571990966797e+00,4.001580000000000581e+00,9.190022349357604980e-01,5.953620672225952148e-01
6.666682103885348987e+00,5.126119580715638335e+00,1.674048583984375000e+03,1.292442798614501953e+00,4.001590000000000202e+00,6.771494746208190918e-01,4.386537075042724609e-01
6.665142354396968116e+00,5.145558521216048398e+00,1.964917724609375000e+03,1.201854467391967773e+00,4.001600000000000712e+00,8.302720189094543457e-01,5.581305027008056641e-01
6.663388780130865108e+00,5.155747276521933209e+00,1.728640380859375000e+03,1.024730920791625977e+00,4.001610000000000333e+00,8.674273490905761719e-01,5.663702487945556641e-01
6.659821635866482126e+00,5.170452215868690971e+00,1.773270629882812500e+03,1.242024421691894531e+00,4.001619999999999955e+00,7.242993116378784180e-01,4.758090078830718994e-01
6.670154237210256909e+00,5.193668827554875911e+00,1.534647705078125000e+03,1.526182413101196289e+00,4.001630000000000464e+00,8.137924671173095703e-01,5.153294205665588379e-01
6.657459086788281688e+00,5.206822188782553873e+00,1.714529785156250000e+03,1.264962673187255859e+00,4.001640000000000086e+00,7.941085696220397949e-01,5.174656510353088379e-01
6.667243708016086678e+00,5.212058769116284296e+00,2.396755615234375000e+03,1.225132465362548828e+00,4.001650000000000595e+00,7.002666592597961426e-01,4.891605079174041748e-01
6.661160539991167084e+00,5.234988091104225916e+00,1.792047973632812500e+03,1.111007452011108398e+00,4.001660000000000217e+00,8.131058216094970703e-01,5.354710817337036133e-01
6.664682434612073436e+00,5.245413908444303885e+00,1.813782714843750000e+03,1.011256694793701172e+00,4.001670000000000726e+00,9.754599332809448242e-01,6.441903710365295410e-01
6.662286221159664734e+00,5.265375316553989826e+00,2.986910888671875000e+03,1.358357191085815430e+00,4.001680000000000348e+00,1.009410858154296875e+00,7.298688292503356934e-01
6.667569684432820054e+00,5.280891986230971114e+00,1.506843994140625000e+03,1.671419858932495117e+00,4.001689999999999969e+00,7.597761750221252441e-01,4.787081778049468994e-01
6.669374915525167147e+00,5.298959097469541746e+00,2.852541015625000000e+03,1.653271436691284180e+00,4.001700000000000479e+00,7.862502336502075195e-01,5.647680759429931641e-01
6.661789090185100903e+00,5.314182966418218079e+00,2.242541259765625000e+03,1.197815656661987305e+00,4.001710000000000100e+00,7.301740050315856934e-01,5.039615631103515625e-01
6.664690445467292612e+00,5.331282682705630549e+00,1.275648559570312500e+03,1.331538677215576172e+00,4.001720000000000610e+00,6.786753535270690918e-01,4.066101312637329102e-01
6.666333453446519286e+00,5.349511679993178781e+00,3.387915527343750000e+03,1.113372564315795898e+00,4.001730000000000231e+00,8.797869682312011719e-01,6.467843651771545410e-01
6.666076888904593822e+00,5.364940393135483099e+00,2.129607910156250000e+03,9.677416682243347168e-01,4.001740000000000741e+00,6.149696707725524902e-01,4.202668070793151855e-01
6.667418580276311957e+00,5.379369931303051189e+00,1.446036743164062500e+03,1.158812761306762695e+00,4.001750000000000362e+00,6.876018047332763672e-01,4.282014071941375732e-01
6.673067244349489613e+00,5.397293237152319456e+00,1.555389526367187500e+03,6.624061465263366699e-01,4.001759999999999984e+00,8.120377063751220703e-01,5.160923600196838379e-01
6.668730543483299300e+00,5.407195892103953128e+00,1.537536010742187500e+03,1.002337455749511719e+00,4.001770000000000493e+00,7.395581603050231934e-01,4.685610532760620117e-01
6.673299549939123665e+00,5.425728404512385694e+00,1.922694458007812500e+03,1.014197587966918945e+00,4.001780000000000115e+00,9.190022349357604980e-01,6.148933768272399902e-01
6.673550239163320796e+00,5.439347989132893524e+00,1.973457763671875000e+03,1.045820236206054688e+00,4.001790000000000624e+00,7.345990538597106934e-01,4.942722022533416748e-01
6.672227659010834699e+00,5.456242835522592038e+00,1.345973266601562500e+03,1.192291498184204102e+00,4.001800000000000246e+00,7.078197598457336426e-01,4.314057528972625732e-01
6.669695688251285226e+00,5.479030847479772426e+00,1.692406494140625000e+03,9.719080328941345215e-01,4.001810000000000755e+00,6.888225078582763672e-01,4.474275410175323486e-01
6.673736901958905676e+00,5.496086396040286814e+00,1.484322143554687500e+03,1.002807140350341797e+00,4.001820000000000377e+00,6.695963740348815918e-01,4.201142191886901855e-01
6.675907731950013080e+00,5.503502376759493941e+00,1.382381347656250000e+03,1.016541242599487305e+00,4.001829999999999998e+00,6.724955439567565918e-01,4.132477343082427979e-01
6.677793710167682306e+00,5.519753240844063491e+00,1.836010498046875000e+03,8.300155997276306152e-01,4.001840000000000508e+00,6.814982891082763672e-01,4.513185620307922363e-01
6.670793352892835593e+00,5.539038033320524690e+00,1.618401123046875000e+03,8.617455363273620605e-01,4.001850000000000129e+00,7.378796935081481934e-01,4.739016592502593994e-01
6.675460711934241509e+00,5.546809867892296353e+00,1.752062011718750000e+03,8.251244425773620605e-01,4.001860000000000639e+00,6.577707529067993164e-01,4.308716952800750732e-01
6.670364937454082543e+00,5.567019588882328840e+00,2.198632568359375000e+03,9.944803118705749512e-01,4.001870000000000260e+00,7.043865323066711426e-01,4.843539595603942871e-01
6.677923429092838425e+00,5.577166029009205772e+00,1.733032592773437500e+03,8.760673403739929199e-01,4.001880000000000770e+00,7.447462081909179688e-01,4.865664839744567871e-01
6.670764674103555336e+00,5.602081955713281936e+00,1.737616577148437500e+03,1.100160598754882812e+00,4.001890000000000391e+00,7.057598233222961426e-01,4.613893926143646240e-01
6.672443969433570210e+00,5.618861628172858502e+00,2.053794921875000000e+03,9.525615572929382324e-01,4.001900000000000013e+00,8.166916370391845703e-01,5.540868639945983887e-01
6.671935726725900295e+00,5.628930386021838927e+00,1.334266113281250000e+03,1.064077138900756836e+00,4.001910000000000522e+00,7.098796963691711426e-01,4.314820468425750732e-01
6.672043799604246317e+00,5.648377959390099790e+00,1.661541503906250000e+03,1.037649631500244141e+00,4.001920000000000144e+00,9.297597408294677734e-01,6.011604070663452148e-01
6.667099588777649188e+00,5.667627409796795135e+00,1.539836181640625000e+03,1.100081920623779297e+00,4.001930000000000653e+00,7.654982209205627441e-01,4.851931929588317871e-01
6.665529392939650855e+00,5.677000333883531091e+00,2.581739257812500000e+03,1.299393892288208008e+00,4.001940000000000275e+00,9.765280485153198242e-01,6.907298564910888672e-01
6.658905213764341191e+00,5.694356669098701751e+00,1.670322143554687500e+03,1.135938882827758789e+00,4.001949999999999896e+00,7.913619875907897949e-01,5.123539566993713379e-01
6.664794527938477486e+00,5.712150617890117132e+00,1.774062255859375000e+03,1.529829025268554688e+00,4.001960000000000406e+00,7.242230176925659180e-01,4.758090078830718994e-01
6.669980917317087865e+00,5.726874491919185850e+00,1.674647827148437500e+03,1.133065938949584961e+00,4.001970000000000027e+00,6.616617441177368164e-01,4.286591708660125732e-01
6.663136333721429772e+00,5.744012698694176855e+00,2.426844970703125000e+03,9.268588423728942871e-01,4.001980000000000537e+00,8.536180853843688965e-01,5.975745916366577148e-01
6.667390375210211495e+00,5.759718420609162060e+00,1.491683837890625000e+03,9.423131346702575684e-01,4.001990000000000158e+00,8.193619251251220703e-01,5.147953629493713379e-01
6.662576027181201788e+00,5.773948974564820702e+00,1.518826904296875000e+03,1.333305358886718750e+00,4.002000000000000668e+00,7.477216720581054688e-01,4.721468687057495117e-01
6.660465692799770743e+00,5.795863085730212916e+00,1.131041625976562500e+03,1.204268455505371094e+00,4.002010000000000289e+00,6.858470439910888672e-01,3.940215706825256348e-01
6.660635459986758988e+00,5.815410485918437011e+00,1.627901123046875000e+03,1.087494611740112305e+00,4.002019999999999911e+00,8.074600696563720703e-01,5.193729996681213379e-01
6.660630634725631438e+00,5.825815549625961154e+00,1.291649169921875000e+03,9.798485636711120605e-01,4.002030000000000420e+00,6.439614892005920410e-01,3.873839974403381348e-01
6.657233049519242662e+00,5.849319919522918632e+00,1.504240600585937500e+03,9.028322100639343262e-01,4.002040000000000042e+00,6.839396953582763672e-01,4.307191073894500732e-01
6.664452361772144506e+00,5.860023395589029072e+00,1.556998168945312500e+03,8.437759280204772949e-01,4.002050000000000551e+00,6.119942069053649902e-01,3.890624642372131348e-01
6.655126555888825735e+00,5.869970213307859730e+00,1.550699096679687500e+03,8.484012484550476074e-01,4.002060000000000173e+00,7.465009689331054688e-01,4.740542471408843994e-01
6.658702528932345821e+00,5.885678073774122332e+00,1.647635620117187500e+03,9.087187647819519043e-01,4.002070000000000682e+00,6.866099834442138672e-01,4.430024921894073486e-01
6.654918731914384544e+00,5.911071640728294163e+00,1.782241455078125000e+03,9.033185839653015137e-01,4.002080000000000304e+00,9.122883081436157227e-01,6.000159978866577148e-01
6.662159144401399224e+00,5.926711325661139007e+00,1.155710327148437500e+03,1.117587804794311523e+00,4.002089999999999925e+00,7.090404629707336426e-01,4.105774462223052979e-01
6.657075829479804696e+00,5.935686069150640343e+00,1.038931396484375000e+03,1.272807836532592773e+00,4.002100000000000435e+00,6.779887080192565918e-01,3.769316673278808594e-01
6.657201327602377816e+00,5.956551659846179625e+00,1.327359252929687500e+03,7.664079070091247559e-01,4.002110000000000056e+00,7.771712541580200195e-01,4.716128110885620117e-01
6.659315552259560178e+00,5.972416486682456949e+00,1.452301025390625000e+03,8.287817835807800293e-01,4.002120000000000566e+00,7.141522169113159180e-01,4.452913105487823486e-01
6.667188121446402604e+00,5.990225139483640326e+00,1.897726196289062500e+03,8.626312613487243652e-01,4.002130000000000187e+00,6.769205927848815918e-01,4.516237378120422363e-01
6.658082793117885423e+00,6.001708166829968327e+00,1.688799316406250000e+03,8.297533392906188965e-01,4.002140000000000697e+00,7.277325987815856934e-01,4.724520444869995117e-01
6.661688466262260633e+00,6.018282106590799430e+00,2.047681152343750000e+03,8.526605963706970215e-01,4.002150000000000318e+00,8.642229437828063965e-01,5.859779119491577148e-01
6.663625277922599288e+00,6.034700334304828218e+00,2.159012451171875000e+03,1.092577695846557617e+00,4.002159999999999940e+00,8.694109916687011719e-01,5.957435369491577148e-01
6.664678669565466507e+00,6.049498305287396072e+00,1.407713012695312500e+03,1.271080493927001953e+00,4.002170000000000449e+00,6.895854473114013672e-01,4.260651767253875732e-01
6.663872079470233523e+00,6.063579675461129526e+00,1.317846923828125000e+03,1.237720966339111328e+00,4.002180000000000071e+00,5.988715887069702148e-01,3.625883460044860840e-01
6.664980231026000901e+00,6.081213486430608661e+00,9.751417846679687500e+02,8.467275500297546387e-01,4.002190000000000580e+00,5.539342761039733887e-01,2.999507784843444824e-01
6.665278012620746040e+00,6.097717274771920160e+00,1.659226928710937500e+03,6.738788485527038574e-01,4.002200000000000202e+00,6.890513896942138672e-01,4.453676044940948486e-01
6.664079176866522403e+00,6.117199973688160597e+00,1.753155029296875000e+03,5.602068305015563965e-01,4.002210000000000711e+00,7.979995608329772949e-01,5.228062272071838379e-01
6.668827727392748983e+00,6.131379799371350359e+00,1.586392578125000000e+03,9.273857474327087402e-01,4.002220000000000333e+00,6.169533133506774902e-01,3.941741585731506348e-01
6.662371749447177471e+00,6.150106857287137352e+00,1.169872802734375000e+03,9.776813387870788574e-01,4.002229999999999954e+00,7.084301114082336426e-01,4.120270311832427979e-01
6.666197589786441391e+00,6.168846327583273670e+00,1.217948486328125000e+03,7.850498557090759277e-01,4.002240000000000464e+00,6.317543983459472656e-01,3.726592063903808594e-01
6.661303926985665314e+00,6.180854564931420825e+00,1.690464721679687500e+03,8.732396960258483887e-01,4.002250000000000085e+00,7.049968838691711426e-01,4.578035771846771240e-01
6.667355075231635730e+00,6.193783659686694421e+00,9.689733276367187500e+02,7.656342387199401855e-01,4.002260000000000595e+00,7.259777784347534180e-01,3.920379281044006348e-01
6.661304555976394148e+00,6.209010966465938530e+00,1.534823730468750000e+03,9.211832880973815918e-01,4.002270000000000216e+00,6.064247488975524902e-01,3.840270340442657471e-01
6.667201716987619875e+00,6.226222150005611411e+00,1.503657958984375000e+03,7.715303301811218262e-01,4.002280000000000726e+00,7.466535568237304688e-01,4.701632261276245117e-01
6.670286364045025174e+00,6.247471711057080768e+00,1.728536132812500000e+03,7.837433218955993652e-01,4.002290000000000347e+00,7.854110002517700195e-01,5.128117203712463379e-01
6.662204159942042736e+00,6.258708800143898188e+00,1.426916748046875000e+03,1.118458032608032227e+00,4.002299999999999969e+00,7.676344513893127441e-01,4.761904776096343994e-01
6.661744221185805337e+00,6.269996277359854098e+00,1.870987060546875000e+03,1.047520160675048828e+00,4.002310000000000478e+00,9.817923903465270996e-01,6.529642343521118164e-01
6.670987077920324637e+00,6.292852139009738721e+00,1.782784423828125000e+03,1.233272075653076172e+00,4.002320000000000100e+00,9.170948863029479980e-01,6.032204031944274902e-01
6.664878415281275004e+00,6.308528026966204294e+00,1.387963256835937500e+03,1.742351770401000977e+00,4.002330000000000609e+00,7.075145840644836426e-01,4.352967739105224609e-01
6.665701218185361654e+00,6.321823989164867541e+00,1.426761108398437500e+03,1.364144802093505859e+00,4.002340000000000231e+00,6.707407832145690918e-01,4.160706102848052979e-01
6.667218963393857223e+00,6.334743749804629509e+00,1.591816406250000000e+03,8.223683238029479980e-01,4.002350000000000740e+00,8.348496556282043457e-01,5.338689088821411133e-01
6.667353655034511384e+00,6.354392990527863105e+00,1.434567871093750000e+03,1.000967741012573242e+00,4.002360000000000362e+00,7.784682512283325195e-01,4.836673140525817871e-01
6.664939883922621711e+00,6.369316036058512154e+00,1.573170410156250000e+03,1.127619266510009766e+00,4.002369999999999983e+00,8.014327883720397949e-01,5.109043717384338379e-01
6.665696586118405875e+00,6.377532345971138383e+00,1.894317504882812500e+03,1.078150987625122070e+00,4.002380000000000493e+00,8.919177651405334473e-01,5.948280096054077148e-01
6.664863895936269600e+00,6.392284269905467831e+00,2.375296875000000000e+03,1.094601869583129883e+00,4.002390000000000114e+00,9.080158472061157227e-01,6.332803368568420410e-01
6.659188360355916103e+00,6.416703956636418127e+00,2.071607421875000000e+03,1.484486579895019531e+00,4.002400000000000624e+00,9.495199322700500488e-01,6.453347802162170410e-01
6.657367882057840802e+00,6.430527811320526865e+00,2.726312988281250000e+03,1.380722045898437500e+00,4.002410000000000245e+00,1.058315515518188477e+00,7.550458908081054688e-01
6.660290056084023469e+00,6.443503565667444200e+00,1.663879882812500000e+03,1.654095172882080078e+00,4.002420000000000755e+00,9.904136061668395996e-01,6.406045556068420410e-01
6.662661027144958226e+00,6.460186349281846319e+00,2.203949707031250000e+03,1.752150774002075195e+00,4.002430000000000376e+00,1.291623234748840332e+00,8.885608315467834473e-01
6.663189123521399360e+00,6.474398026291012798e+00,2.655677490234375000e+03,1.911046028137207031e+00,4.002439999999999998e+00,1.042675137519836426e+00,7.408551573753356934e-01
6.659810606190161408e+00,6.494472675453629051e+00,1.832671264648437500e+03,2.399333238601684570e+00,4.002450000000000507e+00,9.231221079826354980e-01,6.110786795616149902e-01
6.658521069329768949e+00,6.509791619336425583e+00,2.310029785156250000e+03,1.847786426544189453e+00,4.002460000000000129e+00,7.950240969657897949e-01,5.517217516899108887e-01
6.661531803826750142e+00,6.523539890015725540e+00,1.499391601562500000e+03,1.562360048294067383e+00,4.002470000000000638e+00,7.285718321800231934e-01,4.584139287471771240e-01
6.655818137273878499e+00,6.545712030935781911e+00,1.503607788085937500e+03,1.103107452392578125e+00,4.002480000000000260e+00,7.740432024002075195e-01,4.874057173728942871e-01
6.658916679335097122e+00,6.560505921216759795e+00,1.671006835937500000e+03,1.065434932708740234e+00,4.002490000000000769e+00,7.941085696220397949e-01,5.141850113868713379e-01
6.657878005282935163e+00,6.576880490869712048e+00,2.006144775390625000e+03,1.099048376083374023e+00,4.002500000000000391e+00,7.964736819267272949e-01,5.377599000930786133e-01
6.655009756756154360e+00,6.591909966627357953e+00,1.512701416015625000e+03,1.276486635208129883e+00,4.002510000000000012e+00,7.132366895675659180e-01,4.498689770698547363e-01
6.656587773622235638e+00,6.606602550255108675e+00,1.594763916015625000e+03,1.083293676376342773e+00,4.002520000000000522e+00,7.631331086158752441e-01,4.882449507713317871e-01
6.664954331171781376e+00,6.626205413637749508e+00,1.566186401367187500e+03,1.060860872268676758e+00,4.002530000000000143e+00,8.270676732063293457e-01,5.266209840774536133e-01
6.660936773544795741e+00,6.639484963842995136e+00,1.481758911132812500e+03,1.249737262725830078e+00,4.002540000000000653e+00,7.306317687034606934e-01,4.581850469112396240e-01
6.653358918456897086e+00,6.653804336624847160e+00,1.815839233398437500e+03,1.225311279296875000e+00,4.002550000000000274e+00,7.278088927268981934e-01,4.807681441307067871e-01
6.666736142426282541e+00,6.670489907299361754e+00,1.495931030273437500e+03,1.013735055923461914e+00,4.002559999999999896e+00,7.764846086502075195e-01,4.882449507713317871e-01
6.660603261157666211e+00,6.686094246051158763e+00,1.942676757812500000e+03,9.279686808586120605e-01,4.002570000000000405e+00,7.360486388206481934e-01,4.935855567455291748e-01
6.662756712053893970e+00,6.700822907821354590e+00,2.265575927734375000e+03,1.146679639816284180e+00,4.002580000000000027e+00,7.458906173706054688e-01,5.157871842384338379e-01
6.666857144553612002e+00,6.717477961980302226e+00,1.295576416015625000e+03,1.254541397094726562e+00,4.002590000000000536e+00,7.787734270095825195e-01,4.689425230026245117e-01
6.657634869491620755e+00,6.731685496938845326e+00,1.854374633789062500e+03,1.062516689300537109e+00,4.002600000000000158e+00,8.129532337188720703e-01,5.395910143852233887e-01
6.660667495097887247e+00,6.750167164522684615e+00,2.076161865234375000e+03,1.081549644470214844e+00,4.002610000000000667e+00,9.356343746185302734e-01,6.361795067787170410e-01
6.665596429013169733e+00,6.764644959104325395e+00,2.111618408203125000e+03,1.506126642227172852e+00,4.002620000000000289e+00,7.335309386253356934e-01,5.004520416259765625e-01
6.665301016733713446e+00,6.774730789211864668e+00,1.242536010742187500e+03,1.492413997650146484e+00,4.002629999999999910e+00,8.638414740562438965e-01,5.130406022071838379e-01
6.663234889580722076e+00,6.792667735540896423e+00,1.562260742187500000e+03,1.142806529998779297e+00,4.002640000000000420e+00,9.477651715278625488e-01,6.030678153038024902e-01
6.660403234273596595e+00,6.807948748447779863e+00,2.468145751953125000e+03,1.318131208419799805e+00,4.002650000000000041e+00,8.005172610282897949e-01,5.620214939117431641e-01
6.667981828531020838e+00,6.827843164013928323e+00,1.295304565429687500e+03,1.369559288024902344e+00,4.002660000000000551e+00,6.927897930145263672e-01,4.171387255191802979e-01
6.658159685139207085e+00,6.841923599916473364e+00,1.492083007812500000e+03,1.089326858520507812e+00,4.002670000000000172e+00,6.876780986785888672e-01,4.320923984050750732e-01
6.659854500053444148e+00,6.861710532186386047e+00,1.556041870117187500e+03,8.943504691123962402e-01,4.002680000000000682e+00,6.189370155334472656e-01,3.934112191200256348e-01
6.672160124149129068e+00,6.882246674626031790e+00,1.810332031250000000e+03,9.481210112571716309e-01,4.002690000000000303e+00,6.686808466911315918e-01,4.414002895355224609e-01
6.661597919358371200e+00,6.894685120723912597e+00,1.782168457031250000e+03,8.371049761772155762e-01,4.002699999999999925e+00,7.500104904174804688e-01,4.932803809642791748e-01
6.668407128018422725e+00,6.905572606641631417e+00,1.219879760742187500e+03,1.038519859313964844e+00,4.002710000000000434e+00,6.586862802505493164e-01,3.887572884559631348e-01
6.668852757602071968e+00,6.920050086241344545e+00,2.054575927734375000e+03,9.771925806999206543e-01,4.002720000000000056e+00,7.658033967018127441e-01,5.196018815040588379e-01
6.667555540022879867e+00,6.940863524295518339e+00,1.424153808593750000e+03,9.336680769920349121e-01,4.002730000000000565e+00,7.155255079269409180e-01,4.436128437519073486e-01
6.666802518791169696e+00,6.962357230541094566e+00,1.311914428710937500e+03,9.671730399131774902e-01,4.002740000000000187e+00,7.723646759986877441e-01,4.669588804244995117e-01
6.661104062389404667e+00,6.979286644698875719e+00,1.371623779296875000e+03,9.174639582633972168e-01,4.002750000000000696e+00,7.324628233909606934e-01,4.490297138690948486e-01
6.669015963406777381e+00,6.992832369603964260e+00,1.684992919921875000e+03,1.114663600921630859e+00,4.002760000000000318e+00,8.655962347984313965e-01,5.616400241851806641e-01
6.663817072231927874e+00,7.010360262749034455e+00,1.950722900390625000e+03,1.120181798934936523e+00,4.002769999999999939e+00,8.246262669563293457e-01,5.534765124320983887e-01
6.661948199277872185e+00,7.019521825491582767e+00,1.648035766601562500e+03,1.517215490341186523e+00,4.002780000000000449e+00,7.436780929565429688e-01,4.798525869846343994e-01
6.670325674185927589e+00,7.042841413257788119e+00,1.460572265625000000e+03,1.427556991577148438e+00,4.002790000000000070e+00,7.827407121658325195e-01,4.888553321361541748e-01
6.664701667410357189e+00,7.050953820439206154e+00,1.196294067382812500e+03,1.201552867889404297e+00,4.002800000000000580e+00,7.497053146362304688e-01,4.394929409027099609e-01
6.667256592458975284e+00,7.065338474099052135e+00,2.055144775390625000e+03,1.074490070343017578e+00,4.002810000000000201e+00,7.397870421409606934e-01,5.019779205322265625e-01
6.668421628980996552e+00,7.085562598978428106e+00,1.497039794921875000e+03,9.776050448417663574e-01,4.002820000000000711e+00,6.046699881553649902e-01,3.802886307239532471e-01
6.672349161214769175e+00,7.100847917661127440e+00,1.778903198242187500e+03,1.117035865783691406e+00,4.002830000000000332e+00,6.500650644302368164e-01,4.273621737957000732e-01
6.663717862026470762e+00,7.115725146766266107e+00,1.491477050781250000e+03,7.101601958274841309e-01,4.002839999999999954e+00,8.108932971954345703e-01,5.094547867774963379e-01
6.667510397455076010e+00,7.125442666433744243e+00,1.660565795898437500e+03,1.023801088333129883e+00,4.002850000000000463e+00,9.077106714248657227e-01,5.868171453475952148e-01
6.664387061456919170e+00,7.149410395038291455e+00,2.212976806640625000e+03,1.285256862640380859e+00,4.002860000000000085e+00,1.034969449043273926e+00,7.125500440597534180e-01
6.665929775748673514e+00,7.164989055895671477e+00,1.611032104492187500e+03,1.637751579284667969e+00,4.002870000000000594e+00,8.539995551109313965e-01,5.478307604789733887e-01
6.667432875154183591e+00,7.184166845439333926e+00,2.404745361328125000e+03,1.550479650497436523e+00,4.002880000000000216e+00,9.609640836715698242e-01,6.716563105583190918e-01
6.668065783928326162e+00,7.196506313253251186e+00,1.816350219726562500e+03,1.516415596008300781e+00,4.002890000000000725e+00,9.261738657951354980e-01,6.118416190147399902e-01
6.666535089230930744e+00,7.215288481731425563e+00,2.388562988281250000e+03,1.918433427810668945e+00,4.002900000000000347e+00,1.455961108207702637e+00,1.016430020332336426e+00
6.665351173569042054e+00,7.231390565038168461e+00,2.964503662109375000e+03,2.054934024810791016e+00,4.002909999999999968e+00,1.139873981475830078e+00,8.233292698860168457e-01
6.664842603001447152e+00,7.254376140094421999e+00,1.956948486328125000e+03,2.822560787200927734e+00,4.002920000000000478e+00,9.326589107513427734e-01,6.264138221740722656e-01
6.669105311424973870e+00,7.269865541381525631e+00,1.457856933593750000e+03,2.100001096725463867e+00,4.002930000000000099e+00,7.783919572830200195e-01,4.858798384666442871e-01
6.671970689600845716e+00,7.287360528843546348e+00,1.833036621093750000e+03,1.386301040649414062e+00,4.002940000000000609e+00,1.043514370918273926e+00,6.908061504364013672e-01
6.666379295659043080e+00,7.301327115159810255e+00,1.528223876953125000e+03,1.506106376647949219e+00,4.002950000000000230e+00,9.722555875778198242e-01,6.149696707725524902e-01
6.668281465750554915e+00,7.313808313617323087e+00,1.950544677734375000e+03,1.771109819412231445e+00,4.002960000000000740e+00,7.649641633033752441e-01,5.134220719337463379e-01
6.665242597264192881e+00,7.330076262281814081e+00,1.256785888671875000e+03,1.434390068054199219e+00,4.002970000000000361e+00,7.228497266769409180e-01,4.309479892253875732e-01
6.663639735547738141e+00,7.350874206317062232e+00,1.537449829101562500e+03,1.163534641265869141e+00,4.002979999999999983e+00,8.161575794219970703e-01,5.170841813087463379e-01
6.669712649067312427e+00,7.364303033184799396e+00,1.903413940429687500e+03,1.000148773193359375e+00,4.002990000000000492e+00,7.652693390846252441e-01,5.109043717384338379e-01
6.665460994150782525e+00,7.369960160407265981e+00,2.019335815429687500e+03,1.063762426376342773e+00,4.003000000000000114e+00,6.998088955879211426e-01,4.731387197971343994e-01
6.664997602981070024e+00,7.390300576908897412e+00,1.386063110351562500e+03,1.117380380630493164e+00,4.003010000000000623e+00,8.324845433235168457e-01,5.119724869728088379e-01
6.667269511077128286e+00,7.406923526361469001e+00,1.352670898437500000e+03,1.226350784301757812e+00,4.003020000000000245e+00,8.182175159454345703e-01,4.994602203369140625e-01
6.670068551654972921e+00,7.425264424958641030e+00,2.714950927734375000e+03,1.235415458679199219e+00,4.003030000000000754e+00,9.787406325340270996e-01,6.978252530097961426e-01
6.661967118240680996e+00,7.444044355012856329e+00,1.416944824218750000e+03,1.350674152374267578e+00,4.003040000000000376e+00,9.441030025482177734e-01,5.844519734382629395e-01
6.661855768913691023e+00,7.459874450661136080e+00,1.595112670898437500e+03,1.582026004791259766e+00,4.003049999999999997e+00,9.773673415184020996e-01,6.253457069396972656e-01
6.665414282455852657e+00,7.467485837214803190e+00,1.770780029296875000e+03,1.550061225891113281e+00,4.003060000000000507e+00,9.560812115669250488e-01,6.278634071350097656e-01
6.656956627715628017e+00,7.490033796198320104e+00,1.555636840820312500e+03,1.593319892883300781e+00,4.003070000000000128e+00,9.199177622795104980e-01,5.846808552742004395e-01
6.661997796483251300e+00,7.505818762442733494e+00,1.502509399414062500e+03,1.508898258209228516e+00,4.003080000000000638e+00,9.317433834075927734e-01,5.865882635116577148e-01
6.660785232024791114e+00,7.518268061448418749e+00,1.869236328125000000e+03,1.515123367309570312e+00,4.003090000000000259e+00,8.734545707702636719e-01,5.807898640632629395e-01
6.661690738744848517e+00,7.539158886063405340e+00,2.052464843750000000e+03,1.371625185012817383e+00,4.003100000000000769e+00,8.316453099250793457e-01,5.641577243804931641e-01
6.658782646596656640e+00,7.553327107022993481e+00,1.927135375976562500e+03,1.480606317520141602e+00,4.003110000000000390e+00,8.163101673126220703e-01,5.464574694633483887e-01
6.666535170361142626e+00,7.568627225848519657e+00,1.473402832031250000e+03,1.401421546936035156e+00,4.003120000000000012e+00,7.990676760673522949e-01,5.002994537353515625e-01
6.660139809751713713e+00,7.584297873555019720e+00,1.321989501953125000e+03,1.139593839645385742e+00,4.003130000000000521e+00,6.929423809051513672e-01,4.199616312980651855e-01
6.655445876626719048e+00,7.596173951629051402e+00,1.585854003906250000e+03,9.061784148216247559e-01,4.003140000000000143e+00,8.350785374641418457e-01,5.334874391555786133e-01
6.659536611674401918e+00,7.616176810423529453e+00,1.585811035156250000e+03,9.891945719718933105e-01,4.003150000000000652e+00,8.449968099594116211e-01,5.398198962211608887e-01
6.659866564775255071e+00,7.631394886853569481e+00,1.500015625000000000e+03,1.239817857742309570e+00,4.003160000000000274e+00,7.585554718971252441e-01,4.773348867893218994e-01
6.654622422053289021e+00,7.643406441503623583e+00,1.901496215820312500e+03,1.210635423660278320e+00,4.003169999999999895e+00,7.160595655441284180e-01,4.779452383518218994e-01
6.654742391672228585e+00,7.667067965554113407e+00,1.497184936523437500e+03,1.090454578399658203e+00,4.003180000000000405e+00,7.377271056175231934e-01,4.639833867549896240e-01
6.661203627130048766e+00,7.674707540430427244e+00,1.308693237304687500e+03,1.023478031158447266e+00,4.003190000000000026e+00,6.721903681755065918e-01,4.060760736465454102e-01
6.653577998738644972e+00,7.701024839401734212e+00,1.292787719726562500e+03,1.127017259597778320e+00,4.003200000000000536e+00,7.384900450706481934e-01,4.443757832050323486e-01
6.657450653789771522e+00,7.719221625235655360e+00,1.222442871093750000e+03,9.320098757743835449e-01,4.003210000000000157e+00,7.162121534347534180e-01,4.230133891105651855e-01
6.656402477836213194e+00,7.722091490476032938e+00,1.484494384765625000e+03,9.063524603843688965e-01,4.003220000000000667e+00,6.874492168426513672e-01,4.313294589519500732e-01
6.652378461945144039e+00,7.747449842557716515e+00,1.655385253906250000e+03,8.504719138145446777e-01,4.003230000000000288e+00,7.010295987129211426e-01,4.528444409370422363e-01
6.654188539774957611e+00,7.762251361840847075e+00,1.608876220703125000e+03,9.061700701713562012e-01,4.003239999999999910e+00,7.273511290550231934e-01,4.664248228073120117e-01
6.657280266093875021e+00,7.782778566389103148e+00,1.219208007812500000e+03,9.870547652244567871e-01,4.003250000000000419e+00,7.128552198410034180e-01,4.206482768058776855e-01
6.656663478670848733e+00,7.792716585883472824e+00,1.083643432617187500e+03,9.707910418510437012e-01,4.003260000000000041e+00,6.688334345817565918e-01,3.780760765075683594e-01
6.661535717577103277e+00,7.805022331105702982e+00,1.501458007812500000e+03,8.486205935478210449e-01,4.003270000000000550e+00,6.308388710021972656e-01,3.970733582973480225e-01
6.655429982230240071e+00,7.827437732189984843e+00,1.467689331054687500e+03,7.832497954368591309e-01,4.003280000000000172e+00,6.136726737022399902e-01,3.837981522083282471e-01
6.661020158765031063e+00,7.845579310209915391e+00,1.486937377929687500e+03,7.442874312400817871e-01,4.003290000000000681e+00,6.840922832489013672e-01,4.294221103191375732e-01
6.660592323308605955e+00,7.856366519491341016e+00,1.362190673828125000e+03,8.647055029869079590e-01,4.003300000000000303e+00,6.170296072959899902e-01,3.774657249450683594e-01
6.656709434025596117e+00,7.871336864872854555e+00,1.775742797851562500e+03,8.431631922721862793e-01,4.003309999999999924e+00,5.832312703132629395e-01,3.832640945911407471e-01
6.655732268298692134e+00,7.893753130055869427e+00,1.569211914062500000e+03,7.275444865226745605e-01,4.003320000000000434e+00,6.962230801582336426e-01,4.435365498065948486e-01
6.656048369228519057e+00,7.907700892794978564e+00,1.483155395507812500e+03,7.444853186607360840e-01,4.003330000000000055e+00,7.860213518142700195e-01,4.930514991283416748e-01
6.662079644973254666e+00,7.927159574002336839e+00,1.338498046875000000e+03,8.321744799613952637e-01,4.003340000000000565e+00,8.473619222640991211e-01,5.155583024024963379e-01
6.659237406163860840e+00,7.941497103742706010e+00,1.774140136718750000e+03,1.265393018722534180e+00,4.003350000000000186e+00,8.799395561218261719e-01,5.781195759773254395e-01
6.666668774324770119e+00,7.951710805606883703e+00,2.035021850585937500e+03,1.307367801666259766e+00,4.003360000000000696e+00,8.576616644859313965e-01,5.807898640632629395e-01
6.656554269098030829e+00,7.976130005084351993e+00,1.626365844726562500e+03,1.278351068496704102e+00,4.003370000000000317e+00,1.024059414863586426e+00,6.585336923599243164e-01
6.658645800790064406e+00,7.991226497359003922e+00,1.276462890625000000e+03,1.586709737777709961e+00,4.003379999999999939e+00,6.701304316520690918e-01,4.015747010707855225e-01
6.659462527444769187e+00,8.002491198318947951e+00,1.423388549804687500e+03,1.499558210372924805e+00,4.003390000000000448e+00,7.167462110519409180e-01,4.442994892597198486e-01
6.660977578786414277e+00,8.017267696343790107e+00,2.269767578125000000e+03,9.101552367210388184e-01,4.003400000000000070e+00,9.011493921279907227e-01,6.233620643615722656e-01
6.657538462244698252e+00,8.032864362222328580e+00,2.804100585937500000e+03,1.109507799148559570e+00,4.003410000000000579e+00,8.169968128204345703e-01,5.853675007820129395e-01
6.663852248886739993e+00,8.048917855826633883e+00,1.803796264648437500e+03,1.443008899688720703e+00,4.003420000000000201e+00,7.632856965065002441e-01,5.034275054931640625e-01
6.661491951243142751e+00,8.069473664425728998e+00,2.129629150390625000e+03,1.261240959167480469e+00,4.003430000000000710e+00,9.067951440811157227e-01,6.196999549865722656e-01
6.661604050584456260e+00,8.075160719627911377e+00,2.645056396484375000e+03,1.148991107940673828e+00,4.003440000000000332e+00,7.910568118095397949e-01,5.617163181304931641e-01
6.658060751092405027e+00,8.095023208282540850e+00,2.400444091796875000e+03,1.384622573852539062e+00,4.003449999999999953e+00,8.746752738952636719e-01,6.111549735069274902e-01
6.665887609389765878e+00,8.111195935883996455e+00,1.451422973632812500e+03,1.360779523849487305e+00,4.003460000000000463e+00,8.758196830749511719e-01,5.459997057914733887e-01
6.656133063932005989e+00,8.123048402517719424e+00,1.772830200195312500e+03,1.407473802566528320e+00,4.003470000000000084e+00,7.344464659690856934e-01,4.824466109275817871e-01
6.657739834285774094e+00,8.145630685818106898e+00,1.135913940429687500e+03,1.149413108825683594e+00,4.003480000000000594e+00,6.709696650505065918e-01,3.860869705677032471e-01
6.658975026218401538e+00,8.156477584778970780e+00,9.045525512695312500e+02,1.035849571228027344e+00,4.003490000000000215e+00,5.685827732086181641e-01,2.977382540702819824e-01
6.662919697749733139e+00,8.172440678509687473e+00,9.414091186523437500e+02,7.741803526878356934e-01,4.003500000000000725e+00,6.343484520912170410e-01,3.382504880428314209e-01
6.663595767924550550e+00,8.190388182619944502e+00,1.273780639648437500e+03,7.855541110038757324e-01,4.003510000000000346e+00,4.714602231979370117e-01,2.823268175125122070e-01
6.661647751926497385e+00,8.204271515200590059e+00,1.225933837890625000e+03,6.545454859733581543e-01,4.003519999999999968e+00,5.029697418212890625e-01,2.973567843437194824e-01
6.664013060559828006e+00,8.222679302323196993e+00,1.181023071289062500e+03,4.013508856296539307e-01,4.003530000000000477e+00,5.675909519195556641e-01,3.312314152717590332e-01
6.654755306913889612e+00,8.240840088462526580e+00,1.040309570312500000e+03,5.376297831535339355e-01,4.003540000000000099e+00,6.567789316177368164e-01,3.653349578380584717e-01
6.659116830953832000e+00,8.256826828409787211e+00,1.378708740234375000e+03,5.657071471214294434e-01,4.003550000000000608e+00,7.159069776535034180e-01,4.395692348480224609e-01
6.657984813813917491e+00,8.266634618505193544e+00,1.752167968750000000e+03,8.385092616081237793e-01,4.003560000000000230e+00,7.349805235862731934e-01,4.814547896385192871e-01
6.663814116950785404e+00,8.282842353202592989e+00,1.201904541015625000e+03,9.124404788017272949e-01,4.003570000000000739e+00,7.033947110176086426e-01,4.130188524723052979e-01
6.656375051085972494e+00,8.306941827112801491e+00,1.374039794921875000e+03,1.058510065078735352e+00,4.003580000000000361e+00,7.064464688301086426e-01,4.333131015300750732e-01
6.663434402372280907e+00,8.323634259119508272e+00,1.868049926757812500e+03,7.968420386314392090e-01,4.003589999999999982e+00,7.864791154861450195e-01,5.228825211524963379e-01
6.660240577878092871e+00,8.342456162379944473e+00,1.908709228515625000e+03,9.352499842643737793e-01,4.003600000000000492e+00,9.105335474014282227e-01,6.082558035850524902e-01
6.661356614879975879e+00,8.358586331960486504e+00,1.871097778320312500e+03,1.200125932693481445e+00,4.003610000000000113e+00,8.588060736656188965e-01,5.711768269538879395e-01
6.659062992576386897e+00,8.365847873472091578e+00,1.374843017578125000e+03,1.434472322463989258e+00,4.003620000000000623e+00,9.656180143356323242e-01,5.923866033554077148e-01
6.659647143006232284e+00,8.385920658956898421e+00,2.137332031250000000e+03,1.361331462860107422e+00,4.003630000000000244e+00,9.965171813964843750e-01,6.814982891082763672e-01
6.657766887054300753e+00,8.402573210705833517e+00,2.559202880859375000e+03,1.471219778060913086e+00,4.003640000000000754e+00,9.827842116355895996e-01,6.941630840301513672e-01
6.660742380041322797e+00,8.421802895311071069e+00,2.214646972656250000e+03,1.752515554428100586e+00,4.003650000000000375e+00,9.757651090621948242e-01,6.718851923942565918e-01
6.657597383054971729e+00,8.435495342965070975e+00,1.502449584960937500e+03,1.888983964920043945e+00,4.003659999999999997e+00,9.206044077873229980e-01,5.795691609382629395e-01
6.656057834776847315e+00,8.452571774333794252e+00,2.757284912109375000e+03,1.591764211654663086e+00,4.003670000000000506e+00,9.008442163467407227e-01,6.438089013099670410e-01
6.655874750293601316e+00,8.467647129202104495e+00,2.021273315429687500e+03,1.426783323287963867e+00,4.003680000000000128e+00,9.053455591201782227e-01,6.122230887413024902e-01
6.661237854160278360e+00,8.482916474691924336e+00,1.824156250000000000e+03,1.343134164810180664e+00,4.003690000000000637e+00,9.579122662544250488e-01,6.334329247474670410e-01
6.657054593451543489e+00,8.506150501081023663e+00,1.844952514648437500e+03,1.347389936447143555e+00,4.003700000000000259e+00,7.409314513206481934e-01,4.912204444408416748e-01
6.653657953108981005e+00,8.520122616550791506e+00,1.653190307617187500e+03,1.326529502868652344e+00,4.003710000000000768e+00,8.871112465858459473e-01,5.728552937507629395e-01
6.657196289805580314e+00,8.536009985963582736e+00,1.977660034179687500e+03,1.119895696640014648e+00,4.003720000000000390e+00,9.199177622795104980e-01,6.192421913146972656e-01
6.660073751904779904e+00,8.549977424376752566e+00,3.151952148437500000e+03,1.446265697479248047e+00,4.003730000000000011e+00,1.014598846435546875e+00,7.390241026878356934e-01
6.658993745145991738e+00,8.563273382155813351e+00,3.517792968750000000e+03,1.593862295150756836e+00,4.003740000000000521e+00,1.155743241310119629e+00,8.535417914390563965e-01
6.654525025937720883e+00,8.578941635045053360e+00,2.088702636718750000e+03,1.831310510635375977e+00,4.003750000000000142e+00,1.147884964942932129e+00,7.814437150955200195e-01
6.658007805662228940e+00,8.594132534970144732e+00,1.597386962890625000e+03,2.178475379943847656e+00,4.003760000000000652e+00,1.088451743125915527e+00,6.966808438301086426e-01
6.652493268144061389e+00,8.612478878915437619e+00,1.851288940429687500e+03,2.038400888442993164e+00,4.003770000000000273e+00,9.973564147949218750e-01,6.617380380630493164e-01
6.656415441605359362e+00,8.629795708698194900e+00,1.764603637695312500e+03,2.125397443771362305e+00,4.003779999999999895e+00,7.710676789283752441e-01,5.059452056884765625e-01
6.658817593761177100e+00,8.649684314005000374e+00,2.619585205078125000e+03,1.779511690139770508e+00,4.003790000000000404e+00,8.090622425079345703e-01,5.736182332038879395e-01
6.657506895367622413e+00,8.661427457700980881e+00,1.598694702148437500e+03,1.375110864639282227e+00,4.003800000000000026e+00,8.942065834999084473e-01,5.724738240242004395e-01
6.657769367430532270e+00,8.672930079510178913e+00,1.970240844726562500e+03,1.461419582366943359e+00,4.003810000000000535e+00,1.105541586875915527e+00,7.436017990112304688e-01
6.655871216924947653e+00,8.687866288916456625e+00,2.590270996093750000e+03,1.304265975952148438e+00,4.003820000000000157e+00,1.145367264747619629e+00,8.105881214141845703e-01
6.655766224448624868e+00,8.703475723035218437e+00,1.553842407226562500e+03,2.480154752731323242e+00,4.003830000000000666e+00,9.043537378311157227e-01,5.746100544929504395e-01
6.656813629432294377e+00,8.720820358125154215e+00,2.103537841796875000e+03,2.030555725097656250e+00,4.003840000000000288e+00,8.989368677139282227e-01,6.128334403038024902e-01
6.652670540380388076e+00,8.732747909849566170e+00,1.600127075195312500e+03,1.379004240036010742e+00,4.003849999999999909e+00,9.978904724121093750e-01,6.390023827552795410e-01
6.660854907940096048e+00,8.749681110088481262e+00,2.645017089843750000e+03,1.526348114013671875e+00,4.003860000000000419e+00,8.918414711952209473e-01,6.332803368568420410e-01
6.651105913355204180e+00,8.766640971880196531e+00,1.744405273437500000e+03,1.597986936569213867e+00,4.003870000000000040e+00,9.248768687248229980e-01,6.052040457725524902e-01
6.654030763832685658e+00,8.787009981056097985e+00,1.490269287109375000e+03,1.509277343750000000e+00,4.003880000000000550e+00,9.213673472404479980e-01,5.787299275398254395e-01
6.655841370557523007e+00,8.802871110817097389e+00,1.723068115234375000e+03,1.491478204727172852e+00,4.003890000000000171e+00,8.362993001937866211e-01,5.456182360649108887e-01
6.657787358820252521e+00,8.818226026411711160e+00,1.601266723632812500e+03,1.317300319671630859e+00,4.003900000000000681e+00,1.043209195137023926e+00,6.681467890739440918e-01
6.653162827443837024e+00,8.827797458058428859e+00,1.513064208984375000e+03,1.515293836593627930e+00,4.003910000000000302e+00,8.317216038703918457e-01,5.246373414993286133e-01
6.656202371779836646e+00,8.850590942319255916e+00,1.600784667968750000e+03,1.602998495101928711e+00,4.003919999999999924e+00,7.194927930831909180e-01,4.607790410518646240e-01
6.656551796399823751e+00,8.864353548536307414e+00,1.403685546875000000e+03,1.267002344131469727e+00,4.003930000000000433e+00,7.889205217361450195e-01,4.870242476463317871e-01
6.655534004278359284e+00,8.879176008717626800e+00,1.353934326171875000e+03,1.176881313323974609e+00,4.003940000000000055e+00,8.434709310531616211e-01,5.150242447853088379e-01
6.654067515059305826e+00,8.895568796995535266e+00,1.942213500976562500e+03,1.325672388076782227e+00,4.003950000000000564e+00,6.771494746208190918e-01,4.540651440620422363e-01
6.656444143597918917e+00,8.911866142569961013e+00,2.006590454101562500e+03,1.124690294265747070e+00,4.003960000000000186e+00,9.156453013420104980e-01,6.182503700256347656e-01
6.656682058768884858e+00,8.929343609846437602e+00,1.909947875976562500e+03,1.135136604309082031e+00,4.003970000000000695e+00,8.507951498031616211e-01,5.684301853179931641e-01
6.654150025378429589e+00,8.951320098044666551e+00,2.070047119140625000e+03,1.336483478546142578e+00,4.003980000000000317e+00,8.287461400032043457e-01,5.631659030914306641e-01
6.658384152967012248e+00,8.961057104979037291e+00,1.710773437500000000e+03,1.296890497207641602e+00,4.003989999999999938e+00,8.884845376014709473e-01,5.786536335945129395e-01
6.656262885327307366e+00,8.979348331824949625e+00,1.394873901367187500e+03,1.470063447952270508e+00,4.004000000000000448e+00,8.578905463218688965e-01,5.286046266555786133e-01
6.655371436326626977e+00,8.992313827992733266e+00,1.512221557617187500e+03,1.304167032241821289e+00,4.004010000000000069e+00,7.905990481376647949e-01,4.986209869384765625e-01
6.660335237020472476e+00,9.007677834727514821e+00,1.535352905273437500e+03,1.275428056716918945e+00,4.004020000000000579e+00,9.240376353263854980e-01,5.852149128913879395e-01
6.658246766510773185e+00,9.025629613077104096e+00,1.276923583984375000e+03,1.181592464447021484e+00,4.004030000000000200e+00,8.520922064781188965e-01,5.106754899024963379e-01
6.649797275815009456e+00,9.049098464682726828e+00,1.281750610351562500e+03,1.501600265502929688e+00,4.004040000000000710e+00,7.634382843971252441e-01,4.581087529659271240e-01
6.661829565859128444e+00,9.063350983208449563e+00,1.275034545898437500e+03,1.174413681030273438e+00,4.004050000000000331e+00,8.638414740562438965e-01,5.174656510353088379e-01
6.651233696257667027e+00,9.071442038854044654e+00,1.932732421875000000e+03,1.109636545181274414e+00,4.004059999999999953e+00,7.561140060424804688e-01,5.064792633056640625e-01
6.657561533131681308e+00,9.089847292558332015e+00,1.398971069335937500e+03,1.238402843475341797e+00,4.004070000000000462e+00,7.816725969314575195e-01,4.820651412010192871e-01
6.653342530130236909e+00,9.107561982998326755e+00,1.543035644531250000e+03,1.091912508010864258e+00,4.004080000000000084e+00,8.146317005157470703e-01,5.166264176368713379e-01
6.654462046028350564e+00,9.127564862020694392e+00,1.431226440429687500e+03,1.165394306182861328e+00,4.004090000000000593e+00,8.629259467124938965e-01,5.357762575149536133e-01
6.653763070893949916e+00,9.136509466359511222e+00,1.369084106445312500e+03,1.165005683898925781e+00,4.004100000000000215e+00,7.645063996315002441e-01,4.684084653854370117e-01
6.652283228838363982e+00,9.159321071191644847e+00,1.253288696289062500e+03,1.305711984634399414e+00,4.004110000000000724e+00,8.092148303985595703e-01,4.819888472557067871e-01
6.655276808991009929e+00,9.170192860401675361e+00,2.712740234375000000e+03,1.037882089614868164e+00,4.004120000000000346e+00,1.291470646858215332e+00,9.206807017326354980e-01
6.658338485758930503e+00,9.185076373239203562e+00,1.896242065429687500e+03,1.458279609680175781e+00,4.004129999999999967e+00,9.406697750091552734e-01,6.274819374084472656e-01
6.654509678773428583e+00,9.203878822253557246e+00,1.785946289062500000e+03,2.658024549484252930e+00,4.004140000000000477e+00,8.401902914047241211e-01,5.528661608695983887e-01
6.654681717643739169e+00,9.217410370610444659e+00,2.130019775390625000e+03,1.711472988128662109e+00,4.004150000000000098e+00,8.842120766639709473e-01,6.042885184288024902e-01
6.652394037967651386e+00,9.239141010311495705e+00,1.280843261718750000e+03,1.360870122909545898e+00,4.004160000000000608e+00,7.748061418533325195e-01,4.648226201534271240e-01
6.647915824805734175e+00,9.247254361039832560e+00,2.512976806640625000e+03,1.270468950271606445e+00,4.004170000000000229e+00,8.926807045936584473e-01,6.286263465881347656e-01
6.649669556841542040e+00,9.266846527821940072e+00,1.929011352539062500e+03,1.115716218948364258e+00,4.004180000000000739e+00,7.677107453346252441e-01,5.140324234962463379e-01
6.654237237803748428e+00,9.280335986917549462e+00,1.343361816406250000e+03,1.362016916275024414e+00,4.004190000000000360e+00,7.598524689674377441e-01,4.628389775753021240e-01
6.649013996016776673e+00,9.303732581403185264e+00,1.360818725585937500e+03,1.162166118621826172e+00,4.004199999999999982e+00,8.317978978157043457e-01,5.086918473243713379e-01
6.650881023781799684e+00,9.318615388199589233e+00,1.122276245117187500e+03,1.197187423706054688e+00,4.004210000000000491e+00,7.040813565254211426e-01,4.033294916152954102e-01
6.652214974987329832e+00,9.333166863446672679e+00,1.617570190429687500e+03,1.107831716537475586e+00,4.004220000000000113e+00,6.315255165100097656e-01,4.055420160293579102e-01
6.658311289581564374e+00,9.349776393252671625e+00,1.622455322265625000e+03,8.641273379325866699e-01,4.004230000000000622e+00,6.881358623504638672e-01,4.422395527362823486e-01
6.652002818919531713e+00,9.365501992953955579e+00,1.335062255859375000e+03,8.815843462944030762e-01,4.004240000000000244e+00,6.631876230239868164e-01,4.031769037246704102e-01
6.652459999650425004e+00,9.383812807475482742e+00,1.583907226562500000e+03,8.795363306999206543e-01,4.004250000000000753e+00,6.764628291130065918e-01,4.320161044597625732e-01
6.657761933807798904e+00,9.395938475917951394e+00,1.554286865234375000e+03,8.698696494102478027e-01,4.004260000000000375e+00,6.989696621894836426e-01,4.441469013690948486e-01
6.650858942803504981e+00,9.415348220759412357e+00,1.831298706054687500e+03,1.019438028335571289e+00,4.004269999999999996e+00,9.013782739639282227e-01,5.965827703475952148e-01
6.663669340312359246e+00,9.430768038541717857e+00,1.583880859375000000e+03,1.107629060745239258e+00,4.004280000000000506e+00,6.773020625114440918e-01,4.325501620769500732e-01
6.655686971492404069e+00,9.447523738823999651e+00,1.843539306640625000e+03,1.173389673233032227e+00,4.004290000000000127e+00,6.449533104896545410e-01,4.275147616863250732e-01
6.658628379462867564e+00,9.464832265430967340e+00,2.279463867187500000e+03,9.071463942527770996e-01,4.004300000000000637e+00,7.480268478393554688e-01,5.178471207618713379e-01
6.658305374981864588e+00,9.482536210126154330e+00,1.160705932617187500e+03,1.012482166290283203e+00,4.004310000000000258e+00,7.463483810424804688e-01,4.328553378582000732e-01
6.659900878488148379e+00,9.495074258240723708e+00,1.556941650390625000e+03,1.072924852371215820e+00,4.004320000000000768e+00,6.061195731163024902e-01,3.853240311145782471e-01
6.659532122107886032e+00,9.518531597137791067e+00,9.448496093750000000e+02,9.245426058769226074e-01,4.004330000000000389e+00,7.704573273658752441e-01,4.114929735660552979e-01
6.655640309077994310e+00,9.524970210381869862e+00,1.710795532226562500e+03,9.027189612388610840e-01,4.004340000000000011e+00,6.968334317207336426e-01,4.538362622261047363e-01
6.660484765318927636e+00,9.544988747809036056e+00,9.262733154296875000e+02,9.400553107261657715e-01,4.004350000000000520e+00,7.541303634643554688e-01,3.992095887660980225e-01
6.664057343092700592e+00,9.556176599916350156e+00,1.758766113281250000e+03,8.862096667289733887e-01,4.004360000000000142e+00,7.787734270095825195e-01,5.105991959571838379e-01
6.652814559039594400e+00,9.575614854382484609e+00,1.431777832031250000e+03,1.008404016494750977e+00,4.004370000000000651e+00,6.940104961395263672e-01,4.309479892253875732e-01
6.660974114064927676e+00,9.588601233870617691e+00,1.622157104492187500e+03,1.300731420516967773e+00,4.004380000000000273e+00,9.105335474014282227e-01,5.851386189460754395e-01
6.660720295829715809e+00,9.593964467532138940e+00,1.881064086914062500e+03,1.094687700271606445e+00,4.004389999999999894e+00,8.153946399688720703e-01,5.429479479789733887e-01
6.662735227270347060e+00,9.609004540529287652e+00,1.533989379882812500e+03,1.397784471511840820e+00,4.004400000000000404e+00,6.624246835708618164e-01,4.194275736808776855e-01
6.661692869504449277e+00,9.625664607131811934e+00,1.507803466796875000e+03,1.169005155563354492e+00,4.004410000000000025e+00,7.342175841331481934e-01,4.626863896846771240e-01
6.658515825296484891e+00,9.629074820316199990e+00,4.965421875000000000e+03,1.051916599273681641e+00,4.004420000000000535e+00,2.463159412145614624e-01,1.883323192596435547e-01
6.655753573771259646e+00,9.637959887470175957e+00,-2.092438232421875000e+03,9.248465895652770996e-01,4.004430000000000156e+00,8.518251776695251465e-02,8.655580878257751465e-02
6.655782460239914045e+00,9.643820201524286873e+00,-1.594664672851562500e+03,3.990537226200103760e-01,4.004440000000000666e+00,6.450677663087844849e-02,6.977108120918273926e-02
6.656301778949018200e+00,9.645423208719376973e+00,-1.750362426757812500e+03,3.111046850681304932e-01,4.004450000000000287e+00,5.657217651605606079e-02,5.977653339505195618e-02
