# x_coordinates, y_coordinates, TEP, TED, times, high, low
1.024281389290876554e+01,-9.821647773151051197e+00,1.345387329101562500e+03,6.828672289848327637e-01,3.563730000000000508e+00,8.373674154281616211e-01,5.102940201759338379e-01
1.025364466182295509e+01,-9.829001572788033769e+00,1.158858642578125000e+03,1.318501949310302734e+00,3.563740000000000130e+00,9.693564176559448242e-01,5.618689060211181641e-01
1.024926507921981411e+01,-9.829199727446571444e+00,1.219928833007812500e+03,9.089905619621276855e-01,3.563750000000000195e+00,8.446916341781616211e-01,4.985446929931640625e-01
1.025544579474909845e+01,-9.829404573147193958e+00,2.087250976562500000e+03,1.014052152633666992e+00,3.563760000000000261e+00,1.128429889678955078e+00,7.680922150611877441e-01
1.025864001992729335e+01,-9.828232717790942985e+00,1.826821533203125000e+03,1.054623842239379883e+00,3.563770000000000326e+00,1.062664270401000977e+00,7.029369473457336426e-01
1.025542295769383294e+01,-9.823265332454395704e+00,1.405723022460937500e+03,1.457669258117675781e+00,3.563780000000000392e+00,1.407361626625061035e+00,8.691821098327636719e-01
1.025283187904026860e+01,-9.821955699288364983e+00,1.851348022460937500e+03,1.334869384765625000e+00,3.563790000000000457e+00,1.319775819778442383e+00,8.756670951843261719e-01
1.026617609979394707e+01,-9.821016363143490580e+00,1.209300170898437500e+03,1.954702854156494141e+00,3.563800000000000079e+00,9.945335388183593750e-01,5.852149128913879395e-01
1.025971432706584885e+01,-9.809829748856261133e+00,1.023122314453125000e+03,1.612257480621337891e+00,3.563810000000000144e+00,9.252583384513854980e-01,5.112095475196838379e-01
1.025810116192513455e+01,-9.798551444613217143e+00,1.031325195312500000e+03,1.058510065078735352e+00,3.563820000000000210e+00,9.767569899559020996e-01,5.414220690727233887e-01
1.026226782021289097e+01,-9.792428374878598518e+00,1.363626098632812500e+03,8.871704936027526855e-01,3.563830000000000275e+00,1.085857748985290527e+00,6.644846796989440918e-01
1.026839530142646417e+01,-9.775605667550195221e+00,1.391401611328125000e+03,1.111843109130859375e+00,3.563840000000000341e+00,1.066707849502563477e+00,6.567789316177368164e-01
1.025502686246840334e+01,-9.760598611660080692e+00,1.416425903320312500e+03,1.245607852935791016e+00,3.563850000000000406e+00,1.163601517677307129e+00,7.202557325363159180e-01
1.027190906304074680e+01,-9.741778951449022728e+00,1.388019165039062500e+03,1.398487806320190430e+00,3.563860000000000472e+00,1.111263751983642578e+00,6.837108135223388672e-01
1.026632749304038761e+01,-9.731717051438641519e+00,2.193644531250000000e+03,1.557086229324340820e+00,3.563870000000000093e+00,1.092419028282165527e+00,7.508497238159179688e-01
1.026380995998652068e+01,-9.709336241228644582e+00,1.417560180664062500e+03,1.320275783538818359e+00,3.563880000000000159e+00,1.043056607246398926e+00,6.457925438880920410e-01
1.026323690346846185e+01,-9.690405630470495524e+00,1.230273559570312500e+03,1.314956665039062500e+00,3.563890000000000224e+00,9.775962233543395996e-01,5.786536335945129395e-01
1.026476958362175473e+01,-9.674386038386478148e+00,1.048260742187500000e+03,1.213390350341796875e+00,3.563900000000000290e+00,1.004146575927734375e+00,5.602667331695556641e-01
1.026879972450634781e+01,-9.654090749746764288e+00,1.458169311523437500e+03,1.199689626693725586e+00,3.563910000000000355e+00,8.054764270782470703e-01,5.028171539306640625e-01
1.026333598219223830e+01,-9.627860102215713312e+00,1.503628662109375000e+03,1.111416339874267578e+00,3.563920000000000421e+00,9.749258756637573242e-01,6.139015555381774902e-01
1.027158250548322727e+01,-9.618721501575173249e+00,1.872057128906250000e+03,9.389645457267761230e-01,3.563930000000000486e+00,9.697378873825073242e-01,6.450296044349670410e-01
1.027009800975281273e+01,-9.596690096493727395e+00,1.691506469726562500e+03,1.279426336288452148e+00,3.563940000000000108e+00,9.944572448730468750e-01,6.458688378334045410e-01
1.026877900399060550e+01,-9.573216582519092910e+00,2.511338378906250000e+03,1.225318431854248047e+00,3.563950000000000173e+00,1.109051108360290527e+00,7.809096574783325195e-01
1.026819806270552426e+01,-9.562897630726334697e+00,1.755766113281250000e+03,1.175530672073364258e+00,3.563960000000000239e+00,9.946861267089843750e-01,6.518961191177368164e-01
1.027436615676951703e+01,-9.539193719285234963e+00,1.828587890625000000e+03,1.343280792236328125e+00,3.563970000000000304e+00,9.672964811325073242e-01,6.399942040443420410e-01
1.026669069835092074e+01,-9.518160704360857594e+00,1.483610473632812500e+03,1.249556064605712891e+00,3.563980000000000370e+00,9.396779537200927734e-01,5.894874334335327148e-01
1.026842255423972361e+01,-9.502422015077453210e+00,1.365547485351562500e+03,1.178402423858642578e+00,3.563990000000000435e+00,1.059841394424438477e+00,6.488443613052368164e-01
1.026467696833015530e+01,-9.487134242811434248e+00,1.613560180664062500e+03,9.482139945030212402e-01,3.564000000000000501e+00,1.016048550605773926e+00,6.520487070083618164e-01
1.026652615610516150e+01,-9.472101114262523325e+00,1.917845825195312500e+03,1.157091379165649414e+00,3.564010000000000122e+00,1.158184647560119629e+00,7.745009660720825195e-01
1.026567280010861261e+01,-9.454450509670149216e+00,2.754134521484375000e+03,1.068263769149780273e+00,3.564020000000000188e+00,1.408811211585998535e+00,1.006664276123046875e+00
1.026902964466304624e+01,-9.440507995306280264e+00,1.684236694335937500e+03,1.808876514434814453e+00,3.564030000000000253e+00,1.066784143447875977e+00,6.921031475067138672e-01
1.027504801957903879e+01,-9.422384592918051638e+00,1.669094604492187500e+03,1.892971515655517578e+00,3.564040000000000319e+00,1.143917679786682129e+00,7.404736876487731934e-01
1.026755514030427641e+01,-9.408179248672801975e+00,1.741085571289062500e+03,1.445953369140625000e+00,3.564050000000000384e+00,1.147045731544494629e+00,7.502393722534179688e-01
1.026624910568126658e+01,-9.391657565884743875e+00,1.566732666015625000e+03,1.498616456985473633e+00,3.564060000000000450e+00,1.198162794113159180e+00,7.629805207252502441e-01
1.026183164503023626e+01,-9.378128054372600886e+00,1.431213745117187500e+03,1.385156631469726562e+00,3.564070000000000071e+00,1.089519858360290527e+00,6.764628291130065918e-01
1.026114474116541331e+01,-9.366346122235592375e+00,1.446777587890625000e+03,1.535720348358154297e+00,3.564080000000000137e+00,1.030239224433898926e+00,6.416726708412170410e-01
1.025923392024058955e+01,-9.346986967737816343e+00,1.317716918945312500e+03,1.404536485671997070e+00,3.564090000000000202e+00,1.030620694160461426e+00,6.239724159240722656e-01
1.025935923528783533e+01,-9.327962097052946433e+00,1.645586303710937500e+03,1.215633869171142578e+00,3.564100000000000268e+00,1.080364584922790527e+00,6.968334317207336426e-01
1.026215933492985855e+01,-9.311254243176412260e+00,1.515008178710937500e+03,1.183100461959838867e+00,3.564110000000000333e+00,1.214947581291198730e+00,7.666426301002502441e-01
1.025571047957485327e+01,-9.287678657033648477e+00,1.808945556640625000e+03,1.343452453613281250e+00,3.564120000000000399e+00,1.053051233291625977e+00,6.950023174285888672e-01
1.025704980900382601e+01,-9.270610851991154533e+00,2.125781494140625000e+03,1.459462165832519531e+00,3.564130000000000464e+00,1.009639739990234375e+00,6.897380352020263672e-01
1.025918370770807364e+01,-9.257475251421222850e+00,1.435299926757812500e+03,1.444879293441772461e+00,3.564140000000000086e+00,1.129498004913330078e+00,7.018688321113586426e-01
1.025641977907197422e+01,-9.232597584210541442e+00,1.255693603515625000e+03,1.358507394790649414e+00,3.564150000000000151e+00,1.150097489356994629e+00,6.854655742645263672e-01
1.025594868543567628e+01,-9.214979830000363137e+00,1.352544311523437500e+03,1.357775449752807617e+00,3.564160000000000217e+00,1.194958448410034180e+00,7.294110655784606934e-01
1.025311173962124656e+01,-9.195755470752832395e+00,1.625217041015625000e+03,1.717080593109130859e+00,3.564170000000000282e+00,1.209835886955261230e+00,7.778578996658325195e-01
1.026010632165060876e+01,-9.184171055829274621e+00,1.450319091796875000e+03,1.635598659515380859e+00,3.564180000000000348e+00,1.149716019630432129e+00,7.165936231613159180e-01
1.025834770075842428e+01,-9.158683105426382198e+00,1.788367431640625000e+03,1.587754011154174805e+00,3.564190000000000413e+00,1.069072961807250977e+00,7.036998867988586426e-01
1.025424974078301688e+01,-9.137021181612706044e+00,1.947426391601562500e+03,1.492596387863159180e+00,3.564200000000000479e+00,1.234631538391113281e+00,8.283646702766418457e-01
1.025153776331666222e+01,-9.121397275204254029e+00,1.915658813476562500e+03,1.600472450256347656e+00,3.564210000000000100e+00,1.233563303947448730e+00,8.247025609016418457e-01
1.025629436433202279e+01,-9.098109791529534363e+00,2.032276733398437500e+03,1.736167192459106445e+00,3.564220000000000166e+00,1.301923036575317383e+00,8.813891410827636719e-01
1.025878822366782295e+01,-9.089075170994449948e+00,1.804999511718750000e+03,2.167453289031982422e+00,3.564230000000000231e+00,1.126217365264892578e+00,7.429151535034179688e-01
1.026063272755247091e+01,-9.066059915859543850e+00,1.785983642578125000e+03,1.929187297821044922e+00,3.564240000000000297e+00,1.196713209152221680e+00,7.874709367752075195e-01
1.025757443714480033e+01,-9.042843307446867485e+00,1.267233398437500000e+03,1.680277109146118164e+00,3.564250000000000362e+00,1.091350913047790527e+00,6.524301767349243164e-01
1.025840203576967369e+01,-9.026204101017700765e+00,1.437299560546875000e+03,1.730679988861083984e+00,3.564260000000000428e+00,9.782065749168395996e-01,6.081032156944274902e-01
1.026280396174396792e+01,-9.002432750335747969e+00,1.876186889648437500e+03,1.295667409896850586e+00,3.564270000000000493e+00,1.131023883819580078e+00,7.526807785034179688e-01
1.025906892881814159e+01,-8.991907046632748646e+00,1.554790893554687500e+03,1.489858150482177734e+00,3.564280000000000115e+00,1.146359086036682129e+00,7.284955382347106934e-01
1.025387153343968016e+01,-8.966409173526605159e+00,1.601542724609375000e+03,1.525024890899658203e+00,3.564290000000000180e+00,1.074489831924438477e+00,6.882121562957763672e-01
1.026264792895127087e+01,-8.958056722638275460e+00,1.429588623046875000e+03,1.389978647232055664e+00,3.564300000000000246e+00,1.183056592941284180e+00,7.342938780784606934e-01
1.025853641784685877e+01,-8.935296260912284794e+00,2.671399902343750000e+03,1.465047121047973633e+00,3.564310000000000311e+00,1.257977485656738281e+00,8.946643471717834473e-01
1.025662643624545112e+01,-8.922159067506903796e+00,1.988703125000000000e+03,1.665237665176391602e+00,3.564320000000000377e+00,1.085476279258728027e+00,7.315472960472106934e-01
1.026009305034778407e+01,-8.900978925723336488e+00,1.632326782226562500e+03,1.940092563629150391e+00,3.564330000000000442e+00,9.592092633247375488e-01,6.174111366271972656e-01
1.026044897034305770e+01,-8.881171070627676301e+00,1.387387817382812500e+03,1.411194324493408203e+00,3.564340000000000508e+00,1.001781463623046875e+00,6.162666678428649902e-01
1.025951782871737628e+01,-8.872093350769398867e+00,1.687210205078125000e+03,1.019172191619873047e+00,3.564350000000000129e+00,1.056560754776000977e+00,6.857707500457763672e-01
1.026236369748242616e+01,-8.848133351521159540e+00,1.456750244140625000e+03,1.179731607437133789e+00,3.564360000000000195e+00,9.418904781341552734e-01,5.878089666366577148e-01
1.026407265906541078e+01,-8.822527071283941424e+00,1.670998901367187500e+03,1.206538200378417969e+00,3.564370000000000260e+00,1.091274619102478027e+00,7.065990567207336426e-01
1.026280205743378282e+01,-8.810056593832294780e+00,2.034589111328125000e+03,1.083143472671508789e+00,3.564380000000000326e+00,1.209454417228698730e+00,8.189804553985595703e-01
1.026303775484063152e+01,-8.794182948649131859e+00,1.856950439453125000e+03,1.572042226791381836e+00,3.564390000000000391e+00,1.127895832061767578e+00,7.488660812377929688e-01
1.026259831659580612e+01,-8.778603455928781329e+00,1.732726928710937500e+03,1.713175296783447266e+00,3.564400000000000457e+00,1.041988492012023926e+00,6.807353496551513672e-01
1.026221281831916698e+01,-8.760228484796487081e+00,1.323796386718750000e+03,1.467121362686157227e+00,3.564410000000000078e+00,1.012004852294921875e+00,6.135963797569274902e-01
1.025853268266113183e+01,-8.741617232264566439e+00,1.580314941406250000e+03,1.297872781753540039e+00,3.564420000000000144e+00,8.758959770202636719e-01,5.590460300445556641e-01
1.026867809244662766e+01,-8.726531600143582423e+00,1.458096313476562500e+03,1.029810428619384766e+00,3.564430000000000209e+00,8.586534857749938965e-01,5.360051393508911133e-01
1.026783760689311187e+01,-8.708036900347174480e+00,1.779949951171875000e+03,9.447628855705261230e-01,3.564440000000000275e+00,8.897052407264709473e-01,5.849860310554504395e-01
1.026544812573563981e+01,-8.688480714081284972e+00,1.396263305664062500e+03,8.071512579917907715e-01,3.564450000000000340e+00,9.312856197357177734e-01,5.739997029304504395e-01
1.026718454232059941e+01,-8.665747174727542301e+00,1.384802734375000000e+03,9.941071867942810059e-01,3.564460000000000406e+00,1.010784149169921875e+00,6.214547157287597656e-01
1.027417643433229344e+01,-8.655724095500985982e+00,1.785780273437500000e+03,9.606189131736755371e-01,3.564470000000000471e+00,1.273617863655090332e+00,8.380540609359741211e-01
1.026970465434824753e+01,-8.628225171108379499e+00,3.344008056640625000e+03,1.371576309204101562e+00,3.564480000000000093e+00,1.361661434173583984e+00,9.994163513183593750e-01
1.026882200530844180e+01,-8.616845657065185904e+00,1.865440551757812500e+03,1.944947957992553711e+00,3.564490000000000158e+00,1.230740427970886230e+00,8.179886341094970703e-01
1.026728500266268362e+01,-8.595662559352192034e+00,1.524277709960937500e+03,2.319491624832153320e+00,3.564500000000000224e+00,1.001552581787109375e+00,6.330514550209045410e-01
1.027364731749304028e+01,-8.572604475073990926e+00,2.080434082031250000e+03,1.933469295501708984e+00,3.564510000000000289e+00,1.011852264404296875e+00,6.882884502410888672e-01
1.027022245831120095e+01,-8.554951361889015615e+00,1.807509033203125000e+03,1.421539306640625000e+00,3.564520000000000355e+00,9.631766080856323242e-01,6.355691552162170410e-01
1.027027615887549317e+01,-8.534887725835046624e+00,2.447915771484375000e+03,1.307695627212524414e+00,3.564530000000000420e+00,9.489858746528625488e-01,6.653239130973815918e-01
1.027318088260420659e+01,-8.516067177980501057e+00,1.625052490234375000e+03,1.203122854232788086e+00,3.564540000000000486e+00,1.111492633819580078e+00,7.146099805831909180e-01
1.027294779548384263e+01,-8.498255049078286660e+00,1.311857910156250000e+03,1.284342527389526367e+00,3.564550000000000107e+00,1.153988480567932129e+00,6.976726651191711426e-01
1.027338629472112785e+01,-8.472121701000466132e+00,1.941752929687500000e+03,1.498115777969360352e+00,3.564560000000000173e+00,9.801902174949645996e-01,6.572366952896118164e-01
1.027029812765240813e+01,-8.467120709442275128e+00,1.746344604492187500e+03,1.441922903060913086e+00,3.564570000000000238e+00,1.124767780303955078e+00,7.362012267112731934e-01
1.027418021709120133e+01,-8.440058927683189438e+00,1.731795654296875000e+03,1.375684261322021484e+00,3.564580000000000304e+00,1.078914999961853027e+00,7.047680020332336426e-01
1.027326313400266677e+01,-8.429396471759254439e+00,1.523393676757812500e+03,1.583178758621215820e+00,3.564590000000000369e+00,1.013301849365234375e+00,6.403756737709045410e-01
1.027854268776462732e+01,-8.404585203649141079e+00,1.575935058593750000e+03,1.378437995910644531e+00,3.564600000000000435e+00,8.871875405311584473e-01,5.658361911773681641e-01
1.027682860388941499e+01,-8.386591428091318079e+00,1.770555175781250000e+03,1.106941223144531250e+00,3.564610000000000500e+00,1.043361783027648926e+00,6.851603984832763672e-01
1.027060465678915335e+01,-8.368207674674474461e+00,1.498185668945312500e+03,1.128885269165039062e+00,3.564620000000000122e+00,8.833728432655334473e-01,5.556890964508056641e-01
1.027190896442778367e+01,-8.344870578825560159e+00,1.601567016601562500e+03,1.332855939865112305e+00,3.564630000000000187e+00,9.598959088325500488e-01,6.148170828819274902e-01
1.027478548733343366e+01,-8.333673728660150104e+00,1.807230102539062500e+03,1.213012456893920898e+00,3.564640000000000253e+00,9.933891296386718750e-01,6.554819345474243164e-01
1.027047322104785998e+01,-8.312410683942065504e+00,1.414027221679687500e+03,1.245452880859375000e+00,3.564650000000000318e+00,9.043537378311157227e-01,5.595037937164306641e-01
1.027259313826232656e+01,-8.294770057761445159e+00,1.857219238281250000e+03,1.043554067611694336e+00,3.564660000000000384e+00,1.042598843574523926e+00,6.922557353973388672e-01
1.026892927973530867e+01,-8.271855011507856403e+00,1.353740112304687500e+03,1.115235805511474609e+00,3.564670000000000449e+00,9.509695172309875488e-01,5.806372761726379395e-01
1.027550554979381303e+01,-8.252594614853865806e+00,1.401323486328125000e+03,1.173172712326049805e+00,3.564680000000000071e+00,9.781302809715270996e-01,6.035255789756774902e-01
1.026814927107596276e+01,-8.239501902109250153e+00,1.090166625976562500e+03,1.138921499252319336e+00,3.564690000000000136e+00,1.013759613037109375e+00,5.743811726570129395e-01
1.026756002195724449e+01,-8.211460768406034560e+00,2.285279296875000000e+03,1.055625200271606445e+00,3.564700000000000202e+00,1.095547080039978027e+00,7.587843537330627441e-01
1.027175774554067722e+01,-8.193719005585894166e+00,1.409496704101562500e+03,1.408468008041381836e+00,3.564710000000000267e+00,8.949695229530334473e-01,5.531713366508483887e-01
1.026762680908522007e+01,-8.184085180978119212e+00,1.493630981445312500e+03,1.310618638992309570e+00,3.564720000000000333e+00,1.283612370491027832e+00,8.067734241485595703e-01
1.026970502839826338e+01,-8.159697389351535435e+00,1.493411132812500000e+03,1.271721839904785156e+00,3.564730000000000398e+00,1.194805860519409180e+00,7.509260177612304688e-01
1.026760805372332541e+01,-8.145485223112881812e+00,2.221350585937500000e+03,1.895017147064208984e+00,3.564740000000000464e+00,1.192364454269409180e+00,8.214982151985168457e-01
1.026613286270992909e+01,-8.123761093214294959e+00,1.379624145507812500e+03,1.704955816268920898e+00,3.564750000000000085e+00,1.047710657119750977e+00,6.434274315834045410e-01
1.026685454701965128e+01,-8.101831032315605086e+00,1.356737426757812500e+03,1.686800241470336914e+00,3.564760000000000151e+00,9.370839595794677734e-01,5.725501179695129395e-01
1.027088435830761881e+01,-8.080396639551477023e+00,1.349597534179687500e+03,1.334479570388793945e+00,3.564770000000000216e+00,9.282338023185729980e-01,5.662176609039306641e-01
1.026653767994271504e+01,-8.068681240895905660e+00,1.594100341796875000e+03,1.101161956787109375e+00,3.564780000000000282e+00,1.008419036865234375e+00,6.451058983802795410e-01
1.026457885984292950e+01,-8.040787222310475713e+00,1.379478881835937500e+03,1.053211212158203125e+00,3.564790000000000347e+00,1.091350913047790527e+00,6.702067255973815918e-01
1.026857181084291248e+01,-8.032202352110562771e+00,2.041911865234375000e+03,1.293898344039916992e+00,3.564800000000000413e+00,1.105770468711853027e+00,7.493238449096679688e-01
1.026739299718756193e+01,-8.018632871783943017e+00,1.503148437500000000e+03,1.413857460021972656e+00,3.564810000000000478e+00,1.180157423019409180e+00,7.430677413940429688e-01
1.026455662841686234e+01,-7.994888567256456469e+00,1.730708740234375000e+03,1.490730762481689453e+00,3.564820000000000100e+00,9.396016597747802734e-01,6.136726737022399902e-01
1.027142889353312327e+01,-7.977463916735312743e+00,1.519464843750000000e+03,1.566749334335327148e+00,3.564830000000000165e+00,1.064037561416625977e+00,6.719614863395690918e-01
1.026795758953497639e+01,-7.960652121947987325e+00,1.820579711914062500e+03,1.335948228836059570e+00,3.564840000000000231e+00,1.139797687530517578e+00,7.533674240112304688e-01
1.026445246336572836e+01,-7.939699141674855021e+00,1.495224853515625000e+03,1.404590129852294922e+00,3.564850000000000296e+00,1.110424518585205078e+00,6.981304287910461426e-01
1.027089284208954112e+01,-7.918798979351246992e+00,2.065612304687500000e+03,1.528970718383789062e+00,3.564860000000000362e+00,1.248517036437988281e+00,8.480485677719116211e-01
1.026703178110331827e+01,-7.898959770345114428e+00,2.647182128906250000e+03,1.623697996139526367e+00,3.564870000000000427e+00,1.192745923995971680e+00,8.470567464828491211e-01
1.026998921562251610e+01,-7.882038999177248151e+00,1.677117065429687500e+03,1.893709421157836914e+00,3.564880000000000493e+00,1.247906684875488281e+00,8.087570667266845703e-01
1.027006473729360536e+01,-7.863306492254698910e+00,1.627951293945312500e+03,1.783946275711059570e+00,3.564890000000000114e+00,1.109203696250915527e+00,7.134655714035034180e-01
1.026781883413294594e+01,-7.841045969629498735e+00,1.571906860351562500e+03,1.659160375595092773e+00,3.564900000000000180e+00,1.101345419883728027e+00,7.019451260566711426e-01
1.026926037898812893e+01,-7.826375695128497512e+00,2.195643554687500000e+03,1.540983438491821289e+00,3.564910000000000245e+00,1.034740567207336426e+00,7.113293409347534180e-01
1.026648686374949015e+01,-7.803516017720673048e+00,1.678439819335937500e+03,1.529564380645751953e+00,3.564920000000000311e+00,1.075939416885375977e+00,6.974437832832336426e-01
1.027094900046668613e+01,-7.787311613457585047e+00,1.375409912109375000e+03,1.484765529632568359e+00,3.564930000000000376e+00,1.006282806396484375e+00,6.174111366271972656e-01
1.026785016873852463e+01,-7.771448908105427655e+00,1.597421630859375000e+03,1.268753528594970703e+00,3.564940000000000442e+00,1.031231045722961426e+00,6.600595712661743164e-01
1.026986518285782068e+01,-7.748529846134648125e+00,1.558062377929687500e+03,1.177194833755493164e+00,3.564950000000000507e+00,1.071438074111938477e+00,6.812694072723388672e-01
1.026903517995800819e+01,-7.739659293155957798e+00,1.391452514648437500e+03,1.363384246826171875e+00,3.564960000000000129e+00,8.302720189094543457e-01,5.112095475196838379e-01
1.027261307806239188e+01,-7.718431099331342971e+00,1.493898315429687500e+03,1.221392869949340820e+00,3.564970000000000194e+00,1.140560626983642578e+00,7.168987989425659180e-01
1.027137735193257484e+01,-7.700994022502467118e+00,1.217898193359375000e+03,1.019325971603393555e+00,3.564980000000000260e+00,8.105118274688720703e-01,4.780978262424468994e-01
1.026806181035060561e+01,-7.677223658813590923e+00,1.158315917968750000e+03,1.306414127349853516e+00,3.564990000000000325e+00,8.506425619125366211e-01,4.929752051830291748e-01
1.027348627706814099e+01,-7.662661020967273195e+00,1.390270385742187500e+03,8.220214247703552246e-01,3.565000000000000391e+00,1.045650601387023926e+00,6.436563134193420410e-01
1.027427965515706099e+01,-7.648994465894533690e+00,1.185422119140625000e+03,1.002110958099365234e+00,3.565010000000000456e+00,8.790240287780761719e-01,5.136509537696838379e-01
1.026881829792376344e+01,-7.623029236332378389e+00,1.465804809570312500e+03,1.152672290802001953e+00,3.565020000000000078e+00,9.143483042716979980e-01,5.716345906257629395e-01
1.027526400477567137e+01,-7.610403752698275071e+00,1.494427734375000000e+03,8.813161253929138184e-01,3.565030000000000143e+00,8.884845376014709473e-01,5.585119724273681641e-01
1.027645719027913174e+01,-7.589247718174223500e+00,1.440690795898437500e+03,1.021517038345336914e+00,3.565040000000000209e+00,8.729205131530761719e-01,5.430242419242858887e-01
1.027405548985026762e+01,-7.565027499285765344e+00,1.239990722656250000e+03,8.674032092094421387e-01,3.565050000000000274e+00,9.875907301902770996e-01,5.861304998397827148e-01
1.027484199970803225e+01,-7.548961039491620895e+00,2.098399169921875000e+03,9.479982256889343262e-01,3.565060000000000340e+00,1.005519866943359375e+00,6.851603984832763672e-01
1.027493402782569554e+01,-7.529629813735474464e+00,1.268054321289062500e+03,1.106649160385131836e+00,3.565070000000000405e+00,8.694872856140136719e-01,5.199070572853088379e-01
1.027491692092481479e+01,-7.513127535248578681e+00,1.133194335937500000e+03,1.250183105468750000e+00,3.565080000000000471e+00,8.160812854766845703e-01,4.691714048385620117e-01
1.027185067936055418e+01,-7.498038513069881006e+00,1.830168945312500000e+03,8.989507555961608887e-01,3.565090000000000092e+00,8.686480522155761719e-01,5.748389363288879395e-01
1.027691842943034040e+01,-7.486169570514968008e+00,1.505232421875000000e+03,8.434111475944519043e-01,3.565100000000000158e+00,9.923210144042968750e-01,6.250405311584472656e-01
1.027436872830685743e+01,-7.464113189835537732e+00,1.274329101562500000e+03,1.081128835678100586e+00,3.565110000000000223e+00,9.885825514793395996e-01,5.920814275741577148e-01
1.027690729543843418e+01,-7.439557977023905089e+00,1.396916381835937500e+03,1.124352931976318359e+00,3.565120000000000289e+00,1.172375440597534180e+00,7.226971387863159180e-01
1.026845520349447227e+01,-7.429851614929084747e+00,1.669137817382812500e+03,1.129315614700317383e+00,3.565130000000000354e+00,1.229596018791198730e+00,7.959396243095397949e-01
1.027454324016714615e+01,-7.403353202842539282e+00,1.385676635742187500e+03,1.604455232620239258e+00,3.565140000000000420e+00,1.212200999259948730e+00,7.454328536987304688e-01
1.027065229530265711e+01,-7.380268741999226556e+00,1.312513183593750000e+03,1.798729419708251953e+00,3.565150000000000485e+00,9.145771861076354980e-01,5.530187487602233887e-01
1.027402666681453702e+01,-7.366826547390736835e+00,1.353310058593750000e+03,1.501938819885253906e+00,3.565160000000000107e+00,9.476888775825500488e-01,5.785773396492004395e-01
1.027609633557476165e+01,-7.348693051623381933e+00,1.618701171875000000e+03,1.036610126495361328e+00,3.565170000000000172e+00,1.097530722618103027e+00,7.049205899238586426e-01
1.027469946819162594e+01,-7.334904874396130481e+00,1.416477294921875000e+03,1.212059974670410156e+00,3.565180000000000238e+00,1.102947592735290527e+00,6.827189922332763672e-01
1.026982626058566339e+01,-7.313195446037580538e+00,1.499094360351562500e+03,1.630693197250366211e+00,3.565190000000000303e+00,9.936943054199218750e-01,6.251931190490722656e-01
1.027569576677944241e+01,-7.297596895460743305e+00,1.366149169921875000e+03,1.437671899795532227e+00,3.565200000000000369e+00,9.174000620841979980e-01,5.617163181304931641e-01
1.027764861799628804e+01,-7.269339451913165995e+00,1.713796264648437500e+03,1.297567605972290039e+00,3.565210000000000434e+00,8.848224282264709473e-01,5.765174031257629395e-01
1.027165943572337881e+01,-7.254715331433965630e+00,1.429357788085937500e+03,1.064952135086059570e+00,3.565220000000000500e+00,1.111568927764892578e+00,6.898906230926513672e-01
1.027827418484740640e+01,-7.234530862280296404e+00,1.412178344726562500e+03,1.106779098510742188e+00,3.565230000000000121e+00,1.138729572296142578e+00,7.042339444160461426e-01
1.027578910122349320e+01,-7.218093011704058704e+00,1.683003662109375000e+03,1.456471204757690430e+00,3.565240000000000187e+00,1.103557944297790527e+00,7.158306837081909180e-01
1.027564405181142071e+01,-7.202383683260042524e+00,1.446985107421875000e+03,1.534469842910766602e+00,3.565250000000000252e+00,1.078457236289978027e+00,6.717326045036315918e-01
1.027687681559099886e+01,-7.175961941581384451e+00,1.871639892578125000e+03,1.521318674087524414e+00,3.565260000000000318e+00,1.146893143653869629e+00,7.628279328346252441e-01
1.027609331776649526e+01,-7.163587658960229199e+00,1.970171997070312500e+03,1.473944902420043945e+00,3.565270000000000383e+00,1.397519707679748535e+00,9.399831295013427734e-01
1.027594377614318866e+01,-7.144694695358468017e+00,1.592242065429687500e+03,1.601546525955200195e+00,3.565280000000000449e+00,1.272854924201965332e+00,8.140213489532470703e-01
1.027428619795595210e+01,-7.126154631645730930e+00,1.491612915039062500e+03,2.330901145935058594e+00,3.565290000000000070e+00,1.109356284141540527e+00,6.969860196113586426e-01
1.027544890292080559e+01,-7.104169675555548125e+00,1.968835205078125000e+03,1.886239767074584961e+00,3.565300000000000136e+00,1.020397305488586426e+00,6.862285137176513672e-01
1.028195923450694949e+01,-7.085031996180388703e+00,1.581958007812500000e+03,1.456757307052612305e+00,3.565310000000000201e+00,1.156963944435119629e+00,7.386426329612731934e-01
1.027800780669748626e+01,-7.065601864834643031e+00,1.357895019531250000e+03,1.400388002395629883e+00,3.565320000000000267e+00,1.087765097618103027e+00,6.647898554801940918e-01
1.028192611409929391e+01,-7.047203121713931928e+00,2.003467285156250000e+03,1.566212892532348633e+00,3.565330000000000332e+00,8.481248617172241211e-01,5.724738240242004395e-01
1.027556971443420686e+01,-7.024942034320149631e+00,1.097438354492187500e+03,1.358429908752441406e+00,3.565340000000000398e+00,9.120594263076782227e-01,5.180760025978088379e-01
1.027213306954933891e+01,-7.009889304911453678e+00,1.356083740234375000e+03,9.809238314628601074e-01,3.565350000000000463e+00,9.756888151168823242e-01,5.960487127304077148e-01
1.027375008099860310e+01,-6.993025558970065170e+00,1.201560546875000000e+03,1.036555290222167969e+00,3.565360000000000085e+00,1.004680633544921875e+00,5.898689031600952148e-01
1.028099894148722271e+01,-6.976585271119539300e+00,1.545012939453125000e+03,1.141825437545776367e+00,3.565370000000000150e+00,9.486806988716125488e-01,6.018471121788024902e-01
1.027451514964479173e+01,-6.958223315674047171e+00,1.494466674804687500e+03,1.264888763427734375e+00,3.565380000000000216e+00,8.952746987342834473e-01,5.627844333648681641e-01
1.027665608407492570e+01,-6.937643980557324674e+00,1.025870483398437500e+03,1.136378765106201172e+00,3.565390000000000281e+00,9.743155241012573242e-01,5.389043092727661133e-01
1.027377620441212613e+01,-6.922697335726613943e+00,2.377700927734375000e+03,9.340960383415222168e-01,3.565400000000000347e+00,1.054195642471313477e+00,7.353619933128356934e-01
1.026818542028448533e+01,-6.904533722371240856e+00,1.125101196289062500e+03,1.199739694595336914e+00,3.565410000000000412e+00,1.090893149375915527e+00,6.254982948303222656e-01
1.026956921868738704e+01,-6.878302852590753247e+00,1.760061279296875000e+03,1.453374147415161133e+00,3.565420000000000478e+00,1.029476284980773926e+00,6.750895380973815918e-01
1.026891539132039810e+01,-6.872183486304045630e+00,1.114174438476562500e+03,1.226411581039428711e+00,3.565430000000000099e+00,1.006206512451171875e+00,5.748389363288879395e-01
1.027411053372435745e+01,-6.852905418052785080e+00,1.457910034179687500e+03,1.453805685043334961e+00,3.565440000000000165e+00,1.076854944229125977e+00,6.721903681755065918e-01
1.027145949985591145e+01,-6.830600557870055489e+00,1.354426025390625000e+03,1.138565063476562500e+00,3.565450000000000230e+00,1.022533535957336426e+00,6.244301795959472656e-01
1.026964953978590600e+01,-6.810738292211440559e+00,9.905612792968750000e+02,1.360660314559936523e+00,3.565460000000000296e+00,9.717978239059448242e-01,5.297490358352661133e-01
1.027351922006019258e+01,-6.794341202476990915e+00,1.475102172851562500e+03,1.135819673538208008e+00,3.565470000000000361e+00,1.089214682579040527e+00,6.821849346160888672e-01
1.027462885726766650e+01,-6.776467309354596402e+00,1.601124023437500000e+03,1.212304353713989258e+00,3.565480000000000427e+00,1.050380945205688477e+00,6.727244257926940918e-01
1.026957326637178269e+01,-6.760803328444728422e+00,1.611406738281250000e+03,1.381411075592041016e+00,3.565490000000000492e+00,1.178021192550659180e+00,7.557325363159179688e-01
1.027822622612877979e+01,-6.735192325604439034e+00,1.387251586914062500e+03,1.418804645538330078e+00,3.565500000000000114e+00,1.201367139816284180e+00,7.390241026878356934e-01
1.027225940853437081e+01,-6.725586398272391797e+00,1.525283935546875000e+03,1.676276445388793945e+00,3.565510000000000179e+00,1.189999341964721680e+00,7.522993087768554688e-01
1.027269726290889018e+01,-6.712076140673560509e+00,1.411189208984375000e+03,1.768908023834228516e+00,3.565520000000000245e+00,9.600484967231750488e-01,5.936073064804077148e-01
1.027586689111727836e+01,-6.685879034241510865e+00,1.117825561523437500e+03,1.553074836730957031e+00,3.565530000000000310e+00,9.142720103263854980e-01,5.229588150978088379e-01
1.027566778198416131e+01,-6.665719139442127350e+00,1.205152832031250000e+03,9.864360690116882324e-01,3.565540000000000376e+00,1.063350915908813477e+00,6.249642372131347656e-01
1.026915734142270864e+01,-6.657030413516561218e+00,1.625152343750000000e+03,1.005370140075683594e+00,3.565550000000000441e+00,1.106609702110290527e+00,7.114819288253784180e-01
1.027114776387437267e+01,-6.633736745838095139e+00,1.378872436523437500e+03,1.187297821044921875e+00,3.565560000000000507e+00,1.111874103546142578e+00,6.827189922332763672e-01
1.027349491675962589e+01,-6.622403736833179622e+00,1.960384521484375000e+03,1.260801076889038086e+00,3.565570000000000128e+00,1.286587834358215332e+00,8.644518256187438965e-01
1.027615753793530118e+01,-6.603881128771930342e+00,1.655829467773437500e+03,1.416111707687377930e+00,3.565580000000000194e+00,1.022686123847961426e+00,6.606699228286743164e-01
1.027371246751651768e+01,-6.577191627308650368e+00,1.344060913085937500e+03,1.693546295166015625e+00,3.565590000000000259e+00,1.170620560646057129e+00,7.131603956222534180e-01
1.027814497011265793e+01,-6.572358546941779345e+00,1.631533935546875000e+03,1.385982751846313477e+00,3.565600000000000325e+00,1.019786953926086426e+00,6.563211679458618164e-01
1.027328283374176010e+01,-6.546873176064698541e+00,1.213860473632812500e+03,1.567308425903320312e+00,3.565610000000000390e+00,1.009944915771484375e+00,5.950568914413452148e-01
1.027274449138393919e+01,-6.536842406962784402e+00,1.124037597656250000e+03,1.181208610534667969e+00,3.565620000000000456e+00,1.166882157325744629e+00,6.688334345817565918e-01
1.027219770516445507e+01,-6.515726158511057520e+00,1.236613769531250000e+03,1.249899387359619141e+00,3.565630000000000077e+00,9.650839567184448242e-01,5.722449421882629395e-01
1.027484486356595283e+01,-6.488272784117356196e+00,1.925054687500000000e+03,1.263182878494262695e+00,3.565640000000000143e+00,1.119961261749267578e+00,7.495527267456054688e-01
1.027896291604010415e+01,-6.462750800177600397e+00,1.873796752929687500e+03,1.295778274536132812e+00,3.565650000000000208e+00,1.104626059532165527e+00,7.349042296409606934e-01
1.027124207748594031e+01,-6.448568629536519659e+00,1.408227539062500000e+03,1.536321163177490234e+00,3.565660000000000274e+00,1.235241889953613281e+00,7.632856965065002441e-01
1.027848746351664566e+01,-6.432947014745291625e+00,2.056453369140625000e+03,1.479470252990722656e+00,3.565670000000000339e+00,1.150936722755432129e+00,7.810622453689575195e-01
1.027343076058205718e+01,-6.413269431961388989e+00,1.832300781250000000e+03,1.543975591659545898e+00,3.565680000000000405e+00,1.078533530235290527e+00,7.139233350753784180e-01
1.027581803913096792e+01,-6.398309607877567196e+00,1.148903198242187500e+03,1.595810174942016602e+00,3.565690000000000470e+00,9.218251109123229980e-01,5.326482057571411133e-01
1.027609984307267510e+01,-6.378408867994838971e+00,1.395959838867187500e+03,1.343340396881103516e+00,3.565700000000000092e+00,1.015895962715148926e+00,6.261086463928222656e-01
1.027709781831802971e+01,-6.358575930288289157e+00,1.850405151367187500e+03,1.068254232406616211e+00,3.565710000000000157e+00,1.006664276123046875e+00,6.678416132926940918e-01
1.026720296777069663e+01,-6.346693820722304480e+00,1.560727783203125000e+03,1.286262989044189453e+00,3.565720000000000223e+00,9.209095835685729980e-01,5.858252644538879395e-01
1.027846425161534860e+01,-6.328285191734047466e+00,1.463673950195312500e+03,1.253630638122558594e+00,3.565730000000000288e+00,1.046947717666625977e+00,6.542612314224243164e-01
1.027258238830721560e+01,-6.309796024896415112e+00,1.270467895507812500e+03,1.129693508148193359e+00,3.565740000000000354e+00,9.274708628654479980e-01,5.549261569976806641e-01
1.028135297088337374e+01,-6.287873305110362132e+00,1.216761108398437500e+03,1.380792379379272461e+00,3.565750000000000419e+00,9.538686871528625488e-01,5.624792575836181641e-01
1.027869419267458184e+01,-6.272319716536005174e+00,1.457151123046875000e+03,1.064583778381347656e+00,3.565760000000000485e+00,1.060146570205688477e+00,6.616617441177368164e-01
1.028169245396947851e+01,-6.253198308355072399e+00,1.217631713867187500e+03,1.132670164108276367e+00,3.565770000000000106e+00,1.030468106269836426e+00,6.077980399131774902e-01
1.027840309174139222e+01,-6.228232955379372271e+00,1.763064453125000000e+03,1.217548370361328125e+00,3.565780000000000172e+00,1.165127396583557129e+00,7.643538117408752441e-01
1.027634591886215887e+01,-6.216619112013742843e+00,1.292153320312500000e+03,1.225004911422729492e+00,3.565790000000000237e+00,8.652910590171813965e-01,5.205937027931213379e-01
1.027903273520579575e+01,-6.188805838316598695e+00,1.376645629882812500e+03,1.418412446975708008e+00,3.565800000000000303e+00,9.206044077873229980e-01,5.649969577789306641e-01
1.027268838760337388e+01,-6.177246645508001954e+00,1.606253295898437500e+03,1.040299654006958008e+00,3.565810000000000368e+00,1.123775959014892578e+00,7.203320264816284180e-01
1.027905049007880400e+01,-6.158019939084189431e+00,1.529215454101562500e+03,1.142875671386718750e+00,3.565820000000000434e+00,1.196636915206909180e+00,7.570295333862304688e-01
1.028046573333206481e+01,-6.139382950784587401e+00,1.499422973632812500e+03,1.650717973709106445e+00,3.565830000000000499e+00,1.089062094688415527e+00,6.852366924285888672e-01
1.027939856895748072e+01,-6.124041947663716456e+00,1.513398437500000000e+03,1.561893939971923828e+00,3.565840000000000121e+00,1.171764969825744629e+00,7.391766905784606934e-01
1.027401694384655428e+01,-6.102974317999669829e+00,2.025959838867187500e+03,1.369893074035644531e+00,3.565850000000000186e+00,1.096844077110290527e+00,7.420758605003356934e-01
1.028079234425112176e+01,-6.092403427237224278e+00,1.657367553710937500e+03,1.526283740997314453e+00,3.565860000000000252e+00,1.115841388702392578e+00,7.210186719894409180e-01
1.028226469626753747e+01,-6.068823113390783952e+00,1.951348388671875000e+03,1.390785694122314453e+00,3.565870000000000317e+00,1.016887784004211426e+00,6.825664043426513672e-01
1.027411577954521249e+01,-6.058259238107013722e+00,1.817828613281250000e+03,1.544559717178344727e+00,3.565880000000000383e+00,9.755362272262573242e-01,6.445718407630920410e-01
1.027603125179417276e+01,-6.032913848294113812e+00,1.782504638671875000e+03,1.343125820159912109e+00,3.565890000000000448e+00,1.048321008682250977e+00,6.895091533660888672e-01
1.028366076781913918e+01,-6.015180079970993354e+00,2.494860595703125000e+03,1.232249259948730469e+00,3.565900000000000514e+00,1.187939405441284180e+00,8.355363011360168457e-01
1.027844376298988394e+01,-5.997112355344615509e+00,1.645580932617187500e+03,1.425275325775146484e+00,3.565910000000000135e+00,1.001705169677734375e+00,6.460977196693420410e-01
1.027794313412016081e+01,-5.971940751807603753e+00,1.457826416015625000e+03,1.767783880233764648e+00,3.565920000000000201e+00,1.002925872802734375e+00,6.260323524475097656e-01
1.027561946456241415e+01,-5.960262917830262630e+00,1.383791381835937500e+03,1.341477155685424805e+00,3.565930000000000266e+00,1.091808676719665527e+00,6.711222529411315918e-01
1.027754663852936012e+01,-5.940599666349819508e+00,1.539547729492187500e+03,1.314917325973510742e+00,3.565940000000000332e+00,1.139187335968017578e+00,7.220104932785034180e-01
1.027454562984623720e+01,-5.924931506663425829e+00,1.270971557617187500e+03,1.600317478179931641e+00,3.565950000000000397e+00,1.182598829269409180e+00,7.076671719551086426e-01
1.028106461895919566e+01,-5.906285399857608809e+00,1.581646850585937500e+03,1.746865034103393555e+00,3.565960000000000463e+00,9.918631911277770996e-01,6.332040429115295410e-01
1.028323007330077843e+01,-5.879387513446969749e+00,1.516728149414062500e+03,1.386773109436035156e+00,3.565970000000000084e+00,1.148571610450744629e+00,7.249859571456909180e-01
1.027908390176656006e+01,-5.864719722131912505e+00,1.581583007812500000e+03,1.404733180999755859e+00,3.565980000000000150e+00,1.046489834785461426e+00,6.680704951286315918e-01
1.028329585515977129e+01,-5.849374520486944284e+00,2.298988769531250000e+03,1.622595310211181641e+00,3.565990000000000215e+00,1.276898503303527832e+00,8.853564858436584473e-01
1.028436179369755621e+01,-5.828254533305077700e+00,1.953555664062500000e+03,1.674791097640991211e+00,3.566000000000000281e+00,1.320843935012817383e+00,8.868060708045959473e-01
1.027366223965276149e+01,-5.806321727907830521e+00,1.457589843750000000e+03,2.178958177566528320e+00,3.566010000000000346e+00,1.129726886749267578e+00,7.051494717597961426e-01
1.028028973815283464e+01,-5.790522728569147404e+00,1.675814819335937500e+03,1.882684946060180664e+00,3.566020000000000412e+00,1.247677803039550781e+00,8.084518909454345703e-01
1.028018789858290916e+01,-5.779038440036245561e+00,1.847430175781250000e+03,1.785783290863037109e+00,3.566030000000000477e+00,1.155666947364807129e+00,7.664137482643127441e-01
1.028337381814860230e+01,-5.758294483935840979e+00,1.354152709960937500e+03,1.902411699295043945e+00,3.566040000000000099e+00,1.064953088760375977e+00,6.502939462661743164e-01
1.027639070554420719e+01,-5.735997216735160720e+00,1.425855957031250000e+03,1.531311988830566406e+00,3.566050000000000164e+00,1.097607016563415527e+00,6.807353496551513672e-01
1.027982319186649640e+01,-5.715852433636467111e+00,2.394497314453125000e+03,1.289023876190185547e+00,3.566060000000000230e+00,1.160931229591369629e+00,8.108170032501220703e-01
1.028328789086632256e+01,-5.694448459720398148e+00,1.650774780273437500e+03,1.529376029968261719e+00,3.566070000000000295e+00,1.083874106407165527e+00,6.996563076972961426e-01
1.028211524968891055e+01,-5.677614866097748347e+00,1.647586547851562500e+03,1.568964242935180664e+00,3.566080000000000361e+00,1.116451740264892578e+00,7.203320264816284180e-01
1.028574150474742055e+01,-5.655765926985683478e+00,1.309912109375000000e+03,1.578888416290283203e+00,3.566090000000000426e+00,1.010478973388671875e+00,6.106209158897399902e-01
1.028297821911094090e+01,-5.642596830377447858e+00,1.726580200195312500e+03,1.821549654006958008e+00,3.566100000000000492e+00,1.032833218574523926e+00,6.741740107536315918e-01
1.028031322124542690e+01,-5.625062531553413514e+00,1.547225219726562500e+03,1.622522592544555664e+00,3.566110000000000113e+00,9.917106032371520996e-01,6.293892860412597656e-01
1.028443038827467504e+01,-5.599632794311616202e+00,1.715477783203125000e+03,1.347118139266967773e+00,3.566120000000000179e+00,9.110676050186157227e-01,5.937598943710327148e-01
1.027992908219776780e+01,-5.590449545692850464e+00,1.607018432617187500e+03,1.082332849502563477e+00,3.566130000000000244e+00,9.265553355216979980e-01,5.939887762069702148e-01
1.028339612772533407e+01,-5.567220797487701489e+00,1.349176513671875000e+03,1.093040227890014648e+00,3.566140000000000310e+00,8.707842826843261719e-01,5.311223268508911133e-01
1.028362641415378853e+01,-5.544377786111577500e+00,1.133372802734375000e+03,1.149689674377441406e+00,3.566150000000000375e+00,9.882773756980895996e-01,5.682013034820556641e-01
1.027860995824779167e+01,-5.529818326886121405e+00,1.300077514648437500e+03,1.133588075637817383e+00,3.566160000000000441e+00,9.276234507560729980e-01,5.591986179351806641e-01
1.028391924087734566e+01,-5.513418699554757829e+00,1.304006469726562500e+03,1.032573699951171875e+00,3.566170000000000506e+00,1.032299160957336426e+00,6.229043006896972656e-01
1.028159380259052824e+01,-5.487287180978228207e+00,1.988797973632812500e+03,1.005490541458129883e+00,3.566180000000000128e+00,8.749041557312011719e-01,5.896400213241577148e-01
1.028374812200262234e+01,-5.473772233199186488e+00,1.626011352539062500e+03,1.081953763961791992e+00,3.566190000000000193e+00,8.880267739295959473e-01,5.710242390632629395e-01
1.027949311376935526e+01,-5.458568428053479415e+00,1.624527832031250000e+03,1.009977579116821289e+00,3.566200000000000259e+00,1.080135703086853027e+00,6.943919658660888672e-01
1.028130182261625869e+01,-5.435931056716126974e+00,1.590043334960937500e+03,1.123063087463378906e+00,3.566210000000000324e+00,1.092037558555603027e+00,6.981304287910461426e-01
1.028154004955545275e+01,-5.414768454951065735e+00,1.238398315429687500e+03,1.454429149627685547e+00,3.566220000000000390e+00,9.657706022262573242e-01,5.729315876960754395e-01
1.028186991220416502e+01,-5.398278470016748543e+00,1.472865722656250000e+03,1.284616708755493164e+00,3.566230000000000455e+00,1.032528042793273926e+00,6.464028954505920410e-01
1.027440530026400189e+01,-5.383614174271589725e+00,1.013465759277343750e+03,1.186153411865234375e+00,3.566240000000000077e+00,8.980975747108459473e-01,4.942722022533416748e-01
1.028326057306781571e+01,-5.365513205708769107e+00,1.180150756835937500e+03,1.164903163909912109e+00,3.566250000000000142e+00,1.048321008682250977e+00,6.116127371788024902e-01
1.027463560495880834e+01,-5.345401826135724122e+00,1.352116088867187500e+03,8.975655436515808105e-01,3.566260000000000208e+00,1.073574304580688477e+00,6.552530527114868164e-01
1.028109031523156425e+01,-5.326682124890659509e+00,1.360520629882812500e+03,1.205218553543090820e+00,3.566270000000000273e+00,9.791983962059020996e-01,5.987952947616577148e-01
1.028045303857854087e+01,-5.309824255061196929e+00,1.977017578125000000e+03,1.179223775863647461e+00,3.566280000000000339e+00,1.033214688301086426e+00,6.954601407051086426e-01
1.027866743260280558e+01,-5.288777730513738895e+00,1.518343994140625000e+03,1.239121675491333008e+00,3.566290000000000404e+00,9.556234478950500488e-01,6.033729910850524902e-01
1.027878227303061109e+01,-5.276049511112032242e+00,2.577970458984375000e+03,1.303135871887207031e+00,3.566300000000000470e+00,9.887351393699645996e-01,6.991985440254211426e-01
1.027252899478905235e+01,-5.262006732429668432e+00,1.586258422851562500e+03,1.259065389633178711e+00,3.566310000000000091e+00,9.553945660591125488e-01,6.103920340538024902e-01
1.027317835487772868e+01,-5.238503536574520503e+00,1.382406616210937500e+03,1.205547571182250977e+00,3.566320000000000157e+00,1.014293670654296875e+00,6.232857704162597656e-01
1.027937174537847298e+01,-5.225198142941088975e+00,1.349250244140625000e+03,1.100706577301025391e+00,3.566330000000000222e+00,8.821520805358886719e-01,5.380650758743286133e-01
1.027678453046345908e+01,-5.201246302867764015e+00,1.402011596679687500e+03,1.141230583190917969e+00,3.566340000000000288e+00,8.213456273078918457e-01,5.068607330322265625e-01
1.027427183574438807e+01,-5.183570358894302288e+00,1.617489746093750000e+03,8.701032996177673340e-01,3.566350000000000353e+00,9.186970591545104980e-01,5.899451971054077148e-01
1.027597888463303732e+01,-5.164983604058274835e+00,1.312276489257812500e+03,8.742482066154479980e-01,3.566360000000000419e+00,9.181630015373229980e-01,5.551550388336181641e-01
1.027772871020632195e+01,-5.146845368003602594e+00,1.678023071289062500e+03,9.676129221916198730e-01,3.566370000000000484e+00,1.102489829063415527e+00,7.146099805831909180e-01
1.027749899630063979e+01,-5.129650205971616472e+00,1.784931152343750000e+03,1.093476533889770508e+00,3.566380000000000106e+00,8.754382133483886719e-01,5.759833455085754395e-01
1.027726064136424533e+01,-5.109209534469547620e+00,1.586347900390625000e+03,1.189975261688232422e+00,3.566390000000000171e+00,1.085781455039978027e+00,6.937053203582763672e-01
1.028504901395637283e+01,-5.096372475960156301e+00,2.509713134765625000e+03,1.136269092559814453e+00,3.566400000000000237e+00,1.173214673995971680e+00,8.259995579719543457e-01
1.027676477429875845e+01,-5.070011463087404024e+00,1.864193725585937500e+03,1.692534208297729492e+00,3.566410000000000302e+00,9.588277935981750488e-01,6.371713280677795410e-01
1.027984705181941649e+01,-5.051381556453409694e+00,1.604457153320312500e+03,1.432288408279418945e+00,3.566420000000000368e+00,1.066478967666625977e+00,6.834056377410888672e-01
1.027675393158462747e+01,-5.036942897135078923e+00,1.559603271484375000e+03,1.296052455902099609e+00,3.566430000000000433e+00,9.736288785934448242e-01,6.192421913146972656e-01
1.027589958301453876e+01,-5.023730607464917952e+00,1.407240844726562500e+03,1.431074857711791992e+00,3.566440000000000499e+00,9.457815289497375488e-01,5.842993855476379395e-01
1.027003135869198225e+01,-5.004395536968731406e+00,1.391168945312500000e+03,1.130088090896606445e+00,3.566450000000000120e+00,9.782828688621520996e-01,6.023048758506774902e-01
1.027254742754976213e+01,-4.982300195521197850e+00,1.595057373046875000e+03,1.210027456283569336e+00,3.566460000000000186e+00,1.099361777305603027e+00,7.033947110176086426e-01
1.027306815225240655e+01,-4.961589586780612571e+00,1.833257446289062500e+03,1.231094121932983398e+00,3.566470000000000251e+00,1.025737881660461426e+00,6.790568232536315918e-01
1.027826111825226540e+01,-4.949681348679061621e+00,1.485008178710937500e+03,1.357486963272094727e+00,3.566480000000000317e+00,8.501847982406616211e-01,5.334874391555786133e-01
1.027981149731725452e+01,-4.926351537583403051e+00,1.340123046875000000e+03,1.485154151916503906e+00,3.566490000000000382e+00,9.340322017669677734e-01,5.685064792633056641e-01
1.028039921606731433e+01,-4.908672149398591422e+00,1.408957275390625000e+03,1.156336784362792969e+00,3.566500000000000448e+00,8.408769369125366211e-01,5.196781754493713379e-01
1.027732052184446054e+01,-4.892833109768187860e+00,1.483669555664062500e+03,9.536082148551940918e-01,3.566510000000000513e+00,8.674273490905761719e-01,5.441686511039733887e-01
1.028058912522902624e+01,-4.866437601394332901e+00,1.114987670898437500e+03,1.014701843261718750e+00,3.566520000000000135e+00,7.712202668190002441e-01,4.407136440277099609e-01
1.028011315186424213e+01,-4.844598263910480540e+00,1.734778808593750000e+03,7.876164317131042480e-01,3.566530000000000200e+00,9.042774438858032227e-01,5.909370183944702148e-01
1.028051910221623189e+01,-4.829627463008065114e+00,1.380678710937500000e+03,8.239263892173767090e-01,3.566540000000000266e+00,9.025226831436157227e-01,5.543920397758483887e-01
1.027108939971003387e+01,-4.807589315978812117e+00,1.347646484375000000e+03,9.844643473625183105e-01,3.566550000000000331e+00,8.947406411170959473e-01,5.455419421195983887e-01
1.027967914799396887e+01,-4.796836834146934514e+00,1.224843505859375000e+03,1.064528942108154297e+00,3.566560000000000397e+00,8.107407093048095703e-01,4.791659414768218994e-01
1.028600456660551465e+01,-4.772698183233237579e+00,1.704407470703125000e+03,8.886618018150329590e-01,3.566570000000000462e+00,7.917434573173522949e-01,5.151768326759338379e-01
1.028064179240197973e+01,-4.753962840884907060e+00,1.328259521484375000e+03,7.172960638999938965e-01,3.566580000000000084e+00,8.832202553749084473e-01,5.360814332962036133e-01
1.028078824083080889e+01,-4.735381167170246819e+00,8.814829101562500000e+02,8.832592368125915527e-01,3.566590000000000149e+00,9.643973112106323242e-01,4.989261627197265625e-01
1.028014275829885804e+01,-4.716936160323134786e+00,1.934781860351562500e+03,1.015624523162841797e+00,3.566600000000000215e+00,9.578359723091125488e-01,6.417489647865295410e-01
1.028484922495060694e+01,-4.705958649640242797e+00,2.066168945312500000e+03,9.236175417900085449e-01,3.566610000000000280e+00,1.045269131660461426e+00,7.100322842597961426e-01
1.027304838243376395e+01,-4.688900102180919127e+00,1.592739868164062500e+03,1.134421348571777344e+00,3.566620000000000346e+00,8.613237738609313965e-01,5.508825182914733887e-01
1.028916373719619592e+01,-4.663438098382054697e+00,1.956216186523437500e+03,1.203647375106811523e+00,3.566630000000000411e+00,9.531820416450500488e-01,6.401467919349670410e-01
1.028323837088025350e+01,-4.646657464140413474e+00,1.261575439453125000e+03,9.701556563377380371e-01,3.566640000000000477e+00,9.604299664497375488e-01,5.733130574226379395e-01
1.028333970183285828e+01,-4.627461623607435293e+00,1.296396972656250000e+03,1.070554971694946289e+00,3.566650000000000098e+00,9.777488112449645996e-01,5.888770818710327148e-01
1.028092106334803013e+01,-4.607296770987640677e+00,1.114788574218750000e+03,1.034570455551147461e+00,3.566660000000000164e+00,9.516561627388000488e-01,5.437871813774108887e-01
1.028275550098038948e+01,-4.595347882853872967e+00,1.924845947265625000e+03,1.065471887588500977e+00,3.566670000000000229e+00,8.906207680702209473e-01,5.960487127304077148e-01
1.027722850140760080e+01,-4.575312016975392027e+00,1.859416381835937500e+03,1.055452346801757812e+00,3.566680000000000295e+00,1.115841388702392578e+00,7.410840392112731934e-01
1.028331188436515298e+01,-4.553717391536200587e+00,1.751766723632812500e+03,1.136598110198974609e+00,3.566690000000000360e+00,1.136745929718017578e+00,7.445936203002929688e-01
1.028368923864787909e+01,-4.534948634491480668e+00,1.578448730468750000e+03,1.386253356933593750e+00,3.566700000000000426e+00,9.711111783981323242e-01,6.196236610412597656e-01
1.028314655766244634e+01,-4.513317181807058986e+00,1.301016479492187500e+03,1.331059455871582031e+00,3.566710000000000491e+00,9.711874723434448242e-01,5.855963826179504395e-01
1.027759438521513857e+01,-4.499570016569835573e+00,1.424976562500000000e+03,1.271905422210693359e+00,3.566720000000000113e+00,9.191548228263854980e-01,5.699560642242431641e-01
1.028454852448408374e+01,-4.483839368152052529e+00,1.918804443359375000e+03,1.203834533691406250e+00,3.566730000000000178e+00,1.022762417793273926e+00,6.840159893035888672e-01
1.028148294466644863e+01,-4.462424158271808494e+00,1.576674926757812500e+03,1.134235382080078125e+00,3.566740000000000244e+00,1.121868610382080078e+00,7.156018018722534180e-01
1.027837058105896340e+01,-4.442718857023258749e+00,1.446370727539062500e+03,1.364891052246093750e+00,3.566750000000000309e+00,9.936943054199218750e-01,6.188607215881347656e-01
1.027633514569011730e+01,-4.429005790409113352e+00,2.167385253906250000e+03,1.345664978027343750e+00,3.566760000000000375e+00,9.713400602340698242e-01,6.660868525505065918e-01
1.027868890223477116e+01,-4.410330606684165211e+00,1.801023681640625000e+03,1.274085760116577148e+00,3.566770000000000440e+00,9.602773785591125488e-01,6.331277489662170410e-01
1.028198168779410082e+01,-4.390795803900724437e+00,1.356890258789062500e+03,1.473379850387573242e+00,3.566780000000000506e+00,8.812365531921386719e-01,5.384465456008911133e-01
1.027507967172489245e+01,-4.375607135078237064e+00,1.636354492187500000e+03,1.083771705627441406e+00,3.566790000000000127e+00,1.064266443252563477e+00,6.854655742645263672e-01
1.028121303115986862e+01,-4.358720288079766192e+00,1.768631103515625000e+03,1.078484773635864258e+00,3.566800000000000193e+00,1.033519864082336426e+00,6.785227656364440918e-01
1.027075311542113845e+01,-4.338425117896589356e+00,1.319957397460937500e+03,1.239897727966308594e+00,3.566810000000000258e+00,1.019863247871398926e+00,6.177926063537597656e-01
1.027754908128365585e+01,-4.318589383103969226e+00,1.349095825195312500e+03,1.444637298583984375e+00,3.566820000000000324e+00,9.624899625778198242e-01,5.870460271835327148e-01
1.028010182922614568e+01,-4.303901110250615503e+00,1.521452636718750000e+03,1.307632446289062500e+00,3.566830000000000389e+00,9.391438961029052734e-01,5.933021306991577148e-01
1.027609638321782093e+01,-4.279096550716235292e+00,1.128785766601562500e+03,1.128971099853515625e+00,3.566840000000000455e+00,1.067241907119750977e+00,6.126808524131774902e-01
1.027052636172002842e+01,-4.263318036888901652e+00,1.641994262695312500e+03,1.260547161102294922e+00,3.566850000000000076e+00,9.126697778701782227e-01,5.883430242538452148e-01
1.027929105406320076e+01,-4.239315887496963420e+00,1.297433471679687500e+03,1.207366704940795898e+00,3.566860000000000142e+00,8.902392983436584473e-01,5.363103151321411133e-01
1.028002180341480987e+01,-4.227686989463075307e+00,1.337379760742187500e+03,1.038879871368408203e+00,3.566870000000000207e+00,9.356343746185302734e-01,5.691168308258056641e-01
1.028364921011703359e+01,-4.208660873322178197e+00,1.752276733398437500e+03,9.687060713768005371e-01,3.566880000000000273e+00,1.029399991035461426e+00,6.743265986442565918e-01
1.027859776102274125e+01,-4.186844717303301877e+00,1.198577636718750000e+03,1.154996871948242188e+00,3.566890000000000338e+00,8.832965493202209473e-01,5.181522965431213379e-01
1.028382063958371440e+01,-4.170784728921265838e+00,1.519663574218750000e+03,1.176727533340454102e+00,3.566900000000000404e+00,8.431657552719116211e-01,5.324956178665161133e-01
1.027961483386865105e+01,-4.153248221434469478e+00,1.448774658203125000e+03,7.999343276023864746e-01,3.566910000000000469e+00,9.596670269966125488e-01,5.979560613632202148e-01
1.028652396254116752e+01,-4.137788820776918897e+00,1.359244995117187500e+03,9.529179930686950684e-01,3.566920000000000091e+00,8.827624320983886719e-01,5.396673083305358887e-01
1.028014928197528377e+01,-4.118049757474555150e+00,1.601204833984375000e+03,9.663516879081726074e-01,3.566930000000000156e+00,1.031307339668273926e+00,6.605173349380493164e-01
1.028747363103299683e+01,-4.098485926878296937e+00,1.552953491210937500e+03,1.034106731414794922e+00,3.566940000000000222e+00,1.014980316162109375e+00,6.448007225990295410e-01
1.027519696002824823e+01,-4.083366131000390808e+00,2.085798583984375000e+03,1.358044862747192383e+00,3.566950000000000287e+00,9.551656842231750488e-01,6.500650644302368164e-01
1.028378615539303631e+01,-4.060672834687545141e+00,1.405759887695312500e+03,1.256273508071899414e+00,3.566960000000000353e+00,9.648550748825073242e-01,5.958961248397827148e-01
1.028296625410818699e+01,-4.044468137182287926e+00,1.449224121093750000e+03,1.328706264495849609e+00,3.566970000000000418e+00,1.019329190254211426e+00,6.351876854896545410e-01
1.028045163771937354e+01,-4.021095947307959939e+00,1.596201782226562500e+03,1.207915067672729492e+00,3.566980000000000484e+00,9.634817838668823242e-01,6.165718436241149902e-01
1.028221094875277331e+01,-4.007439238365845924e+00,1.139676635742187500e+03,1.260956048965454102e+00,3.566990000000000105e+00,9.775199294090270996e-01,5.631659030914306641e-01
1.028681428247322316e+01,-3.981285341196831418e+00,1.744113647460937500e+03,1.191975593566894531e+00,3.567000000000000171e+00,8.486589193344116211e-01,5.553076267242431641e-01
1.028781607540168430e+01,-3.962433087148762745e+00,1.594870117187500000e+03,1.112976789474487305e+00,3.567010000000000236e+00,8.211930394172668457e-01,5.254002809524536133e-01
1.027987840740704151e+01,-3.947670717091515957e+00,1.426932739257812500e+03,9.213609099388122559e-01,3.567020000000000302e+00,8.763537406921386719e-01,5.436345934867858887e-01
1.029135367263920031e+01,-3.931474575370867530e+00,1.308989990234375000e+03,8.762688040733337402e-01,3.567030000000000367e+00,9.590566754341125488e-01,5.794165730476379395e-01
1.028759985451267056e+01,-3.914300949734267121e+00,1.389091674804687500e+03,9.290737509727478027e-01,3.567040000000000433e+00,1.049389123916625977e+00,6.457925438880920410e-01
1.028769873103975385e+01,-3.888596843719348328e+00,1.349602294921875000e+03,1.054536819458007812e+00,3.567050000000000498e+00,1.042675137519836426e+00,6.360269188880920410e-01
1.028857912000112584e+01,-3.873878553004187708e+00,1.124802246093750000e+03,1.196275472640991211e+00,3.567060000000000120e+00,9.913291335105895996e-01,5.683538913726806641e-01
1.029388093688305261e+01,-3.854913789908546828e+00,2.045289306640625000e+03,1.072822332382202148e+00,3.567070000000000185e+00,1.153454422950744629e+00,7.819014787673950195e-01
1.028060092397720737e+01,-3.839017948865726115e+00,1.853251831054687500e+03,1.125168323516845703e+00,3.567080000000000251e+00,1.260724067687988281e+00,8.366807699203491211e-01
1.029724606037129497e+01,-3.821371438962725797e+00,2.168613281250000000e+03,1.632264375686645508e+00,3.567090000000000316e+00,9.834708571434020996e-01,6.744791865348815918e-01
1.028805070856065207e+01,-3.800115374152011949e+00,1.516186157226562500e+03,1.687408208847045898e+00,3.567100000000000382e+00,8.637651801109313965e-01,5.451604723930358887e-01
1.029465799451687502e+01,-3.782766077028675955e+00,1.379945678710937500e+03,1.349893331527709961e+00,3.567110000000000447e+00,9.594381451606750488e-01,5.892585515975952148e-01
1.028321368752220977e+01,-3.763969187703633867e+00,1.546992309570312500e+03,1.149541854858398438e+00,3.567120000000000513e+00,9.091602563858032227e-01,5.769751667976379395e-01
1.028998844220418540e+01,-3.741050661539657263e+00,1.524235961914062500e+03,1.080349206924438477e+00,3.567130000000000134e+00,9.617270231246948242e-01,6.078743338584899902e-01
1.027644519560273118e+01,-3.720891736937935068e+00,1.223713989257812500e+03,1.076007604598999023e+00,3.567140000000000200e+00,9.724081754684448242e-01,5.745337605476379395e-01
1.028577012087279208e+01,-3.702558965029864702e+00,1.831462890625000000e+03,1.144240617752075195e+00,3.567150000000000265e+00,9.569204449653625488e-01,6.333566308021545410e-01
1.027793213150668628e+01,-3.686677094337872163e+00,1.562728759765625000e+03,1.183300733566284180e+00,3.567160000000000331e+00,9.334218502044677734e-01,5.939887762069702148e-01
1.028658571622122686e+01,-3.665226461217521603e+00,1.637740600585937500e+03,1.004498720169067383e+00,3.567170000000000396e+00,1.039165616035461426e+00,6.694437861442565918e-01
1.028347706129911998e+01,-3.646968143351454028e+00,1.524906982421875000e+03,1.132999181747436523e+00,3.567180000000000462e+00,1.123699665069580078e+00,7.103374600410461426e-01
1.028028080940494249e+01,-3.628041430887922303e+00,2.066740966796875000e+03,1.266173839569091797e+00,3.567190000000000083e+00,1.399884819984436035e+00,9.509695172309875488e-01
1.028466967137208421e+01,-3.614643649630941535e+00,2.565259277343750000e+03,1.896745681762695312e+00,3.567200000000000149e+00,1.336560606956481934e+00,9.444081783294677734e-01
1.028450936116528247e+01,-3.599075285524917955e+00,1.900567382812500000e+03,2.312750339508056641e+00,3.567210000000000214e+00,1.136593341827392578e+00,7.585554718971252441e-01
1.027700849362546975e+01,-3.582404756205019414e+00,2.145014648437500000e+03,2.245376825332641602e+00,3.567220000000000280e+00,9.939231872558593750e-01,6.802012920379638672e-01
1.027824707210077548e+01,-3.562882417229570553e+00,1.622371337890625000e+03,1.586560726165771484e+00,3.567230000000000345e+00,1.035274624824523926e+00,6.653239130973815918e-01
1.028437412027002829e+01,-3.545052595536893225e+00,1.646959106445312500e+03,1.400324821472167969e+00,3.567240000000000411e+00,8.958850502967834473e-01,5.779669880867004395e-01
1.027440648138544255e+01,-3.527451871945225914e+00,1.065902221679687500e+03,1.241226911544799805e+00,3.567250000000000476e+00,9.717215299606323242e-01,5.457708239555358887e-01
1.027735142858688278e+01,-3.505615187790962040e+00,1.847953369140625000e+03,1.057247638702392578e+00,3.567260000000000097e+00,1.051830530166625977e+00,6.975963711738586426e-01
1.028110236163668034e+01,-3.485891005326231529e+00,1.591213867187500000e+03,1.178831577301025391e+00,3.567270000000000163e+00,1.072735071182250977e+00,6.859233379364013672e-01
1.027995097147617365e+01,-3.463593622465919619e+00,1.349136108398437500e+03,1.608825445175170898e+00,3.567280000000000229e+00,9.527242779731750488e-01,5.810950398445129395e-01
1.027171090989464020e+01,-3.449969713323339793e+00,1.265539184570312500e+03,1.416652917861938477e+00,3.567290000000000294e+00,9.359395503997802734e-01,5.592749118804931641e-01
1.028584638961672582e+01,-3.430991695160965360e+00,1.631654296875000000e+03,1.021003246307373047e+00,3.567300000000000360e+00,9.222065806388854980e-01,5.935310125350952148e-01
1.027392338399570093e+01,-3.413523872358219080e+00,1.681199096679687500e+03,9.948868155479431152e-01,3.567310000000000425e+00,9.951438903808593750e-01,6.453347802162170410e-01
1.027945781038782336e+01,-3.403031818735238190e+00,1.283262817382812500e+03,1.031032323837280273e+00,3.567320000000000491e+00,8.388932943344116211e-01,5.035800933837890625e-01
1.027639999438637908e+01,-3.378237284030931598e+00,1.475973754882812500e+03,1.006471633911132812e+00,3.567330000000000112e+00,8.734545707702636719e-01,5.471441149711608887e-01
1.028630893384174705e+01,-3.371187496784660009e+00,1.617479370117187500e+03,9.752053618431091309e-01,3.567340000000000177e+00,9.560049176216125488e-01,6.139015555381774902e-01
1.027710046408309097e+01,-3.355759684628973005e+00,2.210095703125000000e+03,1.184402227401733398e+00,3.567350000000000243e+00,9.925498962402343750e-01,6.831767559051513672e-01
1.028343325087554305e+01,-3.328755758947941956e+00,1.400481445312500000e+03,1.166606664657592773e+00,3.567360000000000309e+00,9.529531598091125488e-01,5.878852605819702148e-01
1.028172058259385757e+01,-3.310331305936601076e+00,1.236053588867187500e+03,1.136596918106079102e+00,3.567370000000000374e+00,9.335744380950927734e-01,5.534765124320983887e-01
1.028220246285162531e+01,-3.287355146060767730e+00,1.372066162109375000e+03,1.103111028671264648e+00,3.567380000000000440e+00,1.006282806396484375e+00,6.169533133506774902e-01
1.027859096228224089e+01,-3.272034315924047032e+00,1.784492065429687500e+03,1.009860754013061523e+00,3.567390000000000505e+00,1.138500690460205078e+00,7.490186691284179688e-01
1.029099600274703086e+01,-3.256519544359407270e+00,1.755600097656250000e+03,1.235322475433349609e+00,3.567400000000000126e+00,1.099132895469665527e+00,7.203320264816284180e-01
1.028266854963208132e+01,-3.228397923949473114e+00,2.135820312500000000e+03,1.547069072723388672e+00,3.567410000000000192e+00,1.152081131935119629e+00,7.877761125564575195e-01
1.029097247034641605e+01,-3.203284073912751051e+00,2.195482421875000000e+03,1.554394483566284180e+00,3.567420000000000258e+00,1.029094815254211426e+00,7.074382901191711426e-01
1.029073067328733693e+01,-3.196780022451611636e+00,1.630824218750000000e+03,1.428362846374511719e+00,3.567430000000000323e+00,1.172604322433471680e+00,7.545881271362304688e-01
1.029034047703152943e+01,-3.167906209816917062e+00,1.587113403320312500e+03,1.339343309402465820e+00,3.567440000000000389e+00,1.232266306877136230e+00,7.873946428298950195e-01
1.028684733213746227e+01,-3.152449454998096812e+00,1.733266235351562500e+03,1.640580415725708008e+00,3.567450000000000454e+00,9.732474088668823242e-01,6.358743309974670410e-01
1.028652662764011261e+01,-3.138746738269311276e+00,1.720302978515625000e+03,1.435585737228393555e+00,3.567460000000000075e+00,1.126751422882080078e+00,7.348279356956481934e-01
1.029045909057110286e+01,-3.120984619771391966e+00,1.972522705078125000e+03,1.308348894119262695e+00,3.567470000000000141e+00,1.138042926788330078e+00,7.656508088111877441e-01
1.028828933388151334e+01,-3.105304621193796688e+00,1.224595581054687500e+03,1.367756843566894531e+00,3.567480000000000206e+00,1.077770471572875977e+00,6.369424462318420410e-01
1.029116581868191460e+01,-3.086377859659789724e+00,1.558506469726562500e+03,1.487335681915283203e+00,3.567490000000000272e+00,9.904899001121520996e-01,6.298470497131347656e-01
1.028542634723460658e+01,-3.069099115479821283e+00,1.765828491210937500e+03,1.406991004943847656e+00,3.567500000000000338e+00,9.013782739639282227e-01,5.915473699569702148e-01
1.029106768282763973e+01,-3.049877909516323093e+00,1.833177368164062500e+03,1.119340181350708008e+00,3.567510000000000403e+00,8.986316919326782227e-01,5.949043035507202148e-01
1.028482880909461272e+01,-3.032306711449980874e+00,1.233661743164062500e+03,1.009373188018798828e+00,3.567520000000000469e+00,1.010936737060546875e+00,5.989478826522827148e-01
1.029673095118823234e+01,-3.004975900987097770e+00,1.765062011718750000e+03,1.031291007995605469e+00,3.567530000000000090e+00,1.024364590644836426e+00,6.721903681755065918e-01
1.028546255631070494e+01,-2.988480668850435507e+00,1.142757324218750000e+03,1.292272329330444336e+00,3.567540000000000155e+00,9.667624235153198242e-01,5.575201511383056641e-01
1.028435757825528718e+01,-2.969293611388553966e+00,1.819677368164062500e+03,1.190016984939575195e+00,3.567550000000000221e+00,9.312093257904052734e-01,6.154274344444274902e-01
1.028376257394113757e+01,-2.953614644553730351e+00,1.191741943359375000e+03,1.063301086425781250e+00,3.567560000000000286e+00,9.441030025482177734e-01,5.527135729789733887e-01
1.028896386038799626e+01,-2.926504464093068858e+00,1.593731323242187500e+03,1.206311702728271484e+00,3.567570000000000352e+00,9.428822994232177734e-01,6.031441092491149902e-01
1.028121349177503241e+01,-2.907307834431295923e+00,1.327131347656250000e+03,9.951478838920593262e-01,3.567580000000000418e+00,1.068157434463500977e+00,6.481576561927795410e-01
1.028863544865511059e+01,-2.891049939602809538e+00,1.663291625976562500e+03,1.329692125320434570e+00,3.567590000000000483e+00,1.009258270263671875e+00,6.527353525161743164e-01
1.028195893503058578e+01,-2.871840591003197662e+00,1.447359252929687500e+03,1.283968210220336914e+00,3.567600000000000104e+00,1.116222858428955078e+00,6.953074932098388672e-01
1.029003355142078924e+01,-2.862226117228977351e+00,1.325262451171875000e+03,1.434965848922729492e+00,3.567610000000000170e+00,9.090076684951782227e-01,5.513402819633483887e-01
1.028433694849298163e+01,-2.837468744259971754e+00,1.660568969726562500e+03,1.265851974487304688e+00,3.567620000000000235e+00,9.392201900482177734e-01,6.071876883506774902e-01
1.028329471384346228e+01,-2.817921398873188377e+00,1.340088623046875000e+03,1.009742736816406250e+00,3.567630000000000301e+00,8.252366185188293457e-01,5.022830963134765625e-01
1.027680683606750023e+01,-2.800456866812885526e+00,1.759451660156250000e+03,1.103478193283081055e+00,3.567640000000000366e+00,1.010478973388671875e+00,6.625772714614868164e-01
1.027605255915157834e+01,-2.784945317881980298e+00,1.419367309570312500e+03,1.133216142654418945e+00,3.567650000000000432e+00,8.288224339485168457e-01,5.133457779884338379e-01
1.027737751176792003e+01,-2.766557277296452622e+00,1.390480957031250000e+03,1.224580526351928711e+00,3.567660000000000498e+00,7.803755998611450195e-01,4.803866446018218994e-01
1.027834384297874948e+01,-2.751744128690747804e+00,1.786271850585937500e+03,7.366592288017272949e-01,3.567670000000000119e+00,9.196888804435729980e-01,6.052040457725524902e-01
1.027346953811472474e+01,-2.728412767083813861e+00,1.452715454101562500e+03,1.043118953704833984e+00,3.567680000000000184e+00,8.938251137733459473e-01,5.573675632476806641e-01
1.027061687239339527e+01,-2.710205216058716005e+00,1.479418457031250000e+03,1.003978967666625977e+00,3.567690000000000250e+00,1.067013025283813477e+00,6.688334345817565918e-01
1.028083897700849469e+01,-2.695248215743585085e+00,1.464600708007812500e+03,1.369902610778808594e+00,3.567700000000000315e+00,1.203121900558471680e+00,7.519941329956054688e-01
1.027619121973428484e+01,-2.677449055108320763e+00,1.311175170898437500e+03,1.386100769042968750e+00,3.567710000000000381e+00,1.060528039932250977e+00,6.410623192787170410e-01
1.027453868227835798e+01,-2.654991962546477957e+00,1.240549194335937500e+03,1.710679054260253906e+00,3.567720000000000447e+00,9.348714351654052734e-01,5.549261569976806641e-01
1.027168522313455057e+01,-2.637709600569912993e+00,1.271450561523437500e+03,1.230675697326660156e+00,3.567730000000000512e+00,1.020168423652648926e+00,6.105446219444274902e-01
1.027426474551189628e+01,-2.618938101269000285e+00,1.358369140625000000e+03,1.155418872833251953e+00,3.567740000000000133e+00,9.331166744232177734e-01,5.703375935554504395e-01
1.027126754973484246e+01,-2.599929152757290751e+00,1.417469482421875000e+03,1.261491298675537109e+00,3.567750000000000199e+00,1.011775970458984375e+00,6.264138221740722656e-01
1.027025840415320879e+01,-2.580291730105473746e+00,1.489702758789062500e+03,1.094568490982055664e+00,3.567760000000000264e+00,9.072529077529907227e-01,5.698034763336181641e-01
1.026902900344332004e+01,-2.560492099503027141e+00,1.445241333007812500e+03,1.277846813201904297e+00,3.567770000000000330e+00,1.063884973526000977e+00,6.624246835708618164e-01
1.027966758651560930e+01,-2.546216863204568970e+00,1.477006958007812500e+03,1.188967943191528320e+00,3.567780000000000395e+00,9.826316237449645996e-01,6.156563162803649902e-01
1.027255078596432547e+01,-2.526705734608932552e+00,1.578727905273437500e+03,1.343793392181396484e+00,3.567790000000000461e+00,9.703482389450073242e-01,6.191658973693847656e-01
1.028328426539954421e+01,-2.509662508618246690e+00,1.285159545898437500e+03,1.197803735733032227e+00,3.567800000000000082e+00,8.679614067077636719e-01,5.212803483009338379e-01
1.027667183466856216e+01,-2.488193184480794518e+00,1.501506469726562500e+03,1.289821386337280273e+00,3.567810000000000148e+00,9.069477319717407227e-01,5.708716511726379395e-01
1.028427679605034761e+01,-2.475882260448068806e+00,1.433076782226562500e+03,9.998530745506286621e-01,3.567820000000000213e+00,9.494436383247375488e-01,5.897163152694702148e-01
1.027838377008720094e+01,-2.455438107881818599e+00,1.465630859375000000e+03,9.850627779960632324e-01,3.567830000000000279e+00,1.152844071388244629e+00,7.207134962081909180e-01
1.028633584854442873e+01,-2.431794870079967641e+00,1.325806030273437500e+03,1.247759580612182617e+00,3.567840000000000344e+00,1.078304648399353027e+00,6.541086435317993164e-01
1.028040391265513520e+01,-2.416184028170417442e+00,1.776419067382812500e+03,1.537506103515625000e+00,3.567850000000000410e+00,1.064953088760375977e+00,6.998851895332336426e-01
1.028543397413503691e+01,-2.396598787973100997e+00,1.440667358398437500e+03,1.421123266220092773e+00,3.567860000000000475e+00,9.241902232170104980e-01,5.749152302742004395e-01
1.028607698336483267e+01,-2.376936553394761287e+00,1.784645507812500000e+03,1.390927553176879883e+00,3.567870000000000097e+00,1.186718702316284180e+00,7.807570695877075195e-01
1.028997907638797216e+01,-2.355007349600486410e+00,1.892751708984375000e+03,1.286895990371704102e+00,3.567880000000000162e+00,1.161083817481994629e+00,7.741957902908325195e-01
1.028009607068643128e+01,-2.333274869477579561e+00,1.575318237304687500e+03,1.716249704360961914e+00,3.567890000000000228e+00,8.948169350624084473e-01,5.706427693367004395e-01
1.028641648262320096e+01,-2.324137572349600944e+00,1.402713256835937500e+03,1.474487304687500000e+00,3.567900000000000293e+00,8.249314427375793457e-01,5.091496109962463379e-01
1.028947693361562976e+01,-2.301627798454496165e+00,1.205264160156250000e+03,1.059211015701293945e+00,3.567910000000000359e+00,8.457597494125366211e-01,4.970951080322265625e-01
1.028675420943937802e+01,-2.283399874670657859e+00,1.303250488281250000e+03,9.009677767753601074e-01,3.567920000000000424e+00,8.779559135437011719e-01,5.296727418899536133e-01
1.029479002865609516e+01,-2.270143189602513267e+00,1.808194824218750000e+03,8.846325278282165527e-01,3.567930000000000490e+00,1.035579800605773926e+00,6.834056377410888672e-01
1.028693158672449215e+01,-2.255966517824930406e+00,1.801405151367187500e+03,1.027782678604125977e+00,3.567940000000000111e+00,1.301694154739379883e+00,8.582720160484313965e-01
1.028997786805451575e+01,-2.239086978751626322e+00,1.768468750000000000e+03,1.586503505706787109e+00,3.567950000000000177e+00,1.129650592803955078e+00,7.416180968284606934e-01
1.028549017296746548e+01,-2.214279695664463699e+00,1.699087036132812500e+03,1.904464483261108398e+00,3.567960000000000242e+00,1.198239088058471680e+00,7.790786027908325195e-01
1.029515824512548683e+01,-2.191596163112274454e+00,1.904007080078125000e+03,1.638547897338867188e+00,3.567970000000000308e+00,1.190991163253784180e+00,7.951766848564147949e-01
1.028336729512232495e+01,-2.180673031620619096e+00,2.231180908203125000e+03,1.862475395202636719e+00,3.567980000000000373e+00,1.245923042297363281e+00,8.591112494468688965e-01
1.029124595712586654e+01,-2.161371279823321334e+00,1.633717529296875000e+03,1.837467670440673828e+00,3.567990000000000439e+00,1.109737873077392578e+00,7.144573926925659180e-01
1.028986695255395034e+01,-2.142215293063447490e+00,2.159503417968750000e+03,1.911792278289794922e+00,3.568000000000000504e+00,1.174435377120971680e+00,8.047897815704345703e-01
1.029262501477024649e+01,-2.126588121470301296e+00,2.401083740234375000e+03,1.743380546569824219e+00,3.568010000000000126e+00,1.234402656555175781e+00,8.625444769859313965e-01
1.028578213629611504e+01,-2.113544050835866717e+00,1.932070678710937500e+03,1.766848087310791016e+00,3.568020000000000191e+00,1.418424248695373535e+00,9.500539898872375488e-01
1.029136606177593016e+01,-2.101415260528136653e+00,1.608910888671875000e+03,1.983206987380981445e+00,3.568030000000000257e+00,1.449399709701538086e+00,9.294545054435729980e-01
1.028857590640701325e+01,-2.087895509930612903e+00,2.368605712890625000e+03,2.431219339370727539e+00,3.568040000000000322e+00,3.181088268756866455e-01,2.217492014169692993e-01
1.028747600078559898e+01,-2.080143997077012585e+00,-8.908122558593750000e+02,1.945122003555297852e+00,3.568050000000000388e+00,5.855582654476165771e-02,7.793456315994262695e-02
1.027960511686357314e+01,-2.075058900802153161e+00,-3.198054687500000000e+03,6.409127116203308105e-01,3.568060000000000453e+00,5.008716508746147156e-02,4.749316349625587463e-02
1.028590875917481107e+01,-2.065229631267918364e+00,2.297708984375000000e+03,3.252107203006744385e-01,3.568070000000000075e+00,6.542230397462844849e-02,4.535692185163497925e-02
