# x_coordinates, y_coordinates, TEP, TED, times, high, low
9.363878228103482471e+00,-9.819963211966021177e+00,1.716411865234375000e+03,-5.169809237122535706e-02,3.555260000000000087e+00,1.053280115127563477e+00,6.865336894989013672e-01
9.367278174734982699e+00,-9.819899982271083516e+00,1.583499267578125000e+03,6.649202704429626465e-01,3.555270000000000152e+00,7.424573898315429688e-01,4.741305410861968994e-01
9.364534021450573675e+00,-9.829590895557505092e+00,1.298077514648437500e+03,1.186980724334716797e+00,3.555280000000000218e+00,7.960159182548522949e-01,4.796237051486968994e-01
9.375040081487080457e+00,-9.830242615193908406e+00,1.244005981445312500e+03,7.569391131401062012e-01,3.555290000000000283e+00,7.867079973220825195e-01,4.674166440963745117e-01
9.366213358023252056e+00,-9.832739269919494873e+00,1.643260253906250000e+03,8.140522837638854980e-01,3.555300000000000349e+00,9.063373804092407227e-01,5.843756794929504395e-01
9.375115742309596101e+00,-9.836796137097953974e+00,1.220814941406250000e+03,7.716197371482849121e-01,3.555310000000000414e+00,8.749804496765136719e-01,5.165501236915588379e-01
9.367074987963922794e+00,-9.834329412619933208e+00,1.735056762695312500e+03,1.112170934677124023e+00,3.555320000000000480e+00,8.847461342811584473e-01,5.781958699226379395e-01
9.370837510610808607e+00,-9.828519787118031203e+00,2.238777099609375000e+03,9.745962023735046387e-01,3.555330000000000101e+00,8.864246010780334473e-01,6.116127371788024902e-01
9.366100866799007107e+00,-9.822502317273261951e+00,1.166892700195312500e+03,1.076409339904785156e+00,3.555340000000000167e+00,8.514055013656616211e-01,4.947299659252166748e-01
9.375374839416327433e+00,-9.815925166271307845e+00,1.439318237304687500e+03,1.087355136871337891e+00,3.555350000000000232e+00,7.780867815017700195e-01,4.838961958885192871e-01
9.368462745315284224e+00,-9.805855320458190860e+00,1.540293212890625000e+03,9.045392870903015137e-01,3.555360000000000298e+00,9.318959712982177734e-01,5.907081365585327148e-01
9.365893690857888032e+00,-9.793106647662403574e+00,1.532710571289062500e+03,8.665460944175720215e-01,3.555370000000000363e+00,9.476125836372375488e-01,5.998634099960327148e-01
9.368246711661912585e+00,-9.781290137737462587e+00,1.345043457031250000e+03,1.249773025512695312e+00,3.555380000000000429e+00,8.335526585578918457e-01,5.079289078712463379e-01
9.368305094484940199e+00,-9.766553084205291668e+00,1.419687988281250000e+03,1.019368886947631836e+00,3.555390000000000494e+00,9.253346323966979980e-01,5.731604695320129395e-01
9.368042382683256619e+00,-9.751348598094685016e+00,1.739213378906250000e+03,1.058791399002075195e+00,3.555400000000000116e+00,9.068714380264282227e-01,5.929969549179077148e-01
9.365460344786793456e+00,-9.738412498634215098e+00,1.937315429687500000e+03,1.106787443161010742e+00,3.555410000000000181e+00,8.845935463905334473e-01,5.928443670272827148e-01
9.364778576312430047e+00,-9.720716641030012539e+00,1.248314941406250000e+03,1.216288328170776367e+00,3.555420000000000247e+00,8.948169350624084473e-01,5.322667360305786133e-01
9.358270878533106796e+00,-9.700652875432702160e+00,1.335979858398437500e+03,1.203323125839233398e+00,3.555430000000000312e+00,8.282883763313293457e-01,5.036563873291015625e-01
9.363329013825948621e+00,-9.685162654635970370e+00,2.042074340820312500e+03,9.317368865013122559e-01,3.555440000000000378e+00,9.727896451950073242e-01,6.592203378677368164e-01
9.361359997738412986e+00,-9.667239757082628060e+00,1.605747802734375000e+03,1.051257371902465820e+00,3.555450000000000443e+00,1.004833221435546875e+00,6.440377831459045410e-01
9.357515320894410848e+00,-9.643055261650063770e+00,1.637213256835937500e+03,1.342083930969238281e+00,3.555460000000000509e+00,1.089825034141540527e+00,7.020214200019836426e-01
9.359924575768811650e+00,-9.626722397024376932e+00,1.677300659179687500e+03,1.562131166458129883e+00,3.555470000000000130e+00,9.489858746528625488e-01,6.150459647178649902e-01
9.368612055826854856e+00,-9.606788802071694278e+00,1.950546508789062500e+03,1.529674053192138672e+00,3.555480000000000196e+00,1.143154740333557129e+00,7.672529816627502441e-01
9.361469165344400878e+00,-9.591091552454710012e+00,1.726701293945312500e+03,1.262065887451171875e+00,3.555490000000000261e+00,1.024517178535461426e+00,6.687571406364440918e-01
9.366956418930863393e+00,-9.574390025780658675e+00,1.397267700195312500e+03,1.795415401458740234e+00,3.555500000000000327e+00,8.987842798233032227e-01,5.540868639945983887e-01
9.361342642737334074e+00,-9.550414963251590450e+00,1.802095336914062500e+03,1.441463947296142578e+00,3.555510000000000392e+00,9.302937984466552734e-01,6.134437918663024902e-01
9.365689028817394401e+00,-9.533297427773442578e+00,1.594226074218750000e+03,1.025331735610961914e+00,3.555520000000000458e+00,1.092953085899353027e+00,6.991985440254211426e-01
9.363906452761245447e+00,-9.518972954504400619e+00,1.280268920898437500e+03,1.362862110137939453e+00,3.555530000000000079e+00,8.232529759407043457e-01,4.938144385814666748e-01
9.370490553339703155e+00,-9.497276717274086622e+00,1.372494628906250000e+03,1.314110279083251953e+00,3.555540000000000145e+00,8.348496556282043457e-01,5.118961930274963379e-01
9.362865962370072737e+00,-9.482495456228761554e+00,1.995446777343750000e+03,1.075027704238891602e+00,3.555550000000000210e+00,7.428388595581054688e-01,5.009860992431640625e-01
9.374880003923113492e+00,-9.468663104816984699e+00,1.807671386718750000e+03,9.584576487541198730e-01,3.555560000000000276e+00,9.201466441154479980e-01,6.071876883506774902e-01
9.363674352496222042e+00,-9.451376469130741143e+00,1.774763183593750000e+03,1.023951292037963867e+00,3.555570000000000341e+00,7.817488908767700195e-01,5.136509537696838379e-01
9.376450506943722729e+00,-9.437313508214655755e+00,1.842185546875000000e+03,9.747130274772644043e-01,3.555580000000000407e+00,9.709585905075073242e-01,6.435037255287170410e-01
9.370285195279688395e+00,-9.425431793762381716e+00,1.753357666015625000e+03,1.124884605407714844e+00,3.555590000000000472e+00,9.429585933685302734e-01,6.177926063537597656e-01
9.373680684869038160e+00,-9.408723774311521737e+00,2.117328125000000000e+03,1.254554510116577148e+00,3.555600000000000094e+00,1.228604197502136230e+00,8.386644124984741211e-01
9.369537077114468815e+00,-9.391094437377265791e+00,1.854026245117187500e+03,1.522542953491210938e+00,3.555610000000000159e+00,1.063579797744750977e+00,7.059124112129211426e-01
9.369040557428057525e+00,-9.379109387439502399e+00,1.514045166015625000e+03,1.860175848007202148e+00,3.555620000000000225e+00,8.578142523765563965e-01,5.411931872367858887e-01
9.370180283153615619e+00,-9.357485111473543782e+00,2.196095214843750000e+03,1.464601278305053711e+00,3.555630000000000290e+00,1.006511688232421875e+00,6.919505596160888672e-01
9.372089806644069654e+00,-9.344238028759255243e+00,2.991659912109375000e+03,1.186537265777587891e+00,3.555640000000000356e+00,1.046108365058898926e+00,7.565717697143554688e-01
9.372184160781861451e+00,-9.325605408720882394e+00,2.052168457031250000e+03,1.490277767181396484e+00,3.555650000000000421e+00,1.009487152099609375e+00,6.847789287567138672e-01
9.375381965609518531e+00,-9.307775964917460954e+00,1.736261108398437500e+03,1.571919441223144531e+00,3.555660000000000487e+00,9.506643414497375488e-01,6.213784217834472656e-01
9.369601515594505159e+00,-9.290867153430879100e+00,1.484321655273437500e+03,1.431625604629516602e+00,3.555670000000000108e+00,9.106098413467407227e-01,5.713294148445129395e-01
9.372657025350305204e+00,-9.272363919029949386e+00,1.768269165039062500e+03,1.230072498321533203e+00,3.555680000000000174e+00,1.122707843780517578e+00,7.370404601097106934e-01
9.384971140379619214e+00,-9.253090414389022911e+00,1.354183349609375000e+03,1.432915449142456055e+00,3.555690000000000239e+00,1.030086636543273926e+00,6.290078163146972656e-01
9.371723287720168827e+00,-9.236869201505891525e+00,1.341759277343750000e+03,1.516814947128295898e+00,3.555700000000000305e+00,9.972038269042968750e-01,6.071876883506774902e-01
9.379004280634301693e+00,-9.212302424074049867e+00,1.064268798828125000e+03,1.477900266647338867e+00,3.555710000000000370e+00,7.947952151298522949e-01,4.461305439472198486e-01
9.376560334135858099e+00,-9.197901291410754965e+00,2.189544433593750000e+03,1.217636585235595703e+00,3.555720000000000436e+00,1.078152060508728027e+00,7.407788634300231934e-01
9.372008257035936651e+00,-9.179012747825723295e+00,1.835812622070312500e+03,9.488469958305358887e-01,3.555730000000000501e+00,1.160320878028869629e+00,7.683973908424377441e-01
9.370240619482673949e+00,-9.159906679025828780e+00,1.907773315429687500e+03,1.764249324798583984e+00,3.555740000000000123e+00,9.813346266746520996e-01,6.554819345474243164e-01
9.375546496365132043e+00,-9.141151202395892739e+00,1.683595703125000000e+03,1.598948955535888672e+00,3.555750000000000188e+00,1.282696843147277832e+00,8.321030735969543457e-01
9.373397665703263826e+00,-9.118729637573835589e+00,2.677870605468750000e+03,1.683735370635986328e+00,3.555760000000000254e+00,1.123241901397705078e+00,7.991439700126647949e-01
9.370784720551760927e+00,-9.103800426088008990e+00,1.532685180664062500e+03,2.054402351379394531e+00,3.555770000000000319e+00,9.550893902778625488e-01,6.045936942100524902e-01
9.373410568160540635e+00,-9.090239970283208848e+00,1.889232543945312500e+03,1.596345424652099609e+00,3.555780000000000385e+00,1.072048425674438477e+00,7.145336866378784180e-01
9.378135388611099188e+00,-9.067585326731311568e+00,1.638591064453125000e+03,1.408222436904907227e+00,3.555790000000000450e+00,9.624136686325073242e-01,6.200814247131347656e-01
9.370218812098137562e+00,-9.053988867048650135e+00,2.002548583984375000e+03,1.497200250625610352e+00,3.555800000000000072e+00,8.794054985046386719e-01,5.935310125350952148e-01
9.370144375678297166e+00,-9.034865544660441117e+00,1.437697509765625000e+03,1.304751157760620117e+00,3.555810000000000137e+00,8.543047308921813965e-01,5.311223268508911133e-01
9.370008708261465813e+00,-9.016792524064635828e+00,1.678214233398437500e+03,1.205292463302612305e+00,3.555820000000000203e+00,8.006698489189147949e-01,5.189915299415588379e-01
9.376922466139122392e+00,-9.001504562659311759e+00,1.416366821289062500e+03,1.006335735321044922e+00,3.555830000000000268e+00,8.690295219421386719e-01,5.379124879837036133e-01
9.365523168263637288e+00,-8.987864019705865459e+00,1.143205444335937500e+03,1.024808406829833984e+00,3.555840000000000334e+00,9.150349497795104980e-01,5.277653932571411133e-01
9.373553104552673432e+00,-8.964175141434877148e+00,1.810786865234375000e+03,9.548742175102233887e-01,3.555850000000000399e+00,9.884299635887145996e-01,6.525064706802368164e-01
9.364611129340111972e+00,-8.954853334589509828e+00,2.144220458984375000e+03,1.127010107040405273e+00,3.555860000000000465e+00,1.003917694091796875e+00,6.869914531707763672e-01
9.366597702833413308e+00,-8.933203988202446766e+00,1.935107177734375000e+03,1.331299066543579102e+00,3.555870000000000086e+00,1.329694151878356934e+00,8.909259438514709473e-01
9.369123681579722529e+00,-8.911976359688653204e+00,1.391413452148437500e+03,1.700343608856201172e+00,3.555880000000000152e+00,9.160267710685729980e-01,5.640051364898681641e-01
9.369854410925340105e+00,-8.908489648174594322e+00,1.674341796875000000e+03,1.831023216247558594e+00,3.555890000000000217e+00,7.753401994705200195e-01,5.022830963134765625e-01
9.370310022448769871e+00,-8.884453134271826258e+00,1.281613647460937500e+03,1.097994565963745117e+00,3.555900000000000283e+00,7.811385393142700195e-01,4.687136411666870117e-01
9.368620243590388696e+00,-8.870028451250853152e+00,1.077312255859375000e+03,9.132689833641052246e-01,3.555910000000000348e+00,8.086044788360595703e-01,4.560487866401672363e-01
9.370291323668270778e+00,-8.849578898928541548e+00,1.782516845703125000e+03,8.933073878288269043e-01,3.555920000000000414e+00,8.379014730453491211e-01,5.511114001274108887e-01
9.370002880788979027e+00,-8.840248129527232379e+00,1.861131469726562500e+03,8.769411444664001465e-01,3.555930000000000479e+00,8.492692708969116211e-01,5.641577243804931641e-01
9.377364492488116099e+00,-8.813234167922454176e+00,1.230226074218750000e+03,8.684021830558776855e-01,3.555940000000000101e+00,9.087787866592407227e-01,5.379124879837036133e-01
9.370233517262173351e+00,-8.791984774118395407e+00,1.243061401367187500e+03,9.591037631034851074e-01,3.555950000000000166e+00,1.025814175605773926e+00,6.093239188194274902e-01
9.371893280494971279e+00,-8.778119942007318599e+00,1.675321655273437500e+03,9.760171771049499512e-01,3.555960000000000232e+00,9.040485620498657227e-01,5.857489705085754395e-01
9.372211140142781005e+00,-8.770970116138983030e+00,1.797548950195312500e+03,1.104677438735961914e+00,3.555970000000000297e+00,9.596670269966125488e-01,6.324410438537597656e-01
9.372655123648110376e+00,-8.748459100042584424e+00,2.097961914062500000e+03,1.033223390579223633e+00,3.555980000000000363e+00,1.166576981544494629e+00,7.948715090751647949e-01
9.376092086610372078e+00,-8.728522017401221689e+00,1.773943359375000000e+03,1.261919260025024414e+00,3.555990000000000428e+00,1.395688652992248535e+00,9.169422984123229980e-01
9.377296779628400358e+00,-8.705745108845162505e+00,1.672835327148437500e+03,1.620275497436523438e+00,3.556000000000000494e+00,1.422925710678100586e+00,9.215962290763854980e-01
9.375487189845983949e+00,-8.690554042440837179e+00,1.652961425781250000e+03,1.975500106811523438e+00,3.556010000000000115e+00,1.328320860862731934e+00,8.577379584312438965e-01
9.380786467489402369e+00,-8.664850208168266121e+00,1.639687866210937500e+03,2.053100585937500000e+00,3.556020000000000181e+00,1.269955754280090332e+00,8.183701038360595703e-01
9.380557592488596441e+00,-8.649652160165317127e+00,1.880187744140625000e+03,1.897899627685546875e+00,3.556030000000000246e+00,1.309247255325317383e+00,8.716998100280761719e-01
9.380340700178917857e+00,-8.639694476334371487e+00,1.917057250976562500e+03,1.921345710754394531e+00,3.556040000000000312e+00,1.180310010910034180e+00,7.892257571220397949e-01
9.381252167666600528e+00,-8.611119218809797360e+00,1.988836303710937500e+03,2.012069940567016602e+00,3.556050000000000377e+00,1.206250071525573730e+00,8.129532337188720703e-01
9.379817029278996188e+00,-8.592716340686180843e+00,2.302087890625000000e+03,1.733674526214599609e+00,3.556060000000000443e+00,1.406064629554748535e+00,9.751547574996948242e-01
9.377076474791985916e+00,-8.575090150071568829e+00,2.307463378906250000e+03,1.890351295471191406e+00,3.556070000000000508e+00,1.227002024650573730e+00,8.513292074203491211e-01
9.384812795912928607e+00,-8.560605284490691247e+00,1.567798706054687500e+03,2.232769250869750977e+00,3.556080000000000130e+00,1.147274613380432129e+00,7.307080626487731934e-01
9.377512012916685791e+00,-8.540451106725857500e+00,1.779937133789062500e+03,1.838111400604248047e+00,3.556090000000000195e+00,1.169933915138244629e+00,7.692366242408752441e-01
9.378894062015534772e+00,-8.525499929097559715e+00,1.627958862304687500e+03,1.505257606506347656e+00,3.556100000000000261e+00,1.329465270042419434e+00,8.551439642906188965e-01
9.384508281077410530e+00,-8.506177941699579748e+00,1.778799316406250000e+03,1.787970781326293945e+00,3.556110000000000326e+00,1.270032048225402832e+00,8.349259495735168457e-01
9.387376473012396971e+00,-8.489168208693829598e+00,1.796837158203125000e+03,1.890853166580200195e+00,3.556120000000000392e+00,1.163296341896057129e+00,7.665663361549377441e-01
9.385444220199579135e+00,-8.467140634252359632e+00,2.346826660156250000e+03,1.805549383163452148e+00,3.556130000000000457e+00,1.144451737403869629e+00,7.964736819267272949e-01
9.383115899419557593e+00,-8.449887415916309763e+00,2.153079345703125000e+03,1.694339036941528320e+00,3.556140000000000079e+00,1.303448915481567383e+00,8.926807045936584473e-01
9.385382211812180131e+00,-8.433587750341654754e+00,1.617834960937500000e+03,1.802981615066528320e+00,3.556150000000000144e+00,1.294064640998840332e+00,8.310349583625793457e-01
9.377974627769406268e+00,-8.416319161528731385e+00,1.935275512695312500e+03,1.910203218460083008e+00,3.556160000000000210e+00,1.226620554924011230e+00,8.218796849250793457e-01
9.382161702833911932e+00,-8.395118931739450119e+00,1.732737670898437500e+03,1.903240203857421875e+00,3.556170000000000275e+00,1.331372618675231934e+00,8.697924613952636719e-01
9.380790801302181237e+00,-8.380967171443268526e+00,2.032772705078125000e+03,1.865497350692749023e+00,3.556180000000000341e+00,1.376233577728271484e+00,9.317433834075927734e-01
9.379863622022069691e+00,-8.361422766035408571e+00,1.933995727539062500e+03,2.140693187713623047e+00,3.556190000000000406e+00,1.301388978958129883e+00,8.718523979187011719e-01
9.381354113772411907e+00,-8.345485863298293339e+00,2.236564697265625000e+03,2.056831836700439453e+00,3.556200000000000472e+00,1.305966615676879883e+00,9.009205102920532227e-01
9.380421727142023158e+00,-8.331776877315324015e+00,1.868996215820312500e+03,2.160784721374511719e+00,3.556210000000000093e+00,1.197857618331909180e+00,7.964736819267272949e-01
9.378917259305422860e+00,-8.306147099934289457e+00,2.766501464843750000e+03,2.104874372482299805e+00,3.556220000000000159e+00,1.266369938850402832e+00,9.054981470108032227e-01
9.371931648177087126e+00,-8.286890867250781056e+00,1.984571533203125000e+03,1.894508123397827148e+00,3.556230000000000224e+00,1.313596010208129883e+00,8.848987221717834473e-01
9.374715484789319930e+00,-8.273836438820666217e+00,1.675250122070312500e+03,1.981014728546142578e+00,3.556240000000000290e+00,1.222348093986511230e+00,7.919723391532897949e-01
9.374416137231014190e+00,-8.251384764265299765e+00,1.966218383789062500e+03,2.052467584609985352e+00,3.556250000000000355e+00,1.351590514183044434e+00,9.087024927139282227e-01
9.372315097768222358e+00,-8.233425285321482434e+00,2.720505371093750000e+03,1.860444068908691406e+00,3.556260000000000421e+00,1.152157425880432129e+00,8.217270970344543457e-01
9.374504752846098299e+00,-8.214667234657278883e+00,1.416283081054687500e+03,1.967813491821289062e+00,3.556270000000000486e+00,1.122097492218017578e+00,6.945445537567138672e-01
9.375047062636307160e+00,-8.198141832366575343e+00,2.163375488281250000e+03,1.787898063659667969e+00,3.556280000000000108e+00,1.116375446319580078e+00,7.652693390846252441e-01
9.374262965049863894e+00,-8.180046984273031896e+00,1.561118896484375000e+03,1.639368057250976562e+00,3.556290000000000173e+00,9.463918805122375488e-01,6.020759940147399902e-01
9.370386518419254074e+00,-8.163041208361935475e+00,1.635346801757812500e+03,1.622759819030761719e+00,3.556300000000000239e+00,1.136822223663330078e+00,7.320813536643981934e-01
9.373991133073454662e+00,-8.141277401961561466e+00,1.625255859375000000e+03,1.340082406997680664e+00,3.556310000000000304e+00,1.097454428672790527e+00,7.056072354316711426e-01
9.367506721738184439e+00,-8.120683051817044529e+00,1.511872558593750000e+03,1.648445844650268555e+00,3.556320000000000370e+00,1.174511671066284180e+00,7.407025694847106934e-01
9.370626052221014746e+00,-8.107743451198455631e+00,1.268349853515625000e+03,1.538062810897827148e+00,3.556330000000000435e+00,1.102260947227478027e+00,6.591440439224243164e-01
9.370956197723488756e+00,-8.088757370240241329e+00,1.612632080078125000e+03,1.621942043304443359e+00,3.556340000000000501e+00,1.111797809600830078e+00,7.133892774581909180e-01
9.371785526260305588e+00,-8.065076903061298097e+00,2.057197265625000000e+03,1.468522071838378906e+00,3.556350000000000122e+00,1.222348093986511230e+00,8.295853734016418457e-01
9.374123954426464067e+00,-8.053509136883086228e+00,2.028252441406250000e+03,1.739001989364624023e+00,3.556360000000000188e+00,1.066936731338500977e+00,7.220104932785034180e-01
9.374576927270092952e+00,-8.032685889811594038e+00,2.260037597656250000e+03,1.847455024719238281e+00,3.556370000000000253e+00,1.046795010566711426e+00,7.235363721847534180e-01
9.378430432492670832e+00,-8.010474373213877897e+00,2.959315917968750000e+03,1.665488004684448242e+00,3.556380000000000319e+00,1.260495185852050781e+00,9.102283716201782227e-01
9.374602564877545063e+00,-7.999870206176610488e+00,2.058305908203125000e+03,1.642739295959472656e+00,3.556390000000000384e+00,1.364179134368896484e+00,9.259449839591979980e-01
9.380498299235693338e+00,-7.983879146602578913e+00,1.783094970703125000e+03,2.200928449630737305e+00,3.556400000000000450e+00,1.094402670860290527e+00,7.198742628097534180e-01
9.379428585989149525e+00,-7.958601560018149890e+00,1.405351806640625000e+03,2.035294294357299805e+00,3.556410000000000071e+00,1.056484460830688477e+00,6.524301767349243164e-01
9.385272954104008747e+00,-7.944713453700079420e+00,1.888924804687500000e+03,1.391236305236816406e+00,3.556420000000000137e+00,1.069912195205688477e+00,7.130841016769409180e-01
9.382078580100714049e+00,-7.928457860927988321e+00,1.520724243164062500e+03,1.596521854400634766e+00,3.556430000000000202e+00,1.055340051651000977e+00,6.666209101676940918e-01
9.376506536662775559e+00,-7.909571513910204743e+00,2.161532226562500000e+03,1.463515281677246094e+00,3.556440000000000268e+00,1.169323563575744629e+00,8.014327883720397949e-01
9.377198149396649640e+00,-7.891178068932361178e+00,1.364598632812500000e+03,1.461158514022827148e+00,3.556450000000000333e+00,1.014446258544921875e+00,6.209206581115722656e-01
9.384471603979076093e+00,-7.870174997466834910e+00,1.614000122070312500e+03,1.454578161239624023e+00,3.556460000000000399e+00,1.146740555763244629e+00,7.359723448753356934e-01
9.378288731340743922e+00,-7.862889201007447149e+00,1.868709350585937500e+03,1.368841648101806641e+00,3.556470000000000464e+00,1.067775964736938477e+00,7.099559903144836426e-01
9.386546088862749215e+00,-7.836530596391463988e+00,1.670861938476562500e+03,1.572312831878662109e+00,3.556480000000000086e+00,1.167416214942932129e+00,7.558851242065429688e-01
9.387735514632620237e+00,-7.817891503587015123e+00,1.414975097656250000e+03,1.586795568466186523e+00,3.556490000000000151e+00,1.133007526397705078e+00,7.011058926582336426e-01
9.383689106569022442e+00,-7.797520007499178618e+00,1.953388183593750000e+03,1.550393819808959961e+00,3.556500000000000217e+00,1.275754094123840332e+00,8.565172553062438965e-01
9.382601404532394440e+00,-7.781074501695842471e+00,2.075416748046875000e+03,1.714251756668090820e+00,3.556510000000000282e+00,1.137127399444580078e+00,7.731276154518127441e-01
9.380812512123812397e+00,-7.768528306732651600e+00,1.978402832031250000e+03,1.879651069641113281e+00,3.556520000000000348e+00,1.052440881729125977e+00,7.085064053535461426e-01
9.379506379609688693e+00,-7.751579780521359098e+00,1.744982055664062500e+03,1.828994274139404297e+00,3.556530000000000413e+00,1.047100305557250977e+00,6.852366924285888672e-01
9.378663861423747861e+00,-7.731566186238103100e+00,2.044356079101562500e+03,1.571403264999389648e+00,3.556540000000000479e+00,1.089290976524353027e+00,7.383374571800231934e-01
9.385802656765697805e+00,-7.720060789080170238e+00,1.791546508789062500e+03,1.799708127975463867e+00,3.556550000000000100e+00,1.145443558692932129e+00,7.542829513549804688e-01
9.385773406184627632e+00,-7.692956325787427829e+00,2.098002929687500000e+03,1.616799354553222656e+00,3.556560000000000166e+00,1.033214688301086426e+00,7.040050625801086426e-01
9.386311807345760982e+00,-7.680390371822976903e+00,1.086209960937500000e+03,1.681494235992431641e+00,3.556570000000000231e+00,9.563863873481750488e-01,5.411168932914733887e-01
9.383884495670610448e+00,-7.661124198298466581e+00,1.143071655273437500e+03,1.425923824310302734e+00,3.556580000000000297e+00,8.865008950233459473e-01,5.112858414649963379e-01
9.385196083991640847e+00,-7.644786812842403023e+00,1.198323242187500000e+03,1.174185991287231445e+00,3.556590000000000362e+00,9.167897105216979980e-01,5.377599000930786133e-01
9.378267646741726082e+00,-7.627062222864729790e+00,1.400859985351562500e+03,1.045741558074951172e+00,3.556600000000000428e+00,9.339559078216552734e-01,5.762122273445129395e-01
9.389260917175356269e+00,-7.605255443606704802e+00,1.272636718750000000e+03,1.062695503234863281e+00,3.556610000000000493e+00,9.096180200576782227e-01,5.445501208305358887e-01
9.387846355111765462e+00,-7.589511843564576310e+00,1.466337402343750000e+03,1.226070642471313477e+00,3.556620000000000115e+00,1.060070276260375977e+00,6.628061532974243164e-01
9.385390674454557214e+00,-7.569468854396149027e+00,1.949933105468750000e+03,1.158192873001098633e+00,3.556630000000000180e+00,1.029323697090148926e+00,6.908061504364013672e-01
9.380266799895066399e+00,-7.554896461991547518e+00,2.115841796875000000e+03,1.527819156646728516e+00,3.556640000000000246e+00,1.221508860588073730e+00,8.337052464485168457e-01
9.384655430276810151e+00,-7.537638767964907949e+00,2.904732421875000000e+03,1.623622894287109375e+00,3.556650000000000311e+00,1.016811490058898926e+00,7.323102355003356934e-01
9.383526763460768194e+00,-7.519099928497388952e+00,1.535866210937500000e+03,1.780751466751098633e+00,3.556660000000000377e+00,9.791221022605895996e-01,6.201577186584472656e-01
9.381985203675339946e+00,-7.501374178014812877e+00,1.868385864257812500e+03,1.446294307708740234e+00,3.556670000000000442e+00,1.024212002754211426e+00,6.809642314910888672e-01
9.386360850072504647e+00,-7.488185748183556534e+00,2.432002441406250000e+03,1.289885759353637695e+00,3.556680000000000508e+00,8.123428821563720703e-01,5.688879489898681641e-01
9.382691856791527840e+00,-7.461982929232962469e+00,2.096123046875000000e+03,1.279085397720336914e+00,3.556690000000000129e+00,1.080211997032165527e+00,7.358960509300231934e-01
9.383871318605651268e+00,-7.445007066543500862e+00,2.045218383789062500e+03,1.191217422485351562e+00,3.556700000000000195e+00,1.051830530166625977e+00,7.130078077316284180e-01
9.385078551610105180e+00,-7.428470928499201875e+00,1.585392089843750000e+03,1.522155523300170898e+00,3.556710000000000260e+00,1.176724195480346680e+00,7.516889572143554688e-01
9.384625918219843044e+00,-7.413467965315863495e+00,2.310424072265625000e+03,1.534621238708496094e+00,3.556720000000000326e+00,1.322140932083129883e+00,9.175526499748229980e-01
9.378227698754663777e+00,-7.398029726041443155e+00,2.060841064453125000e+03,1.847965240478515625e+00,3.556730000000000391e+00,1.264386177062988281e+00,8.584246039390563965e-01
9.381624763767264952e+00,-7.373906367749248680e+00,2.156246826171875000e+03,2.122654438018798828e+00,3.556740000000000457e+00,1.210751414299011230e+00,8.294327855110168457e-01
9.384506358186364139e+00,-7.355549453707386220e+00,1.555448974609375000e+03,2.019038915634155273e+00,3.556750000000000078e+00,9.479177594184875488e-01,6.024574637413024902e-01
9.377652619357686348e+00,-7.335254148686842335e+00,1.661770629882812500e+03,1.645595550537109375e+00,3.556760000000000144e+00,9.751547574996948242e-01,6.305336952209472656e-01
9.378240563994509671e+00,-7.319630370736624592e+00,1.995806152343750000e+03,1.300549030303955078e+00,3.556770000000000209e+00,1.018261075019836426e+00,6.867625713348388672e-01
9.384811263803893411e+00,-7.296829029311878045e+00,1.739881225585937500e+03,1.329483509063720703e+00,3.556780000000000275e+00,9.431874752044677734e-01,6.168007254600524902e-01
9.382205248382417651e+00,-7.291327330062646439e+00,1.438085571289062500e+03,1.436906576156616211e+00,3.556790000000000340e+00,8.671221137046813965e-01,5.391332507133483887e-01
9.381210696990356368e+00,-7.265584186338855055e+00,1.623293701171875000e+03,1.205484390258789062e+00,3.556800000000000406e+00,1.030849575996398926e+00,6.625772714614868164e-01
9.385370481492104844e+00,-7.245500982716976957e+00,1.755060913085937500e+03,1.212284088134765625e+00,3.556810000000000471e+00,1.045192837715148926e+00,6.849315166473388672e-01
9.382232273673119849e+00,-7.231349562371318207e+00,1.853489868164062500e+03,1.436748027801513672e+00,3.556820000000000093e+00,1.014217376708984375e+00,6.731058955192565918e-01
9.378691886975875747e+00,-7.214282496927921784e+00,1.765192749023437500e+03,1.444559812545776367e+00,3.556830000000000158e+00,9.549368023872375488e-01,6.266427040100097656e-01
9.385964024205412315e+00,-7.196829219044770909e+00,1.337789672851562500e+03,1.309417009353637695e+00,3.556840000000000224e+00,1.101345419883728027e+00,6.699778437614440918e-01
9.378355542306083592e+00,-7.177911164687630574e+00,1.153277099609375000e+03,1.349250793457031250e+00,3.556850000000000289e+00,8.542284369468688965e-01,4.942722022533416748e-01
9.378532378154694982e+00,-7.167145555892778575e+00,1.967753540039062500e+03,1.486924409866333008e+00,3.556860000000000355e+00,9.505117535591125488e-01,6.391549706459045410e-01
9.385013342597334329e+00,-7.149596872849120821e+00,1.825197753906250000e+03,1.134671688079833984e+00,3.556870000000000420e+00,1.050075769424438477e+00,6.944682598114013672e-01
9.382047093909747559e+00,-7.131058963718206911e+00,1.157159301757812500e+03,1.321014881134033203e+00,3.556880000000000486e+00,1.067852258682250977e+00,6.186318397521972656e-01
9.382160959910576636e+00,-7.105882070196236633e+00,1.365576416015625000e+03,1.292192459106445312e+00,3.556890000000000107e+00,1.094478964805603027e+00,6.700541377067565918e-01
9.386386345230736339e+00,-7.093196108487878959e+00,2.627221435546875000e+03,1.518631696701049805e+00,3.556900000000000173e+00,1.031765103340148926e+00,7.318524718284606934e-01
9.385741354730257058e+00,-7.072011682851672809e+00,1.720624755859375000e+03,1.458172321319580078e+00,3.556910000000000238e+00,1.109737873077392578e+00,7.237652540206909180e-01
9.390285207626531516e+00,-7.055305291162846437e+00,1.782845214843750000e+03,1.375163316726684570e+00,3.556920000000000304e+00,1.097454428672790527e+00,7.218579053878784180e-01
9.382544995121225639e+00,-7.035177669676054180e+00,1.912177368164062500e+03,1.583203792572021484e+00,3.556930000000000369e+00,1.137814044952392578e+00,7.603865265846252441e-01
9.381123376017734827e+00,-7.019014085079610332e+00,2.575396240234375000e+03,1.664893150329589844e+00,3.556940000000000435e+00,1.093563437461853027e+00,7.732039093971252441e-01
9.386135184364231776e+00,-7.007931609549224561e+00,1.540309082031250000e+03,1.657528400421142578e+00,3.556950000000000500e+00,9.939994812011718750e-01,6.300759315490722656e-01
9.384180089158599358e+00,-6.982903347884550804e+00,1.339013916015625000e+03,1.459644556045532227e+00,3.556960000000000122e+00,9.280049204826354980e-01,5.646917819976806641e-01
9.387227233345312172e+00,-6.961148433900034682e+00,1.567206787109375000e+03,1.318118095397949219e+00,3.556970000000000187e+00,9.972801208496093750e-01,6.351113915443420410e-01
9.385949132278227580e+00,-6.951298910888118243e+00,1.510143798828125000e+03,1.209582805633544922e+00,3.556980000000000253e+00,9.917868971824645996e-01,6.252694129943847656e-01
9.385351875257716969e+00,-6.933260777519233642e+00,1.450402465820312500e+03,1.171476364135742188e+00,3.556990000000000318e+00,9.225117564201354980e-01,5.749915242195129395e-01
9.380570017181273812e+00,-6.912580749390428103e+00,1.443692626953125000e+03,1.397420883178710938e+00,3.557000000000000384e+00,9.344136714935302734e-01,5.816290974617004395e-01
9.384662359392287101e+00,-6.888580654136420733e+00,1.598043701171875000e+03,1.168757200241088867e+00,3.557010000000000449e+00,9.398305416107177734e-01,6.016182303428649902e-01
9.383118556772247487e+00,-6.879182981920896722e+00,2.357898681640625000e+03,1.094661474227905273e+00,3.557020000000000071e+00,9.653891324996948242e-01,6.724192500114440918e-01
9.382210852714031546e+00,-6.861719124095928102e+00,1.796455566406250000e+03,1.246238470077514648e+00,3.557030000000000136e+00,1.207699656486511230e+00,7.957870364189147949e-01
9.383036397256770300e+00,-6.842613649751714711e+00,1.598202026367187500e+03,1.372248649597167969e+00,3.557040000000000202e+00,1.259808540344238281e+00,8.064682483673095703e-01
9.385013371172863827e+00,-6.825915728426263485e+00,2.000352905273437500e+03,1.952178001403808594e+00,3.557050000000000267e+00,1.147350907325744629e+00,7.741957902908325195e-01
9.385921145404875432e+00,-6.808873674460603986e+00,2.408087402343750000e+03,1.786717891693115234e+00,3.557060000000000333e+00,1.348691344261169434e+00,9.428822994232177734e-01
9.385872886129670079e+00,-6.787240693957604876e+00,2.607019042968750000e+03,2.058338642120361328e+00,3.557070000000000398e+00,1.459394335746765137e+00,1.033901333808898926e+00
9.392368006507396672e+00,-6.768680630760237626e+00,2.597268798828125000e+03,2.365926027297973633e+00,3.557080000000000464e+00,1.448636770248413086e+00,1.025661587715148926e+00
9.392939918759095619e+00,-6.750866735449385203e+00,1.716805664062500000e+03,2.678133964538574219e+00,3.557090000000000085e+00,1.098751425743103027e+00,7.162121534347534180e-01
9.380461160488332339e+00,-6.729345471526454681e+00,2.474084228515625000e+03,2.619792938232421875e+00,3.557100000000000151e+00,1.124004840850830078e+00,7.894546389579772949e-01
9.394910717322268567e+00,-6.712401073669911788e+00,2.911735107421875000e+03,1.748501777648925781e+00,3.557110000000000216e+00,1.076397180557250977e+00,7.754927873611450195e-01
9.390201983632248783e+00,-6.695903005334045588e+00,2.058844482421875000e+03,1.905998706817626953e+00,3.557120000000000282e+00,9.930839538574218750e-01,6.740977168083190918e-01
9.385379128251912562e+00,-6.671796431492792223e+00,1.905585205078125000e+03,1.629091024398803711e+00,3.557130000000000347e+00,1.289258122444152832e+00,8.609423041343688965e-01
9.381278863695717618e+00,-6.657835906530834791e+00,1.666731811523437500e+03,1.418214559555053711e+00,3.557140000000000413e+00,1.085018515586853027e+00,7.020977139472961426e-01
9.385805780463254422e+00,-6.640453116594891014e+00,2.544566406250000000e+03,1.819896221160888672e+00,3.557150000000000478e+00,9.930076599121093750e-01,7.007244229316711426e-01
9.385950121868875229e+00,-6.622822365156748603e+00,1.745966918945312500e+03,1.591802358627319336e+00,3.557160000000000100e+00,9.146534800529479980e-01,5.986427068710327148e-01
9.377795157408618465e+00,-6.605954702298196146e+00,1.373292114257812500e+03,1.397541284561157227e+00,3.557170000000000165e+00,8.222611546516418457e-01,5.042667388916015625e-01
9.383049583291201756e+00,-6.590691939000472566e+00,1.293449096679687500e+03,1.080191850662231445e+00,3.557180000000000231e+00,8.729968070983886719e-01,5.254002809524536133e-01
9.385040138247653374e+00,-6.573107344536698982e+00,1.380973754882812500e+03,9.764153361320495605e-01,3.557190000000000296e+00,8.594927191734313965e-01,5.279942750930786133e-01
9.382051857620378854e+00,-6.552988464071662911e+00,1.202552856445312500e+03,9.465200304985046387e-01,3.557200000000000362e+00,1.018032193183898926e+00,5.978797674179077148e-01
9.381494057933570829e+00,-6.534043045239918968e+00,1.582117187500000000e+03,1.066519737243652344e+00,3.557210000000000427e+00,1.037792325019836426e+00,6.625772714614868164e-01
9.378298700440666380e+00,-6.514309886111579573e+00,1.233747802734375000e+03,1.322011470794677734e+00,3.557220000000000493e+00,9.093128442764282227e-01,5.387517213821411133e-01
9.382061800823311870e+00,-6.496894709819880376e+00,2.131372802734375000e+03,1.202860593795776367e+00,3.557230000000000114e+00,8.374437093734741211e-01,5.723975300788879395e-01
9.382775691691007225e+00,-6.485810789580952473e+00,1.659977172851562500e+03,1.025032520294189453e+00,3.557240000000000180e+00,9.453237652778625488e-01,6.110786795616149902e-01
9.387763362483358520e+00,-6.464800584013620899e+00,1.830382202148437500e+03,1.129086732864379883e+00,3.557250000000000245e+00,8.926044106483459473e-01,5.907081365585327148e-01
9.381790242468397878e+00,-6.447522865102759404e+00,1.754410400390625000e+03,1.244101047515869141e+00,3.557260000000000311e+00,9.529531598091125488e-01,6.244301795959472656e-01
9.382448123906234727e+00,-6.428312966500393522e+00,1.718915649414062500e+03,1.217041730880737305e+00,3.557270000000000376e+00,9.447896480560302734e-01,6.160377860069274902e-01
9.387586126469628311e+00,-6.405233134495103009e+00,1.208055175781250000e+03,1.277900457382202148e+00,3.557280000000000442e+00,8.239396214485168457e-01,4.846591353416442871e-01
9.382199560833459628e+00,-6.394144870292629790e+00,1.069255126953125000e+03,1.250752925872802734e+00,3.557290000000000507e+00,8.501847982406616211e-01,4.780978262424468994e-01
9.384746738715396219e+00,-6.375568671369955531e+00,1.664969848632812500e+03,8.445901274681091309e-01,3.557300000000000129e+00,1.128353595733642578e+00,7.299451231956481934e-01
9.384078230077742333e+00,-6.358973430869303556e+00,1.482133789062500000e+03,1.086833000183105469e+00,3.557310000000000194e+00,9.811820387840270996e-01,6.153511404991149902e-01
9.384259802721045318e+00,-6.342439355986496885e+00,1.537072631835937500e+03,1.510557651519775391e+00,3.557320000000000260e+00,8.381303548812866211e-01,5.309697389602661133e-01
9.382472443899553483e+00,-6.327688961145327085e+00,1.125172973632812500e+03,1.261175394058227539e+00,3.557330000000000325e+00,9.170948863029479980e-01,5.258580446243286133e-01
9.388044882103628197e+00,-6.306503880599287903e+00,1.480397460937500000e+03,1.136754274368286133e+00,3.557340000000000391e+00,9.389150142669677734e-01,5.886482000350952148e-01
9.386207579990195171e+00,-6.287293801759018308e+00,1.408160888671875000e+03,1.091341495513916016e+00,3.557350000000000456e+00,9.658468961715698242e-01,5.968116521835327148e-01
9.388844022909779596e+00,-6.274538378376134595e+00,1.417880981445312500e+03,1.137052297592163086e+00,3.557360000000000078e+00,9.898795485496520996e-01,6.129097342491149902e-01
9.377326334921932016e+00,-6.255725636402880596e+00,1.338278442382812500e+03,1.245648384094238281e+00,3.557370000000000143e+00,1.046795010566711426e+00,6.368661522865295410e-01
9.386002051041392846e+00,-6.236929743680565963e+00,1.522497192382812500e+03,1.187096357345581055e+00,3.557380000000000209e+00,1.010326385498046875e+00,6.383920311927795410e-01
9.388422636901168516e+00,-6.221889487438660993e+00,1.755994995117187500e+03,1.325706958770751953e+00,3.557390000000000274e+00,1.021312832832336426e+00,6.693674921989440918e-01
9.382946901914650084e+00,-6.195058233909301215e+00,1.597898071289062500e+03,1.286280870437622070e+00,3.557400000000000340e+00,1.109814167022705078e+00,7.104137539863586426e-01
9.383877494866347035e+00,-6.176713530306093602e+00,1.563184814453125000e+03,1.518843889236450195e+00,3.557410000000000405e+00,9.845389723777770996e-01,6.265664100646972656e-01
9.388474115837864176e+00,-6.166069491910064926e+00,1.376188720703125000e+03,1.550371170043945312e+00,3.557420000000000471e+00,1.047634363174438477e+00,6.428933739662170410e-01
9.386056490131817753e+00,-6.149732157283697376e+00,1.385505249023437500e+03,1.305847883224487305e+00,3.557430000000000092e+00,9.256398081779479980e-01,5.691931247711181641e-01
9.389965278651841274e+00,-6.130593010248285069e+00,1.774193847656250000e+03,1.376040697097778320e+00,3.557440000000000158e+00,1.019863247871398926e+00,6.700541377067565918e-01
9.387615463165305485e+00,-6.109115342004820093e+00,1.918766601562500000e+03,1.301896095275878906e+00,3.557450000000000223e+00,9.642447233200073242e-01,6.448770165443420410e-01
9.388085808356329665e+00,-6.093030443456976641e+00,1.434145629882812500e+03,1.152513742446899414e+00,3.557460000000000289e+00,8.895526528358459473e-01,5.526372790336608887e-01
9.396685237784057065e+00,-6.082868204364674902e+00,1.974370483398437500e+03,1.174934625625610352e+00,3.557470000000000354e+00,8.327134251594543457e-01,5.603430271148681641e-01
9.394347705705218488e+00,-6.062206459712537132e+00,1.666683837890625000e+03,9.938389658927917480e-01,3.557480000000000420e+00,8.913074135780334473e-01,5.767462849617004395e-01
9.389018115843752454e+00,-6.049119368557348331e+00,1.467948974609375000e+03,9.244651198387145996e-01,3.557490000000000485e+00,9.355580806732177734e-01,5.851386189460754395e-01
9.387155007390756367e+00,-6.025132821017712637e+00,1.719112060546875000e+03,1.193601608276367188e+00,3.557500000000000107e+00,8.937488198280334473e-01,5.827735066413879395e-01
9.391647088779826902e+00,-6.006963703023706636e+00,1.368083740234375000e+03,1.191162586212158203e+00,3.557510000000000172e+00,8.955798745155334473e-01,5.485936999320983887e-01
9.383067676404735380e+00,-5.989443644314482285e+00,1.836665649414062500e+03,1.104762077331542969e+00,3.557520000000000238e+00,9.344136714935302734e-01,6.188607215881347656e-01
9.390687018908892014e+00,-5.969497885526516612e+00,1.496601318359375000e+03,1.097818136215209961e+00,3.557530000000000303e+00,8.716235160827636719e-01,5.481359362602233887e-01
9.384998674501746407e+00,-5.950759873287442936e+00,1.236927368164062500e+03,1.225786924362182617e+00,3.557540000000000369e+00,7.955581545829772949e-01,4.717653989791870117e-01
9.391975020335973312e+00,-5.937612688140137429e+00,1.485661621093750000e+03,1.045531749725341797e+00,3.557550000000000434e+00,8.356125950813293457e-01,5.244084596633911133e-01
9.389701219102434493e+00,-5.920574877049434193e+00,1.900563354492187500e+03,9.270102381706237793e-01,3.557560000000000500e+00,9.620321989059448242e-01,6.420541405677795410e-01
9.382839205763080059e+00,-5.901100436490504642e+00,1.756185913085937500e+03,9.885699152946472168e-01,3.557570000000000121e+00,1.176571607589721680e+00,7.711439728736877441e-01
9.392057585555996013e+00,-5.880640497576594683e+00,2.897490722656250000e+03,1.503690004348754883e+00,3.557580000000000187e+00,9.921683669090270996e-01,7.143048048019409180e-01
9.384411533901618085e+00,-5.864494029137007125e+00,1.441047973632812500e+03,1.740967750549316406e+00,3.557590000000000252e+00,1.009105682373046875e+00,6.277871131896972656e-01
9.384730002798677972e+00,-5.849298123868807764e+00,1.260490112304687500e+03,1.465885162353515625e+00,3.557600000000000318e+00,9.522665143013000488e-01,5.682775974273681641e-01
9.389265541392170178e+00,-5.830120473855903818e+00,1.513273315429687500e+03,1.302246570587158203e+00,3.557610000000000383e+00,7.691603302955627441e-01,4.851931929588317871e-01
9.386447657851533677e+00,-5.812508104902322614e+00,1.480783569335937500e+03,1.076704978942871094e+00,3.557620000000000449e+00,8.739886283874511719e-01,5.479833483695983887e-01
9.386256122683089842e+00,-5.794638055764222528e+00,1.818035644531250000e+03,9.267503619194030762e-01,3.557630000000000070e+00,8.923755288124084473e-01,5.896400213241577148e-01
9.382632129124109710e+00,-5.775924744641397268e+00,1.524440063476562500e+03,1.032807350158691406e+00,3.557640000000000136e+00,9.020649194717407227e-01,5.701849460601806641e-01
9.383233757539690245e+00,-5.757062283484819964e+00,1.572721801757812500e+03,1.144574403762817383e+00,3.557650000000000201e+00,9.985008239746093750e-01,6.364846825599670410e-01
9.379669498877664324e+00,-5.737039681747230446e+00,1.543684082031250000e+03,1.139925241470336914e+00,3.557660000000000267e+00,1.040081143379211426e+00,6.596781015396118164e-01
9.381263495589699630e+00,-5.721301144032231889e+00,2.335332275390625000e+03,1.463820457458496094e+00,3.557670000000000332e+00,1.022457242012023926e+00,7.109478712081909180e-01
9.382814396127569623e+00,-5.704811055877486048e+00,2.153007568359375000e+03,1.546769857406616211e+00,3.557680000000000398e+00,1.088451743125915527e+00,7.454328536987304688e-01
9.377665765774210627e+00,-5.683583378045566903e+00,1.344781982421875000e+03,1.523148536682128906e+00,3.557690000000000463e+00,9.842337965965270996e-01,5.997108221054077148e-01
9.379593437794117250e+00,-5.669964532200396867e+00,1.969776245117187500e+03,1.680739641189575195e+00,3.557700000000000085e+00,1.051601648330688477e+00,7.072857022285461426e-01
9.380706019634281745e+00,-5.641374865109494152e+00,1.451498535156250000e+03,1.406640529632568359e+00,3.557710000000000150e+00,9.112964868545532227e-01,5.681250095367431641e-01
9.386143744842819103e+00,-5.635872148995689557e+00,1.723769165039062500e+03,1.424673318862915039e+00,3.557720000000000216e+00,9.297597408294677734e-01,6.066536307334899902e-01
9.380368567059473861e+00,-5.610197131787591829e+00,1.537284790039062500e+03,1.105745553970336914e+00,3.557730000000000281e+00,8.771166801452636719e-01,5.556890964508056641e-01
9.383934413337785330e+00,-5.599971339568691420e+00,1.598206909179687500e+03,1.161314964294433594e+00,3.557740000000000347e+00,9.337270259857177734e-01,5.977271795272827148e-01
9.385439920027542016e+00,-5.583202177209509287e+00,1.713604492187500000e+03,1.065756797790527344e+00,3.557750000000000412e+00,8.703265190124511719e-01,5.670568943023681641e-01
9.381368575067355664e+00,-5.555246147626939468e+00,1.592520141601562500e+03,1.219734668731689453e+00,3.557760000000000478e+00,8.849750161170959473e-01,5.659887790679931641e-01
9.377918052779321556e+00,-5.545345858839919373e+00,1.335864013671875000e+03,9.908098578453063965e-01,3.557770000000000099e+00,1.008113861083984375e+00,6.129860281944274902e-01
9.385678906168099189e+00,-5.525718250975832468e+00,1.295641845703125000e+03,1.138900041580200195e+00,3.557780000000000165e+00,9.302937984466552734e-01,5.601904392242431641e-01
9.377690668800182650e+00,-5.506071092134039446e+00,1.817064331054687500e+03,1.217970371246337891e+00,3.557790000000000230e+00,1.011775970458984375e+00,6.684519648551940918e-01
9.382292769610058869e+00,-5.488473051372793954e+00,1.705378540039062500e+03,1.348160028457641602e+00,3.557800000000000296e+00,9.787406325340270996e-01,6.369424462318420410e-01
9.384010552807978911e+00,-5.476579660072760980e+00,1.843355102539062500e+03,1.472537040710449219e+00,3.557810000000000361e+00,1.135067462921142578e+00,7.523756027221679688e-01
9.380678010848559012e+00,-5.453638139638700366e+00,2.819708984375000000e+03,1.406536817550659180e+00,3.557820000000000427e+00,1.166576981544494629e+00,8.365281820297241211e-01
9.383399844451245642e+00,-5.436645700993641306e+00,1.897796875000000000e+03,1.860560894012451172e+00,3.557830000000000492e+00,1.413694024085998535e+00,9.431874752044677734e-01
9.382046597203547833e+00,-5.414771488383196107e+00,2.274942626953125000e+03,1.971263408660888672e+00,3.557840000000000114e+00,1.189617872238159180e+00,8.232529759407043457e-01
9.383592009380611998e+00,-5.399070077277462687e+00,2.567837158203125000e+03,2.334477424621582031e+00,3.557850000000000179e+00,1.312375307083129883e+00,9.274708628654479980e-01
9.384189639749669354e+00,-5.377732328989497823e+00,1.409865112304687500e+03,2.013341903686523438e+00,3.557860000000000245e+00,9.859885573387145996e-01,6.094765067100524902e-01
9.384494469261817073e+00,-5.355310880246153538e+00,1.467872070312500000e+03,2.495575666427612305e+00,3.557870000000000310e+00,7.799178361892700195e-01,4.877871870994567871e-01
9.387221981987764252e+00,-5.345045530825142777e+00,1.423275512695312500e+03,1.733272790908813477e+00,3.557880000000000376e+00,8.708605766296386719e-01,5.398198962211608887e-01
9.379536653028342386e+00,-5.325537873230701713e+00,1.748865234375000000e+03,1.102553129196166992e+00,3.557890000000000441e+00,8.470567464828491211e-01,5.546209216117858887e-01
9.380914866741704827e+00,-5.313843805964459932e+00,1.920280761718750000e+03,1.224727153778076172e+00,3.557900000000000507e+00,7.896835207939147949e-01,5.282231569290161133e-01
9.387272860456450374e+00,-5.285778032886441657e+00,2.390572998046875000e+03,9.881049990653991699e-01,3.557910000000000128e+00,8.289750218391418457e-01,5.788062214851379395e-01
9.390656819066224514e+00,-5.278953347360367587e+00,1.060664794921875000e+03,9.390575289726257324e-01,3.557920000000000194e+00,7.800704240798950195e-01,4.372804164886474609e-01
9.394820217674455520e+00,-5.256991818685927242e+00,1.394411987304687500e+03,8.870787024497985840e-01,3.557930000000000259e+00,8.819994926452636719e-01,5.434057116508483887e-01
9.389850373868368294e+00,-5.235998280231966895e+00,1.344596801757812500e+03,8.428973555564880371e-01,3.557940000000000325e+00,9.048877954483032227e-01,5.513402819633483887e-01
9.391877673229485524e+00,-5.220410517527186656e+00,1.508553222656250000e+03,1.164662361145019531e+00,3.557950000000000390e+00,8.742938041687011719e-01,5.510351061820983887e-01
9.389373208242396629e+00,-5.199545737098363318e+00,1.660778808593750000e+03,1.118319749832153320e+00,3.557960000000000456e+00,9.578359723091125488e-01,6.192421913146972656e-01
9.383696504970828300e+00,-5.178789542646039301e+00,1.568815429687500000e+03,1.175232648849487305e+00,3.557970000000000077e+00,8.161575794219970703e-01,5.199070572853088379e-01
9.385295139732889425e+00,-5.165300311468192795e+00,1.673773925781250000e+03,1.095360040664672852e+00,3.557980000000000143e+00,8.861194252967834473e-01,5.739997029304504395e-01
9.388599760260161631e+00,-5.148737444548648234e+00,1.053685668945312500e+03,1.015347957611083984e+00,3.557990000000000208e+00,8.916888833045959473e-01,4.985446929931640625e-01
9.390513331542754472e+00,-5.127712413746803755e+00,1.784819946289062500e+03,1.087822437286376953e+00,3.558000000000000274e+00,1.011241912841796875e+00,6.653239130973815918e-01
9.385917357928716953e+00,-5.111347635775519649e+00,1.905722045898437500e+03,1.100254774093627930e+00,3.558010000000000339e+00,1.005901336669921875e+00,6.717326045036315918e-01
9.387738451920879967e+00,-5.094420139613434984e+00,1.288638061523437500e+03,1.462004899978637695e+00,3.558020000000000405e+00,8.947406411170959473e-01,5.378361940383911133e-01
9.386169246482385375e+00,-5.075044842965464653e+00,1.208965087890625000e+03,1.272370338439941406e+00,3.558030000000000470e+00,9.791983962059020996e-01,5.761359333992004395e-01
9.387369903961817030e+00,-5.061813477849388399e+00,1.720600952148437500e+03,1.122333526611328125e+00,3.558040000000000092e+00,1.063884973526000977e+00,6.938579082489013672e-01
9.391617684954159273e+00,-5.039503766047904953e+00,2.197236328125000000e+03,1.293653964996337891e+00,3.558050000000000157e+00,9.630240201950073242e-01,6.621195077896118164e-01
9.384039844956104659e+00,-5.021493976478557997e+00,1.927104736328125000e+03,1.401764869689941406e+00,3.558060000000000223e+00,1.001628875732421875e+00,6.705119013786315918e-01
9.394305408368705201e+00,-5.002486686168205132e+00,1.519957763671875000e+03,1.612135887145996094e+00,3.558070000000000288e+00,9.635580778121948242e-01,6.085609793663024902e-01
9.383438061449554723e+00,-4.982943104518390953e+00,2.009568481445312500e+03,1.655737876892089844e+00,3.558080000000000354e+00,9.054218530654907227e-01,6.115364432334899902e-01
9.384140616376813071e+00,-4.966372757469714294e+00,1.304867675781250000e+03,1.196248054504394531e+00,3.558090000000000419e+00,9.993400573730468750e-01,6.031441092491149902e-01
9.384784333012834878e+00,-4.949549477308517353e+00,1.609973632812500000e+03,1.273231029510498047e+00,3.558100000000000485e+00,9.971275329589843750e-01,6.395364403724670410e-01
9.388952975848807725e+00,-4.932309697852367059e+00,1.979715087890625000e+03,1.220887422561645508e+00,3.558110000000000106e+00,1.014446258544921875e+00,6.830241680145263672e-01
9.382531458070893393e+00,-4.915525365176795169e+00,1.604822021484375000e+03,1.491035938262939453e+00,3.558120000000000172e+00,8.917651772499084473e-01,5.714820027351379395e-01
9.377194988228197303e+00,-4.900525003481411623e+00,1.774419067382812500e+03,1.349803924560546875e+00,3.558130000000000237e+00,8.768877983093261719e-01,5.761359333992004395e-01
9.382833475814774005e+00,-4.880598498878491398e+00,1.340014892578125000e+03,1.181004762649536133e+00,3.558140000000000303e+00,8.491929769515991211e-01,5.168552994728088379e-01
9.383931959413878587e+00,-4.862246654080103703e+00,1.642060913085937500e+03,1.052647352218627930e+00,3.558150000000000368e+00,9.579885601997375488e-01,6.175637245178222656e-01
9.383633348221751547e+00,-4.846105582096349451e+00,1.531748291015625000e+03,1.083656072616577148e+00,3.558160000000000434e+00,8.895526528358459473e-01,5.630133152008056641e-01
9.383821924591318364e+00,-4.825246526560682092e+00,1.291788696289062500e+03,1.137305021286010742e+00,3.558170000000000499e+00,1.020473599433898926e+00,6.139015555381774902e-01
9.382657632200011477e+00,-4.806106858890267119e+00,1.429085327148437500e+03,1.229849576950073242e+00,3.558180000000000121e+00,9.550130963325500488e-01,5.926917791366577148e-01
9.382151420435523193e+00,-4.791636497232000913e+00,1.558376953125000000e+03,1.162733554840087891e+00,3.558190000000000186e+00,7.893020510673522949e-01,5.019016265869140625e-01
9.382909153668824942e+00,-4.775561967294451371e+00,1.646293212890625000e+03,1.160981178283691406e+00,3.558200000000000252e+00,8.118851184844970703e-01,5.237218141555786133e-01
9.381160114496369218e+00,-4.748307252767852482e+00,2.503391601562500000e+03,9.509367346763610840e-01,3.558210000000000317e+00,1.003612518310546875e+00,7.062938809394836426e-01
9.390523275571275974e+00,-4.737546184756034506e+00,1.463296508789062500e+03,1.192969799041748047e+00,3.558220000000000383e+00,8.108932971954345703e-01,5.067081451416015625e-01
9.373034772317087260e+00,-4.719363397770695912e+00,1.936859130859375000e+03,1.484820365905761719e+00,3.558230000000000448e+00,9.661520719528198242e-01,6.474710106849670410e-01
9.386823777333260566e+00,-4.700575303334546540e+00,1.964177124023437500e+03,1.113848209381103516e+00,3.558240000000000069e+00,9.769858717918395996e-01,6.567026376724243164e-01
9.378439791290130501e+00,-4.689237485702061115e+00,1.631172363281250000e+03,1.327732324600219727e+00,3.558250000000000135e+00,8.927569985389709473e-01,5.745337605476379395e-01
9.380506902068590946e+00,-4.664268683536506366e+00,1.432983276367187500e+03,1.448522329330444336e+00,3.558260000000000201e+00,9.196125864982604980e-01,5.711768269538879395e-01
9.382525396072297852e+00,-4.649778876479990330e+00,2.138595703125000000e+03,1.156212806701660156e+00,3.558270000000000266e+00,1.246380805969238281e+00,8.524736762046813965e-01
9.382651446973532927e+00,-4.626774453683511368e+00,1.268865722656250000e+03,1.398369789123535156e+00,3.558280000000000332e+00,1.029399991035461426e+00,6.156563162803649902e-01
9.382318616845280346e+00,-4.612128045978587387e+00,2.110714111328125000e+03,1.700976610183715820e+00,3.558290000000000397e+00,8.656725287437438965e-01,5.905555486679077148e-01
9.382781826764832189e+00,-4.588545802298769516e+00,1.486444458007812500e+03,1.369134902954101562e+00,3.558300000000000463e+00,8.421739339828491211e-01,5.286046266555786133e-01
9.388266462139281288e+00,-4.575685127263983354e+00,1.721432128906250000e+03,1.211246967315673828e+00,3.558310000000000084e+00,9.052692651748657227e-01,5.904792547225952148e-01
9.387198688539102776e+00,-4.559313922946538256e+00,2.054027099609375000e+03,1.018925428390502930e+00,3.558320000000000149e+00,9.147297739982604980e-01,6.206154823303222656e-01
9.382942994839398310e+00,-4.538862687528551376e+00,1.462415893554687500e+03,1.223893880844116211e+00,3.558330000000000215e+00,8.045608401298522949e-01,5.026645660400390625e-01
9.390985169642272368e+00,-4.521426470736920500e+00,1.612192871093750000e+03,1.100191593170166016e+00,3.558340000000000281e+00,8.662065863609313965e-01,5.557653903961181641e-01
9.387315144907063313e+00,-4.506366268521003526e+00,1.520882324218750000e+03,8.964366316795349121e-01,3.558350000000000346e+00,8.327134251594543457e-01,5.260106325149536133e-01
9.383836181869384063e+00,-4.489004331388254165e+00,1.055229370117187500e+03,1.111350774765014648e+00,3.558360000000000412e+00,8.277543187141418457e-01,4.630678594112396240e-01
9.390879114511674786e+00,-4.468766853450559573e+00,1.269056274414062500e+03,9.455651640892028809e-01,3.558370000000000477e+00,1.125912189483642578e+00,6.734110713005065918e-01
9.390985937299035413e+00,-4.446242549408498945e+00,1.365061523437500000e+03,9.635180830955505371e-01,3.558380000000000098e+00,8.859668374061584473e-01,5.423375964164733887e-01
9.395131712197576590e+00,-4.435902248709849616e+00,1.091809570312500000e+03,1.209541082382202148e+00,3.558390000000000164e+00,8.218033909797668457e-01,4.658907651901245117e-01
9.390313908227328810e+00,-4.419179630385419166e+00,1.143369140625000000e+03,9.946340918540954590e-01,3.558400000000000230e+00,9.727896451950073242e-01,5.611059665679931641e-01
9.402161166864482666e+00,-4.400372689306708551e+00,1.089088256835937500e+03,9.548491835594177246e-01,3.558410000000000295e+00,8.865771889686584473e-01,5.021305084228515625e-01
9.390068737521492181e+00,-4.374920859746253221e+00,2.298788085937500000e+03,1.001386165618896484e+00,3.558420000000000361e+00,9.705771207809448242e-01,6.729533076286315918e-01
9.393964545390963039e+00,-4.359396351886309695e+00,1.555776489257812500e+03,1.086076021194458008e+00,3.558430000000000426e+00,1.037410855293273926e+00,6.593729257583618164e-01
9.395273494400790071e+00,-4.343735004026874513e+00,1.857396484375000000e+03,1.492830038070678711e+00,3.558440000000000492e+00,8.489640951156616211e-01,5.636999607086181641e-01
9.402946181852563257e+00,-4.324877633288242151e+00,1.595411865234375000e+03,1.402086734771728516e+00,3.558450000000000113e+00,9.367787837982177734e-01,5.994056463241577148e-01
9.386338168348594024e+00,-4.307070351512054529e+00,1.887138427734375000e+03,1.140222072601318359e+00,3.558460000000000178e+00,8.394273519515991211e-01,5.593512058258056641e-01
9.393981123617756168e+00,-4.292492668037932724e+00,1.222807617187500000e+03,1.191480875015258789e+00,3.558470000000000244e+00,8.011276125907897949e-01,4.732150137424468994e-01
9.388292246088479232e+00,-4.270862590642776624e+00,1.602438110351562500e+03,9.029585719108581543e-01,3.558480000000000310e+00,8.130295276641845703e-01,5.208225846290588379e-01
9.393230310859919996e+00,-4.255748508043056155e+00,1.240603637695312500e+03,8.889645934104919434e-01,3.558490000000000375e+00,7.432203292846679688e-01,4.411714076995849609e-01
9.392052824170992409e+00,-4.232870303487276331e+00,1.411485473632812500e+03,9.302920699119567871e-01,3.558500000000000441e+00,7.792311906814575195e-01,4.818362593650817871e-01
9.393315241324602383e+00,-4.214164483407035533e+00,2.078596923828125000e+03,7.731789946556091309e-01,3.558510000000000506e+00,8.411821126937866211e-01,5.720923542976379395e-01
9.388521298566221418e+00,-4.198486226649077224e+00,1.210209716796875000e+03,9.070021510124206543e-01,3.558520000000000127e+00,7.899886965751647949e-01,4.649752378463745117e-01
9.384711121148791690e+00,-4.178784843544652183e+00,1.414069580078125000e+03,8.732098937034606934e-01,3.558530000000000193e+00,7.783156633377075195e-01,4.815310835838317871e-01
9.393690479637099244e+00,-4.161888805208094233e+00,1.295161499023437500e+03,8.518154025077819824e-01,3.558540000000000258e+00,9.186207652091979980e-01,5.530950427055358887e-01
9.391232015162911395e+00,-4.142381571047310196e+00,1.221984497070312500e+03,9.669978022575378418e-01,3.558550000000000324e+00,9.510458111763000488e-01,5.616400241851806641e-01
9.384510846530961459e+00,-4.129060622455677176e+00,1.471526855468750000e+03,1.136557579040527344e+00,3.558560000000000390e+00,1.049007654190063477e+00,6.565500497817993164e-01
9.381978015746350152e+00,-4.110846714718394246e+00,1.214253662109375000e+03,1.314854145050048828e+00,3.558570000000000455e+00,1.058773279190063477e+00,6.238961219787597656e-01
9.392235256057116288e+00,-4.091469856143991279e+00,1.787025390625000000e+03,1.477994441986083984e+00,3.558580000000000076e+00,7.957870364189147949e-01,5.237218141555786133e-01
9.387554445586863139e+00,-4.070526949446326981e+00,1.771562866210937500e+03,1.250397682189941406e+00,3.558590000000000142e+00,1.044963955879211426e+00,6.863048076629638672e-01
9.390078456343442070e+00,-4.053741745470229141e+00,1.695639526367187500e+03,9.654516577720642090e-01,3.558600000000000207e+00,1.053966760635375977e+00,6.849315166473388672e-01
9.385766208895404361e+00,-4.039732801661846118e+00,1.617234985351562500e+03,1.449267387390136719e+00,3.558610000000000273e+00,9.156453013420104980e-01,5.879615545272827148e-01
9.381172188833328818e+00,-4.020064432933994070e+00,1.221809082031250000e+03,1.401686191558837891e+00,3.558620000000000339e+00,9.336507320404052734e-01,5.513402819633483887e-01
9.377079804488191783e+00,-4.007001241757326859e+00,2.222734130859375000e+03,1.223812818527221680e+00,3.558630000000000404e+00,8.710131645202636719e-01,6.001685857772827148e-01
9.385453910787417087e+00,-3.987575446160481540e+00,1.360747070312500000e+03,1.089366197586059570e+00,3.558640000000000470e+00,9.963645935058593750e-01,6.093239188194274902e-01
9.381459734474024259e+00,-3.964232063949510998e+00,1.464188476562500000e+03,1.244558811187744141e+00,3.558650000000000091e+00,9.795798659324645996e-01,6.122230887413024902e-01
9.387143109057808132e+00,-3.946724171359885069e+00,2.194866699218750000e+03,1.226623773574829102e+00,3.558660000000000156e+00,1.079983115196228027e+00,7.423810958862304688e-01
9.381106414668270332e+00,-3.929504722040534137e+00,1.376505859375000000e+03,1.335268735885620117e+00,3.558670000000000222e+00,9.730948209762573242e-01,5.971931219100952148e-01
9.387993482967466718e+00,-3.908469396522815220e+00,2.028584228515625000e+03,1.587650299072265625e+00,3.558680000000000287e+00,9.584463238716125488e-01,6.486154794692993164e-01
9.381502292808534094e+00,-3.896133374698645735e+00,1.646217285156250000e+03,1.295665025711059570e+00,3.558690000000000353e+00,8.739886283874511719e-01,5.637762546539306641e-01
9.387211599635326920e+00,-3.873705868155375764e+00,1.169489379882812500e+03,1.239876270294189453e+00,3.558700000000000419e+00,7.239941358566284180e-01,4.210297465324401855e-01
9.383378796520394971e+00,-3.856398768801780896e+00,1.284435058593750000e+03,9.772426486015319824e-01,3.558710000000000484e+00,7.470350265502929688e-01,4.485719501972198486e-01
9.384354516562073201e+00,-3.838936821866371751e+00,1.330883300781250000e+03,7.199532389640808105e-01,3.558720000000000105e+00,8.794054985046386719e-01,5.340977907180786133e-01
9.383017854451457751e+00,-3.816341422632191893e+00,1.667014282226562500e+03,9.183818697929382324e-01,3.558730000000000171e+00,8.576616644859313965e-01,5.550024509429931641e-01
9.385146306680447026e+00,-3.809405190663680330e+00,1.448384277343750000e+03,1.007964134216308594e+00,3.558740000000000236e+00,1.106075644493103027e+00,6.891276836395263672e-01
9.386721710251300976e+00,-3.788030726393232239e+00,1.329625122070312500e+03,1.352749586105346680e+00,3.558750000000000302e+00,9.357106685638427734e-01,5.681250095367431641e-01
9.382313385045268461e+00,-3.771237923952172277e+00,1.166648437500000000e+03,1.458374977111816406e+00,3.558760000000000367e+00,9.733237028121948242e-01,5.655310153961181641e-01
9.390052354160436821e+00,-3.752489333269515726e+00,1.413285400390625000e+03,1.346343278884887695e+00,3.558770000000000433e+00,8.581194281578063965e-01,5.308171510696411133e-01
9.388600629521830498e+00,-3.737113444548678221e+00,1.796196533203125000e+03,1.177305698394775391e+00,3.558780000000000499e+00,9.224354624748229980e-01,6.077980399131774902e-01
9.382116054967069019e+00,-3.718907536572037209e+00,1.503831909179687500e+03,9.632331728935241699e-01,3.558790000000000120e+00,1.002391815185546875e+00,6.312203407287597656e-01
9.386189426133324076e+00,-3.697007478685085058e+00,1.165315429687500000e+03,1.379662275314331055e+00,3.558800000000000185e+00,7.944137454032897949e-01,4.613893926143646240e-01
9.389381725106535015e+00,-3.677672654957214071e+00,1.529117309570312500e+03,1.229978322982788086e+00,3.558810000000000251e+00,9.355580806732177734e-01,5.918525457382202148e-01
9.387366393174691126e+00,-3.658358518333736598e+00,1.499329101562500000e+03,1.004774093627929688e+00,3.558820000000000316e+00,9.211384654045104980e-01,5.795691609382629395e-01
9.393843065282494464e+00,-3.645052460620489931e+00,1.785978637695312500e+03,1.268648624420166016e+00,3.558830000000000382e+00,8.227952122688293457e-01,5.414220690727233887e-01
9.385247779179799466e+00,-3.621365531654693548e+00,1.742716796875000000e+03,1.043885469436645508e+00,3.558840000000000447e+00,9.809531569480895996e-01,6.417489647865295410e-01
9.391309243401419593e+00,-3.604463412025469715e+00,2.367413818359375000e+03,1.180736541748046875e+00,3.558850000000000513e+00,8.523973822593688965e-01,5.941413640975952148e-01
9.387270438555489704e+00,-3.595063651504659674e+00,1.641823730468750000e+03,1.295322895050048828e+00,3.558860000000000134e+00,9.523428082466125488e-01,6.139015555381774902e-01
9.386588251886804457e+00,-3.571957302074912910e+00,2.261102539062500000e+03,1.132513999938964844e+00,3.558870000000000200e+00,7.618361115455627441e-01,5.266209840774536133e-01
9.386836844678658309e+00,-3.553913214504539120e+00,1.705591064453125000e+03,1.164253473281860352e+00,3.558880000000000265e+00,9.543264508247375488e-01,6.210732460021972656e-01
9.394306869030199181e+00,-3.533897426971109201e+00,2.312198242187500000e+03,1.008969068527221680e+00,3.558890000000000331e+00,1.039241909980773926e+00,7.213238477706909180e-01
9.384667201909962841e+00,-3.515077197257652664e+00,1.862028320312500000e+03,1.359771013259887695e+00,3.558900000000000396e+00,9.087787866592407227e-01,6.037544608116149902e-01
9.398250876831234280e+00,-3.503893084707070837e+00,1.155444335937500000e+03,1.430496692657470703e+00,3.558910000000000462e+00,9.262501597404479980e-01,5.363103151321411133e-01
9.381843052674531336e+00,-3.485900200946585592e+00,2.783609863281250000e+03,1.092534780502319336e+00,3.558920000000000083e+00,9.094654321670532227e-01,6.509042978286743164e-01
9.388121627399668156e+00,-3.467250717487201150e+00,1.863316772460937500e+03,1.092493057250976562e+00,3.558930000000000149e+00,9.975090026855468750e-01,6.628061532974243164e-01
9.387395302440532774e+00,-3.447769901083821864e+00,1.519113159179687500e+03,1.248996973037719727e+00,3.558940000000000214e+00,1.076549768447875977e+00,6.798198223114013672e-01
9.383390671844296094e+00,-3.431590811485498271e+00,1.267410278320312500e+03,1.535119533538818359e+00,3.558950000000000280e+00,8.785662651062011719e-01,5.252476930618286133e-01
9.385620295808310587e+00,-3.411480690181356579e+00,1.765891601562500000e+03,1.419040679931640625e+00,3.558960000000000345e+00,7.990676760673522949e-01,5.244084596633911133e-01
9.381215416500953808e+00,-3.393562968487755072e+00,1.230542846679687500e+03,9.420651793479919434e-01,3.558970000000000411e+00,8.671984672546386719e-01,5.133457779884338379e-01
9.385538071726188036e+00,-3.377206651691508021e+00,1.269659301757812500e+03,1.092825651168823242e+00,3.558980000000000476e+00,8.544573187828063965e-01,5.111332535743713379e-01
9.378883415688594738e+00,-3.361496511551602673e+00,1.628608642578125000e+03,9.669870734214782715e-01,3.558990000000000098e+00,9.883536696434020996e-01,6.357980370521545410e-01
9.376698285426481760e+00,-3.342370914068269361e+00,1.416092773437500000e+03,1.157581329345703125e+00,3.559000000000000163e+00,8.166916370391845703e-01,5.054874420166015625e-01
9.381857806928501020e+00,-3.323697416190857457e+00,2.489641357421875000e+03,1.251010417938232422e+00,3.559010000000000229e+00,9.014545679092407227e-01,6.338143944740295410e-01
9.385473845114725933e+00,-3.306289496979426978e+00,1.218499023437500000e+03,1.050358533859252930e+00,3.559020000000000294e+00,7.896835207939147949e-01,4.658907651901245117e-01
9.375483821642481175e+00,-3.283691861673157852e+00,1.171522216796875000e+03,1.187542200088500977e+00,3.559030000000000360e+00,7.822829484939575195e-01,4.552095532417297363e-01
9.384252167012938628e+00,-3.266161208013469430e+00,1.589375854492187500e+03,7.857245802879333496e-01,3.559040000000000425e+00,9.224354624748229980e-01,5.896400213241577148e-01
9.381765803878298726e+00,-3.254007782227775980e+00,1.051801879882812500e+03,9.666270613670349121e-01,3.559050000000000491e+00,8.158524036407470703e-01,4.558199048042297363e-01
9.381908745462556709e+00,-3.236664777598286413e+00,1.746308471679687500e+03,9.870261549949645996e-01,3.559060000000000112e+00,9.421193599700927734e-01,6.166481375694274902e-01
9.378459279600811271e+00,-3.219041573890704555e+00,1.532800781250000000e+03,8.825070261955261230e-01,3.559070000000000178e+00,1.048473596572875977e+00,6.637216806411743164e-01
9.385338912571869585e+00,-3.195639871469618143e+00,1.611826660156250000e+03,1.578955173492431641e+00,3.559080000000000243e+00,8.831439614295959473e-01,5.665991306304931641e-01
9.377570206871080671e+00,-3.173196900542542220e+00,2.170707519531250000e+03,1.482181072235107422e+00,3.559090000000000309e+00,8.344681859016418457e-01,5.723975300788879395e-01
9.385583760937288744e+00,-3.162695090527870789e+00,2.239782470703125000e+03,1.046386480331420898e+00,3.559100000000000374e+00,1.076854944229125977e+00,7.430677413940429688e-01
9.380904434203364062e+00,-3.137784245181090004e+00,2.076406738281250000e+03,1.299952983856201172e+00,3.559110000000000440e+00,1.009105682373046875e+00,6.861522197723388672e-01
9.379588767603461719e+00,-3.118975827051783334e+00,1.465619506835937500e+03,1.604930877685546875e+00,3.559120000000000505e+00,8.047897815704345703e-01,5.031223297119140625e-01
9.375994096526241606e+00,-3.103690047977766930e+00,1.465131958007812500e+03,1.258180856704711914e+00,3.559130000000000127e+00,9.015308618545532227e-01,5.635473728179931641e-01
9.386121603205598518e+00,-3.084633123443798475e+00,1.526076293945312500e+03,1.038938283920288086e+00,3.559140000000000192e+00,8.396562337875366211e-01,5.308934450149536133e-01
9.386468039009953301e+00,-3.063017482378941558e+00,1.738514282226562500e+03,1.017013311386108398e+00,3.559150000000000258e+00,9.895743727684020996e-01,6.470132470130920410e-01
9.385291627700908634e+00,-3.050165795321387652e+00,1.712693359375000000e+03,1.166437387466430664e+00,3.559160000000000323e+00,8.320267796516418457e-01,5.420324206352233887e-01
9.387026389672891824e+00,-3.031929259174290792e+00,1.429299560546875000e+03,1.128712415695190430e+00,3.559170000000000389e+00,8.472856283187866211e-01,5.258580446243286133e-01
9.393237858487465175e+00,-3.011904598015111123e+00,1.171306396484375000e+03,9.963602423667907715e-01,3.559180000000000454e+00,8.353074193000793457e-01,4.860324263572692871e-01
9.384003031135240036e+00,-2.998058372163423524e+00,1.269748168945312500e+03,1.072443246841430664e+00,3.559190000000000076e+00,1.074184656143188477e+00,6.425881981849670410e-01
9.381897541777073357e+00,-2.983918580025760825e+00,1.976941894531250000e+03,1.065085649490356445e+00,3.559200000000000141e+00,1.018261075019836426e+00,6.853892803192138672e-01
9.386603340071676627e+00,-2.958871948402599816e+00,1.372002319335937500e+03,1.424765110015869141e+00,3.559210000000000207e+00,9.358632564544677734e-01,5.737708210945129395e-01
9.383697128905112095e+00,-2.954694504229370633e+00,1.335988769531250000e+03,1.521790742874145508e+00,3.559220000000000272e+00,1.153378129005432129e+00,7.013347744941711426e-01
9.391245175433610370e+00,-2.926287722242881806e+00,2.460432373046875000e+03,1.304401874542236328e+00,3.559230000000000338e+00,9.898032546043395996e-01,6.945445537567138672e-01
9.389095167904779160e+00,-2.910325881839566975e+00,1.600781127929687500e+03,1.601700305938720703e+00,3.559240000000000403e+00,8.939014077186584473e-01,5.724738240242004395e-01
9.393770504315893888e+00,-2.897708784773778135e+00,1.576284790039062500e+03,1.445459842681884766e+00,3.559250000000000469e+00,7.313947081565856934e-01,4.665011167526245117e-01
9.382276152993197726e+00,-2.879172073276146548e+00,1.534672119140625000e+03,9.241206049919128418e-01,3.559260000000000090e+00,7.811385393142700195e-01,4.946536719799041748e-01
9.393741940382071220e+00,-2.861503630122523845e+00,1.580591674804687500e+03,9.142226576805114746e-01,3.559270000000000156e+00,1.010326385498046875e+00,6.448770165443420410e-01
9.394470595098850296e+00,-2.830865061065216626e+00,1.838417236328125000e+03,8.494943976402282715e-01,3.559280000000000221e+00,1.182980298995971680e+00,7.836562395095825195e-01
9.397631603780249421e+00,-2.820168864738900716e+00,2.514787841796875000e+03,1.536803960800170898e+00,3.559290000000000287e+00,1.195568799972534180e+00,8.420213460922241211e-01
9.392247220020413678e+00,-2.813462298881546531e+00,3.723000244140625000e+03,1.967619180679321289e+00,3.559300000000000352e+00,1.217770457267761230e+00,9.052692651748657227e-01
9.398140869670394082e+00,-2.790009437788590674e+00,1.439832641601562500e+03,1.984756708145141602e+00,3.559310000000000418e+00,1.279339909553527832e+00,7.957107424736022949e-01
9.385770396501699864e+00,-2.769725564549569974e+00,1.844462036132812500e+03,2.015604496002197266e+00,3.559320000000000483e+00,1.373944759368896484e+00,9.108387231826782227e-01
9.394113909848554655e+00,-2.753020948910161358e+00,1.846569946289062500e+03,2.059698820114135742e+00,3.559330000000000105e+00,1.354489684104919434e+00,8.981738686561584473e-01
9.384993914341819732e+00,-2.731957928732226648e+00,2.384601562500000000e+03,2.163733959197998047e+00,3.559340000000000170e+00,1.178936719894409180e+00,8.227952122688293457e-01
9.388435609258676706e+00,-2.711860394934913376e+00,1.600345458984375000e+03,2.152081251144409180e+00,3.559350000000000236e+00,8.884845376014709473e-01,5.689642429351806641e-01
9.384965801706862010e+00,-2.697362203846004114e+00,1.655822265625000000e+03,1.800662994384765625e+00,3.559360000000000301e+00,8.330186009407043457e-01,5.381413698196411133e-01
9.390713415137369680e+00,-2.682879422155994398e+00,1.261566406250000000e+03,1.217270612716674805e+00,3.559370000000000367e+00,8.754382133483886719e-01,5.225773453712463379e-01
9.388851459885184880e+00,-2.660234550656072283e+00,1.353750366210937500e+03,1.055407047271728516e+00,3.559380000000000432e+00,8.743700981140136719e-01,5.338689088821411133e-01
9.390513491197113538e+00,-2.638194300042992602e+00,2.118681396484375000e+03,1.011272192001342773e+00,3.559390000000000498e+00,8.064682483673095703e-01,5.505773425102233887e-01
9.384974427635114580e+00,-2.617586282579573265e+00,1.386474487304687500e+03,1.055837392807006836e+00,3.559400000000000119e+00,8.294327855110168457e-01,5.101414322853088379e-01
9.384134385506744280e+00,-2.610008582625110041e+00,1.207271484375000000e+03,9.299547076225280762e-01,3.559410000000000185e+00,9.070240259170532227e-01,5.334111452102661133e-01
9.388999435074701694e+00,-2.590968852118852972e+00,1.303120971679687500e+03,1.104180335998535156e+00,3.559420000000000250e+00,7.994491457939147949e-01,4.822940230369567871e-01
9.386387919465155605e+00,-2.575227371242453600e+00,1.762563476562500000e+03,9.889585375785827637e-01,3.559430000000000316e+00,8.842120766639709473e-01,5.800269246101379395e-01
9.385300433698448686e+00,-2.553873946980406373e+00,1.906693969726562500e+03,9.060627818107604980e-01,3.559440000000000381e+00,1.070446252822875977e+00,7.149151563644409180e-01
9.382142772922419383e+00,-2.538608236902900384e+00,2.810416015625000000e+03,1.292035102844238281e+00,3.559450000000000447e+00,9.329640865325927734e-01,6.686808466911315918e-01
9.383438767849348494e+00,-2.513830101356773650e+00,2.342636474609375000e+03,1.610769748687744141e+00,3.559460000000000512e+00,1.126064777374267578e+00,7.834273576736450195e-01
9.379865692569739011e+00,-2.497965683489756561e+00,2.035184204101562500e+03,1.628940820693969727e+00,3.559470000000000134e+00,1.134685993194580078e+00,7.683973908424377441e-01
9.386283592956392141e+00,-2.481180063426883908e+00,1.288333618164062500e+03,1.951514005661010742e+00,3.559480000000000199e+00,9.623373746871948242e-01,5.784247517585754395e-01
9.378214656018892370e+00,-2.461440483264728307e+00,1.413618286132812500e+03,1.701671600341796875e+00,3.559490000000000265e+00,7.996017336845397949e-01,4.946536719799041748e-01
9.387342667311145306e+00,-2.441707158726945881e+00,1.398155761718750000e+03,1.018577337265014648e+00,3.559500000000000330e+00,7.977706789970397949e-01,4.919070899486541748e-01
9.379629149371554675e+00,-2.423195006306123389e+00,1.322632202148437500e+03,9.399051070213317871e-01,3.559510000000000396e+00,8.511766195297241211e-01,5.159397721290588379e-01
9.382411660408967791e+00,-2.404825921520642229e+00,1.655359863281250000e+03,7.516033053398132324e-01,3.559520000000000461e+00,7.611494660377502441e-01,4.916782081127166748e-01
9.372118643308352759e+00,-2.388994079901777923e+00,1.334059814453125000e+03,9.700996279716491699e-01,3.559530000000000083e+00,8.339341282844543457e-01,5.068607330322265625e-01
9.381520071935501193e+00,-2.373197123850967483e+00,1.282436035156250000e+03,8.025664687156677246e-01,3.559540000000000148e+00,9.264027476310729980e-01,5.559942722320556641e-01
9.376122707599542139e+00,-2.354965060697894685e+00,1.622348754882812500e+03,9.695774912834167480e-01,3.559550000000000214e+00,8.382066488265991211e-01,5.386754274368286133e-01
9.377972453990523150e+00,-2.335873657094561295e+00,2.067187988281250000e+03,1.020082950592041016e+00,3.559560000000000279e+00,1.055721521377563477e+00,7.172039747238159180e-01
9.375948507800162091e+00,-2.321416643239075039e+00,1.578856933593750000e+03,1.142644405364990234e+00,3.559570000000000345e+00,8.987079858779907227e-01,5.734656453132629395e-01
9.384547643736635081e+00,-2.296305294953378873e+00,1.691493164062500000e+03,1.373208284378051758e+00,3.559580000000000410e+00,9.204518198966979980e-01,5.978034734725952148e-01
9.376587391096757429e+00,-2.281999558268608119e+00,1.467370361328125000e+03,1.227290153503417969e+00,3.559590000000000476e+00,8.563646674156188965e-01,5.355473756790161133e-01
9.388140703568735645e+00,-2.257399501324165225e+00,1.388684936523437500e+03,1.165385961532592773e+00,3.559600000000000097e+00,9.447133541107177734e-01,5.813239216804504395e-01
9.387826624776259621e+00,-2.242014560452950445e+00,1.407884521484375000e+03,1.106942415237426758e+00,3.559610000000000163e+00,1.038631558418273926e+00,6.417489647865295410e-01
9.389942347220774366e+00,-2.230331027522551857e+00,1.860478027343750000e+03,1.159406423568725586e+00,3.559620000000000228e+00,8.518633246421813965e-01,5.658361911773681641e-01
9.384728411232552858e+00,-2.209846294884293627e+00,1.319738525390625000e+03,1.294024705886840820e+00,3.559630000000000294e+00,8.523973822593688965e-01,5.163212418556213379e-01
9.390892619567752675e+00,-2.192495394382976137e+00,1.508823852539062500e+03,1.087896347045898438e+00,3.559640000000000359e+00,9.988059997558593750e-01,6.295418739318847656e-01
9.388909574455416518e+00,-2.170741301663418277e+00,1.654395874023437500e+03,1.144425392150878906e+00,3.559650000000000425e+00,8.665117621421813965e-01,5.596563816070556641e-01
9.382080903224201407e+00,-2.155050152681303732e+00,1.535993041992187500e+03,1.370527267456054688e+00,3.559660000000000490e+00,8.786425590515136719e-01,5.565283298492431641e-01
9.390170027218351478e+00,-2.140015436734674203e+00,1.588645629882812500e+03,1.178210496902465820e+00,3.559670000000000112e+00,8.283646702766418457e-01,5.294438600540161133e-01
9.392820520116558214e+00,-2.123333027529128891e+00,1.132946289062500000e+03,1.179794788360595703e+00,3.559680000000000177e+00,9.001575708389282227e-01,5.174656510353088379e-01
9.392669161748328222e+00,-2.115150359851844186e+00,1.526391845703125000e+03,1.096456766128540039e+00,3.559690000000000243e+00,7.546644210815429688e-01,4.771822988986968994e-01
9.389793690179988772e+00,-2.097574783818465516e+00,1.626753784179687500e+03,9.763330817222595215e-01,3.559700000000000308e+00,7.473402023315429688e-01,4.806155562400817871e-01
9.403138062953114940e+00,-2.087733573770493845e+00,6.642777343750000000e+03,8.749932646751403809e-01,3.559710000000000374e+00,1.606375128030776978e-01,1.254658699035644531e-01
9.393267402157702506e+00,-2.085800821830313012e+00,-2.520442382812500000e+03,8.164317011833190918e-01,3.559720000000000439e+00,5.992912128567695618e-02,5.886100232601165771e-02
9.404893654963331073e+00,-2.073772233457434222e+00,-1.767786865234375000e+03,3.650206625461578369e-01,3.559730000000000505e+00,6.198906525969505310e-02,6.534601002931594849e-02
