# x_coordinates, y_coordinates, TEP, TED, times, high, low
7.579214286257563771e+00,-9.815131897017426610e+00,1.673222045898437500e+03,2.632916159927845001e-02,3.537850000000000161e+00,9.104572534561157227e-01,5.897163152694702148e-01
7.579987286392455559e+00,-9.827002646239474615e+00,1.335671997070312500e+03,3.285008966922760010e-01,3.537860000000000227e+00,5.514165759086608887e-01,3.352750241756439209e-01
7.582741676656721275e+00,-9.829830112537418785e+00,1.718690673828125000e+03,1.007802009582519531e+00,3.537870000000000292e+00,6.309914588928222656e-01,4.114166796207427979e-01
7.578052438584325756e+00,-9.835899409740234134e+00,2.282282226562500000e+03,6.822950243949890137e-01,3.537880000000000358e+00,6.161903738975524902e-01,4.266755282878875732e-01
7.582530677337569358e+00,-9.838076126365580265e+00,1.310060180664062500e+03,7.679790854454040527e-01,3.537890000000000423e+00,6.690623164176940918e-01,4.043213129043579102e-01
7.582589308910155701e+00,-9.836785391420496794e+00,2.111930908203125000e+03,7.756394743919372559e-01,3.537900000000000489e+00,6.934764385223388672e-01,4.731387197971343994e-01
7.588168557481529852e+00,-9.829822362434921246e+00,1.582065307617187500e+03,8.069187998771667480e-01,3.537910000000000110e+00,7.537488937377929688e-01,4.812259078025817871e-01
7.582522451921977158e+00,-9.833629740928175877e+00,1.586770874023437500e+03,9.960955977439880371e-01,3.537920000000000176e+00,8.196671009063720703e-01,5.237218141555786133e-01
7.592298631269928322e+00,-9.832960160141189121e+00,1.997256591796875000e+03,1.004337787628173828e+00,3.537930000000000241e+00,8.017379641532897949e-01,5.408117175102233887e-01
7.593353485338266040e+00,-9.820112602873642516e+00,1.903278198242187500e+03,1.228600263595581055e+00,3.537940000000000307e+00,9.637869596481323242e-01,6.434274315834045410e-01
7.593149168162619311e+00,-9.814872995369540831e+00,2.077399658203125000e+03,1.167778491973876953e+00,3.537950000000000372e+00,1.046032071113586426e+00,7.113293409347534180e-01
7.589251953218106195e+00,-9.803050858526365374e+00,1.436292358398437500e+03,1.500325918197631836e+00,3.537960000000000438e+00,6.982830166816711426e-01,4.339997768402099609e-01
7.588235567944892956e+00,-9.790784928191611058e+00,1.411413452148437500e+03,1.345490932464599609e+00,3.537970000000000503e+00,7.638197541236877441e-01,4.722994565963745117e-01
7.579206699855600249e+00,-9.784282892547450317e+00,1.478640380859375000e+03,9.538668990135192871e-01,3.537980000000000125e+00,6.900432109832763672e-01,4.324738681316375732e-01
7.586851804055719128e+00,-9.765004978226714982e+00,1.555918579101562500e+03,1.061073064804077148e+00,3.537990000000000190e+00,7.734327912330627441e-01,4.916019141674041748e-01
7.586499011424614913e+00,-9.750273672451273299e+00,1.236750976562500000e+03,8.711737990379333496e-01,3.538000000000000256e+00,8.183701038360595703e-01,4.852694869041442871e-01
7.589028911092106533e+00,-9.738489750412547608e+00,2.643949951171875000e+03,9.807962775230407715e-01,3.538010000000000321e+00,1.141399979591369629e+00,8.104355335235595703e-01
7.582298766488274389e+00,-9.720588547287505321e+00,2.224530273437500000e+03,1.146143198013305664e+00,3.538020000000000387e+00,9.110676050186157227e-01,6.278634071350097656e-01
7.585103754125083420e+00,-9.700792660048531246e+00,2.523378417968750000e+03,1.815969467163085938e+00,3.538030000000000452e+00,7.923538088798522949e-01,5.583593845367431641e-01
7.582180975457986527e+00,-9.688018187547182691e+00,1.823501220703125000e+03,1.459406137466430664e+00,3.538040000000000074e+00,6.314492225646972656e-01,4.175201952457427979e-01
7.580730665597487317e+00,-9.664716381665558131e+00,2.048387939453125000e+03,1.180973768234252930e+00,3.538050000000000139e+00,6.735636591911315918e-01,4.567354321479797363e-01
7.588694621296092180e+00,-9.650395304983751643e+00,1.798052001953125000e+03,7.294840216636657715e-01,3.538060000000000205e+00,8.145554065704345703e-01,5.368443727493286133e-01
7.584828976260964417e+00,-9.628923641937312539e+00,1.774598266601562500e+03,9.690660834312438965e-01,3.538070000000000270e+00,8.836017251014709473e-01,5.805609822273254395e-01
7.585079954255249390e+00,-9.609760150085792318e+00,1.680616333007812500e+03,1.279755353927612305e+00,3.538080000000000336e+00,7.146099805831909180e-01,4.633730351924896240e-01
7.586313772863780613e+00,-9.600539377391156037e+00,1.168185668945312500e+03,1.417817592620849609e+00,3.538090000000000401e+00,6.692911982536315918e-01,3.890624642372131348e-01
7.585325488884555156e+00,-9.583098688799159603e+00,2.019095214843750000e+03,8.616573214530944824e-01,3.538100000000000467e+00,1.009029388427734375e+00,6.821849346160888672e-01
7.584887985018508694e+00,-9.563375893724140653e+00,2.071969726562500000e+03,1.151645898818969727e+00,3.538110000000000088e+00,8.988605737686157227e-01,6.109260916709899902e-01
7.591241524617633019e+00,-9.546609577631258503e+00,2.511666748046875000e+03,1.530380964279174805e+00,3.538120000000000154e+00,8.819231986999511719e-01,6.209969520568847656e-01
7.588005409809203350e+00,-9.531825956989278481e+00,1.993241577148437500e+03,1.304372072219848633e+00,3.538130000000000219e+00,8.284409642219543457e-01,5.585882663726806641e-01
7.592364913649805480e+00,-9.522949649019251339e+00,1.838378906250000000e+03,1.402284622192382812e+00,3.538140000000000285e+00,7.609968781471252441e-01,5.041141510009765625e-01
7.583693531141810773e+00,-9.513436146529647530e+00,1.556148925781250000e+03,1.154504537582397461e+00,3.538150000000000350e+00,6.765391230583190918e-01,4.300324618816375732e-01
7.597448515402033919e+00,-9.498399591600797720e+00,1.592266357421875000e+03,1.114748239517211914e+00,3.538160000000000416e+00,6.995037198066711426e-01,4.473512470722198486e-01
7.590114479891457044e+00,-9.480012210417633867e+00,1.321604614257812500e+03,8.336753249168395996e-01,3.538170000000000481e+00,7.782393693923950195e-01,4.716128110885620117e-01
7.590199577441567591e+00,-9.469112530228464664e+00,1.352610839843750000e+03,1.014959335327148438e+00,3.538180000000000103e+00,7.412366271018981934e-01,4.524629712104797363e-01
7.585799258697291769e+00,-9.452787627340850207e+00,1.869076538085937500e+03,8.050948977470397949e-01,3.538190000000000168e+00,7.650404572486877441e-01,5.086918473243713379e-01
7.593336508339159074e+00,-9.436232160615105613e+00,2.441070068359375000e+03,9.438831210136413574e-01,3.538200000000000234e+00,8.255417943000793457e-01,5.785010457038879395e-01
7.590355960236186306e+00,-9.419587654475277461e+00,2.132951171875000000e+03,1.200376272201538086e+00,3.538210000000000299e+00,7.559614181518554688e-01,5.167790055274963379e-01
7.588091213034390492e+00,-9.402917268035253073e+00,1.458221557617187500e+03,1.208111763000488281e+00,3.538220000000000365e+00,6.077217459678649902e-01,3.793731033802032471e-01
7.589804169817797153e+00,-9.383633955964794993e+00,1.806520019531250000e+03,9.924084544181823730e-01,3.538230000000000430e+00,6.041359305381774902e-01,3.985992372035980225e-01
7.591170484713848587e+00,-9.368084904000037128e+00,1.197887451171875000e+03,7.848579287528991699e-01,3.538240000000000496e+00,6.326699256896972656e-01,3.710570037364959717e-01
7.595937551005933486e+00,-9.359682382166496950e+00,1.361072631835937500e+03,7.471186518669128418e-01,3.538250000000000117e+00,7.358197569847106934e-01,4.500215649604797363e-01
7.589306571731010642e+00,-9.337670576750372931e+00,1.072076904296875000e+03,7.786495089530944824e-01,3.538260000000000183e+00,7.786971330642700195e-01,4.383485317230224609e-01
7.593513356895344124e+00,-9.324682735052219229e+00,1.683162109375000000e+03,8.754128813743591309e-01,3.538270000000000248e+00,7.426862716674804688e-01,4.817599654197692871e-01
7.592430056229491520e+00,-9.307084180358790704e+00,2.279760498046875000e+03,8.047992587089538574e-01,3.538280000000000314e+00,8.338578343391418457e-01,5.772803425788879395e-01
7.590430094767936176e+00,-9.295059416346632020e+00,1.958121948242187500e+03,1.144383668899536133e+00,3.538290000000000379e+00,6.907298564910888672e-01,4.639833867549896240e-01
7.593104633452425922e+00,-9.274260129442744471e+00,1.563053344726562500e+03,1.244825839996337891e+00,3.538300000000000445e+00,7.446699142456054688e-01,4.739016592502593994e-01
7.594391981950773030e+00,-9.254236604382452214e+00,1.583777221679687500e+03,9.645623564720153809e-01,3.538310000000000510e+00,6.407571434974670410e-01,4.092041254043579102e-01
7.593123795884451965e+00,-9.243314555740386851e+00,1.307351440429687500e+03,8.859569430351257324e-01,3.538320000000000132e+00,6.048225760459899902e-01,3.652586638927459717e-01
7.598012760385171482e+00,-9.217361569030165569e+00,1.643683349609375000e+03,8.409339785575866699e-01,3.538330000000000197e+00,8.057053089141845703e-01,5.195255875587463379e-01
7.594210761972715495e+00,-9.206070416670936396e+00,1.132297485351562500e+03,7.699853777885437012e-01,3.538340000000000263e+00,8.015853762626647949e-01,4.607027471065521240e-01
7.594544379210820040e+00,-9.182851286282971870e+00,1.181761718750000000e+03,1.109958410263061523e+00,3.538350000000000328e+00,6.956890225410461426e-01,4.060760736465454102e-01
7.592231118890166996e+00,-9.169846941974773458e+00,1.779303466796875000e+03,9.683937430381774902e-01,3.538360000000000394e+00,7.683973908424377441e-01,5.051822662353515625e-01
7.599224732042356933e+00,-9.143856723224033090e+00,1.332432617187500000e+03,7.375676035881042480e-01,3.538370000000000459e+00,6.860759258270263672e-01,4.168335497379302979e-01
7.592281243932510471e+00,-9.132662332051799225e+00,1.612790893554687500e+03,9.095055460929870605e-01,3.538380000000000081e+00,6.404519677162170410e-01,4.109589159488677979e-01
7.595929989984435693e+00,-9.118362087715354392e+00,2.344948242187500000e+03,7.873672842979431152e-01,3.538390000000000146e+00,6.140541434288024902e-01,4.272858798503875732e-01
7.592086127219911162e+00,-9.097163440508893473e+00,1.164776367187500000e+03,6.958300471305847168e-01,3.538400000000000212e+00,6.568552255630493164e-01,3.814330399036407471e-01
7.592596641520076517e+00,-9.084968887319009312e+00,1.977076171875000000e+03,7.105440497398376465e-01,3.538410000000000277e+00,6.969097256660461426e-01,4.690951108932495117e-01
7.587924176546206212e+00,-9.066201894084914059e+00,1.562230468750000000e+03,8.343309760093688965e-01,3.538420000000000343e+00,7.851821184158325195e-01,4.996128082275390625e-01
7.596651039466874700e+00,-9.057267193258672577e+00,1.833946899414062500e+03,9.219104647636413574e-01,3.538430000000000408e+00,7.836562395095825195e-01,5.188389420509338379e-01
7.591818576918882400e+00,-9.039777560618901475e+00,1.482447387695312500e+03,1.171878099441528320e+00,3.538440000000000474e+00,8.294327855110168457e-01,5.202122330665588379e-01
7.589298444491661577e+00,-9.026512859477854533e+00,1.458464721679687500e+03,1.041094779968261719e+00,3.538450000000000095e+00,7.263592481613159180e-01,4.534547924995422363e-01
7.591974668468903786e+00,-9.003558821153355041e+00,1.650970581054687500e+03,1.046944379806518555e+00,3.538460000000000161e+00,7.828170061111450195e-01,5.053348541259765625e-01
7.590240955315318949e+00,-8.992599782471389247e+00,1.517338623046875000e+03,8.793563246726989746e-01,3.538470000000000226e+00,7.771712541580200195e-01,4.906100928783416748e-01
7.589337485366875136e+00,-8.977364596694856758e+00,1.498912963867187500e+03,1.011439085006713867e+00,3.538480000000000292e+00,5.817816853523254395e-01,3.660216033458709717e-01
7.588525251283055439e+00,-8.963850423245139254e+00,1.696178955078125000e+03,9.266371130943298340e-01,3.538490000000000357e+00,7.126263380050659180e-01,4.631441533565521240e-01
7.591993160246167882e+00,-8.944182631001748263e+00,1.763611206054687500e+03,7.414180636405944824e-01,3.538500000000000423e+00,8.343155980110168457e-01,5.473729968070983887e-01
7.592715401141219012e+00,-8.920583770372559229e+00,1.900882690429687500e+03,8.834845423698425293e-01,3.538510000000000488e+00,9.981193542480468750e-01,6.661631464958190918e-01
7.592763530412899087e+00,-8.909607534832101550e+00,2.846586181640625000e+03,1.231604337692260742e+00,3.538520000000000110e+00,1.138805866241455078e+00,8.177597522735595703e-01
7.590650710152084812e+00,-8.892409382511914373e+00,1.548073242187500000e+03,1.661611318588256836e+00,3.538530000000000175e+00,1.212124705314636230e+00,7.693892121315002441e-01
7.595771742610960331e+00,-8.879621875056674440e+00,2.209573486328125000e+03,2.101419687271118164e+00,3.538540000000000241e+00,1.075176477432250977e+00,7.400159239768981934e-01
7.587466720415251054e+00,-8.864898528861218097e+00,2.255974121093750000e+03,1.693294763565063477e+00,3.538550000000000306e+00,1.233639597892761230e+00,8.523973822593688965e-01
7.597420702461440634e+00,-8.845838735081979820e+00,1.894364990234375000e+03,1.834889173507690430e+00,3.538560000000000372e+00,1.291852116584777832e+00,8.615526556968688965e-01
7.590147290975966854e+00,-8.826706912925983417e+00,2.279647460937500000e+03,1.929885864257812500e+00,3.538570000000000437e+00,1.760909080505371094e+00,1.219067454338073730e+00
7.593287016219488095e+00,-8.814224410269060783e+00,1.737598999023437500e+03,2.208221673965454102e+00,3.538580000000000503e+00,1.552091836929321289e+00,1.014675140380859375e+00
7.592425643478383890e+00,-8.799903141695153863e+00,3.600196533203125000e+03,2.685639381408691406e+00,3.538590000000000124e+00,1.321149110794067383e+00,9.783591628074645996e-01
7.593163979367027139e+00,-8.781706913121547942e+00,2.694496093750000000e+03,2.309294462203979492e+00,3.538600000000000190e+00,1.494337081909179688e+00,1.064190149307250977e+00
7.589909043212223594e+00,-8.771480254156827527e+00,2.828266845703125000e+03,2.496813058853149414e+00,3.538610000000000255e+00,1.371198177337646484e+00,9.836997389793395996e-01
7.596164923448254669e+00,-8.746940490286807091e+00,2.868280273437500000e+03,2.525716543197631836e+00,3.538620000000000321e+00,1.355634093284606934e+00,9.745444059371948242e-01
7.597360752765176528e+00,-8.727140788013480588e+00,1.982323120117187500e+03,2.430765151977539062e+00,3.538630000000000386e+00,1.307339906692504883e+00,8.804736137390136719e-01
7.602274103730280785e+00,-8.715915202988281152e+00,2.287685058593750000e+03,2.332045555114746094e+00,3.538640000000000452e+00,1.407895684242248535e+00,9.753073453903198242e-01
7.593356249979015260e+00,-8.702085819082636675e+00,2.512874755859375000e+03,2.411747694015502930e+00,3.538650000000000073e+00,1.584669470787048340e+00,1.115917682647705078e+00
7.601238232305358444e+00,-8.678690323722017652e+00,2.740275390625000000e+03,2.621838569641113281e+00,3.538660000000000139e+00,1.524015545845031738e+00,1.088146567344665527e+00
7.597925300796608994e+00,-8.667509260416402128e+00,2.804470947265625000e+03,2.870461463928222656e+00,3.538670000000000204e+00,1.515394210815429688e+00,1.085781455039978027e+00
7.597244617281155854e+00,-8.650273227881516647e+00,5.480657714843750000e+03,2.691542625427246094e+00,3.538680000000000270e+00,1.499143600463867188e+00,1.155361771583557129e+00
7.598539484352476059e+00,-8.626303031445235803e+00,2.209973632812500000e+03,2.977337360382080078e+00,3.538690000000000335e+00,1.467862963676452637e+00,1.010326385498046875e+00
7.605982866067040327e+00,-8.610990917030946434e+00,3.494474121093750000e+03,2.967333316802978516e+00,3.538700000000000401e+00,1.349377989768981934e+00,9.957542419433593750e-01
7.592304932667530259e+00,-8.593858859596084088e+00,3.134611572265625000e+03,2.852552652359008789e+00,3.538710000000000466e+00,1.089138388633728027e+00,7.927352786064147949e-01
7.597056892319304033e+00,-8.581272799370355031e+00,2.191955810546875000e+03,2.422852039337158203e+00,3.538720000000000088e+00,1.385999202728271484e+00,9.524953961372375488e-01
7.600198599749849571e+00,-8.561896156544785086e+00,2.854114501953125000e+03,2.239108800888061523e+00,3.538730000000000153e+00,1.330914855003356934e+00,9.560812115669250488e-01
7.599789623134150851e+00,-8.541058949006746559e+00,2.065701660156250000e+03,2.433936119079589844e+00,3.538740000000000219e+00,1.205487132072448730e+00,8.188278675079345703e-01
7.597442704935817304e+00,-8.532014563066821822e+00,1.850397338867187500e+03,2.200756788253784180e+00,3.538750000000000284e+00,1.202282667160034180e+00,7.976180911064147949e-01
7.593664848751147112e+00,-8.515133104420982590e+00,2.140081054687500000e+03,1.989564418792724609e+00,3.538760000000000350e+00,1.090511679649353027e+00,7.459669113159179688e-01
7.604921930450455392e+00,-8.492051204307168533e+00,1.463694091796875000e+03,1.940737485885620117e+00,3.538770000000000415e+00,1.082348227500915527e+00,6.763865351676940918e-01
7.599329935452701079e+00,-8.478254437317575665e+00,2.892763183593750000e+03,1.827718734741210938e+00,3.538780000000000481e+00,1.217541575431823730e+00,8.763537406921386719e-01
7.607382360317030745e+00,-8.458205094567576410e+00,1.870217407226562500e+03,1.819083213806152344e+00,3.538790000000000102e+00,1.206860423088073730e+00,8.025771975517272949e-01
7.601276664749637924e+00,-8.436856429580412708e+00,1.812548461914062500e+03,2.048307180404663086e+00,3.538800000000000168e+00,1.190991163253784180e+00,7.864028215408325195e-01
7.600570243853850272e+00,-8.422615099118891280e+00,2.508475097656250000e+03,1.922627210617065430e+00,3.538810000000000233e+00,1.272473454475402832e+00,8.958087563514709473e-01
7.593665268849849603e+00,-8.403141800989539334e+00,1.790574707031250000e+03,2.043222904205322266e+00,3.538820000000000299e+00,1.303525209426879883e+00,8.582720160484313965e-01
7.604445666581346686e+00,-8.391636535718422607e+00,1.676799072265625000e+03,2.214333534240722656e+00,3.538830000000000364e+00,1.165203690528869629e+00,7.551221847534179688e-01
7.600592235918495199e+00,-8.377292877180945396e+00,2.009604980468750000e+03,2.102646350860595703e+00,3.538840000000000430e+00,1.155056595802307129e+00,7.801467180252075195e-01
7.599832299028094873e+00,-8.356784719605052203e+00,2.160112792968750000e+03,1.905048608779907227e+00,3.538850000000000495e+00,1.133846759796142578e+00,7.770186662673950195e-01
7.599788473149163615e+00,-8.340252288731743846e+00,1.988902099609375000e+03,1.832949638366699219e+00,3.538860000000000117e+00,1.153149247169494629e+00,7.771712541580200195e-01
7.606443586287587877e+00,-8.323684407473900038e+00,1.737624023437500000e+03,1.879102706909179688e+00,3.538870000000000182e+00,1.042446255683898926e+00,6.814982891082763672e-01
7.595271611594844430e+00,-8.309789125110064845e+00,2.055889648437500000e+03,1.795910120010375977e+00,3.538880000000000248e+00,1.150326371192932129e+00,7.806044816970825195e-01
7.598264823295319381e+00,-8.289834678661726741e+00,1.911066528320312500e+03,1.704639911651611328e+00,3.538890000000000313e+00,1.117977619171142578e+00,7.470350265502929688e-01
7.595707272892622264e+00,-8.271561631031785211e+00,3.181901367187500000e+03,1.796072244644165039e+00,3.538900000000000379e+00,1.324658632278442383e+00,9.660757780075073242e-01
7.598910490662067474e+00,-8.253743333440835883e+00,2.111592529296875000e+03,1.970271587371826172e+00,3.538910000000000444e+00,1.050228357315063477e+00,7.165173292160034180e-01
7.594390476549997437e+00,-8.240179709589551038e+00,2.036900390625000000e+03,2.225768089294433594e+00,3.538920000000000510e+00,1.071972131729125977e+00,7.260540723800659180e-01
7.594533257040439800e+00,-8.222869830297275584e+00,2.400536621093750000e+03,1.890611171722412109e+00,3.538930000000000131e+00,1.015743374824523926e+00,7.097271084785461426e-01
7.590039844646968348e+00,-8.205086555572044915e+00,2.601860107421875000e+03,1.908456802368164062e+00,3.538940000000000197e+00,9.109913110733032227e-01,6.451821923255920410e-01
7.592172739515188340e+00,-8.191700578150534540e+00,1.934103881835937500e+03,1.675972461700439453e+00,3.538950000000000262e+00,8.874164223670959473e-01,5.945228338241577148e-01
7.601229218074187166e+00,-8.176401374311591752e+00,1.948307250976562500e+03,1.432368278503417969e+00,3.538960000000000328e+00,1.087154746055603027e+00,7.294873595237731934e-01
7.594329863590185248e+00,-8.160254672904954987e+00,2.561272705078125000e+03,1.451609849929809570e+00,3.538970000000000393e+00,1.105236411094665527e+00,7.807570695877075195e-01
7.594871493414765418e+00,-8.145201454242981143e+00,1.737271484375000000e+03,1.762281179428100586e+00,3.538980000000000459e+00,1.012386322021484375e+00,6.618143320083618164e-01
7.591520878096499558e+00,-8.130500401481926431e+00,2.546057861328125000e+03,1.730184078216552734e+00,3.538990000000000080e+00,1.110424518585205078e+00,7.836562395095825195e-01
7.596962493709208175e+00,-8.109740696341841470e+00,1.852369995117187500e+03,1.720803499221801758e+00,3.539000000000000146e+00,9.103046655654907227e-01,6.040596365928649902e-01
7.590348803193231575e+00,-8.095075876291859984e+00,1.956143188476562500e+03,1.744039773941040039e+00,3.539010000000000211e+00,9.645498991012573242e-01,6.477761864662170410e-01
7.594581455313459628e+00,-8.077068661260607740e+00,3.140250000000000000e+03,1.487321376800537109e+00,3.539020000000000277e+00,8.746752738952636719e-01,6.367898583412170410e-01
7.598679794002247689e+00,-8.065126262514677791e+00,1.799480590820312500e+03,1.519207477569580078e+00,3.539030000000000342e+00,9.196125864982604980e-01,6.061958670616149902e-01
7.598208878232602714e+00,-8.049820253289249550e+00,1.907519531250000000e+03,1.404599666595458984e+00,3.539040000000000408e+00,8.556017279624938965e-01,5.714820027351379395e-01
7.595211515153579285e+00,-8.032854735487577003e+00,1.187423095703125000e+03,1.356845617294311523e+00,3.539050000000000473e+00,9.019886255264282227e-01,5.273839235305786133e-01
7.602221322753169197e+00,-8.014203281069590901e+00,1.396387084960937500e+03,1.314917325973510742e+00,3.539060000000000095e+00,8.501847982406616211e-01,5.240269899368286133e-01
7.598990605706788415e+00,-7.996366235494147823e+00,1.863768554687500000e+03,1.191761016845703125e+00,3.539070000000000160e+00,8.734545707702636719e-01,5.804083943367004395e-01
7.605032616666366430e+00,-7.983868510998423318e+00,1.865804687500000000e+03,1.256541728973388672e+00,3.539080000000000226e+00,8.556780219078063965e-01,5.687353610992431641e-01
7.597218148121298142e+00,-7.968037297093344407e+00,1.880651245117187500e+03,1.282329082489013672e+00,3.539090000000000291e+00,9.370076656341552734e-01,6.238961219787597656e-01
7.603573942773567573e+00,-7.946257430723044024e+00,1.778099731445312500e+03,1.424375295639038086e+00,3.539100000000000357e+00,9.834708571434020996e-01,6.464791893959045410e-01
7.596850652300620510e+00,-7.926041760420428517e+00,1.876818115234375000e+03,1.520734548568725586e+00,3.539110000000000422e+00,1.158566117286682129e+00,7.710676789283752441e-01
7.596455753934985289e+00,-7.919793400202334688e+00,1.749613403320312500e+03,1.889831542968750000e+00,3.539120000000000488e+00,9.356343746185302734e-01,6.126808524131774902e-01
7.599016072818486123e+00,-7.900265507320414216e+00,2.243796386718750000e+03,1.882918596267700195e+00,3.539130000000000109e+00,9.025226831436157227e-01,6.229805946350097656e-01
7.606133975714664430e+00,-7.882576061236516551e+00,1.427041259765625000e+03,1.366228580474853516e+00,3.539140000000000175e+00,8.112747669219970703e-01,5.032749176025390625e-01
7.601660392015528345e+00,-7.868796280815804955e+00,1.473245605468750000e+03,1.326955080032348633e+00,3.539150000000000240e+00,8.394273519515991211e-01,5.255528688430786133e-01
7.598722013061627756e+00,-7.848212688257610203e+00,1.777073852539062500e+03,1.097750186920166016e+00,3.539160000000000306e+00,9.903373122215270996e-01,6.509042978286743164e-01
7.607724518456515206e+00,-7.830295028178340999e+00,1.609306884765625000e+03,1.301807880401611328e+00,3.539170000000000371e+00,8.539995551109313965e-01,5.476781725883483887e-01
7.605312010348725060e+00,-7.816179004856677714e+00,1.597587158203125000e+03,1.453047513961791992e+00,3.539180000000000437e+00,8.606371283531188965e-01,5.508825182914733887e-01
7.600750039504290179e+00,-7.801778860147375205e+00,1.993006835937500000e+03,1.366296529769897461e+00,3.539190000000000502e+00,9.141194224357604980e-01,6.163429617881774902e-01
7.601585325725733533e+00,-7.786549657579660000e+00,1.707145996093750000e+03,1.249950647354125977e+00,3.539200000000000124e+00,9.566915631294250488e-01,6.227517127990722656e-01
7.600513190580151068e+00,-7.766920581373612187e+00,1.759705322265625000e+03,1.417222738265991211e+00,3.539210000000000189e+00,8.939777016639709473e-01,5.862067937850952148e-01
7.600736948701005247e+00,-7.749745423280597123e+00,2.640937744140625000e+03,1.362480640411376953e+00,3.539220000000000255e+00,8.689532279968261719e-01,6.168770194053649902e-01
7.601543226156247002e+00,-7.733503908433664087e+00,2.069903808593750000e+03,1.222910404205322266e+00,3.539230000000000320e+00,7.858687639236450195e-01,5.340214967727661133e-01
7.600345332959030920e+00,-7.709589913479171663e+00,1.565845458984375000e+03,1.331300258636474609e+00,3.539240000000000386e+00,7.938033938407897949e-01,5.054111480712890625e-01
7.599407364321887570e+00,-7.702839175517516956e+00,2.456620361328125000e+03,1.222842454910278320e+00,3.539250000000000451e+00,8.337815403938293457e-01,5.849097371101379395e-01
7.595461846215398438e+00,-7.685428520350355619e+00,2.903834228515625000e+03,1.068789482116699219e+00,3.539260000000000073e+00,9.223591685295104980e-01,6.642557978630065918e-01
7.602121303834009858e+00,-7.665685086403115633e+00,2.328608886718750000e+03,1.364870786666870117e+00,3.539270000000000138e+00,9.887351393699645996e-01,6.871440410614013672e-01
7.592758498225709474e+00,-7.651567435754763835e+00,1.469456542968750000e+03,1.491136074066162109e+00,3.539280000000000204e+00,8.145554065704345703e-01,5.096073746681213379e-01
7.600936622248148034e+00,-7.632260166372056176e+00,1.449297607421875000e+03,1.431533813476562500e+00,3.539290000000000269e+00,8.179123401641845703e-01,5.096836686134338379e-01
7.599644191513050373e+00,-7.618377537025342150e+00,1.650813964843750000e+03,1.133163690567016602e+00,3.539300000000000335e+00,8.099014759063720703e-01,5.228062272071838379e-01
7.599625578267886539e+00,-7.603276147618512226e+00,2.161008544921875000e+03,1.077810049057006836e+00,3.539310000000000400e+00,8.391984701156616211e-01,5.751441121101379395e-01
7.595806084184590468e+00,-7.587381284933354841e+00,2.183198974609375000e+03,1.110451936721801758e+00,3.539320000000000466e+00,8.257706761360168457e-01,5.670568943023681641e-01
7.605969746394729114e+00,-7.568685795380585724e+00,1.857768188476562500e+03,1.275457859039306641e+00,3.539330000000000087e+00,7.050731778144836426e-01,4.681795835494995117e-01
7.602632804588561832e+00,-7.552443523904972977e+00,1.435928344726562500e+03,1.155905246734619141e+00,3.539340000000000153e+00,6.756235957145690918e-01,4.198853373527526855e-01
7.600291281452341785e+00,-7.535335573693466849e+00,2.421059814453125000e+03,8.935553431510925293e-01,3.539350000000000218e+00,8.126480579376220703e-01,5.686590671539306641e-01
7.605424895074942349e+00,-7.516198695253325290e+00,2.208216064453125000e+03,9.674174189567565918e-01,3.539360000000000284e+00,8.145554065704345703e-01,5.605719089508056641e-01
7.604108196729498559e+00,-7.497946878990262576e+00,1.596442260742187500e+03,1.207559823989868164e+00,3.539370000000000349e+00,8.681902885437011719e-01,5.556128025054931641e-01
7.602653555606002200e+00,-7.483590071285384226e+00,1.841337524414062500e+03,1.053781032562255859e+00,3.539380000000000415e+00,1.126369953155517578e+00,7.464246749877929688e-01
7.605157058400780379e+00,-7.462644861837620880e+00,1.410571655273437500e+03,1.479141235351562500e+00,3.539390000000000480e+00,1.034587979316711426e+00,6.396127343177795410e-01
7.602951655618516824e+00,-7.451257263273482145e+00,2.478008300781250000e+03,1.763368368148803711e+00,3.539400000000000102e+00,8.941302895545959473e-01,6.281685829162597656e-01
7.603794581825561671e+00,-7.435354210760520388e+00,1.917470458984375000e+03,1.575197696685791016e+00,3.539410000000000167e+00,9.358632564544677734e-01,6.258034706115722656e-01
7.601725692313294758e+00,-7.420462486891760356e+00,1.753721679687500000e+03,1.598908424377441406e+00,3.539420000000000233e+00,8.724627494812011719e-01,5.716345906257629395e-01
7.602023027319095405e+00,-7.397394599690406025e+00,1.816848632812500000e+03,1.461208581924438477e+00,3.539430000000000298e+00,8.226426243782043457e-01,5.434820055961608887e-01
7.601088152355119476e+00,-7.376622346001851405e+00,1.533031860351562500e+03,1.276508092880249023e+00,3.539440000000000364e+00,7.458143234252929688e-01,4.721468687057495117e-01
7.601087061712116899e+00,-7.367256982122734499e+00,1.271114624023437500e+03,1.017751216888427734e+00,3.539450000000000429e+00,9.090839624404907227e-01,5.440160632133483887e-01
7.601735496871229181e+00,-7.353599507120232026e+00,2.075460937500000000e+03,1.009866714477539062e+00,3.539460000000000495e+00,8.697161674499511719e-01,5.913184881210327148e-01
7.605049665023028815e+00,-7.336931724902567176e+00,3.194849609375000000e+03,1.246441125869750977e+00,3.539470000000000116e+00,8.964191079139709473e-01,6.541086435317993164e-01
7.597428625528163337e+00,-7.317330840258271962e+00,2.165253906250000000e+03,1.470804929733276367e+00,3.539480000000000182e+00,9.068714380264282227e-01,6.217598915100097656e-01
7.601047281074473361e+00,-7.302195133532748628e+00,2.763190185546875000e+03,1.447385072708129883e+00,3.539490000000000247e+00,7.921249270439147949e-01,5.662939548492431641e-01
7.606236541151599972e+00,-7.282751296742365987e+00,1.315438720703125000e+03,1.390574693679809570e+00,3.539500000000000313e+00,8.705554008483886719e-01,5.267735719680786133e-01
7.601093369652844878e+00,-7.268477891042543604e+00,1.779218750000000000e+03,1.426950216293334961e+00,3.539510000000000378e+00,8.890948891639709473e-01,5.845282673835754395e-01
7.605478427216898041e+00,-7.248533605267140523e+00,1.841214599609375000e+03,1.121917486190795898e+00,3.539520000000000444e+00,1.098064780235290527e+00,7.276563048362731934e-01
7.598915270625096419e+00,-7.234850830206976724e+00,1.598413452148437500e+03,1.579416513442993164e+00,3.539530000000000509e+00,9.229695200920104980e-01,5.908607244491577148e-01
7.603636988355687798e+00,-7.214274356360528273e+00,1.919078369140625000e+03,1.637033939361572266e+00,3.539540000000000131e+00,9.417378902435302734e-01,6.298470497131347656e-01
7.603307984425337729e+00,-7.197290572552109467e+00,1.921096679687500000e+03,1.417465925216674805e+00,3.539550000000000196e+00,8.015853762626647949e-01,5.362340211868286133e-01
7.609137919378145654e+00,-7.178901341696891869e+00,3.276584716796875000e+03,1.392740726470947266e+00,3.539560000000000262e+00,1.051067590713500977e+00,7.694655060768127441e-01
7.606596978355428362e+00,-7.164245943843065234e+00,2.136636230468750000e+03,1.231942892074584961e+00,3.539570000000000327e+00,9.768332839012145996e-01,6.679942011833190918e-01
7.601128720863775001e+00,-7.151100146156622372e+00,1.711021362304687500e+03,1.943830966949462891e+00,3.539580000000000393e+00,7.441358566284179688e-01,4.846591353416442871e-01
7.603621739999711693e+00,-7.133945600464779879e+00,1.490846435546875000e+03,1.353322982788085938e+00,3.539590000000000458e+00,7.610731720924377441e-01,4.780978262424468994e-01
7.610430706774658383e+00,-7.115620973082180001e+00,1.738045043945312500e+03,1.027848243713378906e+00,3.539600000000000080e+00,8.224137425422668457e-01,5.376836061477661133e-01
7.603016921680604945e+00,-7.102057119065928070e+00,1.878902099609375000e+03,1.052094221115112305e+00,3.539610000000000145e+00,9.347951412200927734e-01,6.222939491271972656e-01
7.605407573621789652e+00,-7.084306344916036835e+00,1.456768432617187500e+03,1.254801273345947266e+00,3.539620000000000211e+00,8.410295248031616211e-01,5.248662233352661133e-01
7.607328643809320390e+00,-7.067653500160062663e+00,1.528508056640625000e+03,1.303512573242187500e+00,3.539630000000000276e+00,8.986316919326782227e-01,5.684301853179931641e-01
7.603018833602928517e+00,-7.050674377824849515e+00,1.959104614257812500e+03,1.255446195602416992e+00,3.539640000000000342e+00,7.999069094657897949e-01,5.373784303665161133e-01
7.599130356263957609e+00,-7.035888726892641998e+00,2.520667724609375000e+03,1.315937757492065430e+00,3.539650000000000407e+00,7.171276807785034180e-01,5.052585601806640625e-01
7.596657276456182828e+00,-7.023917703545265567e+00,2.024966186523437500e+03,1.226794242858886719e+00,3.539660000000000473e+00,7.574872970581054688e-01,5.124302506446838379e-01
7.601647142101328747e+00,-7.009036428296881560e+00,1.646801635742187500e+03,1.124115705490112305e+00,3.539670000000000094e+00,7.358960509300231934e-01,4.747408926486968994e-01
7.602064230762187513e+00,-6.988947246917352807e+00,1.740309692382812500e+03,1.025001525878906250e+00,3.539680000000000160e+00,8.537706732749938965e-01,5.583593845367431641e-01
7.601834949600800861e+00,-6.971076473240534810e+00,1.359195556640625000e+03,1.034727811813354492e+00,3.539690000000000225e+00,9.102283716201782227e-01,5.564520359039306641e-01
7.598302666068183164e+00,-6.950200990397094714e+00,1.422702026367187500e+03,1.264309406280517578e+00,3.539700000000000291e+00,8.787188529968261719e-01,5.446264147758483887e-01
7.600495894871018621e+00,-6.937154411884458582e+00,1.665668579101562500e+03,1.189126491546630859e+00,3.539710000000000356e+00,9.100757837295532227e-01,5.888007879257202148e-01
7.595509661380282829e+00,-6.921174721552849185e+00,2.167314697265625000e+03,1.349906444549560547e+00,3.539720000000000422e+00,8.608660101890563965e-01,5.903266668319702148e-01
7.598642025191605143e+00,-6.904893562772281612e+00,3.077597900390625000e+03,1.439425468444824219e+00,3.539730000000000487e+00,9.611166715621948242e-01,6.978252530097961426e-01
7.601057030313223883e+00,-6.888993631458428801e+00,1.778711059570312500e+03,1.255605936050415039e+00,3.539740000000000109e+00,7.696180939674377441e-01,5.059452056884765625e-01
7.605039797629585152e+00,-6.870336183545423303e+00,1.651368774414062500e+03,1.378426074981689453e+00,3.539750000000000174e+00,7.975417971611022949e-01,5.148716568946838379e-01
7.603501803639724166e+00,-6.857391668478340918e+00,1.578547851562500000e+03,1.190456867218017578e+00,3.539760000000000240e+00,8.469804525375366211e-01,5.404302477836608887e-01
7.599016060739151257e+00,-6.836619246913317127e+00,1.534815185546875000e+03,1.181842803955078125e+00,3.539770000000000305e+00,7.426862716674804688e-01,4.703158140182495117e-01
7.598539746022573205e+00,-6.829793164602061317e+00,1.249671997070312500e+03,1.012758731842041016e+00,3.539780000000000371e+00,7.767897844314575195e-01,4.622286260128021240e-01
7.603021751138006046e+00,-6.808107937939775312e+00,1.414872924804687500e+03,9.493917822837829590e-01,3.539790000000000436e+00,9.080158472061157227e-01,5.618689060211181641e-01
7.597845536397187516e+00,-6.789300666384489702e+00,2.846357177734375000e+03,1.110777378082275391e+00,3.539800000000000502e+00,8.021194338798522949e-01,5.759833455085754395e-01
7.599932643515151298e+00,-6.778409899491502522e+00,1.608123046875000000e+03,1.273688793182373047e+00,3.539810000000000123e+00,7.161358594894409180e-01,4.591768682003021240e-01
7.599652753298857810e+00,-6.764040802329859936e+00,1.870309814453125000e+03,1.237152338027954102e+00,3.539820000000000189e+00,7.643538117408752441e-01,5.083103775978088379e-01
7.601055099149194305e+00,-6.749625604591066974e+00,1.766211059570312500e+03,1.033670425415039062e+00,3.539830000000000254e+00,7.349805235862731934e-01,4.823703169822692871e-01
7.606282838419117454e+00,-6.726707417786351506e+00,1.364330688476562500e+03,1.163813591003417969e+00,3.539840000000000320e+00,7.311658263206481934e-01,4.475038349628448486e-01
7.597021521989828940e+00,-6.709883365698376068e+00,1.875468627929687500e+03,1.187461137771606445e+00,3.539850000000000385e+00,7.707625031471252441e-01,5.128880143165588379e-01
7.602620888864043636e+00,-6.696790886340626692e+00,1.802252197265625000e+03,1.000744819641113281e+00,3.539860000000000451e+00,8.196671009063720703e-01,5.405065417289733887e-01
7.599901312489155458e+00,-6.676515904887841302e+00,2.197664794921875000e+03,1.074844121932983398e+00,3.539870000000000072e+00,7.416180968284606934e-01,5.099125504493713379e-01
7.604946520149784561e+00,-6.660755508518478862e+00,1.351293090820312500e+03,1.068012237548828125e+00,3.539880000000000138e+00,7.113293409347534180e-01,4.340760707855224609e-01
7.605952367008740111e+00,-6.646546350844221074e+00,1.665066040039062500e+03,1.003744125366210938e+00,3.539890000000000203e+00,9.447133541107177734e-01,6.111549735069274902e-01
7.602189742549942508e+00,-6.630592963640941306e+00,2.399086181640625000e+03,1.076517820358276367e+00,3.539900000000000269e+00,6.825664043426513672e-01,4.768771231174468994e-01
7.598337106533639584e+00,-6.617238479269881068e+00,1.282998535156250000e+03,1.352971315383911133e+00,3.539910000000000334e+00,6.695200800895690918e-01,4.018798768520355225e-01
7.600633496683321333e+00,-6.597919660608217995e+00,1.547874023437500000e+03,8.818525671958923340e-01,3.539920000000000400e+00,6.253457069396972656e-01,3.969207704067230225e-01
7.602024530944351710e+00,-6.575592246045199651e+00,1.732557861328125000e+03,7.517439723014831543e-01,3.539930000000000465e+00,6.605936288833618164e-01,4.315583407878875732e-01
7.605641722586564235e+00,-6.570848993142106131e+00,1.269387451171875000e+03,6.522530913352966309e-01,3.539940000000000087e+00,7.522230148315429688e-01,4.499452710151672363e-01
7.601542976171446142e+00,-6.552241153706229504e+00,1.457039916992187500e+03,8.450180888175964355e-01,3.539950000000000152e+00,7.120159864425659180e-01,4.443757832050323486e-01
7.603501517918893171e+00,-6.533242581394635096e+00,1.675634765625000000e+03,9.275788664817810059e-01,3.539960000000000218e+00,7.370404601097106934e-01,4.775637686252593994e-01
7.604565191095052690e+00,-6.517421434562593596e+00,1.910650634765625000e+03,9.355635046958923340e-01,3.539970000000000283e+00,7.357434630393981934e-01,4.916019141674041748e-01
7.600409407763214276e+00,-6.494514436588112893e+00,1.569191650390625000e+03,1.044030904769897461e+00,3.539980000000000349e+00,7.683210968971252441e-01,4.894656836986541748e-01
7.602058921422757187e+00,-6.476718640120248338e+00,1.675398315429687500e+03,1.014742374420166016e+00,3.539990000000000414e+00,6.995037198066711426e-01,4.532259106636047363e-01
7.603253280450942952e+00,-6.461124512447987023e+00,1.923090698242187500e+03,8.944565653800964355e-01,3.540000000000000480e+00,7.002666592597961426e-01,4.685610532760620117e-01
7.601402227056818006e+00,-6.448455062520801917e+00,1.278806152343750000e+03,9.670609831809997559e-01,3.540010000000000101e+00,7.412366271018981934e-01,4.444520771503448486e-01
7.599672493633218728e+00,-6.427652643596636572e+00,2.556087646484375000e+03,8.434755206108093262e-01,3.540020000000000167e+00,7.558851242065429688e-01,5.337926149368286133e-01
7.601215173994049223e+00,-6.416027151489378078e+00,1.395674560546875000e+03,1.004431962966918945e+00,3.540030000000000232e+00,7.819777727127075195e-01,4.819125533103942871e-01
7.596834818356185792e+00,-6.397868134278545504e+00,2.941651367187500000e+03,1.081219434738159180e+00,3.540040000000000298e+00,8.498033285140991211e-01,6.131386160850524902e-01
7.599712498426521634e+00,-6.378720956775644879e+00,3.097457031250000000e+03,1.095171689987182617e+00,3.540050000000000363e+00,8.514055013656616211e-01,6.187081336975097656e-01
7.598679673295984927e+00,-6.366142266381662473e+00,1.678386718750000000e+03,1.378271102905273438e+00,3.540060000000000429e+00,7.696943879127502441e-01,4.989261627197265625e-01
7.599258512811746691e+00,-6.348875853611573916e+00,2.031886352539062500e+03,1.298132658004760742e+00,3.540070000000000494e+00,8.582720160484313965e-01,5.810187458992004395e-01
7.603686761603645650e+00,-6.329168327866299570e+00,1.745188110351562500e+03,1.209684133529663086e+00,3.540080000000000116e+00,9.489095807075500488e-01,6.209969520568847656e-01
7.598218384423227612e+00,-6.318732057045070682e+00,2.000951049804687500e+03,1.230415821075439453e+00,3.540090000000000181e+00,9.103046655654907227e-01,6.142830252647399902e-01
7.598491554127751790e+00,-6.295467801457204970e+00,1.503196166992187500e+03,1.408062696456909180e+00,3.540100000000000247e+00,8.149368762969970703e-01,5.131168961524963379e-01
7.600605442675915313e+00,-6.278956867843943357e+00,1.662855712890625000e+03,1.560832977294921875e+00,3.540110000000000312e+00,6.720377802848815918e-01,4.346101284027099609e-01
7.598897639878321009e+00,-6.267600159047637121e+00,1.629367065429687500e+03,1.168728590011596680e+00,3.540120000000000378e+00,6.467080712318420410e-01,4.160706102848052979e-01
7.600251914932600883e+00,-6.246100352659419208e+00,1.740239135742187500e+03,9.449118971824645996e-01,3.540130000000000443e+00,6.407571434974670410e-01,4.190461039543151855e-01
7.597243764833236490e+00,-6.227282100980407797e+00,2.096987304687500000e+03,7.814032435417175293e-01,3.540140000000000509e+00,8.728442192077636719e-01,5.946754217147827148e-01
7.595008060974171471e+00,-6.217056945262864787e+00,2.359692382812500000e+03,9.940106272697448730e-01,3.540150000000000130e+00,6.558634042739868164e-01,4.568880200386047363e-01
7.595511217946393501e+00,-6.199380183999828375e+00,1.579227416992187500e+03,1.110474586486816406e+00,3.540160000000000196e+00,8.161575794219970703e-01,5.208225846290588379e-01
7.605293626141919283e+00,-6.178239626170022092e+00,1.549742675781250000e+03,1.144158363342285156e+00,3.540170000000000261e+00,7.784682512283325195e-01,4.942722022533416748e-01
7.598361405070983565e+00,-6.161101599242223337e+00,3.100194580078125000e+03,1.152181148529052734e+00,3.540180000000000327e+00,8.184463977813720703e-01,5.948280096054077148e-01
7.599068392350297962e+00,-6.143790338233745985e+00,1.314662597656250000e+03,1.175693988800048828e+00,3.540190000000000392e+00,7.741194963455200195e-01,4.683321714401245117e-01
7.603359865222341085e+00,-6.130301777469563618e+00,3.323943115234375000e+03,1.168592691421508789e+00,3.540200000000000458e+00,7.584028840065002441e-01,5.562231540679931641e-01
7.601212517468070473e+00,-6.112562302258915281e+00,2.101490478515625000e+03,1.182661771774291992e+00,3.540210000000000079e+00,7.519178390502929688e-01,5.125065445899963379e-01
7.597836241793451073e+00,-6.090458239904371851e+00,1.851916503906250000e+03,1.256248474121093750e+00,3.540220000000000145e+00,8.344681859016418457e-01,5.537053942680358887e-01
7.606416066392259978e+00,-6.073551876276454209e+00,1.426276489257812500e+03,1.134299755096435547e+00,3.540230000000000210e+00,7.383374571800231934e-01,4.579561650753021240e-01
7.599597704003732801e+00,-6.061815177418349521e+00,1.421954956054687500e+03,1.167962074279785156e+00,3.540240000000000276e+00,6.792857050895690918e-01,4.209534525871276855e-01
7.600873736485452170e+00,-6.044669873713151453e+00,2.125263916015625000e+03,8.580703139305114746e-01,3.540250000000000341e+00,6.700541377067565918e-01,4.577272832393646240e-01
7.605134415684487337e+00,-6.034189163671794809e+00,1.444299560546875000e+03,8.227438330650329590e-01,3.540260000000000407e+00,7.314710021018981934e-01,4.553621411323547363e-01
7.598097101411223520e+00,-6.011555570496566858e+00,1.105698730468750000e+03,8.240754008293151855e-01,3.540270000000000472e+00,5.852149128913879395e-01,3.333676755428314209e-01
7.600601349259500594e+00,-5.998398177729932002e+00,1.239906494140625000e+03,8.175284266471862793e-01,3.540280000000000094e+00,6.531168222427368164e-01,3.876128792762756348e-01
7.602461787258853576e+00,-5.981051360015894325e+00,1.400270629882812500e+03,5.388981699943542480e-01,3.540290000000000159e+00,6.137489676475524902e-01,3.786101341247558594e-01
7.605111991975038954e+00,-5.969020844198728248e+00,1.248861572265625000e+03,8.631545901298522949e-01,3.540300000000000225e+00,5.917762517929077148e-01,3.520597517490386963e-01
7.601819661220916124e+00,-5.952129784557334879e+00,1.584152343750000000e+03,6.318563818931579590e-01,3.540310000000000290e+00,6.416726708412170410e-01,4.098144769668579102e-01
7.604367282678317075e+00,-5.934458270551139059e+00,2.041298950195312500e+03,7.311314940452575684e-01,3.540320000000000356e+00,8.008224368095397949e-01,5.426427721977233887e-01
7.606709522966409232e+00,-5.925757400386672202e+00,1.938291381835937500e+03,6.987995505332946777e-01,3.540330000000000421e+00,1.460920214653015137e+00,9.791983962059020996e-01
7.604719093909114491e+00,-5.902126743245696971e+00,2.488152099609375000e+03,1.914041757583618164e+00,3.540340000000000487e+00,1.415830254554748535e+00,9.953727722167968750e-01
7.602347578069781342e+00,-5.884990631656499716e+00,4.778589843750000000e+03,2.891222953796386719e+00,3.540350000000000108e+00,1.004985809326171875e+00,7.658796906471252441e-01
7.605523455087354279e+00,-5.866569411612286622e+00,2.291924072265625000e+03,2.417407751083374023e+00,3.540360000000000174e+00,7.467298507690429688e-01,5.174656510353088379e-01
7.599653150088062858e+00,-5.857218941974044135e+00,1.416260986328125000e+03,1.869898557662963867e+00,3.540370000000000239e+00,7.658796906471252441e-01,4.740542471408843994e-01
7.601964390135088401e+00,-5.832810311105268042e+00,1.483318847656250000e+03,1.165970087051391602e+00,3.540380000000000305e+00,8.167679309844970703e-01,5.123539566993713379e-01
7.600909144268132245e+00,-5.818034567466872531e+00,1.599403442382812500e+03,1.305262565612792969e+00,3.540390000000000370e+00,7.974655032157897949e-01,5.105991959571838379e-01
7.602928148807156283e+00,-5.806931412692979855e+00,1.417722412109375000e+03,1.260710477828979492e+00,3.540400000000000436e+00,7.400159239768981934e-01,4.581850469112396240e-01
7.600803245729304436e+00,-5.789375254707061380e+00,1.515563598632812500e+03,1.174911975860595703e+00,3.540410000000000501e+00,7.812911272048950195e-01,4.930514991283416748e-01
7.604387015431694152e+00,-5.770974412982135426e+00,2.594832031250000000e+03,1.013699293136596680e+00,3.540420000000000122e+00,7.796889543533325195e-01,5.519506335258483887e-01
7.601616465614407403e+00,-5.752687154704464234e+00,1.547060791015625000e+03,1.033290147781372070e+00,3.540430000000000188e+00,8.411058187484741211e-01,5.337926149368286133e-01
7.601029196105416830e+00,-5.745324141106407545e+00,1.654251831054687500e+03,1.167894124984741211e+00,3.540440000000000254e+00,7.253674268722534180e-01,4.684847593307495117e-01
7.596074121907641086e+00,-5.721198909034901803e+00,2.289927490234375000e+03,1.029967784881591797e+00,3.540450000000000319e+00,7.683210968971252441e-01,5.323430299758911133e-01
7.604255719556006987e+00,-5.710064656156433216e+00,2.657567382812500000e+03,8.903426527976989746e-01,3.540460000000000385e+00,1.195873975753784180e+00,8.498033285140991211e-01
7.598129007542826940e+00,-5.690789209129285098e+00,1.969023559570312500e+03,1.528193473815917969e+00,3.540470000000000450e+00,9.659231901168823242e-01,6.496073007583618164e-01
7.598962168994273014e+00,-5.686547111247524100e+00,1.615252197265625000e+03,2.231373310089111328e+00,3.540480000000000071e+00,7.621412873268127441e-01,4.892368018627166748e-01
7.595860663221422726e+00,-5.656512210295094434e+00,1.267827880859375000e+03,1.515802860260009766e+00,3.540490000000000137e+00,7.233074903488159180e-01,4.324738681316375732e-01
7.595766031167708654e+00,-5.641189208906991048e+00,1.160345214843750000e+03,1.003915786743164062e+00,3.540500000000000203e+00,7.340649962425231934e-01,4.256836771965026855e-01
7.600915042927692156e+00,-5.628254212689114411e+00,1.254265625000000000e+03,9.593648314476013184e-01,3.540510000000000268e+00,7.521467208862304688e-01,4.481141865253448486e-01
7.595443148898125330e+00,-5.610053653207105029e+00,1.556805541992187500e+03,9.856123328208923340e-01,3.540520000000000334e+00,7.191876173019409180e-01,4.571932256221771240e-01
7.605507939651499960e+00,-5.588069179373240658e+00,1.690819335937500000e+03,1.045639038085937500e+00,3.540530000000000399e+00,6.297707557678222656e-01,4.089752435684204102e-01
7.597882691438283764e+00,-5.572714832625141668e+00,2.016958129882812500e+03,1.000935554504394531e+00,3.540540000000000465e+00,5.393621325492858887e-01,3.645720183849334717e-01
7.602689604087347952e+00,-5.553076993378437187e+00,1.185299926757812500e+03,7.683128714561462402e-01,3.540550000000000086e+00,6.919505596160888672e-01,4.043213129043579102e-01
7.603105653763501337e+00,-5.539630717864913123e+00,1.240110107421875000e+03,7.697898745536804199e-01,3.540560000000000151e+00,6.634927988052368164e-01,3.937926888465881348e-01
7.609685582808653592e+00,-5.521933098155536790e+00,3.623001220703125000e+03,6.845516562461853027e-01,3.540570000000000217e+00,8.733782768249511719e-01,6.472421288490295410e-01
7.598143459939062261e+00,-5.504099938105322387e+00,2.877690673828125000e+03,9.721512198448181152e-01,3.540580000000000283e+00,8.160049915313720703e-01,5.868934392929077148e-01
7.597842027640175466e+00,-5.493251576606873243e+00,2.122817871093750000e+03,1.226877689361572266e+00,3.540590000000000348e+00,8.574327826499938965e-01,5.855963826179504395e-01
7.602456111934031924e+00,-5.473901255833947488e+00,1.728011474609375000e+03,1.183850288391113281e+00,3.540600000000000414e+00,7.918960452079772949e-01,5.170078873634338379e-01
7.602204669103628021e+00,-5.453845377449856535e+00,2.090562744140625000e+03,1.186079502105712891e+00,3.540610000000000479e+00,8.198196887969970703e-01,5.582067966461181641e-01
7.598957732447082947e+00,-5.444009970439585011e+00,2.070172851562500000e+03,1.277867078781127930e+00,3.540620000000000100e+00,8.440049886703491211e-01,5.735419392585754395e-01
7.603120297907114633e+00,-5.429315780584219375e+00,1.870668212890625000e+03,1.251071214675903320e+00,3.540630000000000166e+00,9.978904724121093750e-01,6.636453866958618164e-01
7.604451259705935939e+00,-5.411299859551705005e+00,1.942677612304687500e+03,1.473856687545776367e+00,3.540640000000000231e+00,8.981738686561584473e-01,6.023048758506774902e-01
7.604431242498021604e+00,-5.391258826632663315e+00,1.627607666015625000e+03,1.599161148071289062e+00,3.540650000000000297e+00,1.028484463691711426e+00,6.615091562271118164e-01
7.604688117828436233e+00,-5.370725109768581973e+00,1.325303222656250000e+03,1.544417858123779297e+00,3.540660000000000363e+00,7.517652511596679688e-01,4.559724926948547363e-01
7.611397677639594406e+00,-5.354644699130747476e+00,1.955620117187500000e+03,1.482936859130859375e+00,3.540670000000000428e+00,6.854655742645263672e-01,4.603212773799896240e-01
7.606792259889020968e+00,-5.338737543684701770e+00,1.467138671875000000e+03,9.580404162406921387e-01,3.540680000000000494e+00,7.603865265846252441e-01,4.755038321018218994e-01
7.604205687102878919e+00,-5.320557630083224687e+00,1.770587036132812500e+03,9.964591860771179199e-01,3.540690000000000115e+00,9.060322046279907227e-01,5.949805974960327148e-01
7.602355423245097832e+00,-5.306002327832638699e+00,1.283697021484375000e+03,1.153687953948974609e+00,3.540700000000000180e+00,7.262066602706909180e-01,4.359834194183349609e-01
7.600095796230676548e+00,-5.292881434169217414e+00,1.540383666992187500e+03,1.251161813735961914e+00,3.540710000000000246e+00,7.956344485282897949e-01,5.043430328369140625e-01
7.605023009455893046e+00,-5.271811560353681259e+00,2.332758789062500000e+03,9.818131327629089355e-01,3.540720000000000312e+00,8.963428139686584473e-01,6.231331825256347656e-01
7.607392560573531526e+00,-5.257001192561013170e+00,1.698900024414062500e+03,1.308222532272338867e+00,3.540730000000000377e+00,6.898143291473388672e-01,4.484956562519073486e-01
7.608554412693266933e+00,-5.238627824026317548e+00,1.692353637695312500e+03,1.186614751815795898e+00,3.540740000000000443e+00,7.911331057548522949e-01,5.138798356056213379e-01
7.603024264603793547e+00,-5.226785590220075939e+00,1.450588745117187500e+03,9.840840697288513184e-01,3.540750000000000508e+00,6.695963740348815918e-01,4.173676073551177979e-01
7.605750771662901144e+00,-5.206690798151832666e+00,1.899915893554687500e+03,1.105939865112304688e+00,3.540760000000000129e+00,6.575418710708618164e-01,4.388062953948974609e-01
7.603724467168719414e+00,-5.186153482154541194e+00,1.947759155273437500e+03,7.566840052604675293e-01,3.540770000000000195e+00,7.542829513549804688e-01,5.060977935791015625e-01
7.598081242822456005e+00,-5.169873884731361890e+00,1.906681396484375000e+03,9.559769034385681152e-01,3.540780000000000260e+00,7.318524718284606934e-01,4.887790381908416748e-01
7.596836145397015905e+00,-5.162011240640746124e+00,1.390091674804687500e+03,9.950274825096130371e-01,3.540790000000000326e+00,6.572366952896118164e-01,4.045501947402954102e-01
7.604990576485701759e+00,-5.144667311573279278e+00,2.357126220703125000e+03,1.016530513763427734e+00,3.540800000000000392e+00,6.980541348457336426e-01,4.861850142478942871e-01
7.606648461453331400e+00,-5.119717782075108303e+00,1.468657592773437500e+03,9.124309420585632324e-01,3.540810000000000457e+00,7.835799455642700195e-01,4.901523292064666748e-01
7.605533198978131182e+00,-5.103221048437319496e+00,1.624323486328125000e+03,9.745723605155944824e-01,3.540820000000000078e+00,8.549150824546813965e-01,5.495855212211608887e-01
7.604563798842606026e+00,-5.086796929260074762e+00,3.346321777343750000e+03,9.410590529441833496e-01,3.540830000000000144e+00,1.026653409004211426e+00,7.535963058471679688e-01
7.605779601417387070e+00,-5.078120747815705549e+00,1.538268066406250000e+03,1.478458166122436523e+00,3.540840000000000209e+00,7.645063996315002441e-01,4.844302535057067871e-01
7.598834732287963689e+00,-5.060244317117617463e+00,1.863086303710937500e+03,1.343764781951904297e+00,3.540850000000000275e+00,8.862720131874084473e-01,5.888770818710327148e-01
7.602622891617564882e+00,-5.039806878061567019e+00,1.801630004882812500e+03,1.232441186904907227e+00,3.540860000000000340e+00,7.510023117065429688e-01,4.951877295970916748e-01
7.596867695151455990e+00,-5.017180079875788401e+00,1.770918212890625000e+03,1.399968385696411133e+00,3.540870000000000406e+00,7.323102355003356934e-01,4.809207320213317871e-01
7.600401687716130894e+00,-5.002385830788568910e+00,1.488421752929687500e+03,1.018999338150024414e+00,3.540880000000000472e+00,6.819560527801513672e-01,4.282014071941375732e-01
7.600059175089803887e+00,-4.993396813089677089e+00,1.174393798828125000e+03,9.651190638542175293e-01,3.540890000000000093e+00,6.695963740348815918e-01,3.899779915809631348e-01
7.602177572976275499e+00,-4.969435222621933157e+00,1.401852539062500000e+03,8.172077536582946777e-01,3.540900000000000158e+00,6.455636620521545410e-01,3.983703553676605225e-01
7.599076931496515641e+00,-4.955043172012043584e+00,1.758820922851562500e+03,7.452029585838317871e-01,3.540910000000000224e+00,7.214001417160034180e-01,4.729861319065093994e-01
7.596271335504078515e+00,-4.941719726450444661e+00,1.869049438476562500e+03,8.489329218864440918e-01,3.540920000000000289e+00,7.786971330642700195e-01,5.177708268165588379e-01
7.601193434591356990e+00,-4.925385074913028127e+00,2.438433349609375000e+03,9.471113085746765137e-01,3.540930000000000355e+00,7.650404572486877441e-01,5.360051393508911133e-01
7.606739457123159021e+00,-4.906224807951429234e+00,1.758956420898437500e+03,1.137828350067138672e+00,3.540940000000000420e+00,6.875255107879638672e-01,4.507845044136047363e-01
7.602428191872165009e+00,-4.896356737197512743e+00,1.553649780273437500e+03,1.017161130905151367e+00,3.540950000000000486e+00,8.021957278251647949e-01,5.096836686134338379e-01
7.605372608074329577e+00,-4.870828322698970148e+00,1.592030029296875000e+03,8.754557967185974121e-01,3.540960000000000107e+00,7.072857022285461426e-01,4.523103833198547363e-01
7.599624914208741089e+00,-4.857099881263009955e+00,1.859787475585937500e+03,1.004027843475341797e+00,3.540970000000000173e+00,8.328660130500793457e-01,5.531713366508483887e-01
7.594399747564544612e+00,-4.841667344221480818e+00,1.832251342773437500e+03,1.084088802337646484e+00,3.540980000000000238e+00,7.551221847534179688e-01,4.998416900634765625e-01
7.602945242453920116e+00,-4.825292040245888536e+00,1.390429199218750000e+03,1.179613590240478516e+00,3.540990000000000304e+00,7.777816057205200195e-01,4.787844717502593994e-01
7.599813317326328033e+00,-4.808190128359459692e+00,1.629641357421875000e+03,1.074859619140625000e+00,3.541000000000000369e+00,8.463701009750366211e-01,5.445501208305358887e-01
7.606101301645646018e+00,-4.793494586730042251e+00,1.584573852539062500e+03,1.138414859771728516e+00,3.541010000000000435e+00,8.983264565467834473e-01,5.737708210945129395e-01
7.599760444383852231e+00,-4.774772310110583007e+00,1.833859375000000000e+03,1.211299419403076172e+00,3.541020000000000501e+00,8.653673529624938965e-01,5.729315876960754395e-01
7.602834040580141561e+00,-4.756322906408248841e+00,1.217679687500000000e+03,1.386643171310424805e+00,3.541030000000000122e+00,8.121140003204345703e-01,4.790133535861968994e-01
7.601462676379883376e+00,-4.744943431768422037e+00,1.812457153320312500e+03,1.244066476821899414e+00,3.541040000000000187e+00,8.109695911407470703e-01,5.354710817337036133e-01
7.601725070818105223e+00,-4.725327715223115455e+00,1.976542236328125000e+03,1.028056859970092773e+00,3.541050000000000253e+00,8.242447972297668457e-01,5.547735691070556641e-01
7.596877809732198727e+00,-4.707215391375102698e+00,1.864122680664062500e+03,1.207762479782104492e+00,3.541060000000000318e+00,7.068279385566711426e-01,4.697054624557495117e-01
7.595447102744337542e+00,-4.696491324476443907e+00,2.668663330078125000e+03,1.073047637939453125e+00,3.541070000000000384e+00,7.510023117065429688e-01,5.340214967727661133e-01
7.595907611083676514e+00,-4.675804806396844704e+00,1.656099487304687500e+03,1.036388397216796875e+00,3.541080000000000449e+00,7.539777755737304688e-01,4.871005415916442871e-01
7.602044779748855063e+00,-4.665425659890360954e+00,2.964164550781250000e+03,1.121044874191284180e+00,3.541090000000000071e+00,8.854327797889709473e-01,6.395364403724670410e-01
7.590103771280452882e+00,-4.637685069282524886e+00,2.939454101562500000e+03,1.129260778427124023e+00,3.541100000000000136e+00,7.353619933128356934e-01,5.305119752883911133e-01
7.595671090656067825e+00,-4.624280042214069297e+00,1.804756103515625000e+03,1.430394172668457031e+00,3.541110000000000202e+00,8.914600014686584473e-01,5.880378484725952148e-01
7.596342682105475141e+00,-4.614762763524390188e+00,1.726469604492187500e+03,1.271072149276733398e+00,3.541120000000000267e+00,8.021194338798522949e-01,5.235692262649536133e-01
7.593575304514982527e+00,-4.597492630799372648e+00,1.598885620117187500e+03,1.195666313171386719e+00,3.541130000000000333e+00,7.727461457252502441e-01,4.947299659252166748e-01
7.597069774660019981e+00,-4.580382344254090299e+00,2.043255249023437500e+03,1.297027587890625000e+00,3.541140000000000398e+00,7.291821837425231934e-01,4.941959083080291748e-01
7.591105352698888531e+00,-4.558283807168680646e+00,1.891794921875000000e+03,1.093986749649047852e+00,3.541150000000000464e+00,8.327897191047668457e-01,5.552313327789306641e-01
7.590672100725274873e+00,-4.545093884863327105e+00,1.836129028320312500e+03,9.822601675987243652e-01,3.541160000000000085e+00,6.541849374771118164e-01,4.332368075847625732e-01
7.595014532125130557e+00,-4.534961154166615493e+00,2.052478515625000000e+03,1.101055860519409180e+00,3.541170000000000151e+00,6.772257685661315918e-01,4.594057500362396240e-01
7.593277163704932775e+00,-4.512161070603221802e+00,1.801413208007812500e+03,8.001751303672790527e-01,3.541180000000000216e+00,7.977706789970397949e-01,5.260106325149536133e-01
7.597446540807843540e+00,-4.499383302653521710e+00,1.575737182617187500e+03,9.788090586662292480e-01,3.541190000000000282e+00,7.175854444503784180e-01,4.576509892940521240e-01
7.604535082536712842e+00,-4.481168131077916783e+00,2.266459716796875000e+03,9.947068095207214355e-01,3.541200000000000347e+00,1.021312832832336426e+00,7.062938809394836426e-01
7.591371191075554137e+00,-4.463648379734421745e+00,1.745886352539062500e+03,1.144259691238403320e+00,3.541210000000000413e+00,9.475362896919250488e-01,6.201577186584472656e-01
7.598811843541156463e+00,-4.452561325689202931e+00,2.022805664062500000e+03,1.537703990936279297e+00,3.541220000000000478e+00,8.007461428642272949e-01,5.415746569633483887e-01
7.602663295337499072e+00,-4.431218407581591912e+00,1.619864624023437500e+03,1.438139200210571289e+00,3.541230000000000100e+00,6.942393779754638672e-01,4.459779560565948486e-01
7.600481422577402668e+00,-4.420009296906243002e+00,1.884452392578125000e+03,1.237648248672485352e+00,3.541240000000000165e+00,7.454328536987304688e-01,4.965610504150390625e-01
7.597105824059728896e+00,-4.398667939819972617e+00,1.842460449218750000e+03,9.646779894828796387e-01,3.541250000000000231e+00,6.956890225410461426e-01,4.610842168331146240e-01
7.598795749209206640e+00,-4.382058871849452864e+00,1.427223388671875000e+03,9.594363570213317871e-01,3.541260000000000296e+00,6.710459589958190918e-01,4.162994921207427979e-01
7.599791382498904291e+00,-4.362267486505417402e+00,1.552667236328125000e+03,1.159475564956665039e+00,3.541270000000000362e+00,6.990459561347961426e-01,4.440706074237823486e-01
7.602790650737237144e+00,-4.349358714378010582e+00,1.297676513671875000e+03,9.139687418937683105e-01,3.541280000000000427e+00,7.350568175315856934e-01,4.428499042987823486e-01
7.600060906286779883e+00,-4.330455983594156066e+00,1.184598510742187500e+03,9.218663573265075684e-01,3.541290000000000493e+00,6.721140742301940918e-01,3.926482796669006348e-01
7.605180984418216106e+00,-4.318120297352679771e+00,1.773968872070312500e+03,8.367819190025329590e-01,3.541300000000000114e+00,7.419995665550231934e-01,4.874820113182067871e-01
7.604039617352790437e+00,-4.299809527480627835e+00,1.884017700195312500e+03,9.479278922080993652e-01,3.541310000000000180e+00,7.905990481376647949e-01,5.266209840774536133e-01
7.607001560313077171e+00,-4.280900800270661222e+00,2.286708984375000000e+03,1.133471250534057617e+00,3.541320000000000245e+00,7.579451203346252441e-01,5.250188112258911133e-01
7.599916506087296852e+00,-4.262547359402560687e+00,1.774869506835937500e+03,1.210299253463745117e+00,3.541330000000000311e+00,7.639723420143127441e-01,5.019779205322265625e-01
7.609789003670162089e+00,-4.244527082041089194e+00,1.299914306640625000e+03,1.264941215515136719e+00,3.541340000000000376e+00,7.289533019065856934e-01,4.394166469573974609e-01
7.600762653299420357e+00,-4.230584748435547660e+00,1.171737548828125000e+03,1.010807275772094727e+00,3.541350000000000442e+00,6.943919658660888672e-01,4.040924310684204102e-01
7.605723935334330221e+00,-4.212375387433924701e+00,1.337050048828125000e+03,9.278518557548522949e-01,3.541360000000000507e+00,6.959941983222961426e-01,4.233185648918151855e-01
7.610482895648647883e+00,-4.192635378946230951e+00,1.526646972656250000e+03,7.808381915092468262e-01,3.541370000000000129e+00,7.152966260910034180e-01,4.523103833198547363e-01
7.603301101888607860e+00,-4.185190982720367714e+00,1.361874755859375000e+03,8.999688029289245605e-01,3.541380000000000194e+00,7.627516388893127441e-01,4.665774106979370117e-01
7.606848797976439869e+00,-4.165669630210540930e+00,1.981775146484375000e+03,9.154588580131530762e-01,3.541390000000000260e+00,7.184246778488159180e-01,4.838199019432067871e-01
7.603511262052522035e+00,-4.149027223030261169e+00,1.886861328125000000e+03,9.676570296287536621e-01,3.541400000000000325e+00,7.111004590988159180e-01,4.738253653049468994e-01
7.603647960376568093e+00,-4.127439416421943008e+00,3.104324951171875000e+03,8.599371314048767090e-01,3.541410000000000391e+00,8.833728432655334473e-01,6.421304345130920410e-01
7.602240652869305393e+00,-4.115705502886883416e+00,2.076504150390625000e+03,1.155874252319335938e+00,3.541420000000000456e+00,9.302175045013427734e-01,6.325173377990722656e-01
7.604092628952888511e+00,-4.095465767898355480e+00,1.822876098632812500e+03,1.335609674453735352e+00,3.541430000000000078e+00,8.193619251251220703e-01,5.417272448539733887e-01
7.600855028231960908e+00,-4.079973203665436365e+00,1.816957519531250000e+03,1.437353610992431641e+00,3.541440000000000143e+00,7.561140060424804688e-01,4.995365142822265625e-01
7.602434112637331154e+00,-4.061483094979805308e+00,2.168638671875000000e+03,1.087215662002563477e+00,3.541450000000000209e+00,9.900321364402770996e-01,6.789805293083190918e-01
7.603231342994510200e+00,-4.049364442037123979e+00,1.720448974609375000e+03,1.301300048828125000e+00,3.541460000000000274e+00,7.117871046066284180e-01,4.642122685909271240e-01
7.601739836454900257e+00,-4.029392372066206818e+00,1.305669799804687500e+03,1.474422931671142578e+00,3.541470000000000340e+00,7.501630783081054688e-01,4.528444409370422363e-01
7.599354367346890626e+00,-4.012685851769751899e+00,2.273306152343750000e+03,9.043378233909606934e-01,3.541480000000000405e+00,8.135635852813720703e-01,5.629370212554931641e-01
7.601068702747737937e+00,-4.005163561663632521e+00,2.959261718750000000e+03,1.036862850189208984e+00,3.541490000000000471e+00,7.918197512626647949e-01,5.717871785163879395e-01
7.597766534607588440e+00,-3.977511519610060553e+00,1.444337402343750000e+03,1.212676286697387695e+00,3.541500000000000092e+00,7.909042239189147949e-01,4.923648536205291748e-01
7.600247997080324502e+00,-3.966340607551249953e+00,1.590418457031250000e+03,1.099856615066528320e+00,3.541510000000000158e+00,7.689314484596252441e-01,4.916019141674041748e-01
7.593836617349355222e+00,-3.944392479534589047e+00,2.405405273437500000e+03,1.000819921493530273e+00,3.541520000000000223e+00,8.064682483673095703e-01,5.636999607086181641e-01
7.598538297333293556e+00,-3.928577084153111798e+00,1.451984741210937500e+03,1.183477163314819336e+00,3.541530000000000289e+00,8.530840277671813965e-01,5.318852663040161133e-01
7.593407546906489003e+00,-3.908721021882421098e+00,1.772124633789062500e+03,1.143397808074951172e+00,3.541540000000000354e+00,7.427625656127929688e-01,4.878634810447692871e-01
7.599659815984098898e+00,-3.903552346442582532e+00,1.514082153320312500e+03,1.100022315979003906e+00,3.541550000000000420e+00,7.683210968971252441e-01,4.847354292869567871e-01
7.591594051603875570e+00,-3.884941055678267308e+00,3.080165771484375000e+03,1.096781015396118164e+00,3.541560000000000485e+00,7.861739397048950195e-01,5.708716511726379395e-01
7.595238891090862587e+00,-3.865399683866331149e+00,1.557065551757812500e+03,1.009983539581298828e+00,3.541570000000000107e+00,8.514055013656616211e-01,5.412694811820983887e-01
7.589468607685422974e+00,-3.851429672922646485e+00,1.444692504882812500e+03,1.317380189895629883e+00,3.541580000000000172e+00,6.163429617881774902e-01,3.837218582630157471e-01
7.582405682664013824e+00,-3.833794108874905238e+00,1.347544677734375000e+03,1.140905141830444336e+00,3.541590000000000238e+00,6.744028925895690918e-01,4.111877977848052979e-01
7.590584053185380320e+00,-3.817438350509706257e+00,1.573896118164062500e+03,7.910591959953308105e-01,3.541600000000000303e+00,7.896072268486022949e-01,5.034275054931640625e-01
7.585981302426854533e+00,-3.802518033006998976e+00,1.834271606445312500e+03,9.208375811576843262e-01,3.541610000000000369e+00,6.879832744598388672e-01,4.555147290229797363e-01
7.592639737909808950e+00,-3.783482839473907067e+00,2.474820312500000000e+03,1.050943851470947266e+00,3.541620000000000434e+00,7.918960452079772949e-01,5.562231540679931641e-01
7.592454460100995561e+00,-3.766759422110620203e+00,1.955597290039062500e+03,1.028869867324829102e+00,3.541630000000000500e+00,7.899886965751647949e-01,5.305119752883911133e-01
7.590422513830636930e+00,-3.750528626120706477e+00,1.089258422851562500e+03,1.269113540649414062e+00,3.541640000000000121e+00,6.821849346160888672e-01,3.863921463489532471e-01
7.588168052216005321e+00,-3.734461041473716492e+00,2.052964599609375000e+03,1.103734493255615234e+00,3.541650000000000187e+00,7.425336837768554688e-01,5.037326812744140625e-01
7.586519494507446559e+00,-3.726162047006165601e+00,1.464249755859375000e+03,9.253377318382263184e-01,3.541660000000000252e+00,6.734110713005065918e-01,4.208771586418151855e-01
7.589119321507751259e+00,-3.705808969118124185e+00,1.816607543945312500e+03,9.701663851737976074e-01,3.541670000000000318e+00,8.367570638656616211e-01,5.527898669242858887e-01
7.588265732786866558e+00,-3.683294965200245130e+00,2.149769531250000000e+03,9.629780650138854980e-01,3.541680000000000383e+00,8.121902942657470703e-01,5.560705661773681641e-01
7.588451035921765175e+00,-3.671705996816188478e+00,1.246330200195312500e+03,1.377201795578002930e+00,3.541690000000000449e+00,6.649424433708190918e-01,3.953185975551605225e-01
7.592991938889475101e+00,-3.654177760848708711e+00,1.617433837890625000e+03,1.125280380249023438e+00,3.541700000000000070e+00,6.498361825942993164e-01,4.172913134098052979e-01
7.585821959379142498e+00,-3.634612260798117056e+00,1.943342285156250000e+03,7.798141837120056152e-01,3.541710000000000136e+00,7.973129153251647949e-01,5.347081422805786133e-01
7.595690656083953662e+00,-3.621364269140817882e+00,1.861768920898437500e+03,9.689802527427673340e-01,3.541720000000000201e+00,6.932475566864013672e-01,4.605501592159271240e-01
7.589675059982378791e+00,-3.604636173602295823e+00,1.199232788085937500e+03,9.166998267173767090e-01,3.541730000000000267e+00,7.022503018379211426e-01,4.120270311832427979e-01
7.596356636242617810e+00,-3.582404925612905355e+00,1.578309570312500000e+03,1.064213037490844727e+00,3.541740000000000332e+00,7.689314484596252441e-01,4.906100928783416748e-01
7.589048350755471795e+00,-3.571377933577480679e+00,2.962347656250000000e+03,8.737129569053649902e-01,3.541750000000000398e+00,1.042064785957336426e+00,7.526044845581054688e-01
7.595483886288154629e+00,-3.549254974717008793e+00,1.584313598632812500e+03,1.310932159423828125e+00,3.541760000000000463e+00,6.847789287567138672e-01,4.373567104339599609e-01
7.591605464263313507e+00,-3.532392057550699516e+00,1.340872192382812500e+03,1.612563848495483398e+00,3.541770000000000085e+00,6.981304287910461426e-01,4.249970316886901855e-01
7.587746130276534551e+00,-3.515849156431923639e+00,2.325525390625000000e+03,9.859687685966491699e-01,3.541780000000000150e+00,6.457162499427795410e-01,4.486482441425323486e-01
7.595703106748009859e+00,-3.497607109111548152e+00,1.579045898437500000e+03,9.868962168693542480e-01,3.541790000000000216e+00,7.541303634643554688e-01,4.812259078025817871e-01
7.597480097901541107e+00,-3.487152706107914835e+00,1.356360717773437500e+03,8.849305510520935059e-01,3.541800000000000281e+00,6.277108192443847656e-01,3.834929764270782471e-01
7.593605359045646708e+00,-3.464626282200222729e+00,1.012073791503906250e+03,1.008126258850097656e+00,3.541810000000000347e+00,5.904029607772827148e-01,3.247464299201965332e-01
7.598643957596948439e+00,-3.450811934783294177e+00,1.407653198242187500e+03,7.163912653923034668e-01,3.541820000000000412e+00,6.274819374084472656e-01,3.876891732215881348e-01
7.596998509294357049e+00,-3.432351669959662566e+00,1.239077270507812500e+03,6.561750769615173340e-01,3.541830000000000478e+00,6.193184852600097656e-01,3.674711883068084717e-01
7.593452962164315423e+00,-3.414869574634619376e+00,1.286372558593750000e+03,6.359059214591979980e-01,3.541840000000000099e+00,7.384137511253356934e-01,4.436128437519073486e-01
7.592103437724052384e+00,-3.409007265626599725e+00,1.520997802734375000e+03,8.384472727775573730e-01,3.541850000000000165e+00,7.384900450706481934e-01,4.665011167526245117e-01
7.593712676136357587e+00,-3.385732262252790559e+00,1.865261718750000000e+03,9.089559912681579590e-01,3.541860000000000230e+00,8.002883791923522949e-01,5.318852663040161133e-01
7.597771429319812420e+00,-3.368610864405779282e+00,1.356242187500000000e+03,9.664971232414245605e-01,3.541870000000000296e+00,8.200485706329345703e-01,5.009860992431640625e-01
7.591894449325559791e+00,-3.353209588666349106e+00,1.667224853515625000e+03,1.117655754089355469e+00,3.541880000000000361e+00,7.387952208518981934e-01,4.780978262424468994e-01
7.598499168736272402e+00,-3.335395323035566850e+00,2.016522460937500000e+03,1.123097658157348633e+00,3.541890000000000427e+00,8.220322728157043457e-01,5.556128025054931641e-01
7.593283096929556386e+00,-3.318774488206270412e+00,1.857608154296875000e+03,1.119794368743896484e+00,3.541900000000000492e+00,9.021412134170532227e-01,5.990241765975952148e-01
7.595750415210861917e+00,-3.305695974327223841e+00,3.059230224609375000e+03,1.444268941879272461e+00,3.541910000000000114e+00,7.995254397392272949e-01,5.800269246101379395e-01
7.594073627767570223e+00,-3.292774799562464327e+00,1.402204345703125000e+03,1.333879947662353516e+00,3.541920000000000179e+00,8.530840277671813965e-01,5.264683961868286133e-01
7.595473076865158824e+00,-3.270578089475882688e+00,1.803406250000000000e+03,1.162951707839965820e+00,3.541930000000000245e+00,7.455091476440429688e-01,4.916782081127166748e-01
7.592458372918269305e+00,-3.256437790016065925e+00,1.793337524414062500e+03,1.236315488815307617e+00,3.541940000000000310e+00,7.481031417846679688e-01,4.927463233470916748e-01
7.590084989437903218e+00,-3.231667760579887361e+00,1.438450073242187500e+03,1.053779840469360352e+00,3.541950000000000376e+00,6.979778409004211426e-01,4.339997768402099609e-01
7.589022105459584999e+00,-3.223223128768130774e+00,1.984209228515625000e+03,9.399062991142272949e-01,3.541960000000000441e+00,8.576616644859313965e-01,5.777381062507629395e-01
7.590567014073631213e+00,-3.203393229054867675e+00,1.665756469726562500e+03,1.012712240219116211e+00,3.541970000000000507e+00,8.936725258827209473e-01,5.781958699226379395e-01
7.584089780557259353e+00,-3.193375697822400383e+00,2.707590087890625000e+03,1.359525442123413086e+00,3.541980000000000128e+00,8.165390491485595703e-01,5.819342732429504395e-01
7.592312605375314050e+00,-3.170026710313238016e+00,1.750704345703125000e+03,1.487739801406860352e+00,3.541990000000000194e+00,7.614546418190002441e-01,4.986972808837890625e-01
7.584838857356163366e+00,-3.158936173362187461e+00,1.155744750976562500e+03,1.255149364471435547e+00,3.542000000000000259e+00,7.726698517799377441e-01,4.474275410175323486e-01
7.590809657539070443e+00,-3.141867560683419658e+00,2.123302490234375000e+03,1.189937114715576172e+00,3.542010000000000325e+00,7.997543215751647949e-01,5.462285876274108887e-01
7.583887904792828039e+00,-3.123418902295831412e+00,2.079199462890625000e+03,1.068815708160400391e+00,3.542020000000000390e+00,7.160595655441284180e-01,4.870242476463317871e-01
7.587486713109382386e+00,-3.110329520830636518e+00,1.966864501953125000e+03,1.170513153076171875e+00,3.542030000000000456e+00,7.025554776191711426e-01,4.723757505416870117e-01
7.584580698128799092e+00,-3.088602729199798169e+00,1.390008544921875000e+03,9.785241484642028809e-01,3.542040000000000077e+00,7.107952237129211426e-01,4.375092983245849609e-01
7.583806605937869705e+00,-3.074248095607035491e+00,1.271782226562500000e+03,9.834439158439636230e-01,3.542050000000000143e+00,7.141522169113159180e-01,4.274384677410125732e-01
7.581150026652691665e+00,-3.053679203494098271e+00,1.998907714843750000e+03,8.560234904289245605e-01,3.542060000000000208e+00,9.108387231826782227e-01,6.145119071006774902e-01
7.581018621148104764e+00,-3.036676098507776977e+00,1.697725585937500000e+03,1.125486612319946289e+00,3.542070000000000274e+00,8.245499730110168457e-01,5.360051393508911133e-01
7.578836941244281533e+00,-3.024019745374998180e+00,1.457832763671875000e+03,1.304417371749877930e+00,3.542080000000000339e+00,7.274274230003356934e-01,4.540651440620422363e-01
7.577393675408381490e+00,-3.010596449942790187e+00,3.542614990234375000e+03,9.917969107627868652e-01,3.542090000000000405e+00,8.560594916343688965e-01,6.327462196350097656e-01
7.581284334599111219e+00,-2.993817998203593511e+00,1.849461791992187500e+03,1.133324623107910156e+00,3.542100000000000470e+00,1.006435394287109375e+00,6.676127314567565918e-01
7.578987492513485691e+00,-2.971853279767683986e+00,2.141247314453125000e+03,1.519282579421997070e+00,3.542110000000000092e+00,6.576944589614868164e-01,4.499452710151672363e-01
7.586579772822740431e+00,-2.957464281949089280e+00,2.090574951171875000e+03,1.485774040222167969e+00,3.542120000000000157e+00,8.018905520439147949e-01,5.459997057914733887e-01
7.582664190628590539e+00,-2.940840779933793669e+00,2.952007812500000000e+03,1.132111072540283203e+00,3.542130000000000223e+00,7.691603302955627441e-01,5.552313327789306641e-01
7.583299179757553965e+00,-2.918205845228667439e+00,1.527194091796875000e+03,1.360485076904296875e+00,3.542140000000000288e+00,7.930404543876647949e-01,5.015201568603515625e-01
7.581188073042500086e+00,-2.907164469586809297e+00,1.476590209960937500e+03,1.214185476303100586e+00,3.542150000000000354e+00,7.465772628784179688e-01,4.677218198776245117e-01
7.582275947227719470e+00,-2.889361025057834986e+00,1.572222900390625000e+03,1.195381402969360352e+00,3.542160000000000419e+00,6.848552227020263672e-01,4.365174770355224609e-01
7.576038925276892932e+00,-2.873694137979348806e+00,1.234230224609375000e+03,9.838349223136901855e-01,3.542170000000000485e+00,5.784247517585754395e-01,3.427518606185913086e-01
7.591280027862505442e+00,-2.849621655887120575e+00,1.535235961914062500e+03,8.239061236381530762e-01,3.542180000000000106e+00,6.110786795616149902e-01,3.870025277137756348e-01
7.581463254200984103e+00,-2.832006579553249193e+00,1.541974853515625000e+03,6.753796935081481934e-01,3.542190000000000172e+00,6.579996347427368164e-01,4.172150194644927979e-01
7.580324208281852272e+00,-2.819504290706948080e+00,1.642894897460937500e+03,7.720918059349060059e-01,3.542200000000000237e+00,6.358743309974670410e-01,4.099670648574829102e-01
7.575466480028817173e+00,-2.803976499133810307e+00,1.654963012695312500e+03,7.665664553642272949e-01,3.542210000000000303e+00,7.069805264472961426e-01,4.566591382026672363e-01
7.586314480655581782e+00,-2.781092956338175881e+00,2.061243652343750000e+03,8.720631003379821777e-01,3.542220000000000368e+00,8.248551487922668457e-01,5.600378513336181641e-01
7.590202861846147897e+00,-2.769193245397326475e+00,1.624549438476562500e+03,1.072501659393310547e+00,3.542230000000000434e+00,9.658468961715698242e-01,6.209206581115722656e-01
7.590980074202565930e+00,-2.750901216027867413e+00,1.563029907226562500e+03,1.285848140716552734e+00,3.542240000000000499e+00,8.193619251251220703e-01,5.214329361915588379e-01
7.589601745768177032e+00,-2.734390257793891443e+00,1.184906127929687500e+03,1.298332929611206055e+00,3.542250000000000121e+00,7.228497266769409180e-01,4.223267436027526855e-01
7.591409093261013652e+00,-2.714316724274490777e+00,2.418677001953125000e+03,1.019036293029785156e+00,3.542260000000000186e+00,7.338361144065856934e-01,5.134220719337463379e-01
7.592650233662740611e+00,-2.696807185932932782e+00,1.419528564453125000e+03,9.751588702201843262e-01,3.542270000000000252e+00,6.823375225067138672e-01,4.226319193840026855e-01
7.592538191534247360e+00,-2.684924366287296582e+00,2.388239990234375000e+03,1.003113508224487305e+00,3.542280000000000317e+00,7.407025694847106934e-01,5.170841813087463379e-01
7.599100120496448341e+00,-2.667220488932676936e+00,1.080458251953125000e+03,8.441526293754577637e-01,3.542290000000000383e+00,6.872966289520263672e-01,3.880706429481506348e-01
7.594927237911796247e+00,-2.648622994100993111e+00,1.142321411132812500e+03,9.542352557182312012e-01,3.542300000000000448e+00,5.714057087898254395e-01,3.294766545295715332e-01
7.596687595214324240e+00,-2.634324785161837656e+00,1.699918823242187500e+03,7.194561362266540527e-01,3.542310000000000070e+00,6.845500469207763672e-01,4.451387226581573486e-01
7.597301697214266625e+00,-2.618857609134994213e+00,2.475122314453125000e+03,6.475371718406677246e-01,3.542320000000000135e+00,7.047680020332336426e-01,4.950351417064666748e-01
7.598309081766719153e+00,-2.598345038876559876e+00,1.721148315429687500e+03,8.803541064262390137e-01,3.542330000000000201e+00,8.154709339141845703e-01,5.318852663040161133e-01
7.584398217623077088e+00,-2.576531194620768073e+00,1.639581665039062500e+03,9.503275752067565918e-01,3.542340000000000266e+00,7.622938752174377441e-01,4.912204444408416748e-01
7.597192491528822700e+00,-2.566528677142356774e+00,2.055359619140625000e+03,9.632403254508972168e-01,3.542350000000000332e+00,7.281903624534606934e-01,4.941196143627166748e-01
7.590390418173291742e+00,-2.549946282140272746e+00,1.532986572265625000e+03,1.085440635681152344e+00,3.542360000000000397e+00,7.320813536643981934e-01,4.634493291378021240e-01
7.595788957118869256e+00,-2.533330761931962716e+00,1.454751098632812500e+03,1.053419828414916992e+00,3.542370000000000463e+00,6.058143973350524902e-01,3.779234886169433594e-01
7.587209900330249113e+00,-2.513769631249160419e+00,1.505964111328125000e+03,9.398562312126159668e-01,3.542380000000000084e+00,7.216290235519409180e-01,4.545992016792297363e-01
7.591789886983037583e+00,-2.496264982927177467e+00,1.801465209960937500e+03,8.641178011894226074e-01,3.542390000000000150e+00,6.660868525505065918e-01,4.391877651214599609e-01
7.587168969173960775e+00,-2.486994599271528106e+00,1.386493896484375000e+03,8.936185240745544434e-01,3.542400000000000215e+00,6.599832773208618164e-01,4.059234857559204102e-01
7.590183415249953214e+00,-2.467314902962155720e+00,1.084245849609375000e+03,8.836526274681091309e-01,3.542410000000000281e+00,6.967571377754211426e-01,3.939452767372131348e-01
7.585282472775539020e+00,-2.451494700637523394e+00,1.526097290039062500e+03,8.439249396324157715e-01,3.542420000000000346e+00,8.655962347984313965e-01,5.472967028617858887e-01
7.591902784448304686e+00,-2.435858392503237546e+00,1.575521362304687500e+03,9.840185046195983887e-01,3.542430000000000412e+00,9.007679224014282227e-01,5.744574666023254395e-01
7.582007336744166714e+00,-2.417043788055182052e+00,1.745915649414062500e+03,1.186359643936157227e+00,3.542440000000000477e+00,8.850513100624084473e-01,5.792639851570129395e-01
7.584871350851498661e+00,-2.407100375571876505e+00,1.306729370117187500e+03,1.472829103469848633e+00,3.542450000000000099e+00,6.593729257583618164e-01,3.981414735317230225e-01
7.587295039046668244e+00,-2.384149110857790799e+00,1.433124633789062500e+03,1.237912893295288086e+00,3.542460000000000164e+00,6.089424490928649902e-01,3.782286643981933594e-01
7.582083186241499462e+00,-2.368382708552868809e+00,1.321984008789062500e+03,8.509570956230163574e-01,3.542470000000000230e+00,6.023048758506774902e-01,3.650297820568084717e-01
7.580521674830908552e+00,-2.360271725753934291e+00,1.481339599609375000e+03,7.380873560905456543e-01,3.542480000000000295e+00,5.537816882133483887e-01,3.472532033920288086e-01
7.585659418447833424e+00,-2.344308830996752580e+00,1.514843139648437500e+03,6.855756640434265137e-01,3.542490000000000361e+00,6.917979717254638672e-01,4.365174770355224609e-01
7.582980490950994579e+00,-2.320760337451769573e+00,1.181585693359375000e+03,6.184155344963073730e-01,3.542500000000000426e+00,7.214764356613159180e-01,4.211060404777526855e-01
7.575255254256814119e+00,-2.299724856930979389e+00,1.757054809570312500e+03,9.342605471611022949e-01,3.542510000000000492e+00,5.656073093414306641e-01,3.707518279552459717e-01
7.582670800904558916e+00,-2.289217868974356751e+00,1.499358642578125000e+03,7.660633921623229980e-01,3.542520000000000113e+00,7.156018018722534180e-01,4.502504467964172363e-01
7.582063031867193992e+00,-2.275034499087601692e+00,2.543102050781250000e+03,8.127529025077819824e-01,3.542530000000000179e+00,6.255745887756347656e-01,4.414002895355224609e-01
7.579193001596415513e+00,-2.255326040394507903e+00,1.633403442382812500e+03,1.007860422134399414e+00,3.542540000000000244e+00,7.149151563644409180e-01,4.602449834346771240e-01
7.579527729630318511e+00,-2.243067430994032829e+00,2.171410400390625000e+03,8.401936888694763184e-01,3.542550000000000310e+00,7.510023117065429688e-01,5.151768326759338379e-01
7.586204246541633722e+00,-2.225780678962114845e+00,1.490447509765625000e+03,1.047106504440307617e+00,3.542560000000000375e+00,6.723429560661315918e-01,4.223267436027526855e-01
7.575816765705037703e+00,-2.206468838225537077e+00,1.180601806640625000e+03,9.377283453941345215e-01,3.542570000000000441e+00,7.805281877517700195e-01,4.554384350776672363e-01
7.586923679194535808e+00,-2.191607589159370484e+00,1.532911621093750000e+03,9.312874674797058105e-01,3.542580000000000506e+00,7.281140685081481934e-01,4.609316289424896240e-01
7.580857673410366537e+00,-2.177219370338113524e+00,2.600439697265625000e+03,1.080263376235961914e+00,3.542590000000000128e+00,1.022686123847961426e+00,7.242230176925659180e-01
7.587872217440089884e+00,-2.158895660922528936e+00,1.437682006835937500e+03,1.212164878845214844e+00,3.542600000000000193e+00,7.699995636940002441e-01,4.787081778049468994e-01
7.581132897789056635e+00,-2.143076609465438320e+00,1.416266113281250000e+03,1.534255266189575195e+00,3.542610000000000259e+00,7.264355421066284180e-01,4.496400952339172363e-01
7.588319817494792119e+00,-2.126867872875394028e+00,1.638607666015625000e+03,1.175629615783691406e+00,3.542620000000000324e+00,7.157543897628784180e-01,4.611605107784271240e-01
7.578603005488750100e+00,-2.115659286120965543e+00,1.364665283203125000e+03,1.021095037460327148e+00,3.542630000000000390e+00,6.879832744598388672e-01,4.211060404777526855e-01
7.590335977806525136e+00,-2.104741448021547612e+00,2.532631835937500000e+03,1.004142284393310547e+00,3.542640000000000455e+00,9.813346266746520996e-01,6.919505596160888672e-01
7.584570138266102823e+00,-2.094851889440963344e+00,2.010046630859375000e+03,9.316129088401794434e-01,3.542650000000000077e+00,8.845935463905334473e-01,5.974982976913452148e-01
7.598908263230922167e+00,-2.086156974493398319e+00,1.556606323242187500e+03,1.663041830062866211e+00,3.542660000000000142e+00,1.637655794620513916e-01,1.041034832596778870e-01
7.588069929904707855e+00,-2.080029383697956202e+00,-1.904686523437500000e+04,1.176533222198486328e+00,3.542670000000000208e+00,7.137326151132583618e-02,6.069206446409225464e-02
7.589853974434019435e+00,-2.077364085205222644e+00,-1.663653686523437500e+03,3.807574808597564697e-01,3.542680000000000273e+00,4.802722111344337463e-02,5.138416960835456848e-02
