# x_coordinates, y_coordinates, TEP, TED, times, high, low
1.563083698028429680e+01,-9.806707251223025779e+00,1.718987426757812500e+03,5.515736937522888184e-01,3.610820000000000363e+00,8.913074135780334473e-01,5.811713337898254395e-01
1.562714750704933664e+01,-9.811693534545344875e+00,1.195664184570312500e+03,1.695026874542236328e+00,3.610830000000000428e+00,6.713511347770690918e-01,3.934875130653381348e-01
1.563515462735905892e+01,-9.819712292350551763e+00,1.611941284179687500e+03,9.869212508201599121e-01,3.610840000000000494e+00,7.203320264816284180e-01,4.621523320674896240e-01
1.563692590313292463e+01,-9.820315551191184156e+00,1.595274291992187500e+03,6.692034602165222168e-01,3.610850000000000115e+00,8.888660073280334473e-01,5.687353610992431641e-01
1.562785638304989888e+01,-9.820944904618425397e+00,1.272911376953125000e+03,8.225054144859313965e-01,3.610860000000000181e+00,8.806262016296386719e-01,5.272313356399536133e-01
1.563474392045037042e+01,-9.816288007694350171e+00,2.099183349609375000e+03,1.037600755691528320e+00,3.610870000000000246e+00,1.210217356681823730e+00,8.247025609016418457e-01
1.563466385989423912e+01,-9.819703055174791473e+00,1.500273437500000000e+03,1.003185033798217773e+00,3.610880000000000312e+00,1.143688797950744629e+00,7.197216749191284180e-01
1.563724933356350455e+01,-9.813376936500503689e+00,1.634540405273437500e+03,1.783186912536621094e+00,3.610890000000000377e+00,9.730948209762573242e-01,6.265664100646972656e-01
1.564108243541894794e+01,-9.806428468514875263e+00,1.743370605468750000e+03,1.435859918594360352e+00,3.610900000000000443e+00,1.094326376914978027e+00,7.159832715988159180e-01
1.563671704564126408e+01,-9.803388089992367327e+00,1.448219726562500000e+03,1.275653362274169922e+00,3.610910000000000508e+00,1.070598840713500977e+00,6.670023798942565918e-01
1.563187247042615624e+01,-9.793469820733422537e+00,2.472191894531250000e+03,1.346132278442382812e+00,3.610920000000000130e+00,1.007579803466796875e+00,7.075908780097961426e-01
1.564038853469953594e+01,-9.780255203816224707e+00,1.462824462890625000e+03,1.374065399169921875e+00,3.610930000000000195e+00,9.209858775138854980e-01,5.754492878913879395e-01
1.564295462697032946e+01,-9.772034989518935788e+00,1.486960693359375000e+03,1.292817115783691406e+00,3.610940000000000261e+00,1.012004852294921875e+00,6.352639794349670410e-01
1.563639981161634829e+01,-9.756278038396295926e+00,1.504605102539062500e+03,1.333010911941528320e+00,3.610950000000000326e+00,1.019329190254211426e+00,6.419778466224670410e-01
1.564547226823968629e+01,-9.739291308707974437e+00,1.352238281250000000e+03,1.345427751541137695e+00,3.610960000000000392e+00,9.392964839935302734e-01,5.733130574226379395e-01
1.564896689869286739e+01,-9.727554741097010904e+00,1.307635253906250000e+03,1.335113763809204102e+00,3.610970000000000457e+00,1.042369961738586426e+00,6.295418739318847656e-01
1.564396592288454180e+01,-9.708436094616207157e+00,1.867368896484375000e+03,1.230133295059204102e+00,3.610980000000000079e+00,1.047634363174438477e+00,6.964519619941711426e-01
1.563929662449206859e+01,-9.690889028573886677e+00,1.774246337890625000e+03,1.568047523498535156e+00,3.610990000000000144e+00,9.571493268013000488e-01,6.288552284240722656e-01
1.564374887886149779e+01,-9.681180828074726463e+00,1.599990844726562500e+03,1.332233667373657227e+00,3.611000000000000210e+00,1.093944907188415527e+00,7.004955410957336426e-01
1.564701374519247423e+01,-9.660278196875797363e+00,1.648752197265625000e+03,1.406747817993164062e+00,3.611010000000000275e+00,8.485826253890991211e-01,5.476018786430358887e-01
1.564216725819509435e+01,-9.642791711476684569e+00,1.414704223632812500e+03,1.319698810577392578e+00,3.611020000000000341e+00,9.277760386466979980e-01,5.740759968757629395e-01
1.565013992430835721e+01,-9.624892754541569673e+00,1.272358398437500000e+03,1.238816499710083008e+00,3.611030000000000406e+00,8.152420520782470703e-01,4.880160689353942871e-01
1.564945769140405574e+01,-9.607273996953848538e+00,1.207614013671875000e+03,1.173828363418579102e+00,3.611040000000000472e+00,9.423482418060302734e-01,5.542394518852233887e-01
1.564690304678123844e+01,-9.590188831331371233e+00,1.786365966796875000e+03,8.344883322715759277e-01,3.611050000000000093e+00,9.589803814888000488e-01,6.310677528381347656e-01
1.564454786436380473e+01,-9.575566963141223908e+00,1.828562133789062500e+03,1.262881278991699219e+00,3.611060000000000159e+00,9.769858717918395996e-01,6.464028954505920410e-01
1.565044106041176519e+01,-9.558672170362354947e+00,1.747128051757812500e+03,1.284759759902954102e+00,3.611070000000000224e+00,1.078609824180603027e+00,7.060649991035461426e-01
1.564647368641480085e+01,-9.553854803923535144e+00,2.191638183593750000e+03,1.415782690048217773e+00,3.611080000000000290e+00,1.067852258682250977e+00,7.338361144065856934e-01
1.564577292637846817e+01,-9.540663441025426295e+00,1.275089233398437500e+03,1.413858652114868164e+00,3.611090000000000355e+00,9.981956481933593750e-01,5.979560613632202148e-01
1.564357172404684526e+01,-9.521828127428483057e+00,1.969989746093750000e+03,1.392106533050537109e+00,3.611100000000000421e+00,9.116016626358032227e-01,6.131386160850524902e-01
1.564524177790535653e+01,-9.511216109013147957e+00,1.402194213867187500e+03,1.511948823928833008e+00,3.611110000000000486e+00,1.078457236289978027e+00,6.655527949333190918e-01
1.565256244717573963e+01,-9.500450521964523887e+00,1.454732666015625000e+03,1.208382368087768555e+00,3.611120000000000108e+00,1.050991296768188477e+00,6.556345224380493164e-01
1.564054121842993794e+01,-9.485486767378315420e+00,1.415145996093750000e+03,1.360244274139404297e+00,3.611130000000000173e+00,1.147884964942932129e+00,7.103374600410461426e-01
1.564682998067379138e+01,-9.472287657375664693e+00,2.044450195312500000e+03,1.458272457122802734e+00,3.611140000000000239e+00,1.298413515090942383e+00,8.800921440124511719e-01
1.564788570556429903e+01,-9.459644871422156598e+00,1.424712402343750000e+03,1.839257001876831055e+00,3.611150000000000304e+00,1.271481633186340332e+00,7.883864641189575195e-01
1.563797911095388038e+01,-9.445647625487206156e+00,4.305400878906250000e+03,2.008764266967773438e+00,3.611160000000000370e+00,1.638990879058837891e+00,1.237072944641113281e+00
1.564629320021282588e+01,-9.427393289674929733e+00,1.642334594726562500e+03,2.349328517913818359e+00,3.611170000000000435e+00,1.102566123008728027e+00,7.107952237129211426e-01
1.564652501034575671e+01,-9.418428077610334626e+00,2.334491455078125000e+03,2.516685247421264648e+00,3.611180000000000501e+00,1.215100169181823730e+00,8.448442220687866211e-01
1.563899476039297376e+01,-9.402986026201496372e+00,1.702674072265625000e+03,1.608261585235595703e+00,3.611190000000000122e+00,1.117748737335205078e+00,7.271222472190856934e-01
1.563767326196683705e+01,-9.384567549654832419e+00,1.493965576171875000e+03,2.108243227005004883e+00,3.611200000000000188e+00,1.009334564208984375e+00,6.344247460365295410e-01
1.563811952548423179e+01,-9.371805064911475469e+00,1.515965087890625000e+03,1.672496318817138672e+00,3.611210000000000253e+00,1.077770471572875977e+00,6.802012920379638672e-01
1.563284411836544940e+01,-9.360200664363194534e+00,1.470341430664062500e+03,1.453704357147216797e+00,3.611220000000000319e+00,9.943809509277343750e-01,6.222176551818847656e-01
1.564545640913918589e+01,-9.348900053842079672e+00,2.092196777343750000e+03,1.379057884216308594e+00,3.611230000000000384e+00,9.894217848777770996e-01,6.737925410270690918e-01
1.564522580669002494e+01,-9.326265888318836517e+00,1.399246337890625000e+03,1.414484500885009766e+00,3.611240000000000450e+00,9.849967360496520996e-01,6.074928641319274902e-01
1.564089931745348849e+01,-9.313408819637304603e+00,4.743245117187500000e+03,1.411484003067016602e+00,3.611250000000000515e+00,9.872092604637145996e-01,7.518415451049804688e-01
1.563570338687389594e+01,-9.297340984507286521e+00,1.548612548828125000e+03,1.287286996841430664e+00,3.611260000000000137e+00,8.983264565467834473e-01,5.702612400054931641e-01
1.563704617243653772e+01,-9.279827707408692561e+00,1.692356201171875000e+03,1.375709295272827148e+00,3.611270000000000202e+00,9.694327116012573242e-01,6.296944618225097656e-01
1.564209721754442839e+01,-9.265029450392598065e+00,1.669880249023437500e+03,1.093568325042724609e+00,3.611280000000000268e+00,1.246075630187988281e+00,8.066971302032470703e-01
1.564120906534513722e+01,-9.247108141310897977e+00,1.180328735351562500e+03,1.645785093307495117e+00,3.611290000000000333e+00,1.041072964668273926e+00,6.074165701866149902e-01
1.564266548858698336e+01,-9.227164251531128514e+00,1.533472534179687500e+03,1.696199893951416016e+00,3.611300000000000399e+00,8.211930394172668457e-01,5.199070572853088379e-01
1.563762251869284547e+01,-9.212622596408511555e+00,1.249895385742187500e+03,1.532223939895629883e+00,3.611310000000000464e+00,7.793074846267700195e-01,4.637545049190521240e-01
1.563897507630840167e+01,-9.192657268199692311e+00,9.899003295898437500e+02,1.019116163253784180e+00,3.611320000000000086e+00,7.783156633377075195e-01,4.241577982902526855e-01
1.563355652193997614e+01,-9.176155754815651377e+00,1.343034912109375000e+03,7.999450564384460449e-01,3.611330000000000151e+00,7.384900450706481934e-01,4.497926831245422363e-01
1.564402990852295439e+01,-9.159630780593984056e+00,1.311821899414062500e+03,7.613736987113952637e-01,3.611340000000000217e+00,8.180649280548095703e-01,4.945773780345916748e-01
1.563460766544144853e+01,-9.140877320056723931e+00,1.138078491210937500e+03,9.108669161796569824e-01,3.611350000000000282e+00,8.525499701499938965e-01,4.909152686595916748e-01
1.563321919158964590e+01,-9.131491649001933553e+00,1.410531616210937500e+03,9.384292960166931152e-01,3.611360000000000348e+00,1.226620554924011230e+00,7.583265900611877441e-01
1.564431379957768975e+01,-9.120327356901524851e+00,1.448235839843750000e+03,1.214230775833129883e+00,3.611370000000000413e+00,9.849967360496520996e-01,6.136726737022399902e-01
1.563653885018540102e+01,-9.100076378645379549e+00,1.529895507812500000e+03,1.527237415313720703e+00,3.611380000000000479e+00,9.656943082809448242e-01,6.110023856163024902e-01
1.563465162326421698e+01,-9.086897836848958576e+00,1.474979980468750000e+03,1.184163808822631836e+00,3.611390000000000100e+00,8.658251166343688965e-01,5.422613024711608887e-01
1.563895876574068744e+01,-9.071767082748380062e+00,1.410040161132812500e+03,1.166419506072998047e+00,3.611400000000000166e+00,9.990348815917968750e-01,6.175637245178222656e-01
1.564358992975130569e+01,-9.055270733497231106e+00,1.604590942382812500e+03,1.120316505432128906e+00,3.611410000000000231e+00,9.775199294090270996e-01,6.264138221740722656e-01
1.563775557172512265e+01,-9.045124233615283060e+00,1.742912597656250000e+03,1.248746633529663086e+00,3.611420000000000297e+00,1.004833221435546875e+00,6.573892831802368164e-01
1.563403418384979915e+01,-9.029110225549354496e+00,1.495649291992187500e+03,1.253400564193725586e+00,3.611430000000000362e+00,9.280812144279479980e-01,5.835364460945129395e-01
1.564149917996127748e+01,-9.017021223097554383e+00,2.085525878906250000e+03,1.277576208114624023e+00,3.611440000000000428e+00,9.692038297653198242e-01,6.596018075942993164e-01
1.563687325053853705e+01,-9.001925754561629134e+00,2.699456054687500000e+03,1.137943983078002930e+00,3.611450000000000493e+00,1.144222855567932129e+00,8.150894641876220703e-01
1.563338119446848751e+01,-8.981336347525303410e+00,1.492490722656250000e+03,1.404624700546264648e+00,3.611460000000000115e+00,1.292386174201965332e+00,8.121140003204345703e-01
1.563343483955305402e+01,-8.971127889161971680e+00,1.692543457031250000e+03,1.667369127273559570e+00,3.611470000000000180e+00,1.009105682373046875e+00,6.554819345474243164e-01
1.563399859321829943e+01,-8.955287758066589276e+00,2.176922607421875000e+03,1.760106801986694336e+00,3.611480000000000246e+00,1.101803183555603027e+00,7.561902999877929688e-01
1.562965766350561658e+01,-8.938520715774865621e+00,2.371474365234375000e+03,1.280439615249633789e+00,3.611490000000000311e+00,1.350674986839294434e+00,9.417378902435302734e-01
1.563575273791589382e+01,-8.922249287639365534e+00,2.491334228515625000e+03,1.958410263061523438e+00,3.611500000000000377e+00,1.219143748283386230e+00,8.572801947593688965e-01
1.564064237662536705e+01,-8.903982360902627846e+00,2.020598388671875000e+03,2.068633556365966797e+00,3.611510000000000442e+00,1.353345274925231934e+00,9.151112437248229980e-01
1.563311978445506156e+01,-8.892754975584528765e+00,1.829911010742187500e+03,2.168280601501464844e+00,3.611520000000000508e+00,1.133388996124267578e+00,7.500104904174804688e-01
1.563111890044069696e+01,-8.875952439107219760e+00,1.406697265625000000e+03,2.046057701110839844e+00,3.611530000000000129e+00,1.177716016769409180e+00,7.275037169456481934e-01
1.563809477050832086e+01,-8.858182744413385379e+00,1.203369262695312500e+03,1.612581729888916016e+00,3.611540000000000195e+00,1.098446249961853027e+00,6.452584862709045410e-01
1.563509109561207566e+01,-8.844932566775941751e+00,1.468076904296875000e+03,1.686665534973144531e+00,3.611550000000000260e+00,1.111797809600830078e+00,6.953838467597961426e-01
1.563666011402443878e+01,-8.826635107325444096e+00,2.202187500000000000e+03,1.445092678070068359e+00,3.611560000000000326e+00,1.253552436828613281e+00,8.622393012046813965e-01
1.563277943523065083e+01,-8.810497800254113443e+00,3.158152343750000000e+03,1.748340845108032227e+00,3.611570000000000391e+00,1.386914730072021484e+00,1.010478973388671875e+00
1.563188701600458330e+01,-8.793971128969108264e+00,2.330690185546875000e+03,2.123974084854125977e+00,3.611580000000000457e+00,1.177258253097534180e+00,8.182938098907470703e-01
1.563439173347299871e+01,-8.786410091237490505e+00,1.810331298828125000e+03,2.138462781906127930e+00,3.611590000000000078e+00,1.029171109199523926e+00,6.793619990348815918e-01
1.563632186752344211e+01,-8.765660359107586785e+00,1.542276367187500000e+03,1.773415327072143555e+00,3.611600000000000144e+00,9.710348844528198242e-01,6.157326102256774902e-01
1.563745308971481585e+01,-8.746609135185035910e+00,1.577697631835937500e+03,1.426398277282714844e+00,3.611610000000000209e+00,9.852256178855895996e-01,6.285500526428222656e-01
1.563132268691085436e+01,-8.732151840197227344e+00,1.628938598632812500e+03,1.210537672042846680e+00,3.611620000000000275e+00,1.104168295860290527e+00,7.103374600410461426e-01
1.563084074631925446e+01,-8.719159424415185100e+00,1.521654418945312500e+03,1.392063617706298828e+00,3.611630000000000340e+00,9.936943054199218750e-01,6.277871131896972656e-01
1.563759510856490031e+01,-8.703978649364147557e+00,2.688581298828125000e+03,1.429155588150024414e+00,3.611640000000000406e+00,1.121792316436767578e+00,7.986099123954772949e-01
1.563443956281129488e+01,-8.687260882027169728e+00,1.433730712890625000e+03,1.457068443298339844e+00,3.611650000000000471e+00,1.052974939346313477e+00,6.541086435317993164e-01
1.563054289929660179e+01,-8.671253948010331669e+00,1.496141967773437500e+03,1.477806091308593750e+00,3.611660000000000093e+00,9.939994812011718750e-01,6.250405311584472656e-01
1.564013847063525731e+01,-8.655687942790875056e+00,1.739636718750000000e+03,1.310871362686157227e+00,3.611670000000000158e+00,1.153225541114807129e+00,7.541303634643554688e-01
1.564099862730954804e+01,-8.643689936336611979e+00,2.182936767578125000e+03,1.421380758285522461e+00,3.611680000000000224e+00,1.131329059600830078e+00,7.768660783767700195e-01
1.563634620417999699e+01,-8.620412039449139030e+00,1.867583984375000000e+03,1.682695865631103516e+00,3.611690000000000289e+00,1.111874103546142578e+00,7.391766905784606934e-01
1.563456305121148127e+01,-8.607641760453633495e+00,1.758553100585937500e+03,1.780831336975097656e+00,3.611700000000000355e+00,1.106838583946228027e+00,7.256726026535034180e-01
1.563337464598849103e+01,-8.598096535559230702e+00,1.948537475585937500e+03,1.708628654479980469e+00,3.611710000000000420e+00,1.170467972755432129e+00,7.854110002517700195e-01
1.563723914720256580e+01,-8.579096192623749673e+00,2.062811035156250000e+03,1.711698293685913086e+00,3.611720000000000486e+00,1.101116538047790527e+00,7.477216720581054688e-01
1.563596443925193924e+01,-8.557726926609268148e+00,1.943382202148437500e+03,1.673278331756591797e+00,3.611730000000000107e+00,1.385465145111083984e+00,9.291493296623229980e-01
1.563928007753092331e+01,-8.546323760123518909e+00,1.552154785156250000e+03,1.831795692443847656e+00,3.611740000000000173e+00,1.318402528762817383e+00,8.374437093734741211e-01
1.563969836063923502e+01,-8.536838898082949711e+00,3.095327636718750000e+03,2.200958251953125000e+00,3.611750000000000238e+00,1.371121883392333984e+00,9.962882995605468750e-01
1.563855999057232360e+01,-8.517193657940344664e+00,2.353732666015625000e+03,2.361117124557495117e+00,3.611760000000000304e+00,1.404080986976623535e+00,9.776725172996520996e-01
1.564782372317352177e+01,-8.497270163915287000e+00,2.478910888671875000e+03,2.330965518951416016e+00,3.611770000000000369e+00,1.329846739768981934e+00,9.343373775482177734e-01
1.564179625795425643e+01,-8.485463741187778908e+00,1.981193237304687500e+03,2.237511396408081055e+00,3.611780000000000435e+00,1.115459918975830078e+00,7.511548995971679688e-01
1.563981381355458389e+01,-8.467432519489754839e+00,1.464051635742187500e+03,2.326223373413085938e+00,3.611790000000000500e+00,1.065792322158813477e+00,6.660868525505065918e-01
1.563098083116486947e+01,-8.453932967617733496e+00,1.557126342773437500e+03,1.668614864349365234e+00,3.611800000000000122e+00,1.050609827041625977e+00,6.679179072380065918e-01
1.563781270235619303e+01,-8.433087071453092776e+00,1.707265502929687500e+03,1.489670991897583008e+00,3.611810000000000187e+00,9.654654264450073242e-01,6.284737586975097656e-01
1.563856507573071575e+01,-8.418645124234371835e+00,1.380527587890625000e+03,1.514565467834472656e+00,3.611820000000000253e+00,8.759722709655761719e-01,5.380650758743286133e-01
1.563912571118026307e+01,-8.403342033604088712e+00,1.806751586914062500e+03,1.280853271484375000e+00,3.611830000000000318e+00,9.282338023185729980e-01,6.124519705772399902e-01
1.564376062218463481e+01,-8.384861316784924412e+00,1.335601074218750000e+03,1.103426933288574219e+00,3.611840000000000384e+00,9.671438932418823242e-01,5.880378484725952148e-01
1.563819067292469178e+01,-8.365641346826066638e+00,1.339459228515625000e+03,1.187402725219726562e+00,3.611850000000000449e+00,9.959831237792968750e-01,6.061195731163024902e-01
1.563418577196140369e+01,-8.358546346961082563e+00,1.711858520507812500e+03,1.196485280990600586e+00,3.611860000000000515e+00,1.182217359542846680e+00,7.700758576393127441e-01
1.563447126515841390e+01,-8.338577753437242279e+00,1.689494750976562500e+03,1.372938871383666992e+00,3.611870000000000136e+00,1.047863245010375977e+00,6.803538799285888672e-01
1.564142067101754918e+01,-8.326691083909741664e+00,1.719575317382812500e+03,1.433147907257080078e+00,3.611880000000000202e+00,1.135525226593017578e+00,7.404736876487731934e-01
1.563843418722244039e+01,-8.309668572240113349e+00,1.536585083007812500e+03,1.571704864501953125e+00,3.611890000000000267e+00,8.390458822250366211e-01,5.315037965774536133e-01
1.563643138192582072e+01,-8.288054546509552978e+00,1.426472534179687500e+03,1.525723457336425781e+00,3.611900000000000333e+00,9.624136686325073242e-01,5.969642400741577148e-01
1.564001156458734521e+01,-8.271742923514818102e+00,1.872177612304687500e+03,1.114514589309692383e+00,3.611910000000000398e+00,1.043819546699523926e+00,6.943156719207763672e-01
1.563673892498981743e+01,-8.256610420741163026e+00,1.352714843750000000e+03,1.251401424407958984e+00,3.611920000000000464e+00,1.031307339668273926e+00,6.295418739318847656e-01
1.563887444105570168e+01,-8.243704164321046690e+00,2.140160400390625000e+03,1.568682909011840820e+00,3.611930000000000085e+00,9.161793589591979980e-01,6.267189979553222656e-01
1.563903172557461119e+01,-8.232368526593779379e+00,2.651579833984375000e+03,1.290716648101806641e+00,3.611940000000000150e+00,1.141094803810119629e+00,8.105881214141845703e-01
1.563731041109590869e+01,-8.207853324743297208e+00,1.169828979492187500e+03,1.638632535934448242e+00,3.611950000000000216e+00,9.286915659904479980e-01,5.401250720024108887e-01
1.563327736409183188e+01,-8.192220257472973444e+00,2.140699951171875000e+03,1.762711524963378906e+00,3.611960000000000282e+00,1.006359100341796875e+00,6.884410381317138672e-01
1.563451928918472689e+01,-8.180479530656173281e+00,2.405008300781250000e+03,1.158741235733032227e+00,3.611970000000000347e+00,1.286664128303527832e+00,8.993183374404907227e-01
1.563372526892514003e+01,-8.166870511014835188e+00,4.880703125000000000e+03,1.551054239273071289e+00,3.611980000000000413e+00,1.444135427474975586e+00,1.102566123008728027e+00
1.563326130303685702e+01,-8.148057549123413068e+00,4.543638671875000000e+03,2.291994810104370117e+00,3.611990000000000478e+00,1.337399840354919434e+00,1.014598846435546875e+00
1.564362059558254181e+01,-8.133738221616866326e+00,1.989131103515625000e+03,2.655459165573120117e+00,3.612000000000000099e+00,1.282849431037902832e+00,8.646044135093688965e-01
1.563955511282580702e+01,-8.118745530664401855e+00,1.440799438476562500e+03,2.419172048568725586e+00,3.612010000000000165e+00,1.067165613174438477e+00,6.638742685317993164e-01
1.563803448905242810e+01,-8.099779158707002935e+00,1.355021362304687500e+03,2.009874105453491211e+00,3.612020000000000231e+00,1.034511685371398926e+00,6.318306922912597656e-01
1.563820611651432557e+01,-8.085814660816870614e+00,1.578307250976562500e+03,1.300061464309692383e+00,3.612030000000000296e+00,1.021236538887023926e+00,6.515909433364868164e-01
1.564458041776828345e+01,-8.072077050446665680e+00,3.068089111328125000e+03,1.372789859771728516e+00,3.612040000000000362e+00,9.820212721824645996e-01,7.127026319503784180e-01
1.564063208120209580e+01,-8.056712917064242419e+00,1.513352905273437500e+03,1.233330488204956055e+00,3.612050000000000427e+00,1.010555267333984375e+00,6.374765038490295410e-01
1.564028654930056028e+01,-8.035049053715303202e+00,1.341807739257812500e+03,1.504814147949218750e+00,3.612060000000000493e+00,9.466970562934875488e-01,5.764411091804504395e-01
1.564445662449267260e+01,-8.026853398110848303e+00,1.312069824218750000e+03,1.233496189117431641e+00,3.612070000000000114e+00,1.126293659210205078e+00,6.809642314910888672e-01
1.563946467124148221e+01,-8.012704168822921247e+00,1.447181518554687500e+03,1.530080556869506836e+00,3.612080000000000179e+00,1.140637040138244629e+00,7.104900479316711426e-01
1.563631753995128015e+01,-7.997425974657460301e+00,1.634450805664062500e+03,1.241776466369628906e+00,3.612090000000000245e+00,1.439252614974975586e+00,9.267079234123229980e-01
1.563394677655718645e+01,-7.974857951383386379e+00,1.799856201171875000e+03,2.205905437469482422e+00,3.612100000000000311e+00,9.611166715621948242e-01,6.335855126380920410e-01
1.563270157041402975e+01,-7.963463859153679714e+00,1.888587890625000000e+03,2.131770372390747070e+00,3.612110000000000376e+00,1.429639577865600586e+00,9.528005719184875488e-01
1.563885698424983595e+01,-7.942316317940627535e+00,1.602777587890625000e+03,1.491040706634521484e+00,3.612120000000000442e+00,1.222424387931823730e+00,7.831221818923950195e-01
1.563878637573364649e+01,-7.933233642227087046e+00,1.664670288085937500e+03,2.160839557647705078e+00,3.612130000000000507e+00,1.170391678810119629e+00,7.571058273315429688e-01
1.564123415045642140e+01,-7.916803341771259994e+00,1.215101684570312500e+03,1.925512075424194336e+00,3.612140000000000128e+00,9.994926452636718750e-01,5.891059637069702148e-01
1.563662440590239200e+01,-7.905253577199466974e+00,1.195175415039062500e+03,1.850497245788574219e+00,3.612150000000000194e+00,9.611166715621948242e-01,5.632421970367431641e-01
1.563064536555006612e+01,-7.891514617376030216e+00,1.467065429687500000e+03,1.296331405639648438e+00,3.612160000000000259e+00,9.792746901512145996e-01,6.123756766319274902e-01
1.563986588752126217e+01,-7.875571348941062588e+00,2.565947021484375000e+03,1.266486167907714844e+00,3.612170000000000325e+00,1.070141077041625977e+00,7.561902999877929688e-01
1.563089387045515011e+01,-7.861028098937835829e+00,1.502972167968750000e+03,1.377365112304687500e+00,3.612180000000000391e+00,1.075863122940063477e+00,6.773783564567565918e-01
1.563427802244772558e+01,-7.847253473636986776e+00,1.272703125000000000e+03,1.862276315689086914e+00,3.612190000000000456e+00,9.624899625778198242e-01,5.762122273445129395e-01
1.563239357284850684e+01,-7.826971869155763706e+00,1.921336669921875000e+03,1.465515613555908203e+00,3.612200000000000077e+00,9.159504771232604980e-01,6.127571463584899902e-01
1.563607610712536733e+01,-7.811864636369692860e+00,1.891678100585937500e+03,1.154692888259887695e+00,3.612210000000000143e+00,1.036724209785461426e+00,6.911876201629638672e-01
1.563682531024202049e+01,-7.796736061069950097e+00,1.585569091796875000e+03,1.377626180648803711e+00,3.612220000000000208e+00,8.086044788360595703e-01,5.165501236915588379e-01
1.563662128724514844e+01,-7.781844425294266898e+00,1.306076782226562500e+03,1.154814481735229492e+00,3.612230000000000274e+00,9.840049147605895996e-01,5.940650701522827148e-01
1.563384205972530516e+01,-7.761804773796177059e+00,1.473541503906250000e+03,1.003654718399047852e+00,3.612240000000000339e+00,9.317433834075927734e-01,5.833838582038879395e-01
1.563152326214648724e+01,-7.744370000711066737e+00,1.242811035156250000e+03,1.039219617843627930e+00,3.612250000000000405e+00,8.272965550422668457e-01,4.913730323314666748e-01
1.563313472129895487e+01,-7.733106341455523669e+00,1.510756347656250000e+03,1.075024127960205078e+00,3.612260000000000471e+00,7.854872941970825195e-01,4.952640235424041748e-01
1.563230461041041153e+01,-7.717125243970871296e+00,1.604802246093750000e+03,9.370226263999938965e-01,3.612270000000000092e+00,8.178360462188720703e-01,5.241032838821411133e-01
1.563625686576109786e+01,-7.698318912870365516e+00,1.322788330078125000e+03,9.258384108543395996e-01,3.612280000000000157e+00,8.653673529624938965e-01,5.245610475540161133e-01
1.562973716233428156e+01,-7.683686121743015462e+00,4.186529785156250000e+03,8.752352595329284668e-01,3.612290000000000223e+00,1.192059278488159180e+00,8.972583413124084473e-01
1.563873739812457231e+01,-7.671841552711128998e+00,2.875380615234375000e+03,1.188518524169921875e+00,3.612300000000000288e+00,1.299023866653442383e+00,9.341847896575927734e-01
1.563899609594779783e+01,-7.655222221425514562e+00,2.494655273437500000e+03,1.896955490112304688e+00,3.612310000000000354e+00,1.264538764953613281e+00,8.894000649452209473e-01
1.563824068207540918e+01,-7.643147589100093953e+00,1.664504028320312500e+03,2.356165170669555664e+00,3.612320000000000420e+00,1.094936728477478027e+00,7.082775235176086426e-01
1.563517891113860614e+01,-7.625611677089315421e+00,2.619841796875000000e+03,2.031548738479614258e+00,3.612330000000000485e+00,1.365705013275146484e+00,9.682883024215698242e-01
1.564288714229197375e+01,-7.606625018785083903e+00,1.783731689453125000e+03,2.252555608749389648e+00,3.612340000000000106e+00,1.063808679580688477e+00,6.998088955879211426e-01
1.563967620781925305e+01,-7.591562000264044485e+00,1.812307983398437500e+03,2.110586881637573242e+00,3.612350000000000172e+00,9.883536696434020996e-01,6.525827646255493164e-01
1.563244399278170071e+01,-7.577260900135966537e+00,1.778205688476562500e+03,1.515153169631958008e+00,3.612360000000000237e+00,8.369859457015991211e-01,5.501958727836608887e-01
1.563508772324557583e+01,-7.561329602838266162e+00,1.566909057617187500e+03,1.315886497497558594e+00,3.612370000000000303e+00,1.007274627685546875e+00,6.414437890052795410e-01
1.563941428116894627e+01,-7.546558113885111219e+00,2.261879638671875000e+03,1.191465377807617188e+00,3.612380000000000368e+00,9.225880503654479980e-01,6.377816796302795410e-01
1.564118288468450757e+01,-7.525095600527090589e+00,1.378842163085937500e+03,1.301828145980834961e+00,3.612390000000000434e+00,9.750784635543823242e-01,5.987190008163452148e-01
1.563874921697439824e+01,-7.508630224604609715e+00,1.607250244140625000e+03,1.301559925079345703e+00,3.612400000000000500e+00,9.980430603027343750e-01,6.398416161537170410e-01
1.565092603553339679e+01,-7.494287376451009841e+00,1.788390502929687500e+03,1.344936609268188477e+00,3.612410000000000121e+00,9.094654321670532227e-01,5.986427068710327148e-01
1.563805229516922601e+01,-7.477612028485015827e+00,1.393752197265625000e+03,1.502698183059692383e+00,3.612420000000000186e+00,8.649095892906188965e-01,5.328007936477661133e-01
1.563563687904829713e+01,-7.457858571761568633e+00,1.407413940429687500e+03,1.233108758926391602e+00,3.612430000000000252e+00,7.947189211845397949e-01,4.909915626049041748e-01
1.564185520618412362e+01,-7.445656628410540989e+00,2.847801757812500000e+03,1.179687500000000000e+00,3.612440000000000317e+00,9.638632535934448242e-01,6.921794414520263672e-01
1.563496696965167487e+01,-7.434500071708485258e+00,1.839362670898437500e+03,9.986264109611511230e-01,3.612450000000000383e+00,1.174435377120971680e+00,7.780867815017700195e-01
1.563511245113445369e+01,-7.417628049567793980e+00,1.563102294921875000e+03,1.455071687698364258e+00,3.612460000000000448e+00,1.044735074043273926e+00,6.648661494255065918e-01
1.564061840738152576e+01,-7.402650576507728175e+00,1.585468505859375000e+03,1.733252525329589844e+00,3.612470000000000514e+00,9.342610836029052734e-01,5.968116521835327148e-01
1.563830087552362968e+01,-7.394586288031190335e+00,2.074077392578125000e+03,1.400143623352050781e+00,3.612480000000000135e+00,9.318959712982177734e-01,6.335092186927795410e-01
1.563445383986624471e+01,-7.380759475090570731e+00,1.699475097656250000e+03,1.259620904922485352e+00,3.612490000000000201e+00,1.018413662910461426e+00,6.621958017349243164e-01
1.564341897590001373e+01,-7.361354705247245889e+00,1.267382934570312500e+03,1.231760501861572266e+00,3.612500000000000266e+00,9.051166772842407227e-01,5.411168932914733887e-01
1.563824942536054152e+01,-7.344553318876210213e+00,1.647496459960937500e+03,1.319874048233032227e+00,3.612510000000000332e+00,1.034282803535461426e+00,6.673075556755065918e-01
1.563905321514653224e+01,-7.326565828576316441e+00,1.768564331054687500e+03,1.399969577789306641e+00,3.612520000000000397e+00,9.653128385543823242e-01,6.337381005287170410e-01
1.563800837191109139e+01,-7.311498657785074684e+00,2.751969238281250000e+03,1.497518539428710938e+00,3.612530000000000463e+00,1.166042923927307129e+00,8.330948948860168457e-01
1.564481447660642033e+01,-7.293622288430531952e+00,1.457787841796875000e+03,1.465245008468627930e+00,3.612540000000000084e+00,1.223797678947448730e+00,7.638960480690002441e-01
1.564021248733250324e+01,-7.276929656920994027e+00,1.412172851562500000e+03,2.002878904342651367e+00,3.612550000000000150e+00,1.006359100341796875e+00,6.223702430725097656e-01
1.563721168843932929e+01,-7.268732129688044274e+00,1.808035400390625000e+03,1.684993028640747070e+00,3.612560000000000215e+00,9.469259381294250488e-01,6.248879432678222656e-01
1.564489799062124575e+01,-7.250122179674545642e+00,1.550280029296875000e+03,1.356142282485961914e+00,3.612570000000000281e+00,1.023983120918273926e+00,6.502176523208618164e-01
1.563705947606507962e+01,-7.240008212830497669e+00,1.249721069335937500e+03,1.576838016510009766e+00,3.612580000000000346e+00,9.910239577293395996e-01,5.897163152694702148e-01
1.563955955933229269e+01,-7.226109428245604427e+00,1.750551269531250000e+03,1.295312166213989258e+00,3.612590000000000412e+00,9.747732877731323242e-01,6.383920311927795410e-01
1.564080698990858131e+01,-7.199208943072817668e+00,1.493528686523437500e+03,1.222054481506347656e+00,3.612600000000000477e+00,1.015972256660461426e+00,6.385446190834045410e-01
1.564264291528638751e+01,-7.194926412642109526e+00,1.975921386718750000e+03,1.346872568130493164e+00,3.612610000000000099e+00,1.014064788818359375e+00,6.824901103973388672e-01
1.563749696568963188e+01,-7.174044316739135674e+00,1.693280761718750000e+03,1.504674673080444336e+00,3.612620000000000164e+00,1.077465295791625977e+00,6.999614834785461426e-01
1.564265113212162284e+01,-7.157977201336816364e+00,1.493462524414062500e+03,1.645646810531616211e+00,3.612630000000000230e+00,9.364736080169677734e-01,5.885719060897827148e-01
1.564416778923826179e+01,-7.146069365026542108e+00,1.345695068359375000e+03,1.464707374572753906e+00,3.612640000000000295e+00,9.966697692871093750e-01,6.074165701866149902e-01
1.563754648777761957e+01,-7.127638784873190581e+00,1.911429077148437500e+03,1.380455017089843750e+00,3.612650000000000361e+00,9.191548228263854980e-01,6.142067313194274902e-01
1.564612754301865927e+01,-7.110612623459649839e+00,1.347164550781250000e+03,1.517828226089477539e+00,3.612660000000000426e+00,8.124954700469970703e-01,4.953403174877166748e-01
1.564702432886380201e+01,-7.094483970961042552e+00,2.539369873046875000e+03,1.240863323211669922e+00,3.612670000000000492e+00,1.016811490058898926e+00,7.172802686691284180e-01
1.564096055318572986e+01,-7.084361659611734474e+00,1.508999755859375000e+03,1.252476692199707031e+00,3.612680000000000113e+00,9.196125864982604980e-01,5.796454548835754395e-01
1.564214786773051280e+01,-7.062299145217760810e+00,2.937166503906250000e+03,1.312121868133544922e+00,3.612690000000000179e+00,1.260571479797363281e+00,9.093128442764282227e-01
1.563985636087439168e+01,-7.048555022567273731e+00,2.552023193359375000e+03,1.417399168014526367e+00,3.612700000000000244e+00,1.261181831359863281e+00,8.903918862342834473e-01
1.564567299948542001e+01,-7.028574667632246253e+00,1.726343627929687500e+03,2.161085128784179688e+00,3.612710000000000310e+00,1.104168295860290527e+00,7.207134962081909180e-01
1.563982032327024463e+01,-7.017307910403075333e+00,1.634449707031250000e+03,1.930024147033691406e+00,3.612720000000000375e+00,9.392201900482177734e-01,6.047462821006774902e-01
1.564315862846579108e+01,-7.003108342030336608e+00,1.400195190429687500e+03,1.511229991912841797e+00,3.612730000000000441e+00,9.297597408294677734e-01,5.735419392585754395e-01
1.564366173741030686e+01,-6.982340408248763453e+00,1.165091186523437500e+03,1.282925128936767578e+00,3.612740000000000506e+00,8.855090737342834473e-01,5.142613053321838379e-01
1.564241644943466802e+01,-6.966792250222160199e+00,1.466465332031250000e+03,1.159529209136962891e+00,3.612750000000000128e+00,8.522447943687438965e-01,5.328770875930786133e-01
1.564262589313336349e+01,-6.954821703114134834e+00,1.437843505859375000e+03,1.020000696182250977e+00,3.612760000000000193e+00,8.416398763656616211e-01,5.232639908790588379e-01
1.564367613804415669e+01,-6.937826517046485897e+00,1.614128784179687500e+03,1.071925878524780273e+00,3.612770000000000259e+00,9.273945689201354980e-01,5.952094793319702148e-01
1.564339673416235144e+01,-6.924375097246666222e+00,1.705577392578125000e+03,1.057321548461914062e+00,3.612780000000000324e+00,9.222065806388854980e-01,6.001685857772827148e-01
1.563699697357075991e+01,-6.911863867606662382e+00,1.384068115234375000e+03,1.365864992141723633e+00,3.612790000000000390e+00,1.002010345458984375e+00,6.159614920616149902e-01
1.564189447305299119e+01,-6.891344543279910084e+00,1.832127319335937500e+03,1.194941520690917969e+00,3.612800000000000455e+00,1.048473596572875977e+00,6.940104961395263672e-01
1.564280187375543996e+01,-6.881489340705448043e+00,1.811501464843750000e+03,1.491991996765136719e+00,3.612810000000000077e+00,9.582937359809875488e-01,6.326699256896972656e-01
1.563757513452785197e+01,-6.861551620147475994e+00,1.437194091796875000e+03,1.450755119323730469e+00,3.612820000000000142e+00,1.019710659980773926e+00,6.338906884193420410e-01
1.563914323916062621e+01,-6.848149903511725256e+00,2.432633544921875000e+03,1.327791929244995117e+00,3.612830000000000208e+00,9.180867075920104980e-01,6.429696679115295410e-01
1.564070535634085957e+01,-6.828979902774851674e+00,1.495792846679687500e+03,1.389901161193847656e+00,3.612840000000000273e+00,1.045269131660461426e+00,6.572366952896118164e-01
1.564170137288585849e+01,-6.820119274525830555e+00,1.850400512695312500e+03,1.225956201553344727e+00,3.612850000000000339e+00,9.987297058105468750e-01,6.625772714614868164e-01
1.564384498613713959e+01,-6.800846592594878892e+00,2.210460449218750000e+03,1.359170198440551758e+00,3.612860000000000404e+00,1.295666813850402832e+00,8.918414711952209473e-01
1.564388347126875267e+01,-6.785646160912887304e+00,2.159106445312500000e+03,1.427269697189331055e+00,3.612870000000000470e+00,1.151318192481994629e+00,7.889205217361450195e-01
1.564148706072723272e+01,-6.775809750026440703e+00,1.516650634765625000e+03,2.106241703033447266e+00,3.612880000000000091e+00,1.079449057579040527e+00,6.813457012176513672e-01
1.564026564759123517e+01,-6.757470137275348065e+00,1.981858398437500000e+03,1.432485103607177734e+00,3.612890000000000157e+00,1.388745784759521484e+00,9.352529048919677734e-01
1.564082816158284217e+01,-6.741000597375036207e+00,1.404356567382812500e+03,1.772530794143676758e+00,3.612900000000000222e+00,1.121334552764892578e+00,6.923320293426513672e-01
1.564481525116275051e+01,-6.724478671847067268e+00,1.648830932617187500e+03,1.949160814285278320e+00,3.612910000000000288e+00,1.190838575363159180e+00,7.684736847877502441e-01
1.563600436701743135e+01,-6.714041552908456723e+00,1.331358154296875000e+03,1.691281318664550781e+00,3.612920000000000353e+00,8.692584037780761719e-01,5.279942750930786133e-01
1.564245671546669492e+01,-6.701366861954768162e+00,1.603690185546875000e+03,1.425543546676635742e+00,3.612930000000000419e+00,8.475145101547241211e-01,5.430242419242858887e-01
1.564250058689287926e+01,-6.684183410011778292e+00,1.292005859375000000e+03,9.825486540794372559e-01,3.612940000000000484e+00,7.922775149345397949e-01,4.766482412815093994e-01
1.563626674681564666e+01,-6.664627504658766632e+00,2.117302001953125000e+03,1.184705018997192383e+00,3.612950000000000106e+00,9.129749536514282227e-01,6.232094764709472656e-01
1.564293047559800343e+01,-6.659204783143932715e+00,2.233790283203125000e+03,8.388895392417907715e-01,3.612960000000000171e+00,1.046642422676086426e+00,7.218579053878784180e-01
1.564811567255274127e+01,-6.639556520787901484e+00,1.741459594726562500e+03,1.463748931884765625e+00,3.612970000000000237e+00,9.215199351310729980e-01,6.027626395225524902e-01
1.564563876516468710e+01,-6.625869016100642384e+00,1.890387084960937500e+03,1.340282678604125977e+00,3.612980000000000302e+00,9.943046569824218750e-01,6.628061532974243164e-01
1.563405162123629921e+01,-6.604038454737756858e+00,1.981323608398437500e+03,1.339505434036254883e+00,3.612990000000000368e+00,8.575853705406188965e-01,5.775092244148254395e-01
1.564479720174434085e+01,-6.588857344745280287e+00,1.528706298828125000e+03,1.485706090927124023e+00,3.613000000000000433e+00,8.581957221031188965e-01,5.428716540336608887e-01
1.563598044237971862e+01,-6.574894097716189378e+00,1.676436767578125000e+03,1.114140272140502930e+00,3.613010000000000499e+00,8.451493978500366211e-01,5.476781725883483887e-01
1.563347946714011449e+01,-6.558970795083377325e+00,1.585165771484375000e+03,1.216570854187011719e+00,3.613020000000000120e+00,8.748278617858886719e-01,5.588171482086181641e-01
1.563903472230840208e+01,-6.541522291725617499e+00,1.150431518554687500e+03,1.007439613342285156e+00,3.613030000000000186e+00,9.370839595794677734e-01,5.417272448539733887e-01
1.564048014858276403e+01,-6.525028790342336293e+00,1.716118652343750000e+03,1.216375350952148438e+00,3.613040000000000251e+00,9.556997418403625488e-01,6.229043006896972656e-01
1.563926708210900607e+01,-6.513313392813470770e+00,2.810452880859375000e+03,1.063807725906372070e+00,3.613050000000000317e+00,1.075176477432250977e+00,7.706099152565002441e-01
1.564184634219915537e+01,-6.495815384046939478e+00,1.207127197265625000e+03,1.445638656616210938e+00,3.613060000000000382e+00,9.090076684951782227e-01,5.345555543899536133e-01
1.564122868318232484e+01,-6.476751658115072807e+00,1.575956787109375000e+03,1.503191709518432617e+00,3.613070000000000448e+00,9.198414683341979980e-01,5.866645574569702148e-01
1.564433962264862643e+01,-6.461762581015451090e+00,1.706402832031250000e+03,1.165461063385009766e+00,3.613080000000000513e+00,8.494218587875366211e-01,5.528661608695983887e-01
1.563958902537565621e+01,-6.447953474788869599e+00,1.477830932617187500e+03,1.178060293197631836e+00,3.613090000000000135e+00,8.999286890029907227e-01,5.639288425445556641e-01
1.563978398056115893e+01,-6.432473301198410987e+00,1.488389770507812500e+03,1.251940250396728516e+00,3.613100000000000200e+00,7.815963029861450195e-01,4.907626807689666748e-01
1.564326360364688639e+01,-6.412267328380505838e+00,1.212817504882812500e+03,1.075546264648437500e+00,3.613110000000000266e+00,8.520922064781188965e-01,5.019016265869140625e-01
1.563431191132593412e+01,-6.400759382044898693e+00,1.322910034179687500e+03,9.951085448265075684e-01,3.613120000000000331e+00,9.614981412887573242e-01,5.828498005867004395e-01
1.563959388553166896e+01,-6.387368641431517169e+00,1.642539550781250000e+03,1.052720069885253906e+00,3.613130000000000397e+00,1.208920359611511230e+00,7.793837785720825195e-01
1.564647903208264168e+01,-6.369151437321044718e+00,1.361414794921875000e+03,1.384609460830688477e+00,3.613140000000000462e+00,8.704791069030761719e-01,5.324193239212036133e-01
1.564329631082808092e+01,-6.353828047394228129e+00,1.330755493164062500e+03,1.471410512924194336e+00,3.613150000000000084e+00,1.000408172607421875e+00,6.075691580772399902e-01
1.564194242106670174e+01,-6.339600013616014884e+00,1.800029418945312500e+03,1.049596786499023438e+00,3.613160000000000149e+00,1.154598832130432129e+00,7.611494660377502441e-01
1.564133751340729539e+01,-6.330188457876332997e+00,2.233743408203125000e+03,1.488953351974487305e+00,3.613170000000000215e+00,1.135143756866455078e+00,7.828933000564575195e-01
1.564484817730273569e+01,-6.296918524609357526e+00,1.342488037109375000e+03,1.820325374603271484e+00,3.613180000000000280e+00,1.119808673858642578e+00,6.819560527801513672e-01
1.564173015309187420e+01,-6.286694070514127652e+00,1.473676391601562500e+03,1.966173171997070312e+00,3.613190000000000346e+00,1.052593469619750977e+00,6.590677499771118164e-01
1.564097115518181091e+01,-6.273244493045234016e+00,1.526867919921875000e+03,1.574557542800903320e+00,3.613200000000000411e+00,1.096157431602478027e+00,6.931712627410888672e-01
1.564225549247744773e+01,-6.258000223962724817e+00,1.447260986328125000e+03,1.444663524627685547e+00,3.613210000000000477e+00,8.282883763313293457e-01,5.159397721290588379e-01
1.563682193520091879e+01,-6.245288448569842998e+00,2.435177246093750000e+03,1.431158304214477539e+00,3.613220000000000098e+00,8.002883791923522949e-01,5.605719089508056641e-01
1.564714137467145072e+01,-6.236477818525190564e+00,1.686248779296875000e+03,1.107415676116943359e+00,3.613230000000000164e+00,9.921683669090270996e-01,6.438851952552795410e-01
1.564340734195201676e+01,-6.216139594832826631e+00,2.001468139648437500e+03,1.053618907928466797e+00,3.613240000000000229e+00,1.126980304718017578e+00,7.605391144752502441e-01
1.564340317673606862e+01,-6.198604068915489762e+00,1.875786010742187500e+03,1.461245536804199219e+00,3.613250000000000295e+00,1.206402659416198730e+00,8.028060793876647949e-01
1.564145595265852862e+01,-6.178398752476615741e+00,1.643555297851562500e+03,1.696866273880004883e+00,3.613260000000000360e+00,1.100582480430603027e+00,7.096508145332336426e-01
1.564470467982652124e+01,-6.163971634268633260e+00,2.247088378906250000e+03,1.743649959564208984e+00,3.613270000000000426e+00,8.836017251014709473e-01,6.100868582725524902e-01
1.564325381616501964e+01,-6.160718739189778859e+00,1.524859130859375000e+03,1.578974246978759766e+00,3.613280000000000491e+00,8.105118274688720703e-01,5.123539566993713379e-01
1.563905301678595805e+01,-6.137339853538439804e+00,1.291374023437500000e+03,1.257490634918212891e+00,3.613290000000000113e+00,1.002315521240234375e+00,6.029152274131774902e-01
1.564225141838886479e+01,-6.119363451080341854e+00,1.934792114257812500e+03,1.067008495330810547e+00,3.613300000000000178e+00,9.576070904731750488e-01,6.415963768959045410e-01
1.564826813910413250e+01,-6.105437645839988825e+00,1.215213623046875000e+03,1.309905767440795898e+00,3.613310000000000244e+00,9.233509898185729980e-01,5.442449450492858887e-01
1.563764274182679870e+01,-6.086864348839960748e+00,1.728132934570312500e+03,1.205372333526611328e+00,3.613320000000000309e+00,1.026882290840148926e+00,6.704356074333190918e-01
1.564032149591648135e+01,-6.068802045432670766e+00,1.939431640625000000e+03,1.229043722152709961e+00,3.613330000000000375e+00,8.465989828109741211e-01,5.675146579742431641e-01
1.564719940920064900e+01,-6.055938784291992505e+00,2.416879638671875000e+03,1.248334169387817383e+00,3.613340000000000440e+00,8.588060736656188965e-01,6.007789373397827148e-01
1.564429680291700997e+01,-6.044242738250572344e+00,1.814660034179687500e+03,1.131853580474853516e+00,3.613350000000000506e+00,8.680377006530761719e-01,5.733130574226379395e-01
1.564603471439434124e+01,-6.027835987457281774e+00,1.511289550781250000e+03,1.024595022201538086e+00,3.613360000000000127e+00,8.058578968048095703e-01,5.081577897071838379e-01
1.564564358742994443e+01,-6.006059490043330840e+00,1.332525024414062500e+03,8.831436038017272949e-01,3.613370000000000193e+00,8.984027504920959473e-01,5.458471179008483887e-01
1.564561062691224969e+01,-6.001490042712710249e+00,1.253966064453125000e+03,8.848864436149597168e-01,3.613380000000000258e+00,8.868060708045959473e-01,5.282994508743286133e-01
1.563961972281182256e+01,-5.981632174211142683e+00,1.134293823242187500e+03,1.094802141189575195e+00,3.613390000000000324e+00,8.651384711265563965e-01,4.975528717041015625e-01
1.564681595287759741e+01,-5.972667409066489519e+00,1.280161865234375000e+03,1.011737108230590820e+00,3.613400000000000389e+00,8.329423069953918457e-01,4.996128082275390625e-01
1.564830148563849299e+01,-5.950860409740650780e+00,1.704959472656250000e+03,9.017986655235290527e-01,3.613410000000000455e+00,9.843100905418395996e-01,6.405282616615295410e-01
1.564337750417421091e+01,-5.938819837042659699e+00,2.114343261718750000e+03,1.128046035766601562e+00,3.613420000000000076e+00,1.162762284278869629e+00,7.934982180595397949e-01
1.564471087309913067e+01,-5.918596879970847269e+00,2.482664794921875000e+03,1.578175544738769531e+00,3.613430000000000142e+00,1.216168284416198730e+00,8.546862006187438965e-01
1.564466117832302672e+01,-5.909327132396557936e+00,2.203472900390625000e+03,1.930558204650878906e+00,3.613440000000000207e+00,1.160473465919494629e+00,7.983047366142272949e-01
1.564773737310375346e+01,-5.888732211227030611e+00,1.669262573242187500e+03,1.862512350082397461e+00,3.613450000000000273e+00,1.042293667793273926e+00,6.747080683708190918e-01
1.564429050062931026e+01,-5.875652117793764617e+00,1.280004760742187500e+03,1.770195484161376953e+00,3.613460000000000338e+00,1.030391812324523926e+00,6.180214881896972656e-01
1.565121523734517339e+01,-5.852001408088542966e+00,1.413100952148437500e+03,1.493256807327270508e+00,3.613470000000000404e+00,9.274708628654479980e-01,5.736945271492004395e-01
1.564422309011665213e+01,-5.835021949795621943e+00,1.921325683593750000e+03,1.180337190628051758e+00,3.613480000000000469e+00,1.015056610107421875e+00,6.790568232536315918e-01
1.563821774138597931e+01,-5.827338167725415907e+00,1.451308837890625000e+03,1.283069372177124023e+00,3.613490000000000091e+00,9.754599332809448242e-01,6.081032156944274902e-01
1.564439212218780284e+01,-5.806304053598282167e+00,1.426013793945312500e+03,1.365513324737548828e+00,3.613500000000000156e+00,1.010478973388671875e+00,6.267189979553222656e-01
1.564357971253372170e+01,-5.798834990443853421e+00,2.212263916015625000e+03,1.388133287429809570e+00,3.613510000000000222e+00,1.066173791885375977e+00,7.339887022972106934e-01
1.564376240280741825e+01,-5.770981805248418972e+00,1.367457885742187500e+03,1.426441192626953125e+00,3.613520000000000287e+00,8.430131673812866211e-01,5.163212418556213379e-01
1.564468172483753250e+01,-5.766886675714449240e+00,1.302463623046875000e+03,1.147667884826660156e+00,3.613530000000000353e+00,7.521467208862304688e-01,4.536836743354797363e-01
1.564533092320552399e+01,-5.753155911765225561e+00,1.069718994140625000e+03,9.067971110343933105e-01,3.613540000000000418e+00,8.519396185874938965e-01,4.791659414768218994e-01
1.564801276201393776e+01,-5.736399151408476449e+00,1.227419677734375000e+03,8.046442866325378418e-01,3.613550000000000484e+00,8.420213460922241211e-01,4.980106353759765625e-01
1.564236696518381464e+01,-5.723073022085575445e+00,1.458989868164062500e+03,9.331519007682800293e-01,3.613560000000000105e+00,9.155690073966979980e-01,5.716345906257629395e-01
1.564237950496395513e+01,-5.703381311998154679e+00,1.344129150390625000e+03,1.036557674407958984e+00,3.613570000000000171e+00,7.922775149345397949e-01,4.826754927635192871e-01
1.563510441354376290e+01,-5.687822648005711912e+00,1.587710327148437500e+03,1.008921384811401367e+00,3.613580000000000236e+00,9.340322017669677734e-01,5.968879461288452148e-01
1.563956265611458640e+01,-5.669477694694140091e+00,1.009358093261718750e+03,9.460467696189880371e-01,3.613590000000000302e+00,8.871112465858459473e-01,4.874057173728942871e-01
1.564334209114981356e+01,-5.654385764468326414e+00,1.403672241210937500e+03,1.049372673034667969e+00,3.613600000000000367e+00,8.409532308578491211e-01,5.191441178321838379e-01
1.564202928426617412e+01,-5.640554592200265560e+00,1.404884033203125000e+03,6.909615397453308105e-01,3.613610000000000433e+00,1.198925733566284180e+00,7.403210997581481934e-01
1.563880335008475697e+01,-5.619784101242984775e+00,1.327914062500000000e+03,1.174752235412597656e+00,3.613620000000000498e+00,9.403645992279052734e-01,5.707190632820129395e-01
1.564105326215751113e+01,-5.608865128019827395e+00,1.280042114257812500e+03,1.345295429229736328e+00,3.613630000000000120e+00,8.327134251594543457e-01,4.994602203369140625e-01
1.564340039693851026e+01,-5.590486523888043457e+00,1.096680053710937500e+03,1.327765703201293945e+00,3.613640000000000185e+00,7.814437150955200195e-01,4.437654316425323486e-01
1.563989742910586145e+01,-5.573120759762892895e+00,1.315390380859375000e+03,9.362382292747497559e-01,3.613650000000000251e+00,9.646261930465698242e-01,5.836890339851379395e-01
1.564081621888088236e+01,-5.559795661196211825e+00,1.633110351562500000e+03,1.018983840942382812e+00,3.613660000000000316e+00,8.981738686561584473e-01,5.781958699226379395e-01
1.564250866936398587e+01,-5.551353432517842634e+00,1.942179565429687500e+03,1.045875072479248047e+00,3.613670000000000382e+00,1.142391800880432129e+00,7.660322785377502441e-01
1.563887025794885588e+01,-5.529981363933305971e+00,1.577463989257812500e+03,1.268126487731933594e+00,3.613680000000000447e+00,1.040157437324523926e+00,6.635690927505493164e-01
1.563223717267633539e+01,-5.514930732207824704e+00,1.345686035156250000e+03,1.718699455261230469e+00,3.613690000000000513e+00,1.117977619171142578e+00,6.813457012176513672e-01
1.564207466692027459e+01,-5.504423051866811356e+00,1.633330688476562500e+03,1.696280956268310547e+00,3.613700000000000134e+00,9.779013991355895996e-01,6.295418739318847656e-01
1.563720596851450040e+01,-5.481998406637893062e+00,1.619020385742187500e+03,1.458721876144409180e+00,3.613710000000000200e+00,8.337815403938293457e-01,5.355473756790161133e-01
1.563960934954823756e+01,-5.465422717823576804e+00,1.421475952148437500e+03,1.456915855407714844e+00,3.613720000000000265e+00,8.298142552375793457e-01,5.141850113868713379e-01
1.563930834312809637e+01,-5.443259416107931514e+00,2.548659912109375000e+03,9.602970480918884277e-01,3.613730000000000331e+00,1.027874112129211426e+00,7.255200147628784180e-01
1.564304513734116142e+01,-5.442490545927820556e+00,1.920610839843750000e+03,1.237244129180908203e+00,3.613740000000000396e+00,1.005672454833984375e+00,6.727244257926940918e-01
1.563741915305017294e+01,-5.420127811584289468e+00,6.200368652343750000e+03,1.438104629516601562e+00,3.613750000000000462e+00,1.457944750785827637e+00,1.133617877960205078e+00
1.563597256672519720e+01,-5.402893468302157665e+00,1.645604248046875000e+03,2.022944211959838867e+00,3.613760000000000083e+00,8.022720217704772949e-01,5.174656510353088379e-01
1.563974410147728911e+01,-5.386903891540458567e+00,1.527086547851562500e+03,2.168776512145996094e+00,3.613770000000000149e+00,8.743700981140136719e-01,5.529424548149108887e-01
1.564286565627791248e+01,-5.374126287433186988e+00,1.005146362304687500e+03,1.078075885772705078e+00,3.613780000000000214e+00,8.848987221717834473e-01,4.853457808494567871e-01
1.563973616721007254e+01,-5.357678780564626209e+00,1.535276977539062500e+03,1.107093811035156250e+00,3.613790000000000280e+00,7.667189240455627441e-01,4.855746626853942871e-01
1.564232608559793825e+01,-5.334882907834367138e+00,1.302929321289062500e+03,1.005376100540161133e+00,3.613800000000000345e+00,7.361249327659606934e-01,4.440706074237823486e-01
1.564292740605479182e+01,-5.328553810721591510e+00,1.543693359375000000e+03,8.393461108207702637e-01,3.613810000000000411e+00,8.298142552375793457e-01,5.263158082962036133e-01
1.564027567119958562e+01,-5.311866064155301714e+00,1.287527709960937500e+03,8.085626959800720215e-01,3.613820000000000476e+00,7.953292727470397949e-01,4.779452383518218994e-01
1.564754622647236282e+01,-5.299892452388850650e+00,1.820433593750000000e+03,9.669191241264343262e-01,3.613830000000000098e+00,7.767897844314575195e-01,5.134220719337463379e-01
1.564312569046096968e+01,-5.274108694144528542e+00,1.438733398437500000e+03,8.534008860588073730e-01,3.613840000000000163e+00,8.051712512969970703e-01,5.006809234619140625e-01
1.564703285924857923e+01,-5.266973466534476067e+00,1.775299682617187500e+03,9.523922801017761230e-01,3.613850000000000229e+00,1.030162930488586426e+00,6.769205927848815918e-01
1.564291719366590705e+01,-5.248018386082778264e+00,2.372474853515625000e+03,1.005327224731445312e+00,3.613860000000000294e+00,1.151547074317932129e+00,8.029586672782897949e-01
1.564751664245548923e+01,-5.229966803402828823e+00,1.407904174804687500e+03,1.516971111297607422e+00,3.613870000000000360e+00,9.412038326263427734e-01,5.815528035163879395e-01
1.564973534438471603e+01,-5.220753921268634912e+00,1.750359619140625000e+03,1.674779176712036133e+00,3.613880000000000425e+00,1.085705161094665527e+00,7.110241651535034180e-01
1.564319279614819536e+01,-5.206932176686335012e+00,2.643635742187500000e+03,1.278516769409179688e+00,3.613890000000000491e+00,1.470228075981140137e+00,1.043895840644836426e+00
1.564830843039745290e+01,-5.181858345918843867e+00,1.930188110351562500e+03,1.813623428344726562e+00,3.613900000000000112e+00,1.272778630256652832e+00,8.523210883140563965e-01
1.564526139775946056e+01,-5.168363610044965917e+00,1.661990722656250000e+03,2.255838632583618164e+00,3.613910000000000178e+00,1.023143887519836426e+00,6.615854501724243164e-01
1.564262573598131745e+01,-5.152197229383416399e+00,1.216845092773437500e+03,2.078556537628173828e+00,3.613920000000000243e+00,9.877433180809020996e-01,5.824683308601379395e-01
1.564858739607254279e+01,-5.140624925751449581e+00,2.191302734375000000e+03,1.718822240829467773e+00,3.613930000000000309e+00,9.226643443107604980e-01,6.340432763099670410e-01
1.565217286420560683e+01,-5.127983292604848309e+00,1.231896118164062500e+03,1.266157150268554688e+00,3.613940000000000374e+00,7.707625031471252441e-01,4.564302563667297363e-01
1.564573722964005142e+01,-5.109646693532289952e+00,1.336924926757812500e+03,1.143193960189819336e+00,3.613950000000000440e+00,9.876670241355895996e-01,6.007026433944702148e-01
1.564740353759309954e+01,-5.088848118399684317e+00,1.591342285156250000e+03,1.033087491989135742e+00,3.613960000000000505e+00,9.593618512153625488e-01,6.134437918663024902e-01
1.565178763889390368e+01,-5.081799996903809458e+00,1.782384521484375000e+03,1.256124496459960938e+00,3.613970000000000127e+00,9.305989742279052734e-01,6.120705008506774902e-01
1.564639784668304223e+01,-5.066606396032066861e+00,1.452546875000000000e+03,1.245469570159912109e+00,3.613980000000000192e+00,9.535635113716125488e-01,5.945991277694702148e-01
1.564625662688502317e+01,-5.048137634726665546e+00,1.808213256835937500e+03,1.217488765716552734e+00,3.613990000000000258e+00,1.016964077949523926e+00,6.711222529411315918e-01
1.564572757566642203e+01,-5.034127634582279853e+00,1.781335205078125000e+03,1.287103414535522461e+00,3.614000000000000323e+00,1.078762412071228027e+00,7.094219326972961426e-01
1.564366199056685680e+01,-5.021368346815825667e+00,2.255409912109375000e+03,1.560574293136596680e+00,3.614010000000000389e+00,1.060222864151000977e+00,7.325391173362731934e-01
1.564512005720789389e+01,-5.005108785953201078e+00,1.844974731445312500e+03,1.553979635238647461e+00,3.614020000000000454e+00,1.106762290000915527e+00,7.337598204612731934e-01
1.565031516424765812e+01,-4.984017403899327903e+00,2.327913818359375000e+03,1.618897438049316406e+00,3.614030000000000076e+00,1.085399985313415527e+00,7.542829513549804688e-01
1.564772937810780107e+01,-4.971310301466584036e+00,2.299007568359375000e+03,1.736953973770141602e+00,3.614040000000000141e+00,8.929858803749084473e-01,6.191658973693847656e-01
1.564748912713731599e+01,-4.955951501859668262e+00,1.290549804687500000e+03,1.622684717178344727e+00,3.614050000000000207e+00,1.080669760704040527e+00,6.499124765396118164e-01
1.564565134303217242e+01,-4.934310381265053280e+00,1.928928588867187500e+03,1.315553903579711914e+00,3.614060000000000272e+00,1.279339909553527832e+00,8.565935492515563965e-01
1.564899060464283309e+01,-4.924478094096231828e+00,1.741329956054687500e+03,1.694963693618774414e+00,3.614070000000000338e+00,1.003536224365234375e+00,6.563974618911743164e-01
1.564882633847695104e+01,-4.908890144049945725e+00,1.611499755859375000e+03,1.780232906341552734e+00,3.614080000000000403e+00,8.192093372344970703e-01,5.255528688430786133e-01
1.564493222184416865e+01,-4.896305489630060848e+00,1.197926147460937500e+03,1.249591827392578125e+00,3.614090000000000469e+00,8.782610893249511719e-01,5.151005387306213379e-01
1.565240954658989025e+01,-4.881916592768855701e+00,2.123589355468750000e+03,1.037576913833618164e+00,3.614100000000000090e+00,9.528768658638000488e-01,6.508280038833618164e-01
1.564889385622759299e+01,-4.859926833531586610e+00,1.645914672851562500e+03,1.201333522796630859e+00,3.614110000000000156e+00,9.738577604293823242e-01,6.281685829162597656e-01
1.564316030650445732e+01,-4.846235633740422877e+00,2.104487060546875000e+03,1.202407598495483398e+00,3.614120000000000221e+00,1.012996673583984375e+00,6.906535625457763672e-01
1.564684055742001867e+01,-4.833030306759362738e+00,1.809539428710937500e+03,1.222753047943115234e+00,3.614130000000000287e+00,9.535635113716125488e-01,6.293892860412597656e-01
1.564518124612441774e+01,-4.823630295738716711e+00,1.423318115234375000e+03,1.315494298934936523e+00,3.614140000000000352e+00,8.475908041000366211e-01,5.254002809524536133e-01
1.564370081231132303e+01,-4.806507862416253829e+00,1.656438476562500000e+03,1.302846193313598633e+00,3.614150000000000418e+00,1.012081146240234375e+00,6.538797616958618164e-01
1.564782667921653392e+01,-4.789773748386907393e+00,1.532922851562500000e+03,1.224182367324829102e+00,3.614160000000000483e+00,1.090511679649353027e+00,6.903483867645263672e-01
1.565170993358852414e+01,-4.770511119067518457e+00,1.788854614257812500e+03,1.431109428405761719e+00,3.614170000000000105e+00,9.774436354637145996e-01,6.434274315834045410e-01
1.564726666193272919e+01,-4.754337863694419575e+00,1.386521484375000000e+03,1.531246423721313477e+00,3.614180000000000170e+00,8.807787895202636719e-01,5.417272448539733887e-01
1.564248035354393451e+01,-4.746034983861898482e+00,2.309311279296875000e+03,1.155071973800659180e+00,3.614190000000000236e+00,9.155690073966979980e-01,6.353402733802795410e-01
1.564388452977476085e+01,-4.729481444332124696e+00,1.566722290039062500e+03,1.052578210830688477e+00,3.614200000000000301e+00,1.055111169815063477e+00,6.718851923942565918e-01
1.564759487191685494e+01,-4.705346986364999928e+00,3.072836914062500000e+03,1.193021059036254883e+00,3.614210000000000367e+00,1.410947442054748535e+00,1.024212002754211426e+00
1.564956744386936727e+01,-4.691875175865234837e+00,2.047627563476562500e+03,1.739326238632202148e+00,3.614220000000000432e+00,1.311841249465942383e+00,8.894763588905334473e-01
1.564526078113268603e+01,-4.671692910025798895e+00,1.381925659179687500e+03,2.382037162780761719e+00,3.614230000000000498e+00,1.217541575431823730e+00,7.481031417846679688e-01
1.564767572045996502e+01,-4.655590016763827776e+00,1.277194580078125000e+03,2.420711040496826172e+00,3.614240000000000119e+00,1.122784137725830078e+00,6.729533076286315918e-01
1.564449396261466063e+01,-4.651635073749051053e+00,1.290966308593750000e+03,2.157222747802734375e+00,3.614250000000000185e+00,9.818686842918395996e-01,5.905555486679077148e-01
1.564784910560438824e+01,-4.631159455613996556e+00,1.316054077148437500e+03,1.598360061645507812e+00,3.614260000000000250e+00,9.553945660591125488e-01,5.781958699226379395e-01
1.564449240691495824e+01,-4.611778852264368567e+00,1.276307495117187500e+03,1.378461837768554688e+00,3.614270000000000316e+00,9.840049147605895996e-01,5.896400213241577148e-01
1.564560886175237897e+01,-4.604262564605910768e+00,1.359847656250000000e+03,1.103899002075195312e+00,3.614280000000000381e+00,1.326489686965942383e+00,8.110458850860595703e-01
1.565044995508590020e+01,-4.584340899548624115e+00,1.312793457031250000e+03,1.469885826110839844e+00,3.614290000000000447e+00,1.110577106475830078e+00,6.715800166130065918e-01
1.565039893746115673e+01,-4.567837082221879008e+00,2.197378417968750000e+03,1.848242998123168945e+00,3.614300000000000512e+00,9.918631911277770996e-01,6.819560527801513672e-01
1.564653299060471880e+01,-4.553201558355169709e+00,1.796681274414062500e+03,1.684715270996093750e+00,3.614310000000000134e+00,1.055874109268188477e+00,6.957653164863586426e-01
1.564695267087068586e+01,-4.538082277487586857e+00,1.695973510742187500e+03,1.505358934402465820e+00,3.614320000000000199e+00,1.043819546699523926e+00,6.783701777458190918e-01
1.565119854973885261e+01,-4.522082306982873057e+00,1.204963256835937500e+03,1.529472589492797852e+00,3.614330000000000265e+00,9.663046598434448242e-01,5.678961277008056641e-01
1.565254275533781225e+01,-4.502941457634638489e+00,1.026399047851562500e+03,1.389883279800415039e+00,3.614340000000000330e+00,9.392201900482177734e-01,5.196018815040588379e-01
1.564971901290780742e+01,-4.488266481314142631e+00,1.197731933593750000e+03,1.185388088226318359e+00,3.614350000000000396e+00,7.983047366142272949e-01,4.681795835494995117e-01
1.564796508183488122e+01,-4.466850842581822079e+00,2.018590698242187500e+03,9.634417891502380371e-01,3.614360000000000461e+00,9.260212779045104980e-01,6.260323524475097656e-01
1.565787187779525347e+01,-4.452424540184011903e+00,1.901571411132812500e+03,1.014087915420532227e+00,3.614370000000000083e+00,9.952964782714843750e-01,6.643320918083190918e-01
1.565233899350923785e+01,-4.441944945284491908e+00,2.108028564453125000e+03,1.310134649276733398e+00,3.614380000000000148e+00,1.054271936416625977e+00,7.190350294113159180e-01
1.565221817876746258e+01,-4.417931656880639046e+00,1.924569335937500000e+03,1.427205324172973633e+00,3.614390000000000214e+00,9.971275329589843750e-01,6.673075556755065918e-01
1.565825917472756856e+01,-4.406867612416759172e+00,1.874585449218750000e+03,1.780073165893554688e+00,3.614400000000000279e+00,9.824027419090270996e-01,6.536508798599243164e-01
1.565790085049480851e+01,-4.396772780640236356e+00,1.215451171875000000e+03,1.556068181991577148e+00,3.614410000000000345e+00,9.775199294090270996e-01,5.762122273445129395e-01
1.564743814927932064e+01,-4.377751921465197427e+00,1.290425903320312500e+03,1.288752079010009766e+00,3.614420000000000410e+00,8.630022406578063965e-01,5.189915299415588379e-01
1.565442945357500015e+01,-4.363637472512540860e+00,1.785236083984375000e+03,1.129134416580200195e+00,3.614430000000000476e+00,8.897815346717834473e-01,5.854437947273254395e-01
1.564930707100801932e+01,-4.351367260013581983e+00,1.132553833007812500e+03,1.000036716461181641e+00,3.614440000000000097e+00,8.842120766639709473e-01,5.082340836524963379e-01
1.565020210647876020e+01,-4.337036471274176463e+00,1.213354125976562500e+03,1.045023918151855469e+00,3.614450000000000163e+00,8.619341254234313965e-01,5.077762603759765625e-01
1.565127359057516898e+01,-4.323210699678630142e+00,1.677225097656250000e+03,1.169505834579467773e+00,3.614460000000000228e+00,9.513509869575500488e-01,6.165718436241149902e-01
1.564556676257440770e+01,-4.298528289693053672e+00,1.422321777343750000e+03,1.190957546234130859e+00,3.614470000000000294e+00,9.504354596138000488e-01,5.890296697616577148e-01
1.565482030637618038e+01,-4.287584035505786595e+00,1.440339477539062500e+03,1.271533489227294922e+00,3.614480000000000359e+00,9.563863873481750488e-01,5.949043035507202148e-01
1.565326404571313645e+01,-4.269488428328244822e+00,1.427773925781250000e+03,1.243506193161010742e+00,3.614490000000000425e+00,9.807242751121520996e-01,6.084846854209899902e-01
1.565057215697189896e+01,-4.252689171167281401e+00,1.432840087890625000e+03,1.090751409530639648e+00,3.614500000000000490e+00,9.811820387840270996e-01,6.094002127647399902e-01
1.565051026553021352e+01,-4.236461964656319523e+00,1.457358886718750000e+03,1.364163875579833984e+00,3.614510000000000112e+00,1.058391809463500977e+00,6.605936288833618164e-01
1.565041287403081860e+01,-4.221581781121512833e+00,1.810993652343750000e+03,1.476752281188964844e+00,3.614520000000000177e+00,9.285389780998229980e-01,6.129860281944274902e-01
1.565303938656578708e+01,-4.206195757746629127e+00,1.940314208984375000e+03,1.340997934341430664e+00,3.614530000000000243e+00,9.946861267089843750e-01,6.668497920036315918e-01
1.564891430390045457e+01,-4.187559786320965038e+00,2.157157714843750000e+03,1.421994686126708984e+00,3.614540000000000308e+00,9.216725230216979980e-01,6.314492225646972656e-01
1.565025364218322323e+01,-4.174107687098286057e+00,1.277360229492187500e+03,1.525120258331298828e+00,3.614550000000000374e+00,9.206044077873229980e-01,5.517980456352233887e-01
1.565303998220268689e+01,-4.162989884940899721e+00,1.893447998046875000e+03,1.294430017471313477e+00,3.614560000000000439e+00,9.460104107856750488e-01,6.308388710021972656e-01
1.565118055215880233e+01,-4.143360839246710725e+00,2.476795166015625000e+03,1.277721643447875977e+00,3.614570000000000505e+00,9.885825514793395996e-01,6.944682598114013672e-01
1.565139197476574395e+01,-4.126250135937516106e+00,1.348617919921875000e+03,1.504472017288208008e+00,3.614580000000000126e+00,1.012386322021484375e+00,6.174111366271972656e-01
1.565270230830327591e+01,-4.116063350225633855e+00,1.475320678710937500e+03,1.521740674972534180e+00,3.614590000000000192e+00,8.320267796516418457e-01,5.211277604103088379e-01
1.565873849690516728e+01,-4.100069948973337652e+00,1.235679077148437500e+03,1.320759773254394531e+00,3.614600000000000257e+00,7.964736819267272949e-01,4.721468687057495117e-01
1.564773789591643727e+01,-4.092729749308797516e+00,2.395996582031250000e+03,1.130494594573974609e+00,3.614610000000000323e+00,7.786208391189575195e-01,5.438634753227233887e-01
1.565031815555712846e+01,-4.074821498214506121e+00,1.369697753906250000e+03,9.570235610008239746e-01,3.614620000000000388e+00,8.836780190467834473e-01,5.414983630180358887e-01
1.565308346062356826e+01,-4.052316460725266190e+00,1.511813842773437500e+03,9.920842051506042480e-01,3.614630000000000454e+00,8.749804496765136719e-01,5.517980456352233887e-01
1.565066456629829439e+01,-4.038347067646908428e+00,1.381477172851562500e+03,1.089329242706298828e+00,3.614640000000000075e+00,8.533129096031188965e-01,5.242558717727661133e-01
1.564612081893159790e+01,-4.024095955037494399e+00,1.300016845703125000e+03,1.047389030456542969e+00,3.614650000000000141e+00,9.792746901512145996e-01,5.903266668319702148e-01
1.565154529439499420e+01,-4.002342835722739522e+00,1.578390625000000000e+03,9.761340022087097168e-01,3.614660000000000206e+00,1.077541589736938477e+00,6.875255107879638672e-01
1.565573586863813738e+01,-3.986996845681643364e+00,2.031447265625000000e+03,1.210073947906494141e+00,3.614670000000000272e+00,1.103557944297790527e+00,7.470350265502929688e-01
1.565010200458841894e+01,-3.980212671720318784e+00,1.316808349609375000e+03,1.558125734329223633e+00,3.614680000000000337e+00,7.714491486549377441e-01,4.669588804244995117e-01
1.565460319978574155e+01,-3.962097591218685544e+00,1.305502441406250000e+03,1.224690198898315430e+00,3.614690000000000403e+00,7.510786056518554688e-01,4.533784985542297363e-01
1.566069670152415760e+01,-3.940651358821250394e+00,1.249185546875000000e+03,7.385188937187194824e-01,3.614700000000000468e+00,1.144146561622619629e+00,6.807353496551513672e-01
1.565179391298081768e+01,-3.927077119510481662e+00,1.498584594726562500e+03,1.266200065612792969e+00,3.614710000000000090e+00,1.052364587783813477e+00,6.620432138442993164e-01
1.565453807035549616e+01,-3.915918889472208342e+00,1.429475341796875000e+03,1.849374294281005859e+00,3.614720000000000155e+00,9.571493268013000488e-01,5.940650701522827148e-01
1.564878372886703239e+01,-3.900171728033972496e+00,1.450554199218750000e+03,1.633649587631225586e+00,3.614730000000000221e+00,9.158741831779479980e-01,5.708716511726379395e-01
1.565444591482452985e+01,-3.885176688702416836e+00,1.320837768554687500e+03,1.502743482589721680e+00,3.614740000000000286e+00,9.458578228950500488e-01,5.730841755867004395e-01
1.564664245363010409e+01,-3.865824437376084610e+00,1.277313720703125000e+03,1.227842092514038086e+00,3.614750000000000352e+00,8.853564858436584473e-01,5.306645631790161133e-01
1.565146201060962916e+01,-3.856083099827893435e+00,1.630695312500000000e+03,1.116003513336181641e+00,3.614760000000000417e+00,8.667406439781188965e-01,5.577490329742431641e-01
1.565118030422935291e+01,-3.837284528020167063e+00,1.696892211914062500e+03,9.374780058860778809e-01,3.614770000000000483e+00,8.206589818000793457e-01,5.334111452102661133e-01
1.564963361095177419e+01,-3.815692874647385491e+00,1.351205078125000000e+03,1.237349033355712891e+00,3.614780000000000104e+00,9.630240201950073242e-01,5.876563787460327148e-01
1.564844670095206425e+01,-3.802817627559231362e+00,1.373215332031250000e+03,1.047149419784545898e+00,3.614790000000000170e+00,1.138271808624267578e+00,6.980541348457336426e-01
1.564864111058296103e+01,-3.787208090765626256e+00,1.913667480468750000e+03,1.394731521606445312e+00,3.614800000000000235e+00,1.033748745918273926e+00,6.909587383270263672e-01
1.565606037690110952e+01,-3.768889314193821782e+00,1.108497802734375000e+03,1.603443145751953125e+00,3.614810000000000301e+00,8.436998128890991211e-01,4.810733199119567871e-01
1.564485704079419470e+01,-3.758109954648472861e+00,1.401854980468750000e+03,1.257006645202636719e+00,3.614820000000000366e+00,9.276997447013854980e-01,5.724738240242004395e-01
1.565804003966418279e+01,-3.740967768982814690e+00,2.219310546875000000e+03,9.431917071342468262e-01,3.614830000000000432e+00,1.074947595596313477e+00,7.404736876487731934e-01
1.566130754967679906e+01,-3.726517065222843872e+00,1.442779785156250000e+03,1.152524471282958984e+00,3.614840000000000497e+00,9.624136686325073242e-01,5.989478826522827148e-01
1.564959688399016180e+01,-3.710074260079243569e+00,1.777655273437500000e+03,1.374160766601562500e+00,3.614850000000000119e+00,9.495199322700500488e-01,6.241250038146972656e-01
1.564962296955196841e+01,-3.695681792138310939e+00,1.372683593750000000e+03,1.199059009552001953e+00,3.614860000000000184e+00,9.940757751464843750e-01,6.095528006553649902e-01
1.565175248909589989e+01,-3.676894023782095733e+00,2.363577392578125000e+03,1.245878458023071289e+00,3.614870000000000250e+00,1.173443555831909180e+00,8.176834583282470703e-01
1.564784030211453825e+01,-3.665216852482037879e+00,1.272009887695312500e+03,1.304220676422119141e+00,3.614880000000000315e+00,8.694872856140136719e-01,5.204411149024963379e-01
1.565514986988737434e+01,-3.651339987147498523e+00,1.155349121093750000e+03,1.593875408172607422e+00,3.614890000000000381e+00,8.404954671859741211e-01,4.866427779197692871e-01
1.565320848501558793e+01,-3.634974008067456186e+00,1.454508056640625000e+03,1.086223840713500977e+00,3.614900000000000446e+00,8.681902885437011719e-01,5.415746569633483887e-01
1.565396922958765735e+01,-3.619311417935437980e+00,1.523862670898437500e+03,1.034856557846069336e+00,3.614910000000000512e+00,8.276780247688293457e-01,5.231114029884338379e-01
1.564896746489255186e+01,-3.608480292114831123e+00,1.741004150390625000e+03,1.114114046096801758e+00,3.614920000000000133e+00,8.217270970344543457e-01,5.374547243118286133e-01
1.565219235120849817e+01,-3.590378759226893202e+00,1.578619750976562500e+03,1.062103033065795898e+00,3.614930000000000199e+00,8.836780190467834473e-01,5.638525485992431641e-01
1.565441996129163726e+01,-3.572371869050007920e+00,1.478366455078125000e+03,1.003263711929321289e+00,3.614940000000000264e+00,9.611929655075073242e-01,6.023811697959899902e-01
1.564930205126016816e+01,-3.560911943856432060e+00,2.131286621093750000e+03,1.098364114761352539e+00,3.614950000000000330e+00,1.040157437324523926e+00,7.109478712081909180e-01
1.565034644613247217e+01,-3.541457177480939134e+00,2.611149658203125000e+03,1.212204217910766602e+00,3.614960000000000395e+00,9.955253601074218750e-01,7.054546475410461426e-01
1.565600679309894971e+01,-3.520057520897204917e+00,1.232839599609375000e+03,1.597845077514648438e+00,3.614970000000000461e+00,9.892691969871520996e-01,5.859779119491577148e-01
1.565074110364266069e+01,-3.505159718336113173e+00,1.636457275390625000e+03,1.481469392776489258e+00,3.614980000000000082e+00,8.552965521812438965e-01,5.508825182914733887e-01
1.564984068307094311e+01,-3.494328700735105819e+00,1.503162597656250000e+03,1.237544536590576172e+00,3.614990000000000148e+00,8.711657524108886719e-01,5.485174059867858887e-01
1.565654996148202471e+01,-3.476914501755305142e+00,1.666020874023437500e+03,1.139229059219360352e+00,3.615000000000000213e+00,1.007427215576171875e+00,6.518198251724243164e-01
1.565628023772726607e+01,-3.461269410268767999e+00,1.687484741210937500e+03,1.086844921112060547e+00,3.615010000000000279e+00,9.742392301559448242e-01,6.323647499084472656e-01
1.565467151153774061e+01,-3.445868090036300568e+00,1.395898193359375000e+03,1.381022453308105469e+00,3.615020000000000344e+00,8.844409584999084473e-01,5.450841784477233887e-01
1.565568600250254327e+01,-3.431913690957272500e+00,2.316092041015625000e+03,1.244612455368041992e+00,3.615030000000000410e+00,9.613455533981323242e-01,6.674601435661315918e-01
1.566074922847607631e+01,-3.416278573563220622e+00,1.336037475585937500e+03,1.261003732681274414e+00,3.615040000000000475e+00,1.048473596572875977e+00,6.375527977943420410e-01
1.565586192251063835e+01,-3.402723554343138002e+00,1.524670898437500000e+03,1.265351295471191406e+00,3.615050000000000097e+00,9.402883052825927734e-01,5.943702459335327148e-01
1.565875010524467648e+01,-3.381349488201276010e+00,1.418536987304687500e+03,1.272599220275878906e+00,3.615060000000000162e+00,1.006130218505859375e+00,6.230568885803222656e-01
1.565624106961817219e+01,-3.367421031076947013e+00,2.147108886718750000e+03,1.225095510482788086e+00,3.615070000000000228e+00,8.610948920249938965e-01,5.894111394882202148e-01
1.565741481412976377e+01,-3.357212662330871566e+00,1.383446166992187500e+03,1.343001842498779297e+00,3.615080000000000293e+00,9.524953961372375488e-01,5.854437947273254395e-01
1.565449111309855468e+01,-3.342861155256038774e+00,1.772356201171875000e+03,1.169417619705200195e+00,3.615090000000000359e+00,9.746969938278198242e-01,6.402230858802795410e-01
1.565512319594951052e+01,-3.320263541695148035e+00,1.574727539062500000e+03,1.392189979553222656e+00,3.615100000000000424e+00,1.008571624755859375e+00,6.431222558021545410e-01
1.564966128766867470e+01,-3.308776310319760050e+00,1.651304931640625000e+03,1.365906715393066406e+00,3.615110000000000490e+00,1.088985800743103027e+00,7.030132412910461426e-01
1.565762677346092246e+01,-3.290310229283529786e+00,1.252688598632812500e+03,1.477567672729492188e+00,3.615120000000000111e+00,8.431657552719116211e-01,5.021305084228515625e-01
1.565886836748801691e+01,-3.273972655591721015e+00,1.416944335937500000e+03,1.364037513732910156e+00,3.615130000000000177e+00,9.457052350044250488e-01,5.854437947273254395e-01
1.565544956976235191e+01,-3.256664094250150576e+00,1.296503784179687500e+03,1.052536487579345703e+00,3.615140000000000242e+00,8.578905463218688965e-01,5.167027115821838379e-01
1.565559252464739970e+01,-3.247161692936653132e+00,1.951025512695312500e+03,1.065470695495605469e+00,3.615150000000000308e+00,8.877978920936584473e-01,5.958961248397827148e-01
1.565999601256960716e+01,-3.227013593398899705e+00,1.492058105468750000e+03,1.096100330352783203e+00,3.615160000000000373e+00,9.344136714935302734e-01,5.871223211288452148e-01
1.565589144984929248e+01,-3.213653638670261437e+00,2.166536621093750000e+03,1.277495145797729492e+00,3.615170000000000439e+00,9.619559049606323242e-01,6.596018075942993164e-01
1.565478872061879478e+01,-3.199704327857457287e+00,1.443100952148437500e+03,1.399135112762451172e+00,3.615180000000000504e+00,8.570513129234313965e-01,5.334111452102661133e-01
1.565925858887247024e+01,-3.184562485358758188e+00,1.122613647460937500e+03,1.342827796936035156e+00,3.615190000000000126e+00,7.986862063407897949e-01,4.575746953487396240e-01
1.565982476525309330e+01,-3.164939856351574043e+00,1.046498413085937500e+03,9.291142821311950684e-01,3.615200000000000191e+00,9.305226802825927734e-01,5.188389420509338379e-01
1.565480290725305146e+01,-3.150333182979302649e+00,1.247767822265625000e+03,8.454663157463073730e-01,3.615210000000000257e+00,9.351003170013427734e-01,5.561468601226806641e-01
1.565008543100691440e+01,-3.137653058537182460e+00,1.078680419921875000e+03,1.087904691696166992e+00,3.615220000000000322e+00,7.867079973220825195e-01,4.439180195331573486e-01
1.565805469752847934e+01,-3.122758324282588038e+00,1.350950073242187500e+03,9.937602877616882324e-01,3.615230000000000388e+00,9.259449839591979980e-01,5.649969577789306641e-01
1.565159724345714842e+01,-3.110684036907388705e+00,1.166583251953125000e+03,8.720225691795349121e-01,3.615240000000000453e+00,7.403973937034606934e-01,4.301850497722625732e-01
1.565041538035068136e+01,-3.084946643052173254e+00,1.122322631835937500e+03,1.176058769226074219e+00,3.615250000000000075e+00,7.914382815361022949e-01,4.533784985542297363e-01
1.565368136731785143e+01,-3.072561672257694720e+00,1.431504760742187500e+03,8.261508345603942871e-01,3.615260000000000140e+00,1.005901336669921875e+00,6.245827674865722656e-01
1.565875509740539684e+01,-3.052474404618267023e+00,1.352251708984375000e+03,8.951873183250427246e-01,3.615270000000000206e+00,8.449205160140991211e-01,5.157108902931213379e-01
1.565704470023814565e+01,-3.032212993735805995e+00,1.638399169921875000e+03,1.180047512054443359e+00,3.615280000000000271e+00,8.911548256874084473e-01,5.741522908210754395e-01
1.565254638095969320e+01,-3.023983317444605579e+00,1.699477661132812500e+03,1.031802415847778320e+00,3.615290000000000337e+00,9.148060679435729980e-01,5.948280096054077148e-01
1.565315964515417235e+01,-3.005211135454806115e+00,1.655315551757812500e+03,1.085745811462402344e+00,3.615300000000000402e+00,7.990676760673522949e-01,5.161686539649963379e-01
1.565934171287809740e+01,-2.989479445121625112e+00,1.902264892578125000e+03,1.194922447204589844e+00,3.615310000000000468e+00,7.554273605346679688e-01,5.042667388916015625e-01
1.564880671519137678e+01,-2.971844499789321858e+00,2.177286621093750000e+03,1.007288217544555664e+00,3.615320000000000089e+00,9.868277907371520996e-01,6.773020625114440918e-01
1.564893687082584073e+01,-2.960114878456891585e+00,1.821875000000000000e+03,9.727341532707214355e-01,3.615330000000000155e+00,1.043590664863586426e+00,6.898906230926513672e-01
1.565498491543394621e+01,-2.949233623325701270e+00,1.523104492187500000e+03,1.579342603683471680e+00,3.615340000000000220e+00,8.256180882453918457e-01,5.217381119728088379e-01
1.565245668835383697e+01,-2.934325779159272063e+00,1.487972290039062500e+03,1.301674365997314453e+00,3.615350000000000286e+00,1.029552578926086426e+00,6.464028954505920410e-01
1.565271330927267712e+01,-2.912914639429887487e+00,1.823741333007812500e+03,1.078632593154907227e+00,3.615360000000000351e+00,1.162304520606994629e+00,7.685499787330627441e-01
1.565677953637527509e+01,-2.900691318883954484e+00,2.202482177734375000e+03,1.688754081726074219e+00,3.615370000000000417e+00,1.110882282257080078e+00,7.641249299049377441e-01
1.564967408217142619e+01,-2.877162842114614261e+00,1.329068359375000000e+03,1.941020011901855469e+00,3.615380000000000482e+00,7.436780929565429688e-01,4.514711499214172363e-01
1.565033877147709163e+01,-2.870255657394379600e+00,9.730449829101562500e+02,1.878888130187988281e+00,3.615390000000000104e+00,8.631548285484313965e-01,4.669588804244995117e-01
1.565021760044232657e+01,-2.855772701886378329e+00,1.652454833984375000e+03,1.019587039947509766e+00,3.615400000000000169e+00,8.597978949546813965e-01,5.551550388336181641e-01
1.565334457835265525e+01,-2.834181473520096084e+00,1.286065429687500000e+03,9.496099352836608887e-01,3.615410000000000235e+00,8.288987278938293457e-01,4.979343414306640625e-01
1.564878636460941230e+01,-2.828009639624651683e+00,1.771696899414062500e+03,9.410554766654968262e-01,3.615420000000000300e+00,9.149586558341979980e-01,6.009315252304077148e-01
1.565320585648539442e+01,-2.806421727569173630e+00,1.142195434570312500e+03,9.835821986198425293e-01,3.615430000000000366e+00,8.868823647499084473e-01,5.113621354103088379e-01
1.565252478247790258e+01,-2.791922296386935454e+00,9.846591186523437500e+02,1.050369262695312500e+00,3.615440000000000431e+00,9.666861295700073242e-01,5.256291627883911133e-01
1.565373864809554405e+01,-2.778408634578950487e+00,1.507976196289062500e+03,1.049683809280395508e+00,3.615450000000000497e+00,9.626425504684448242e-01,6.066536307334899902e-01
1.565567765584575355e+01,-2.765389518325017448e+00,1.989371215820312500e+03,1.117394685745239258e+00,3.615460000000000118e+00,1.015895962715148926e+00,6.847026348114013672e-01
1.565403005713630513e+01,-2.741852844002611977e+00,1.278011352539062500e+03,1.260754585266113281e+00,3.615470000000000184e+00,8.920703530311584473e-01,5.347844362258911133e-01
1.565091436769914424e+01,-2.728850529964384375e+00,1.685488769531250000e+03,1.196203947067260742e+00,3.615480000000000249e+00,8.578905463218688965e-01,5.566809177398681641e-01
1.564972311991818188e+01,-2.716735274513045084e+00,1.513039916992187500e+03,1.133102893829345703e+00,3.615490000000000315e+00,7.381085753440856934e-01,4.655855894088745117e-01
1.565250102808852084e+01,-2.702449605264189536e+00,1.237864990234375000e+03,9.704834818840026855e-01,3.615500000000000380e+00,7.864791154861450195e-01,4.665011167526245117e-01
1.565653104797426387e+01,-2.686818607801545689e+00,1.039109619140625000e+03,8.354145884513854980e-01,3.615510000000000446e+00,9.084736108779907227e-01,5.051059722900390625e-01
1.564861496783948347e+01,-2.670707332459875349e+00,1.501073852539062500e+03,8.396036028861999512e-01,3.615520000000000511e+00,8.804736137390136719e-01,5.541631579399108887e-01
1.565401324614521172e+01,-2.654490548057625521e+00,1.846614135742187500e+03,1.076070785522460938e+00,3.615530000000000133e+00,8.979449868202209473e-01,5.954383611679077148e-01
1.565270117531472138e+01,-2.637459287559485777e+00,1.388508300781250000e+03,1.132047891616821289e+00,3.615540000000000198e+00,9.631003141403198242e-01,5.926154851913452148e-01
1.565554929682244456e+01,-2.624768905961696763e+00,1.345588989257812500e+03,1.213984012603759766e+00,3.615550000000000264e+00,8.591112494468688965e-01,5.235692262649536133e-01
1.566135521126114050e+01,-2.601494279644294583e+00,1.612310546875000000e+03,1.184892177581787109e+00,3.615560000000000329e+00,8.615526556968688965e-01,5.527898669242858887e-01
1.565954304468853486e+01,-2.587430932206109979e+00,2.034681152343750000e+03,1.012699127197265625e+00,3.615570000000000395e+00,9.032093286514282227e-01,6.116127371788024902e-01
1.565451312772484549e+01,-2.576863848529141077e+00,1.359224487304687500e+03,1.047436714172363281e+00,3.615580000000000460e+00,8.937488198280334473e-01,5.463811755180358887e-01
1.565811778574101076e+01,-2.553100937667021952e+00,1.293162353515625000e+03,1.154740571975708008e+00,3.615590000000000082e+00,8.939777016639709473e-01,5.379887819290161133e-01
1.566523741207880072e+01,-2.537589809195226476e+00,1.631457275390625000e+03,1.109601974487304688e+00,3.615600000000000147e+00,9.401357173919677734e-01,6.050514578819274902e-01
1.565910925117729313e+01,-2.527936933419101084e+00,1.336872924804687500e+03,1.109085798263549805e+00,3.615610000000000213e+00,8.601030707359313965e-01,5.231114029884338379e-01
1.565869522409395742e+01,-2.513901410358528654e+00,1.186850341796875000e+03,1.189100265502929688e+00,3.615620000000000278e+00,1.023906826972961426e+00,5.985664129257202148e-01
1.565999811589686175e+01,-2.497637412606447338e+00,1.008188049316406250e+03,1.125688076019287109e+00,3.615630000000000344e+00,9.671438932418823242e-01,5.311223268508911133e-01
1.565824398701600018e+01,-2.482518995692080122e+00,1.542900268554687500e+03,1.306929111480712891e+00,3.615640000000000409e+00,8.627733588218688965e-01,5.471441149711608887e-01
1.565711178792183667e+01,-2.467683036550582631e+00,1.625826416015625000e+03,1.214347600936889648e+00,3.615650000000000475e+00,8.539995551109313965e-01,5.491277575492858887e-01
1.566214029739269087e+01,-2.453314867066954008e+00,1.293774169921875000e+03,1.125204086303710938e+00,3.615660000000000096e+00,1.036571621894836426e+00,6.238961219787597656e-01
1.566372735339014177e+01,-2.437321843220117135e+00,1.349403686523437500e+03,1.144721031188964844e+00,3.615670000000000162e+00,8.802447319030761719e-01,5.369206666946411133e-01
1.566361104015954453e+01,-2.424080197338703613e+00,1.215190429687500000e+03,1.268811941146850586e+00,3.615680000000000227e+00,8.581194281578063965e-01,5.057926177978515625e-01
1.566211372893447340e+01,-2.404047990686363434e+00,1.324046997070312500e+03,9.842390418052673340e-01,3.615690000000000293e+00,9.653891324996948242e-01,5.853675007820129395e-01
1.566820496982295907e+01,-2.388298591795078085e+00,2.036814819335937500e+03,1.033048152923583984e+00,3.615700000000000358e+00,8.525499701499938965e-01,5.774329304695129395e-01
1.566157515542903411e+01,-2.372744640765693802e+00,2.273618408203125000e+03,1.230436086654663086e+00,3.615710000000000424e+00,9.376943111419677734e-01,6.488443613052368164e-01
1.566029424796444403e+01,-2.361804500771351734e+00,1.425596191406250000e+03,1.115533828735351562e+00,3.615720000000000489e+00,1.022991299629211426e+00,6.344247460365295410e-01
1.566549368187475544e+01,-2.344587723138147339e+00,1.105297729492187500e+03,1.479935169219970703e+00,3.615730000000000111e+00,8.951221108436584473e-01,5.098362565040588379e-01
1.565911646119091749e+01,-2.327298758066326023e+00,1.551205810546875000e+03,1.419214725494384766e+00,3.615740000000000176e+00,8.992420434951782227e-01,5.711005330085754395e-01
1.566150082181687253e+01,-2.310646016377585266e+00,1.358899169921875000e+03,1.088687896728515625e+00,3.615750000000000242e+00,8.824572563171386719e-01,5.394384264945983887e-01
1.565932631761056015e+01,-2.289128221916833628e+00,1.417105224609375000e+03,1.172301292419433594e+00,3.615760000000000307e+00,7.687025666236877441e-01,4.758853018283843994e-01
1.565898021380825611e+01,-2.275905417181181001e+00,1.088166381835937500e+03,9.455246329307556152e-01,3.615770000000000373e+00,8.533129096031188965e-01,4.831332564353942871e-01
1.565936240879290331e+01,-2.259913116327091576e+00,1.808460815429687500e+03,8.276886343955993652e-01,3.615780000000000438e+00,9.557760357856750488e-01,6.307625770568847656e-01
1.565657075263095166e+01,-2.254188339985536693e+00,2.124422607421875000e+03,9.480816721916198730e-01,3.615790000000000504e+00,1.031993985176086426e+00,7.049205899238586426e-01
1.566031958349472575e+01,-2.241999944800563860e+00,1.941796264648437500e+03,1.298949241638183594e+00,3.615800000000000125e+00,1.124462604522705078e+00,7.539777755737304688e-01
1.566260854489793353e+01,-2.214910986044849039e+00,1.630487548828125000e+03,1.700648784637451172e+00,3.615810000000000191e+00,9.833182692527770996e-01,6.327462196350097656e-01
1.566199697679645375e+01,-2.194678228215117155e+00,1.819142822265625000e+03,1.781038761138916016e+00,3.615820000000000256e+00,1.020168423652648926e+00,6.741740107536315918e-01
1.565900390133156250e+01,-2.185761899619000914e+00,1.071695068359375000e+03,1.427726268768310547e+00,3.615830000000000322e+00,8.719286918640136719e-01,4.907626807689666748e-01
1.566485478699588718e+01,-2.171407220341619482e+00,1.626947143554687500e+03,1.406734704971313477e+00,3.615840000000000387e+00,7.533674240112304688e-01,4.845065474510192871e-01
1.565941821701429504e+01,-2.153356328865152047e+00,1.272761596679687500e+03,9.821779131889343262e-01,3.615850000000000453e+00,9.805716872215270996e-01,5.870460271835327148e-01
1.565987539741973755e+01,-2.137460609021515356e+00,1.127319946289062500e+03,1.009485244750976562e+00,3.615860000000000074e+00,7.554273605346679688e-01,4.334656894207000732e-01
1.566617248268764939e+01,-2.120565159251288634e+00,1.536100097656250000e+03,1.130433797836303711e+00,3.615870000000000140e+00,7.696180939674377441e-01,4.874820113182067871e-01
1.565752012033651397e+01,-2.107696716370550227e+00,1.216514038085937500e+03,8.170289397239685059e-01,3.615880000000000205e+00,7.806807756423950195e-01,4.603212773799896240e-01
1.566087491036435253e+01,-2.090242149325964416e+00,2.166567626953125000e+03,8.432478308677673340e-01,3.615890000000000271e+00,1.036724209785461426e+00,7.108715176582336426e-01
1.566663993063025906e+01,-2.080170275509050537e+00,2.106494384765625000e+03,1.014883041381835938e+00,3.615900000000000336e+00,1.054424524307250977e+00,7.190350294113159180e-01
1.565825009576312077e+01,-2.063394560043442461e+00,2.034504638671875000e+03,1.642990827560424805e+00,3.615910000000000402e+00,9.795035719871520996e-01,6.632639169692993164e-01
1.564843101907345968e+01,-2.047886642340627450e+00,2.331692382812500000e+03,1.626759290695190430e+00,3.615920000000000467e+00,9.517324566841125488e-01,6.615854501724243164e-01
1.565117019282775956e+01,-2.036430546249476503e+00,2.326283203125000000e+03,1.618077278137207031e+00,3.615930000000000089e+00,2.495203018188476562e-01,1.733786463737487793e-01
1.565123952148621989e+01,-2.023466611803431014e+00,-2.642782031250000000e+04,1.159443378448486328e+00,3.615940000000000154e+00,8.129151165485382080e-02,6.870295852422714233e-02
1.563066208950823288e+01,-2.016396042990429738e+00,-1.204614379882812500e+03,4.108685553073883057e-01,3.615950000000000220e+00,5.069752037525177002e-02,5.970023944973945618e-02
1.563606459464080345e+01,-2.009761346852810604e+00,-1.592136962890625000e+03,2.838081419467926025e-01,3.615960000000000285e+00,4.741686955094337463e-02,5.130787566304206848e-02
