# x_coordinates, y_coordinates, TEP, TED, times, high, low
1.203695368289444545e+01,-9.805355938499861423e+00,1.944944091796875000e+03,5.001742243766784668e-01,3.580360000000000209e+00,7.243756055831909180e-01,4.858798384666442871e-01
1.204196278680443477e+01,-9.806346882657441810e+00,2.195096923828125000e+03,1.132679700851440430e+00,3.580370000000000275e+00,8.635362982749938965e-01,5.936073064804077148e-01
1.204120372733125777e+01,-9.818808673361377970e+00,1.629668090820312500e+03,7.499701380729675293e-01,3.580380000000000340e+00,9.732474088668823242e-01,6.261849403381347656e-01
1.204396461258025397e+01,-9.817314552559299301e+00,1.021135559082031250e+03,9.821528792381286621e-01,3.580390000000000406e+00,7.139996290206909180e-01,3.941741585731506348e-01
1.203923566852455984e+01,-9.819370193188390772e+00,1.252109619140625000e+03,1.175176620483398438e+00,3.580400000000000471e+00,8.495744466781616211e-01,5.058689117431640625e-01
1.204845909357707967e+01,-9.816532131390157900e+00,1.292310180664062500e+03,8.885187506675720215e-01,3.580410000000000093e+00,8.988605737686157227e-01,5.408117175102233887e-01
1.204322943931575374e+01,-9.815471560981768206e+00,9.394475708007812500e+02,9.326726794242858887e-01,3.580420000000000158e+00,8.980212807655334473e-01,4.784030020236968994e-01
1.204595721371809702e+01,-9.803904697474296270e+00,9.929879150390625000e+02,9.787089228630065918e-01,3.580430000000000224e+00,9.740103483200073242e-01,5.315037965774536133e-01
1.204366201381551882e+01,-9.792348005297197844e+00,1.059108154296875000e+03,9.834367632865905762e-01,3.580440000000000289e+00,8.577379584312438965e-01,4.805392622947692871e-01
1.204674366410082165e+01,-9.782248093206950657e+00,1.719565429687500000e+03,1.361886978149414062e+00,3.580450000000000355e+00,9.923210144042968750e-01,6.470895409584045410e-01
1.204399536047743347e+01,-9.775873952854411186e+00,1.354833740234375000e+03,1.026720523834228516e+00,3.580460000000000420e+00,9.972038269042968750e-01,6.090187430381774902e-01
1.203976246357798274e+01,-9.762600349054896043e+00,1.957644287109375000e+03,1.307137727737426758e+00,3.580470000000000486e+00,1.176113843917846680e+00,7.899886965751647949e-01
1.204274171749690758e+01,-9.747441377636203441e+00,1.510890258789062500e+03,1.514026641845703125e+00,3.580480000000000107e+00,1.400266289710998535e+00,8.829150795936584473e-01
1.204442920588653010e+01,-9.730416312495542286e+00,2.011498413085937500e+03,1.769662618637084961e+00,3.580490000000000173e+00,1.406903862953186035e+00,9.504354596138000488e-01
1.204588280064751871e+01,-9.714949288995420318e+00,1.663526123046875000e+03,2.062185525894165039e+00,3.580500000000000238e+00,1.338925719261169434e+00,8.659777045249938965e-01
1.204191829590459228e+01,-9.694869873159314366e+00,1.933327880859375000e+03,2.034680366516113281e+00,3.580510000000000304e+00,1.187481641769409180e+00,7.954818606376647949e-01
1.204444798101851788e+01,-9.669052218578144675e+00,2.546894287109375000e+03,2.024973154067993164e+00,3.580520000000000369e+00,9.733999967575073242e-01,6.869914531707763672e-01
1.204530249676896680e+01,-9.656548991959390094e+00,2.966308105468750000e+03,1.645658731460571289e+00,3.580530000000000435e+00,1.056865930557250977e+00,7.634382843971252441e-01
1.203491262338661016e+01,-9.631639063853270954e+00,2.109937255859375000e+03,1.479047060012817383e+00,3.580540000000000500e+00,1.190533399581909180e+00,8.121140003204345703e-01
1.204610851732348920e+01,-9.616693311510829290e+00,2.281967529296875000e+03,1.524798393249511719e+00,3.580550000000000122e+00,1.113247394561767578e+00,7.708387970924377441e-01
1.204475344339086362e+01,-9.593520418411920048e+00,1.662335083007812500e+03,1.782191514968872070e+00,3.580560000000000187e+00,1.130337238311767578e+00,7.309369444847106934e-01
1.204363533371741468e+01,-9.570921457008225275e+00,1.630414916992187500e+03,1.600793123245239258e+00,3.580570000000000253e+00,1.260418891906738281e+00,8.110458850860595703e-01
1.204749304562153789e+01,-9.554650330701852212e+00,1.450018432617187500e+03,1.803612232208251953e+00,3.580580000000000318e+00,1.125301837921142578e+00,7.013347744941711426e-01
1.204399760250659313e+01,-9.535052951940958366e+00,1.891056030273437500e+03,1.738768339157104492e+00,3.580590000000000384e+00,1.077312707901000977e+00,7.181957960128784180e-01
1.204618854409094375e+01,-9.513082406150678239e+00,1.846743408203125000e+03,1.645155668258666992e+00,3.580600000000000449e+00,1.029781460762023926e+00,6.828715801239013672e-01
1.204696559483957330e+01,-9.497863859984949642e+00,1.721765014648437500e+03,1.629887342453002930e+00,3.580610000000000515e+00,1.001018524169921875e+00,6.529642343521118164e-01
1.205092220955764937e+01,-9.475636043262824160e+00,1.977460815429687500e+03,1.369831085205078125e+00,3.580620000000000136e+00,1.220745921134948730e+00,8.217270970344543457e-01
1.204254346844402335e+01,-9.456951241872824099e+00,1.495623779296875000e+03,1.597009420394897461e+00,3.580630000000000202e+00,1.243939399719238281e+00,7.821303606033325195e-01
1.204348263299459809e+01,-9.444463764111185711e+00,1.882739135742187500e+03,1.839551448822021484e+00,3.580640000000000267e+00,1.245846748352050781e+00,8.297379612922668457e-01
1.204321749816831399e+01,-9.421005632249379147e+00,1.775764160156250000e+03,1.865086078643798828e+00,3.580650000000000333e+00,1.170696854591369629e+00,7.693129181861877441e-01
1.204493465978320899e+01,-9.410124100296862082e+00,2.805875976562500000e+03,1.647616147994995117e+00,3.580660000000000398e+00,1.321072816848754883e+00,9.466207623481750488e-01
1.203985069283472598e+01,-9.391579767078916063e+00,2.343877441406250000e+03,1.783371686935424805e+00,3.580670000000000464e+00,1.092953085899353027e+00,7.604628205299377441e-01
1.205134920927413766e+01,-9.369290392998587791e+00,1.601194824218750000e+03,2.043672323226928711e+00,3.580680000000000085e+00,1.105999350547790527e+00,7.083538174629211426e-01
1.203785331322928620e+01,-9.362212492267357078e+00,1.657432983398437500e+03,1.801262617111206055e+00,3.580690000000000150e+00,1.108745932579040527e+00,7.164410352706909180e-01
1.203999959543821596e+01,-9.341911387802142031e+00,1.014278625488281250e+03,1.639713764190673828e+00,3.580700000000000216e+00,9.273182749748229980e-01,5.105229020118713379e-01
1.204238704889448286e+01,-9.319043665897211781e+00,1.544435180664062500e+03,1.452211856842041016e+00,3.580710000000000282e+00,8.980212807655334473e-01,5.696508884429931641e-01
1.204991677854969545e+01,-9.303207383112495066e+00,1.415668579101562500e+03,1.191299676895141602e+00,3.580720000000000347e+00,9.014545679092407227e-01,5.579016208648681641e-01
1.204750070862569800e+01,-9.284032909595962835e+00,1.465475585937500000e+03,1.087110757827758789e+00,3.580730000000000413e+00,1.038402676582336426e+00,6.491495370864868164e-01
1.204181129516415183e+01,-9.273122266588849527e+00,1.745772949218750000e+03,1.139130115509033203e+00,3.580740000000000478e+00,1.017727017402648926e+00,6.660868525505065918e-01
1.204632807971682773e+01,-9.246265032134330042e+00,2.174020996093750000e+03,1.360662698745727539e+00,3.580750000000000099e+00,1.036037564277648926e+00,7.108715176582336426e-01
1.204074854079095047e+01,-9.226290247653883725e+00,1.403803344726562500e+03,1.445732831954956055e+00,3.580760000000000165e+00,8.814654350280761719e-01,5.441686511039733887e-01
1.204260771979101463e+01,-9.202317285190650509e+00,1.427387207031250000e+03,1.313066005706787109e+00,3.580770000000000231e+00,9.329640865325927734e-01,5.788062214851379395e-01
1.204417711868425478e+01,-9.184019381114019609e+00,1.330324218750000000e+03,1.220308065414428711e+00,3.580780000000000296e+00,1.017345547676086426e+00,6.177926063537597656e-01
1.205029312002576525e+01,-9.161918494905291865e+00,1.597106445312500000e+03,1.277734756469726562e+00,3.580790000000000362e+00,9.650076627731323242e-01,6.176400184631347656e-01
1.204551688180925773e+01,-9.141125100667395031e+00,1.431559082031250000e+03,1.225803613662719727e+00,3.580800000000000427e+00,1.009944915771484375e+00,6.271004676818847656e-01
1.204927197240132486e+01,-9.119853365473423068e+00,1.321887939453125000e+03,1.269566535949707031e+00,3.580810000000000493e+00,9.952201843261718750e-01,6.031441092491149902e-01
1.204805245120794588e+01,-9.104238617693965807e+00,1.851260986328125000e+03,1.289853572845458984e+00,3.580820000000000114e+00,1.052669763565063477e+00,6.984356045722961426e-01
1.204338841232528701e+01,-9.082361595631095241e+00,1.810569824218750000e+03,1.316681623458862305e+00,3.580830000000000179e+00,1.071209192276000977e+00,7.071331143379211426e-01
1.204423872192788991e+01,-9.062725590716864232e+00,2.632969482421875000e+03,1.422947168350219727e+00,3.580840000000000245e+00,9.309804439544677734e-01,6.605936288833618164e-01
1.204096631189260869e+01,-9.048040731339563436e+00,1.217710205078125000e+03,1.417581558227539062e+00,3.580850000000000311e+00,9.521902203559875488e-01,5.616400241851806641e-01
1.204218772230515455e+01,-9.023558129183456344e+00,1.349432495117187500e+03,1.290763139724731445e+00,3.580860000000000376e+00,9.242665171623229980e-01,5.637762546539306641e-01
1.204432796823234497e+01,-9.001728109097962616e+00,1.270730224609375000e+03,1.303354024887084961e+00,3.580870000000000442e+00,8.293564915657043457e-01,4.962558746337890625e-01
1.204764416272695193e+01,-8.979624833752879454e+00,1.297655761718750000e+03,9.986955523490905762e-01,3.580880000000000507e+00,1.206021189689636230e+00,7.265881896018981934e-01
1.204018774259536606e+01,-8.971054759151961377e+00,1.648796020507812500e+03,1.170271158218383789e+00,3.580890000000000128e+00,9.821738600730895996e-01,6.338143944740295410e-01
1.204691571106028647e+01,-8.946522566940663168e+00,1.692113647460937500e+03,1.559874534606933594e+00,3.580900000000000194e+00,1.034893155097961426e+00,6.721903681755065918e-01
1.204682506872499559e+01,-8.929191986822376137e+00,1.572924926757812500e+03,1.273557662963867188e+00,3.580910000000000259e+00,1.123775959014892578e+00,7.163647413253784180e-01
1.204382594584669164e+01,-8.912658538471371017e+00,1.653820190429687500e+03,1.510616064071655273e+00,3.580920000000000325e+00,1.137356281280517578e+00,7.345227599143981934e-01
1.204358686856860317e+01,-8.891087850867151587e+00,2.936289306640625000e+03,1.552966356277465820e+00,3.580930000000000391e+00,1.241269111633300781e+00,8.953509926795959473e-01
1.204451390441589531e+01,-8.876462576756448897e+00,1.561386962890625000e+03,1.810087680816650391e+00,3.580940000000000456e+00,1.125988483428955078e+00,7.163647413253784180e-01
1.204543801978137552e+01,-8.858043351516075248e+00,2.088472656250000000e+03,1.884991645812988281e+00,3.580950000000000077e+00,1.369367122650146484e+00,9.322011470794677734e-01
1.204508582466199584e+01,-8.839408516659227999e+00,1.401692749023437500e+03,1.839712381362915039e+00,3.580960000000000143e+00,1.037029385566711426e+00,6.399179100990295410e-01
1.205022131951843356e+01,-8.825465231148859502e+00,1.406147705078125000e+03,1.967762231826782227e+00,3.580970000000000208e+00,1.046795010566711426e+00,6.465554833412170410e-01
1.204769398672050329e+01,-8.798275806200249960e+00,1.524588989257812500e+03,1.414757490158081055e+00,3.580980000000000274e+00,8.730731010437011719e-01,5.518743395805358887e-01
1.204956816274830445e+01,-8.780583628346940728e+00,1.463121948242187500e+03,1.318258762359619141e+00,3.580990000000000339e+00,9.546316266059875488e-01,5.965064764022827148e-01
1.205076667816785552e+01,-8.767795618400512581e+00,1.844230468750000000e+03,1.057567119598388672e+00,3.581000000000000405e+00,1.048168420791625977e+00,6.948497295379638672e-01
1.205191565729107595e+01,-8.747149583586388388e+00,2.057678222656250000e+03,1.278147220611572266e+00,3.581010000000000471e+00,1.117748737335205078e+00,7.586317658424377441e-01
1.204718435939206600e+01,-8.725226445801025577e+00,1.680314941406250000e+03,1.654992818832397461e+00,3.581020000000000092e+00,1.011394500732421875e+00,6.557871103286743164e-01
1.204609300590570165e+01,-8.702831837062861453e+00,1.732549682617187500e+03,1.844849109649658203e+00,3.581030000000000157e+00,1.074947595596313477e+00,7.022503018379211426e-01
1.204432530923427969e+01,-8.685676269534244653e+00,1.253920898437500000e+03,1.531706571578979492e+00,3.581040000000000223e+00,9.817160964012145996e-01,5.848334431648254395e-01
1.205219538128286416e+01,-8.669030209957568900e+00,1.539123046875000000e+03,1.362144470214843750e+00,3.581050000000000288e+00,1.054882287979125977e+00,6.685282588005065918e-01
1.205483318018922034e+01,-8.645434491475404215e+00,1.406203735351562500e+03,1.294608831405639648e+00,3.581060000000000354e+00,9.763754606246948242e-01,6.030678153038024902e-01
1.205137701665628924e+01,-8.628410229560536493e+00,1.490789672851562500e+03,1.357709884643554688e+00,3.581070000000000420e+00,9.215199351310729980e-01,5.788825154304504395e-01
1.205225279804165694e+01,-8.605036862103409234e+00,1.904024414062500000e+03,1.140347242355346680e+00,3.581080000000000485e+00,1.112713336944580078e+00,7.429151535034179688e-01
1.205873093228455417e+01,-8.587252654752187908e+00,2.153170654296875000e+03,1.327104091644287109e+00,3.581090000000000106e+00,1.096233725547790527e+00,7.507734298706054688e-01
1.205555270506240895e+01,-8.565241246355128624e+00,1.589508422851562500e+03,1.574505090713500977e+00,3.581100000000000172e+00,1.178784132003784180e+00,7.535200119018554688e-01
1.204619946451984269e+01,-8.547759518161871739e+00,1.447554931640625000e+03,1.829131364822387695e+00,3.581110000000000237e+00,9.260975718498229980e-01,5.768988728523254395e-01
1.205717063024076907e+01,-8.533406916399041364e+00,1.341979980468750000e+03,1.562103748321533203e+00,3.581120000000000303e+00,8.739886283874511719e-01,5.321904420852661133e-01
1.205552018917192925e+01,-8.505342011157210891e+00,1.556340576171875000e+03,1.023207426071166992e+00,3.581130000000000368e+00,9.517324566841125488e-01,6.049751639366149902e-01
1.204898127017074394e+01,-8.488574525024173312e+00,1.636610717773437500e+03,1.056420326232910156e+00,3.581140000000000434e+00,9.719504117965698242e-01,6.260323524475097656e-01
1.205679404230147789e+01,-8.470238402559479240e+00,2.386060058593750000e+03,1.232301712036132812e+00,3.581150000000000500e+00,9.991111755371093750e-01,6.973674893379211426e-01
1.205271875742529453e+01,-8.458871947888974674e+00,1.627306152343750000e+03,1.440672397613525391e+00,3.581160000000000121e+00,8.432420492172241211e-01,5.423375964164733887e-01
1.204841667243259629e+01,-8.429174530557173028e+00,1.487379272460937500e+03,1.326317310333251953e+00,3.581170000000000186e+00,9.766806960105895996e-01,6.131386160850524902e-01
1.205203189535817643e+01,-8.406031603534639629e+00,2.720395263671875000e+03,1.153513908386230469e+00,3.581180000000000252e+00,9.762991666793823242e-01,6.962993741035461426e-01
1.205221908769341965e+01,-8.391605173277183027e+00,1.442355102539062500e+03,1.289863109588623047e+00,3.581190000000000317e+00,9.681357145309448242e-01,6.024574637413024902e-01
1.204926767468204396e+01,-8.376938652715917755e+00,1.195158447265625000e+03,1.308885335922241211e+00,3.581200000000000383e+00,8.582720160484313965e-01,5.029697418212890625e-01
1.205305705981416864e+01,-8.348920616104830827e+00,1.581196655273437500e+03,1.151002168655395508e+00,3.581210000000000448e+00,8.797106742858886719e-01,5.615637302398681641e-01
1.204987853979058698e+01,-8.331434444427687325e+00,1.742136230468750000e+03,9.813744425773620605e-01,3.581220000000000514e+00,9.951438903808593750e-01,6.509805917739868164e-01
1.205126946623387596e+01,-8.311185372481704192e+00,9.868632812500000000e+02,1.215726852416992188e+00,3.581230000000000135e+00,8.157761096954345703e-01,4.439943134784698486e-01
1.204883518215515004e+01,-8.289704232733209111e+00,1.181656005859375000e+03,1.102442264556884766e+00,3.581240000000000201e+00,7.865554094314575195e-01,4.591005742549896240e-01
1.205439129758356742e+01,-8.274845599660411111e+00,1.454667968750000000e+03,7.787997126579284668e-01,3.581250000000000266e+00,8.181412220001220703e-01,5.103703141212463379e-01
1.204811607556190189e+01,-8.252506679349032481e+00,1.808290161132812500e+03,9.035272002220153809e-01,3.581260000000000332e+00,8.630785346031188965e-01,5.695745944976806641e-01
1.205127955526451444e+01,-8.238177142008009213e+00,1.364872192382812500e+03,9.095067381858825684e-01,3.581270000000000397e+00,8.878741860389709473e-01,5.434820055961608887e-01
1.205531579642734741e+01,-8.215723170093946592e+00,1.677917480468750000e+03,1.065709114074707031e+00,3.581280000000000463e+00,8.131821155548095703e-01,5.270787477493286133e-01
1.205074726658368256e+01,-8.196728530188174489e+00,1.224001342773437500e+03,1.042593240737915039e+00,3.581290000000000084e+00,7.448225021362304688e-01,4.401032924652099609e-01
1.205026110120576099e+01,-8.181333806948211773e+00,1.311469726562500000e+03,9.537381529808044434e-01,3.581300000000000150e+00,7.666426301002502441e-01,4.634493291378021240e-01
1.205245528902376684e+01,-8.156460291840645027e+00,1.156234741210937500e+03,8.601922392845153809e-01,3.581310000000000215e+00,7.510786056518554688e-01,4.349915981292724609e-01
1.205517966628283588e+01,-8.146981152438280915e+00,1.340544189453125000e+03,8.219820857048034668e-01,3.581320000000000281e+00,8.138687610626220703e-01,4.954166114330291748e-01
1.205657966792347757e+01,-8.122788124142838129e+00,1.229313354492187500e+03,7.748419642448425293e-01,3.581330000000000346e+00,8.441575765609741211e-01,4.995365142822265625e-01
1.205355281675026724e+01,-8.097609085255429662e+00,1.432903808593750000e+03,9.310693144798278809e-01,3.581340000000000412e+00,8.903918862342834473e-01,5.530187487602233887e-01
1.204929632101229586e+01,-8.077003391554777423e+00,1.231512329101562500e+03,9.984237551689147949e-01,3.581350000000000477e+00,9.485281109809875488e-01,5.616400241851806641e-01
1.205415411909299905e+01,-8.064873879766050635e+00,1.343211303710937500e+03,1.241036176681518555e+00,3.581360000000000099e+00,8.086044788360595703e-01,4.925174415111541748e-01
1.205180102716261814e+01,-8.039956892835640190e+00,1.489568847656250000e+03,9.832567572593688965e-01,3.581370000000000164e+00,9.904899001121520996e-01,6.220650672912597656e-01
1.205727515821761564e+01,-8.022143032537464080e+00,1.390805786132812500e+03,9.899062514305114746e-01,3.581380000000000230e+00,8.348496556282043457e-01,5.139561295509338379e-01
1.205637135705016050e+01,-8.003630388908204552e+00,1.275745727539062500e+03,1.113276004791259766e+00,3.581390000000000295e+00,8.498033285140991211e-01,5.091496109962463379e-01
1.205786587085068540e+01,-7.987679426341196987e+00,1.337934204101562500e+03,9.400326609611511230e-01,3.581400000000000361e+00,8.902392983436584473e-01,5.415746569633483887e-01
1.205593856772579109e+01,-7.962480927600253722e+00,2.148677246093750000e+03,9.897000193595886230e-01,3.581410000000000426e+00,9.685171842575073242e-01,6.630350351333618164e-01
1.205317900690500821e+01,-7.946903837827228756e+00,1.373692138671875000e+03,1.020522832870483398e+00,3.581420000000000492e+00,8.211930394172668457e-01,5.036563873291015625e-01
1.205525222779098193e+01,-7.928369114021939446e+00,1.331382446289062500e+03,1.318805932998657227e+00,3.581430000000000113e+00,8.173782825469970703e-01,4.964847564697265625e-01
1.205504256701700605e+01,-7.907978873953112497e+00,1.791237670898437500e+03,1.087301492691040039e+00,3.581440000000000179e+00,9.988059997558593750e-01,6.576944589614868164e-01
1.205355392535539316e+01,-7.883249796002000487e+00,1.249261108398437500e+03,1.077999591827392578e+00,3.581450000000000244e+00,8.335526585578918457e-01,4.959506690502166748e-01
1.204911235296764715e+01,-7.871536360696100409e+00,1.481075927734375000e+03,1.058638811111450195e+00,3.581460000000000310e+00,9.248005747795104980e-01,5.798743367195129395e-01
1.205774309320012350e+01,-7.846549115136101094e+00,1.862589843750000000e+03,1.083387851715087891e+00,3.581470000000000375e+00,9.493673443794250488e-01,6.307625770568847656e-01
1.205317715925690791e+01,-7.826475221435375218e+00,1.971493774414062500e+03,1.192576408386230469e+00,3.581480000000000441e+00,1.248974800109863281e+00,8.401902914047241211e-01
1.204732629440292158e+01,-7.809876802645392857e+00,1.366702026367187500e+03,1.611959457397460938e+00,3.581490000000000506e+00,9.968986511230468750e-01,6.104683279991149902e-01
1.204708750140285645e+01,-7.789440872422614959e+00,1.400757324218750000e+03,1.949043989181518555e+00,3.581500000000000128e+00,7.465009689331054688e-01,4.605501592159271240e-01
1.205283171419917743e+01,-7.768990848536543758e+00,1.095176513671875000e+03,1.220409393310546875e+00,3.581510000000000193e+00,7.436780929565429688e-01,4.220978617668151855e-01
1.205761525105750920e+01,-7.740348593281531464e+00,1.206128540039062500e+03,8.300036787986755371e-01,3.581520000000000259e+00,8.005172610282897949e-01,4.706209897994995117e-01
1.205342329046354699e+01,-7.723138710043011557e+00,1.031467407226562500e+03,7.211846709251403809e-01,3.581530000000000324e+00,7.929641604423522949e-01,4.395692348480224609e-01
1.205610605059622742e+01,-7.706937006885858921e+00,1.828066894531250000e+03,8.448011279106140137e-01,3.581540000000000390e+00,7.236889600753784180e-01,4.787844717502593994e-01
1.205997712405806155e+01,-7.690534662988364190e+00,2.493343505859375000e+03,7.758957743644714355e-01,3.581550000000000455e+00,8.089096546173095703e-01,5.688879489898681641e-01
1.205354299752626268e+01,-7.667406985345040837e+00,1.789298217773437500e+03,8.039409518241882324e-01,3.581560000000000077e+00,9.027515649795532227e-01,5.942939519882202148e-01
1.205412297531991506e+01,-7.658910033438403708e+00,1.660254150390625000e+03,9.515256285667419434e-01,3.581570000000000142e+00,8.031875491142272949e-01,5.192204117774963379e-01
1.205417448973463657e+01,-7.623317973969943928e+00,1.157925415039062500e+03,9.849531054496765137e-01,3.581580000000000208e+00,7.957107424736022949e-01,4.610842168331146240e-01
1.205581334523430037e+01,-7.613682978084245434e+00,1.215020385742187500e+03,8.798212409019470215e-01,3.581590000000000273e+00,8.443101644515991211e-01,4.976291656494140625e-01
1.205052034673173722e+01,-7.591749537655578806e+00,1.360372680664062500e+03,8.123416304588317871e-01,3.581600000000000339e+00,8.548387885093688965e-01,5.227299332618713379e-01
1.205325962790636751e+01,-7.576441735701141766e+00,1.257285644531250000e+03,9.140223860740661621e-01,3.581610000000000404e+00,8.645281195640563965e-01,5.154820084571838379e-01
1.205717831209396529e+01,-7.553368219519763116e+00,1.260647460937500000e+03,9.621972441673278809e-01,3.581620000000000470e+00,8.503373861312866211e-01,5.074710845947265625e-01
1.205348942470875429e+01,-7.529435884698815862e+00,1.323633422851562500e+03,9.598297476768493652e-01,3.581630000000000091e+00,8.169968128204345703e-01,4.953403174877166748e-01
1.205670932540780527e+01,-7.515401090325745770e+00,1.147343139648437500e+03,9.466237425804138184e-01,3.581640000000000157e+00,8.829150795936584473e-01,5.099125504493713379e-01
1.205414545596511644e+01,-7.487681211499229939e+00,1.193902465820312500e+03,9.660238623619079590e-01,3.581650000000000222e+00,8.021957278251647949e-01,4.699343442916870117e-01
1.205097288161261559e+01,-7.473567237540174268e+00,1.707884643554687500e+03,9.158474802970886230e-01,3.581660000000000288e+00,7.708387970924377441e-01,5.018253326416015625e-01
1.205105582246569007e+01,-7.453963364582904205e+00,1.288447509765625000e+03,8.301777243614196777e-01,3.581670000000000353e+00,8.621630072593688965e-01,5.182285904884338379e-01
1.205365212282086418e+01,-7.426839266812010898e+00,1.436678710937500000e+03,9.613031744956970215e-01,3.581680000000000419e+00,8.028060793876647949e-01,4.990024566650390625e-01
1.205317465312522174e+01,-7.413846711943160805e+00,1.512783935546875000e+03,9.816688895225524902e-01,3.581690000000000484e+00,8.380540609359741211e-01,5.286046266555786133e-01
1.205845403761316348e+01,-7.392183299174790001e+00,1.341265014648437500e+03,9.515303969383239746e-01,3.581700000000000106e+00,8.390458822250366211e-01,5.108280777931213379e-01
1.205924461121817615e+01,-7.376659846853804936e+00,1.424721313476562500e+03,9.784144759178161621e-01,3.581710000000000171e+00,7.973892092704772949e-01,4.944247901439666748e-01
1.205695452913875698e+01,-7.356432879861433349e+00,1.271726562500000000e+03,9.193605780601501465e-01,3.581720000000000237e+00,7.614546418190002441e-01,4.557436108589172363e-01
1.205515322809973711e+01,-7.334464599506079097e+00,1.256723632812500000e+03,8.688599467277526855e-01,3.581730000000000302e+00,8.006698489189147949e-01,4.773348867893218994e-01
1.206067516715983601e+01,-7.315336944272011088e+00,1.295307128906250000e+03,8.168691992759704590e-01,3.581740000000000368e+00,6.998851895332336426e-01,4.214112162590026855e-01
1.205447601334924279e+01,-7.303723926260301980e+00,1.279757934570312500e+03,8.334583640098571777e-01,3.581750000000000433e+00,7.470350265502929688e-01,4.480378925800323486e-01
1.205178728069070182e+01,-7.284613593309636315e+00,1.472282104492187500e+03,6.512052416801452637e-01,3.581760000000000499e+00,8.713946342468261719e-01,5.454656481742858887e-01
1.205632300955838154e+01,-7.261636112867837056e+00,1.300071533203125000e+03,9.432763457298278809e-01,3.581770000000000120e+00,8.308060765266418457e-01,5.008335113525390625e-01
1.206204360518091079e+01,-7.244947353055241734e+00,1.327763427734375000e+03,9.625489115715026855e-01,3.581780000000000186e+00,9.676779508590698242e-01,5.872749090194702148e-01
1.205346449489470118e+01,-7.224530640803940251e+00,1.557313598632812500e+03,9.370583891868591309e-01,3.581790000000000251e+00,8.669695258140563965e-01,5.511876940727233887e-01
1.205676396513074877e+01,-7.203264664385388372e+00,1.767535278320312500e+03,1.164690971374511719e+00,3.581800000000000317e+00,7.358960509300231934e-01,4.830569624900817871e-01
1.206241260694179829e+01,-7.180846472761070132e+00,1.504907104492187500e+03,1.046082496643066406e+00,3.581810000000000382e+00,7.675581574440002441e-01,4.834384322166442871e-01
1.205710774558667531e+01,-7.158770002777545827e+00,1.460707153320312500e+03,8.220607638359069824e-01,3.581820000000000448e+00,8.337815403938293457e-01,5.207462906837463379e-01
1.206010724477473417e+01,-7.139935217923490285e+00,1.227747924804687500e+03,9.603232741355895996e-01,3.581830000000000513e+00,8.707079887390136719e-01,5.150242447853088379e-01
1.205880834586280059e+01,-7.121958026646090900e+00,1.453565917968750000e+03,9.069079756736755371e-01,3.581840000000000135e+00,9.723318815231323242e-01,6.064247488975524902e-01
1.206220079808415413e+01,-7.098897735978217050e+00,1.471241088867187500e+03,1.043178558349609375e+00,3.581850000000000200e+00,9.789695143699645996e-01,6.126808524131774902e-01
1.205451863250439537e+01,-7.082761244286847280e+00,1.464019653320312500e+03,1.224858283996582031e+00,3.581860000000000266e+00,9.479940533638000488e-01,5.924628973007202148e-01
1.205543911903519927e+01,-7.068080150973083065e+00,1.427413208007812500e+03,1.264031648635864258e+00,3.581870000000000331e+00,9.522665143013000488e-01,5.907844305038452148e-01
1.206271415238369649e+01,-7.046039522843043912e+00,1.538162719726562500e+03,1.135235548019409180e+00,3.581880000000000397e+00,1.076854944229125977e+00,6.823375225067138672e-01
1.205814419422597794e+01,-7.023161387997927996e+00,1.088466918945312500e+03,1.232743978500366211e+00,3.581890000000000462e+00,9.389150142669677734e-01,5.316563844680786133e-01
1.205581926058194853e+01,-7.010242905785348810e+00,1.918862670898437500e+03,1.287853240966796875e+00,3.581900000000000084e+00,7.938033938407897949e-01,5.308934450149536133e-01
1.206030394039989417e+01,-6.989768783090050341e+00,1.217784423828125000e+03,1.046872854232788086e+00,3.581910000000000149e+00,8.977161049842834473e-01,5.295201539993286133e-01
1.205819927459172902e+01,-6.971368081418717111e+00,1.756356933593750000e+03,1.008607864379882812e+00,3.581920000000000215e+00,9.857596755027770996e-01,6.460977196693420410e-01
1.206067821514817595e+01,-6.949733204885430560e+00,2.501058593750000000e+03,1.057494401931762695e+00,3.581930000000000280e+00,8.222611546516418457e-01,5.785773396492004395e-01
1.205582011614723470e+01,-6.935417062446598280e+00,1.317679077148437500e+03,1.135211706161499023e+00,3.581940000000000346e+00,9.192311167716979980e-01,5.565283298492431641e-01
1.205900043799557331e+01,-6.914595027100055802e+00,1.904329345703125000e+03,1.021674394607543945e+00,3.581950000000000411e+00,1.012004852294921875e+00,6.756998896598815918e-01
1.205827579937864336e+01,-6.890027950700041259e+00,1.940513671875000000e+03,1.298188686370849609e+00,3.581960000000000477e+00,9.366261959075927734e-01,6.279397010803222656e-01
1.205801703868754338e+01,-6.866605028011462331e+00,2.611647705078125000e+03,1.637686014175415039e+00,3.581970000000000098e+00,9.471548199653625488e-01,6.711985468864440918e-01
1.206314346127066806e+01,-6.852576312314758056e+00,1.846247314453125000e+03,1.515328407287597656e+00,3.581980000000000164e+00,9.685171842575073242e-01,6.422067284584045410e-01
1.205925354758651125e+01,-6.827013402360902816e+00,1.513181396484375000e+03,1.333425760269165039e+00,3.581990000000000229e+00,1.010707855224609375e+00,6.375527977943420410e-01
1.205559099731846651e+01,-6.809443530909392805e+00,1.658150390625000000e+03,1.561556577682495117e+00,3.582000000000000295e+00,8.747515678405761719e-01,5.653021335601806641e-01
1.205704895556294076e+01,-6.790781099964258161e+00,1.989628662109375000e+03,1.537447690963745117e+00,3.582010000000000360e+00,9.059559106826782227e-01,6.106209158897399902e-01
1.206498056730579549e+01,-6.775060058416082498e+00,1.931794189453125000e+03,1.230551719665527344e+00,3.582020000000000426e+00,1.010555267333984375e+00,6.768442988395690918e-01
1.205343130252667017e+01,-6.756238564134291913e+00,1.696496459960937500e+03,1.210813045501708984e+00,3.582030000000000491e+00,9.495962262153625488e-01,6.171821951866149902e-01
1.205813567184624979e+01,-6.735319990353557884e+00,1.512870483398437500e+03,1.270129203796386719e+00,3.582040000000000113e+00,1.035198330879211426e+00,6.529642343521118164e-01
1.205733748475347689e+01,-6.715564323547416947e+00,2.140359863281250000e+03,1.223972558975219727e+00,3.582050000000000178e+00,9.973564147949218750e-01,6.822612285614013672e-01
1.205746282130549218e+01,-6.695857949864145731e+00,1.272697509765625000e+03,1.455996751785278320e+00,3.582060000000000244e+00,9.389150142669677734e-01,5.620977878570556641e-01
1.205466649561604697e+01,-6.677295700724358518e+00,1.289896118164062500e+03,1.306093454360961914e+00,3.582070000000000309e+00,8.222611546516418457e-01,4.944247901439666748e-01
1.205640416718681074e+01,-6.657732851180662159e+00,1.499442871093750000e+03,1.017246961593627930e+00,3.582080000000000375e+00,9.431874752044677734e-01,5.934547185897827148e-01
1.205884428202165282e+01,-6.638681242474961053e+00,1.486455810546875000e+03,1.039788246154785156e+00,3.582090000000000440e+00,9.882773756980895996e-01,6.203103065490722656e-01
1.205539183306477469e+01,-6.618303477219778408e+00,1.331274780273437500e+03,1.233858585357666016e+00,3.582100000000000506e+00,9.531820416450500488e-01,5.789588093757629395e-01
1.205788768524311827e+01,-6.605917144557879261e+00,1.139280639648437500e+03,1.261274337768554688e+00,3.582110000000000127e+00,7.923538088798522949e-01,4.564302563667297363e-01
1.205951728545260870e+01,-6.582418521305876347e+00,2.608127197265625000e+03,1.005973339080810547e+00,3.582120000000000193e+00,1.178021192550659180e+00,8.346207737922668457e-01
1.206002620475767628e+01,-6.555362071130876878e+00,1.807150512695312500e+03,1.171516895294189453e+00,3.582130000000000258e+00,1.074337244033813477e+00,7.088878750801086426e-01
1.205455459703460974e+01,-6.544055168756315766e+00,1.656889404296875000e+03,1.921729564666748047e+00,3.582140000000000324e+00,8.880267739295959473e-01,5.737708210945129395e-01
1.206060733205792701e+01,-6.522698246694297985e+00,1.297361328125000000e+03,1.379667043685913086e+00,3.582150000000000389e+00,8.564409613609313965e-01,5.159397721290588379e-01
1.205371774691527520e+01,-6.503378463462285097e+00,1.455021484375000000e+03,1.063626527786254883e+00,3.582160000000000455e+00,9.080921411514282227e-01,5.665228366851806641e-01
1.205341493684736953e+01,-6.489448240236104226e+00,1.398301879882812500e+03,1.007890224456787109e+00,3.582170000000000076e+00,9.134327173233032227e-01,5.632421970367431641e-01
1.205922463619092611e+01,-6.465245659151888979e+00,1.288594360351562500e+03,1.100742340087890625e+00,3.582180000000000142e+00,8.585771918296813965e-01,5.160923600196838379e-01
1.206026804766761629e+01,-6.446505066675111806e+00,1.589783813476562500e+03,1.024344682693481445e+00,3.582190000000000207e+00,9.517324566841125488e-01,6.084083914756774902e-01
1.205551371063216237e+01,-6.422989180516911034e+00,1.459699462890625000e+03,1.156281948089599609e+00,3.582200000000000273e+00,9.216725230216979980e-01,5.755255818367004395e-01
1.205673685780493898e+01,-6.408491583956353210e+00,1.600154052734375000e+03,1.229643344879150391e+00,3.582210000000000338e+00,8.356125950813293457e-01,5.350896120071411133e-01
1.206090128543503148e+01,-6.390868303401977535e+00,1.163178955078125000e+03,1.016886949539184570e+00,3.582220000000000404e+00,7.664137482643127441e-01,4.448335468769073486e-01
1.205583392544650323e+01,-6.374974458754583573e+00,1.468446166992187500e+03,1.002426862716674805e+00,3.582230000000000469e+00,8.424028158187866211e-01,5.269261598587036133e-01
1.205630536930084062e+01,-6.349208569027889659e+00,2.054203613281250000e+03,8.267278075218200684e-01,3.582240000000000091e+00,9.740866422653198242e-01,6.608988046646118164e-01
1.205420278894376374e+01,-6.332323437461138127e+00,1.384588012695312500e+03,1.121855497360229492e+00,3.582250000000000156e+00,7.621412873268127441e-01,4.685610532760620117e-01
1.205895709327363896e+01,-6.312936379276982812e+00,1.171046875000000000e+03,1.165812730789184570e+00,3.582260000000000222e+00,9.313619136810302734e-01,5.418798327445983887e-01
1.205718386272962661e+01,-6.292860091616268470e+00,2.363826660156250000e+03,1.138388633728027344e+00,3.582270000000000287e+00,1.149334549903869629e+00,8.008987307548522949e-01
1.206409134598245991e+01,-6.268377723024035397e+00,1.538444580078125000e+03,1.388421773910522461e+00,3.582280000000000353e+00,1.074032068252563477e+00,6.805827617645263672e-01
1.206121796354872799e+01,-6.254277260512461467e+00,1.575575195312500000e+03,1.734280109405517578e+00,3.582290000000000418e+00,1.087383627891540527e+00,6.934764385223388672e-01
1.205070512003599603e+01,-6.237695225601474824e+00,1.472452148437500000e+03,1.719264507293701172e+00,3.582300000000000484e+00,8.243210911750793457e-01,5.160160660743713379e-01
1.206045258527849562e+01,-6.215678359033945277e+00,1.470113037109375000e+03,1.381958246231079102e+00,3.582310000000000105e+00,8.577379584312438965e-01,5.366917848587036133e-01
1.205962464463764583e+01,-6.191602852974386728e+00,1.391937866210937500e+03,1.011714458465576172e+00,3.582320000000000171e+00,8.877978920936584473e-01,5.466863512992858887e-01
1.205690729375021419e+01,-6.172346317243605718e+00,1.494737304687500000e+03,1.119540452957153320e+00,3.582330000000000236e+00,8.063919544219970703e-01,5.069370269775390625e-01
1.205794796776499034e+01,-6.159129637683009584e+00,1.479825195312500000e+03,9.496981501579284668e-01,3.582340000000000302e+00,8.868060708045959473e-01,5.559179782867431641e-01
1.205903299795369676e+01,-6.138680918338077497e+00,1.445485717773437500e+03,9.108478426933288574e-01,3.582350000000000367e+00,8.397325277328491211e-01,5.228825211524963379e-01
1.205659219607049870e+01,-6.119769420130539928e+00,1.510363281250000000e+03,9.986991286277770996e-01,3.582360000000000433e+00,8.076889514923095703e-01,5.092259049415588379e-01
1.206028718786726017e+01,-6.099981871488171059e+00,1.187035278320312500e+03,9.808332324028015137e-01,3.582370000000000498e+00,8.652910590171813965e-01,5.058689117431640625e-01
1.206346299791678689e+01,-6.082765356884374697e+00,1.472347045898437500e+03,9.622675776481628418e-01,3.582380000000000120e+00,9.815635085105895996e-01,6.144356131553649902e-01
1.205949621694208496e+01,-6.055479670933449299e+00,1.331949218750000000e+03,1.140802621841430664e+00,3.582390000000000185e+00,1.032528042793273926e+00,6.272530555725097656e-01
1.205594370964651851e+01,-6.040848962644881581e+00,1.845682739257812500e+03,1.254690408706665039e+00,3.582400000000000251e+00,9.982719421386718750e-01,6.618906259536743164e-01
1.206413092910701046e+01,-6.019816380997746741e+00,1.499630737304687500e+03,1.282166957855224609e+00,3.582410000000000316e+00,1.015056610107421875e+00,6.386972069740295410e-01
1.206100514931554635e+01,-6.004186373879575100e+00,1.578858764648437500e+03,1.373891353607177734e+00,3.582420000000000382e+00,8.746752738952636719e-01,5.581305027008056641e-01
1.206578740192978927e+01,-5.982615819106103849e+00,1.628222045898437500e+03,1.468415975570678711e+00,3.582430000000000447e+00,7.683973908424377441e-01,4.942722022533416748e-01
1.206854292816406726e+01,-5.961362701294108390e+00,1.317764038085937500e+03,1.018887281417846680e+00,3.582440000000000513e+00,9.227406382560729980e-01,5.586645603179931641e-01
1.206308695446185553e+01,-5.950723017777272972e+00,1.540394042968750000e+03,1.139219522476196289e+00,3.582450000000000134e+00,7.848006486892700195e-01,4.974765777587890625e-01
1.206223382072362149e+01,-5.927369142724685958e+00,1.861096069335937500e+03,1.097831249237060547e+00,3.582460000000000200e+00,9.869803786277770996e-01,6.556345224380493164e-01
1.206171386661193878e+01,-5.906574697158561094e+00,2.121875244140625000e+03,1.155300855636596680e+00,3.582470000000000265e+00,8.089096546173095703e-01,5.524083971977233887e-01
1.206293220447744297e+01,-5.883067280992127834e+00,1.320165893554687500e+03,1.287874698638916016e+00,3.582480000000000331e+00,8.089859485626220703e-01,4.900760352611541748e-01
1.206487167682088391e+01,-5.866750711799686435e+00,1.087772460937500000e+03,9.697241187095642090e-01,3.582490000000000396e+00,9.737814664840698242e-01,5.512639880180358887e-01
1.206174481023939826e+01,-5.844313199561901762e+00,2.048109375000000000e+03,1.007098674774169922e+00,3.582500000000000462e+00,9.467733502388000488e-01,6.419778466224670410e-01
1.206501259579790997e+01,-5.824979215399602950e+00,1.214302490234375000e+03,1.220424890518188477e+00,3.582510000000000083e+00,9.031330347061157227e-01,5.321904420852661133e-01
1.206600518095746999e+01,-5.813192943867607987e+00,1.963323730468750000e+03,1.190576076507568359e+00,3.582520000000000149e+00,9.367787837982177734e-01,6.296181678771972656e-01
1.206541448938037142e+01,-5.793495359479620355e+00,1.468481201171875000e+03,9.442049860954284668e-01,3.582530000000000214e+00,1.004375457763671875e+00,6.282448768615722656e-01
1.206426750051162600e+01,-5.766592337551895930e+00,1.726492919921875000e+03,1.357419013977050781e+00,3.582540000000000280e+00,9.172474741935729980e-01,5.987190008163452148e-01
1.206819185686920726e+01,-5.750231926379600900e+00,1.618131225585937500e+03,1.340419769287109375e+00,3.582550000000000345e+00,1.048092126846313477e+00,6.731058955192565918e-01
1.206760759273999462e+01,-5.722053451862082696e+00,1.238722045898437500e+03,1.517704248428344727e+00,3.582560000000000411e+00,7.959396243095397949e-01,4.722231626510620117e-01
1.205796210614534303e+01,-5.703997102000352371e+00,1.550204711914062500e+03,1.225769042968750000e+00,3.582570000000000476e+00,8.021957278251647949e-01,5.093784928321838379e-01
1.206365025120677359e+01,-5.687135273972546479e+00,2.144808837890625000e+03,9.246844649314880371e-01,3.582580000000000098e+00,7.342938780784606934e-01,5.025119781494140625e-01
1.205948204353630082e+01,-5.668263964505140251e+00,1.779565063476562500e+03,9.646744132041931152e-01,3.582590000000000163e+00,8.145554065704345703e-01,5.355473756790161133e-01
1.205640961669374711e+01,-5.645585395075841895e+00,1.728440673828125000e+03,8.163768649101257324e-01,3.582600000000000229e+00,8.440812826156616211e-01,5.511114001274108887e-01
1.205618840952877591e+01,-5.633701232528890657e+00,1.318829589843750000e+03,9.774023890495300293e-01,3.582610000000000294e+00,9.080158472061157227e-01,5.498906970024108887e-01
1.206248335270327843e+01,-5.609274826249938783e+00,1.658697387695312500e+03,9.986788630485534668e-01,3.582620000000000360e+00,9.482229351997375488e-01,6.128334403038024902e-01
1.205803917625995858e+01,-5.596494949271381358e+00,1.190279541015625000e+03,1.195581674575805664e+00,3.582630000000000425e+00,7.982284426689147949e-01,4.671114683151245117e-01
1.206035079044726466e+01,-5.575401901487694545e+00,1.192220703125000000e+03,1.114269018173217773e+00,3.582640000000000491e+00,8.008987307548522949e-01,4.689425230026245117e-01
1.205991519356332375e+01,-5.550131323070721656e+00,1.225599731445312500e+03,9.177834391593933105e-01,3.582650000000000112e+00,8.376725912094116211e-01,4.951877295970916748e-01
1.206545201250282240e+01,-5.542189640983397503e+00,1.111593383789062500e+03,9.687871336936950684e-01,3.582660000000000178e+00,9.717978239059448242e-01,5.546972751617431641e-01
1.206090967148863591e+01,-5.516882556412703309e+00,1.372560180664062500e+03,1.026377201080322266e+00,3.582670000000000243e+00,1.047481775283813477e+00,6.422830224037170410e-01
1.206379909012353835e+01,-5.500219115535053049e+00,1.439995971679687500e+03,1.285553693771362305e+00,3.582680000000000309e+00,9.173237681388854980e-01,5.705664753913879395e-01
1.206412293343152697e+01,-5.477395147323212754e+00,1.378643066406250000e+03,1.208800792694091797e+00,3.582690000000000374e+00,9.224354624748229980e-01,5.663702487945556641e-01
1.205480582235594866e+01,-5.461248532801222133e+00,1.989110107421875000e+03,1.124479293823242188e+00,3.582700000000000440e+00,8.826861381530761719e-01,5.949043035507202148e-01
1.206020184886484792e+01,-5.440379182174579498e+00,1.744339111328125000e+03,1.171127080917358398e+00,3.582710000000000505e+00,8.955035805702209473e-01,5.859779119491577148e-01
1.205977812106090852e+01,-5.418119099248342785e+00,1.488824707031250000e+03,1.079691171646118164e+00,3.582720000000000127e+00,1.000713348388671875e+00,6.283974647521972656e-01
1.205816068759660453e+01,-5.398106018116600957e+00,1.672921630859375000e+03,1.243364334106445312e+00,3.582730000000000192e+00,9.814109206199645996e-01,6.356454491615295410e-01
1.206030679357202651e+01,-5.380656646303406454e+00,1.512773559570312500e+03,1.410223960876464844e+00,3.582740000000000258e+00,7.835036516189575195e-01,4.941959083080291748e-01
1.206086577487856637e+01,-5.359127131445598380e+00,1.411608764648437500e+03,1.261033535003662109e+00,3.582750000000000323e+00,7.336835265159606934e-01,4.536836743354797363e-01
1.205975452622402955e+01,-5.342266144518114324e+00,1.232204101562500000e+03,8.808333277702331543e-01,3.582760000000000389e+00,8.621630072593688965e-01,5.105991959571838379e-01
1.205756724222344900e+01,-5.322249636947891993e+00,1.391565551757812500e+03,8.415872454643249512e-01,3.582770000000000454e+00,8.449968099594116211e-01,5.202885270118713379e-01
1.206278446238711410e+01,-5.303514491494513372e+00,1.098824462890625000e+03,1.302411079406738281e+00,3.582780000000000076e+00,8.279832005500793457e-01,4.705446958541870117e-01
1.206001180914619830e+01,-5.283378586624899675e+00,1.066801879882812500e+03,1.137798547744750977e+00,3.582790000000000141e+00,8.700976371765136719e-01,4.888553321361541748e-01
1.206453322818017249e+01,-5.262087436803939866e+00,1.274952880859375000e+03,9.444088339805603027e-01,3.582800000000000207e+00,9.148060679435729980e-01,5.479833483695983887e-01
1.206047976837677282e+01,-5.243905856557591783e+00,1.688237304687500000e+03,9.697610735893249512e-01,3.582810000000000272e+00,9.259449839591979980e-01,6.010841131210327148e-01
1.206518378105831601e+01,-5.225631249723211802e+00,2.164184082031250000e+03,1.007397890090942383e+00,3.582820000000000338e+00,9.032856225967407227e-01,6.192421913146972656e-01
1.206458784051343969e+01,-5.209092753648427276e+00,1.047526611328125000e+03,1.226218461990356445e+00,3.582830000000000403e+00,7.639723420143127441e-01,4.261414706707000732e-01
1.206221544808167501e+01,-5.183522211006665437e+00,1.413378540039062500e+03,1.041402339935302734e+00,3.582840000000000469e+00,7.927352786064147949e-01,4.903812110424041748e-01
1.206702761718674566e+01,-5.168625233310016220e+00,1.325463378906250000e+03,8.614928126335144043e-01,3.582850000000000090e+00,8.328660130500793457e-01,5.051822662353515625e-01
1.206409330182993678e+01,-5.149699654066992593e+00,1.223766967773437500e+03,9.725922942161560059e-01,3.582860000000000156e+00,7.816725969314575195e-01,4.618471562862396240e-01
1.206362735605261172e+01,-5.129529517230213109e+00,1.436821411132812500e+03,9.495300650596618652e-01,3.582870000000000221e+00,8.042556643486022949e-01,4.999179840087890625e-01
1.206693424117761992e+01,-5.113121958188320271e+00,1.097094970703125000e+03,8.209485411643981934e-01,3.582880000000000287e+00,9.382283687591552734e-01,5.328770875930786133e-01
1.206771404058903130e+01,-5.088800885032251031e+00,1.423394653320312500e+03,9.575790762901306152e-01,3.582890000000000352e+00,9.461629986763000488e-01,5.865119695663452148e-01
1.206429674251277895e+01,-5.070082729313408088e+00,1.690158081054687500e+03,1.011636972427368164e+00,3.582900000000000418e+00,1.014980316162109375e+00,6.590677499771118164e-01
1.206689812681543472e+01,-5.049795843961666364e+00,2.192787841796875000e+03,1.163770675659179688e+00,3.582910000000000483e+00,1.012462615966796875e+00,6.958416104316711426e-01
1.206411455476825978e+01,-5.034960554638081121e+00,4.327776367187500000e+03,1.635660648345947266e+00,3.582920000000000105e+00,1.166958451271057129e+00,8.812365531921386719e-01
1.206515232649356406e+01,-5.022266531490777730e+00,2.531511718750000000e+03,1.399601221084594727e+00,3.582930000000000170e+00,9.415853023529052734e-01,6.638742685317993164e-01
1.207012873777147632e+01,-4.993409740176396383e+00,1.455518798828125000e+03,1.915671348571777344e+00,3.582940000000000236e+00,8.005172610282897949e-01,4.994602203369140625e-01
1.206486658306984161e+01,-4.978799339994193218e+00,1.496741210937500000e+03,1.293452501296997070e+00,3.582950000000000301e+00,9.096943140029907227e-01,5.720923542976379395e-01
1.206913760999588447e+01,-4.950684157368090865e+00,1.461830810546875000e+03,9.168917536735534668e-01,3.582960000000000367e+00,7.716780304908752441e-01,4.820651412010192871e-01
1.206349137327055487e+01,-4.937095622024644470e+00,1.341349243164062500e+03,1.082688093185424805e+00,3.582970000000000432e+00,7.653456330299377441e-01,4.659670591354370117e-01
1.206992882441796056e+01,-4.914994142487757678e+00,1.396679687500000000e+03,7.933289408683776855e-01,3.582980000000000498e+00,8.007461428642272949e-01,4.935855567455291748e-01
1.206883974673502991e+01,-4.889387850803508684e+00,1.348494384765625000e+03,7.958371043205261230e-01,3.582990000000000119e+00,8.885608315467834473e-01,5.418798327445983887e-01
1.206666618250308609e+01,-4.876965523403057112e+00,2.159294433593750000e+03,8.505160212516784668e-01,3.583000000000000185e+00,9.014545679092407227e-01,6.177163124084472656e-01
1.206945374945858696e+01,-4.854545708050713948e+00,1.611804199218750000e+03,1.037750959396362305e+00,3.583010000000000250e+00,7.969314455986022949e-01,5.112858414649963379e-01
1.206586597371610203e+01,-4.835289425071565894e+00,1.431682373046875000e+03,1.067826271057128906e+00,3.583020000000000316e+00,8.423265218734741211e-01,5.230351090431213379e-01
1.206691625244793009e+01,-4.815043544695524425e+00,1.332689697265625000e+03,9.594327807426452637e-01,3.583030000000000381e+00,9.237324595451354980e-01,5.612585544586181641e-01
1.207020099185575646e+01,-4.793327474481444916e+00,1.208367309570312500e+03,1.035999774932861328e+00,3.583040000000000447e+00,8.640703558921813965e-01,5.083103775978088379e-01
1.206610371001894322e+01,-4.777499073539045682e+00,1.244492431640625000e+03,1.047447443008422852e+00,3.583050000000000512e+00,8.079178333282470703e-01,4.800814688205718994e-01
1.206375156843202312e+01,-4.757413232125625058e+00,1.694914550781250000e+03,9.743613600730895996e-01,3.583060000000000134e+00,7.979995608329772949e-01,5.185337662696838379e-01
1.206495627025529593e+01,-4.730814033098988958e+00,1.105369995117187500e+03,9.023291468620300293e-01,3.583070000000000199e+00,9.256398081779479980e-01,5.272313356399536133e-01
1.206602696224885030e+01,-4.713529126365292754e+00,1.444589477539062500e+03,1.000611305236816406e+00,3.583080000000000265e+00,8.716235160827636719e-01,5.426427721977233887e-01
1.206145738720597649e+01,-4.698748939184681284e+00,1.680738647460937500e+03,9.252936244010925293e-01,3.583090000000000330e+00,9.620321989059448242e-01,6.238198280334472656e-01
1.205922576839113169e+01,-4.677935046343644210e+00,1.356797485351562500e+03,1.263551235198974609e+00,3.583100000000000396e+00,8.559069037437438965e-01,5.229588150978088379e-01
1.206533699301298590e+01,-4.657854671674073188e+00,1.498073486328125000e+03,1.403469562530517578e+00,3.583110000000000461e+00,9.499776959419250488e-01,5.975745916366577148e-01
1.206115575102973025e+01,-4.641106487246576151e+00,1.211439453125000000e+03,1.116256237030029297e+00,3.583120000000000083e+00,1.012844085693359375e+00,5.963538885116577148e-01
1.206356391261217631e+01,-4.623185711235648476e+00,2.061854248046875000e+03,1.258124828338623047e+00,3.583130000000000148e+00,1.016048550605773926e+00,6.898906230926513672e-01
1.206267864190145467e+01,-4.599128228704254084e+00,1.936832641601562500e+03,1.258545637130737305e+00,3.583140000000000214e+00,1.229367136955261230e+00,8.238633275032043457e-01
1.206819237424123159e+01,-4.582402736084139505e+00,1.584506225585937500e+03,1.579904079437255859e+00,3.583150000000000279e+00,1.150021195411682129e+00,7.345227599143981934e-01
1.206185858188029236e+01,-4.564713416567574455e+00,2.682240722656250000e+03,1.966708421707153320e+00,3.583160000000000345e+00,1.043514370918273926e+00,7.426099777221679688e-01
1.205934389328517398e+01,-4.541143992222052894e+00,1.770778564453125000e+03,1.736682176589965820e+00,3.583170000000000410e+00,9.407460689544677734e-01,6.177926063537597656e-01
1.206216523057053358e+01,-4.514184751451574051e+00,1.487178222656250000e+03,1.555288553237915039e+00,3.583180000000000476e+00,9.054981470108032227e-01,5.684301853179931641e-01
1.206763417778864955e+01,-4.502070757726797545e+00,1.584653320312500000e+03,1.282567501068115234e+00,3.583190000000000097e+00,1.018718838691711426e+00,6.506754159927368164e-01
1.206597182207065799e+01,-4.486562402799842530e+00,1.452237304687500000e+03,1.176648855209350586e+00,3.583200000000000163e+00,9.674490690231323242e-01,6.032204031944274902e-01
1.207073083336247343e+01,-4.463525007055564764e+00,1.624612670898437500e+03,1.401547908782958984e+00,3.583210000000000228e+00,9.372365474700927734e-01,6.025337576866149902e-01
1.206753685959990463e+01,-4.445567993138354268e+00,1.226523315429687500e+03,1.319204092025756836e+00,3.583220000000000294e+00,8.312638401985168457e-01,4.915256202220916748e-01
1.206399945516675665e+01,-4.425108273994778685e+00,1.874966552734375000e+03,1.115959405899047852e+00,3.583230000000000359e+00,1.045421719551086426e+00,6.956127285957336426e-01
1.206566318866504517e+01,-4.410636028700142042e+00,1.491810058593750000e+03,1.165126085281372070e+00,3.583240000000000425e+00,8.243210911750793457e-01,5.179234147071838379e-01
1.206617946799576124e+01,-4.388673567712162438e+00,1.561392700195312500e+03,1.452422857284545898e+00,3.583250000000000490e+00,9.047352075576782227e-01,5.756018757820129395e-01
1.205907364143399896e+01,-4.373526473709429041e+00,1.192711669921875000e+03,1.163013696670532227e+00,3.583260000000000112e+00,1.062130212783813477e+00,6.219887733459472656e-01
1.206042121384317589e+01,-4.357172711707097079e+00,1.904441284179687500e+03,1.248685836791992188e+00,3.583270000000000177e+00,9.787406325340270996e-01,6.534982919692993164e-01
1.206621372472133658e+01,-4.336570866429411808e+00,1.341714599609375000e+03,1.458690881729125977e+00,3.583280000000000243e+00,8.192856311798095703e-01,4.988498687744140625e-01
1.206212649146884708e+01,-4.313867826015770568e+00,1.470937011718750000e+03,1.358069896697998047e+00,3.583290000000000308e+00,8.579668402671813965e-01,5.369206666946411133e-01
1.206335911870140265e+01,-4.296879732264444307e+00,1.661856811523437500e+03,1.070163965225219727e+00,3.583300000000000374e+00,8.741412162780761719e-01,5.652258396148681641e-01
1.206454378439655351e+01,-4.268411096444280517e+00,1.351659790039062500e+03,1.081163406372070312e+00,3.583310000000000439e+00,9.704245328903198242e-01,5.922340154647827148e-01
1.206199151178706863e+01,-4.259893047019176038e+00,3.062583251953125000e+03,1.216376543045043945e+00,3.583320000000000505e+00,1.087307333946228027e+00,7.889205217361450195e-01
1.206122921834252892e+01,-4.234476285236043580e+00,2.032906738281250000e+03,1.402685165405273438e+00,3.583330000000000126e+00,9.628714323043823242e-01,6.518961191177368164e-01
1.206607209235792588e+01,-4.213020128680473597e+00,1.621984008789062500e+03,2.043793916702270508e+00,3.583340000000000192e+00,7.988387942314147949e-01,5.133457779884338379e-01
1.205929124346958758e+01,-4.197069888213453837e+00,1.259455444335937500e+03,1.491733312606811523e+00,3.583350000000000257e+00,8.034164309501647949e-01,4.793185293674468994e-01
1.206181348093372740e+01,-4.172249532576255859e+00,1.700840454101562500e+03,9.357125163078308105e-01,3.583360000000000323e+00,8.845935463905334473e-01,5.752967000007629395e-01
1.205932246374104011e+01,-4.154621171073713093e+00,1.255367797851562500e+03,1.003838300704956055e+00,3.583370000000000388e+00,8.298905491828918457e-01,4.945773780345916748e-01
1.206384923819693178e+01,-4.131473667264728533e+00,1.563596313476562500e+03,9.971565604209899902e-01,3.583380000000000454e+00,8.757433891296386719e-01,5.573675632476806641e-01
1.206223339825413632e+01,-4.119517041048414541e+00,2.066410400390625000e+03,8.569366335868835449e-01,3.583390000000000075e+00,9.170948863029479980e-01,6.229805946350097656e-01
1.206045953483251054e+01,-4.094123839884232119e+00,2.098011230468750000e+03,1.284994602203369141e+00,3.583400000000000141e+00,8.861957192420959473e-01,6.038307547569274902e-01
1.206166945687034087e+01,-4.075580970812421100e+00,1.752769165039062500e+03,1.245440959930419922e+00,3.583410000000000206e+00,1.081737875938415527e+00,7.086589932441711426e-01
1.206399132101479843e+01,-4.062124433521435485e+00,1.816575439453125000e+03,1.293937683105468750e+00,3.583420000000000272e+00,1.021770596504211426e+00,6.750132441520690918e-01
1.206336519558765197e+01,-4.044220370787476426e+00,1.568123535156250000e+03,1.690361022949218750e+00,3.583430000000000337e+00,1.029705166816711426e+00,6.558634042739868164e-01
1.206388091345477775e+01,-4.022971417507291036e+00,1.593019287109375000e+03,1.441728591918945312e+00,3.583440000000000403e+00,9.647024869918823242e-01,6.170296072959899902e-01
1.206227880477998760e+01,-3.999033379167405311e+00,1.816124877929687500e+03,1.381453990936279297e+00,3.583450000000000468e+00,8.604845404624938965e-01,5.684301853179931641e-01
1.206097190428231869e+01,-3.986975920859985756e+00,1.731947875976562500e+03,1.070299863815307617e+00,3.583460000000000090e+00,8.831439614295959473e-01,5.768988728523254395e-01
1.205871853454871001e+01,-3.968785312932054943e+00,1.832817382812500000e+03,1.127752780914306641e+00,3.583470000000000155e+00,8.820757865905761719e-01,5.839179158210754395e-01
1.206639420578439292e+01,-3.943930063031630961e+00,1.876251831054687500e+03,1.215435981750488281e+00,3.583480000000000221e+00,7.248333692550659180e-01,4.823703169822692871e-01
1.205997845212029773e+01,-3.920352550168653583e+00,1.718516723632812500e+03,1.115790128707885742e+00,3.583490000000000286e+00,8.210404515266418457e-01,5.353184938430786133e-01
1.206301018328085206e+01,-3.905735482240006551e+00,1.425963256835937500e+03,8.877021670341491699e-01,3.583500000000000352e+00,7.979232668876647949e-01,4.948825538158416748e-01
1.206625809291035978e+01,-3.884181383967598489e+00,1.245687255859375000e+03,9.442705512046813965e-01,3.583510000000000417e+00,7.755690813064575195e-01,4.610079228878021240e-01
1.206487571849585017e+01,-3.868845199918671263e+00,1.146921752929687500e+03,9.845501780509948730e-01,3.583520000000000483e+00,8.128769397735595703e-01,4.694002866744995117e-01
1.206541781012296077e+01,-3.852992818804833242e+00,1.917265136718750000e+03,8.579725623130798340e-01,3.583530000000000104e+00,8.798632621765136719e-01,5.883430242538452148e-01
1.206575464308263967e+01,-3.833127148929545758e+00,1.547502807617187500e+03,9.712619185447692871e-01,3.583540000000000170e+00,1.084102988243103027e+00,6.880595684051513672e-01
1.206933962359282120e+01,-3.808059289145884208e+00,1.293680053710937500e+03,1.343482255935668945e+00,3.583550000000000235e+00,8.322556614875793457e-01,5.009098052978515625e-01
1.206350945945848174e+01,-3.793149364189084327e+00,1.492153320312500000e+03,1.242038726806640625e+00,3.583560000000000301e+00,7.030895352363586426e-01,4.417817890644073486e-01
1.207121242083459123e+01,-3.769944134907310840e+00,1.210575683593750000e+03,9.322208762168884277e-01,3.583570000000000366e+00,7.808333635330200195e-01,4.596346318721771240e-01
1.206702836863432893e+01,-3.750523552237126079e+00,1.574380615234375000e+03,8.366793990135192871e-01,3.583580000000000432e+00,9.004627466201782227e-01,5.741522908210754395e-01
1.206673714554388610e+01,-3.734160026392555842e+00,1.249902099609375000e+03,8.737439513206481934e-01,3.583590000000000497e+00,8.446916341781616211e-01,5.026645660400390625e-01
1.206428725723826645e+01,-3.710309667577631920e+00,1.301090820312500000e+03,1.163855314254760742e+00,3.583600000000000119e+00,8.395799398422241211e-01,5.062503814697265625e-01
1.207027807541214948e+01,-3.690176846937356814e+00,1.437208129882812500e+03,1.080166816711425781e+00,3.583610000000000184e+00,9.152638316154479980e-01,5.689642429351806641e-01
1.206682667729262270e+01,-3.671310124871792091e+00,1.153522705078125000e+03,9.887582659721374512e-01,3.583620000000000250e+00,9.318196773529052734e-01,5.392095446586608887e-01
1.206991046101409282e+01,-3.647755072761535988e+00,1.211514282226562500e+03,1.065617322921752930e+00,3.583630000000000315e+00,9.431111812591552734e-01,5.553076267242431641e-01
1.206823851377003010e+01,-3.631992277849289685e+00,1.392513183593750000e+03,1.106074571609497070e+00,3.583640000000000381e+00,8.430894613265991211e-01,5.192204117774963379e-01
1.207496796903757463e+01,-3.611132125104260293e+00,1.160198852539062500e+03,1.189825057983398438e+00,3.583650000000000446e+00,9.415853023529052734e-01,5.459997057914733887e-01
1.206920941817550208e+01,-3.585586890523106085e+00,1.423360229492187500e+03,1.232182502746582031e+00,3.583660000000000512e+00,8.987842798233032227e-01,5.571386814117431641e-01
1.206920399102438601e+01,-3.571812197669902211e+00,1.313185913085937500e+03,1.209094047546386719e+00,3.583670000000000133e+00,9.308278560638427734e-01,5.629370212554931641e-01
1.206969279059871880e+01,-3.555564801571186706e+00,1.381463500976562500e+03,1.210947751998901367e+00,3.583680000000000199e+00,8.459886312484741211e-01,5.197544693946838379e-01
1.207002858967775261e+01,-3.537215811148720412e+00,1.097589965820312500e+03,1.337847232818603516e+00,3.583690000000000264e+00,8.102066516876220703e-01,4.602449834346771240e-01
1.206781476889965887e+01,-3.514002356401983551e+00,1.420331420898437500e+03,1.040882587432861328e+00,3.583700000000000330e+00,7.609205842018127441e-01,4.713839292526245117e-01
1.207551733131423610e+01,-3.492878856150507971e+00,1.545943481445312500e+03,8.363789916038513184e-01,3.583710000000000395e+00,7.437543869018554688e-01,4.719179868698120117e-01
1.207377999237741051e+01,-3.475631428123519662e+00,1.584539794921875000e+03,8.966380953788757324e-01,3.583720000000000461e+00,7.872420549392700195e-01,5.028171539306640625e-01
1.207232642130300171e+01,-3.460916765208143175e+00,1.413860839843750000e+03,8.719963431358337402e-01,3.583730000000000082e+00,8.080704212188720703e-01,4.999179840087890625e-01
1.207182964400909420e+01,-3.430989053564491353e+00,1.293117309570312500e+03,8.558959364891052246e-01,3.583740000000000148e+00,9.401357173919677734e-01,5.657598972320556641e-01
1.207159714513909066e+01,-3.419451675108527766e+00,1.299218872070312500e+03,1.127197265625000000e+00,3.583750000000000213e+00,8.247788548469543457e-01,4.970951080322265625e-01
1.206896445177876487e+01,-3.398798975267451450e+00,1.285053588867187500e+03,1.139341115951538086e+00,3.583760000000000279e+00,8.927569985389709473e-01,5.361577272415161133e-01
1.206652745800287718e+01,-3.380655985313101741e+00,1.300061523437500000e+03,1.061106443405151367e+00,3.583770000000000344e+00,8.690295219421386719e-01,5.238744020462036133e-01
1.207709229549431029e+01,-3.360753820667823799e+00,1.755851074218750000e+03,1.092534780502319336e+00,3.583780000000000410e+00,7.135418653488159180e-01,4.676455259323120117e-01
1.207785156547309668e+01,-3.336839184044965823e+00,1.064723266601562500e+03,9.715182185173034668e-01,3.583790000000000475e+00,8.153183460235595703e-01,4.577272832393646240e-01
1.207566784787072933e+01,-3.328749069278710504e+00,1.275925903320312500e+03,8.221442103385925293e-01,3.583800000000000097e+00,6.768442988395690918e-01,4.055420160293579102e-01
1.207344126673860707e+01,-3.299216435409980885e+00,1.415755615234375000e+03,7.444745898246765137e-01,3.583810000000000162e+00,7.467298507690429688e-01,4.621523320674896240e-01
1.207380401166828321e+01,-3.279219132000871895e+00,1.057788818359375000e+03,7.253689169883728027e-01,3.583820000000000228e+00,8.057053089141845703e-01,4.511659741401672363e-01
1.206045555121025714e+01,-3.265340599641464614e+00,1.165412841796875000e+03,7.855600714683532715e-01,3.583830000000000293e+00,7.999069094657897949e-01,4.645937383174896240e-01
1.207341258226473357e+01,-3.243251373548536431e+00,1.237441894531250000e+03,1.021124839782714844e+00,3.583840000000000359e+00,7.235363721847534180e-01,4.291169345378875732e-01
1.207285921305936860e+01,-3.221473337214527888e+00,1.640828613281250000e+03,8.182532191276550293e-01,3.583850000000000424e+00,7.574110031127929688e-01,4.881686568260192871e-01
1.206693036223855486e+01,-3.199965286501667450e+00,1.095627807617187500e+03,9.081763625144958496e-01,3.583860000000000490e+00,7.584791779518127441e-01,4.305665194988250732e-01
1.206692978727108922e+01,-3.186452643312187583e+00,1.233257202148437500e+03,8.524710536003112793e-01,3.583870000000000111e+00,8.093674182891845703e-01,4.794711172580718994e-01
1.207016518988938003e+01,-3.165067184196771688e+00,1.796799316406250000e+03,6.662208437919616699e-01,3.583880000000000177e+00,9.022175073623657227e-01,5.945228338241577148e-01
1.206261031993280852e+01,-3.149606623934580352e+00,1.995839355468750000e+03,9.492201209068298340e-01,3.583890000000000242e+00,8.218796849250793457e-01,5.543157458305358887e-01
1.206865551825375782e+01,-3.130764580197103353e+00,1.614354980468750000e+03,1.181727170944213867e+00,3.583900000000000308e+00,9.272419810295104980e-01,5.951331853866577148e-01
1.206738210618012630e+01,-3.109782852330679415e+00,1.368511352539062500e+03,1.197521209716796875e+00,3.583910000000000373e+00,8.212693333625793457e-01,5.031223297119140625e-01
1.207263986111427023e+01,-3.093296184165950535e+00,1.240724609375000000e+03,1.318733215332031250e+00,3.583920000000000439e+00,8.147842884063720703e-01,4.836673140525817871e-01
1.206777569354770918e+01,-3.067568006037178829e+00,1.350445556640625000e+03,9.641701579093933105e-01,3.583930000000000504e+00,7.966262698173522949e-01,4.860324263572692871e-01
1.206510964957624488e+01,-3.052896747895919471e+00,1.206747680664062500e+03,9.438616633415222168e-01,3.583940000000000126e+00,8.901630043983459473e-01,5.234165787696838379e-01
1.207333809517466960e+01,-3.029518872544903818e+00,1.702922729492187500e+03,9.199458956718444824e-01,3.583950000000000191e+00,7.912093997001647949e-01,5.147190690040588379e-01
1.207216589031379073e+01,-3.012778858932048998e+00,1.500881591796875000e+03,1.114264249801635742e+00,3.583960000000000257e+00,8.697161674499511719e-01,5.473729968070983887e-01
1.206841959813537457e+01,-2.990491477870204751e+00,2.686469482421875000e+03,1.043644666671752930e+00,3.583970000000000322e+00,1.046795010566711426e+00,7.451276779174804688e-01
1.206882437029467781e+01,-2.972819196724843849e+00,1.615466064453125000e+03,1.416871070861816406e+00,3.583980000000000388e+00,8.224900364875793457e-01,5.279942750930786133e-01
1.206969583452386274e+01,-2.955984089625634859e+00,2.389954345703125000e+03,1.598116874694824219e+00,3.583990000000000453e+00,8.523973822593688965e-01,5.951331853866577148e-01
1.206792802337395187e+01,-2.938193070679329999e+00,1.427687622070312500e+03,1.065988063812255859e+00,3.584000000000000075e+00,9.386861324310302734e-01,5.823920369148254395e-01
1.207101047016171513e+01,-2.913763218410598821e+00,1.305670532226562500e+03,1.228376150131225586e+00,3.584010000000000140e+00,8.668169379234313965e-01,5.232639908790588379e-01
1.207018239817369221e+01,-2.896301997114982818e+00,1.325233642578125000e+03,1.069710969924926758e+00,3.584020000000000206e+00,8.277543187141418457e-01,5.020542144775390625e-01
1.206893429159580577e+01,-2.880745414861168197e+00,1.666757568359375000e+03,1.000961780548095703e+00,3.584030000000000271e+00,9.851493239402770996e-01,6.374765038490295410e-01
1.207061668781644848e+01,-2.857703118940160714e+00,1.818978027343750000e+03,1.061831235885620117e+00,3.584040000000000337e+00,1.000331878662109375e+00,6.610513925552368164e-01
1.207235482634172996e+01,-2.844575766646927573e+00,1.481176757812500000e+03,1.450647830963134766e+00,3.584050000000000402e+00,1.031612515449523926e+00,6.468606591224670410e-01
1.206494291687761589e+01,-2.821757993320684665e+00,1.430088256835937500e+03,1.292064905166625977e+00,3.584060000000000468e+00,9.388387203216552734e-01,5.827735066413879395e-01
1.207103697573864665e+01,-2.801328381253088473e+00,1.441251464843750000e+03,1.447541236877441406e+00,3.584070000000000089e+00,9.679831266403198242e-01,6.022285819053649902e-01
1.206725060144682082e+01,-2.776451829996315457e+00,1.668876586914062500e+03,1.328434467315673828e+00,3.584080000000000155e+00,8.446916341781616211e-01,5.467626452445983887e-01
1.207773121519446491e+01,-2.760700863439544239e+00,1.574636108398437500e+03,1.319180250167846680e+00,3.584090000000000220e+00,8.811602592468261719e-01,5.618689060211181641e-01
1.206864041200379489e+01,-2.744948934038460298e+00,1.721915283203125000e+03,1.163998365402221680e+00,3.584100000000000286e+00,7.592421174049377441e-01,4.952640235424041748e-01
1.207743598350804959e+01,-2.722572426970024662e+00,1.357327514648437500e+03,1.138860702514648438e+00,3.584110000000000351e+00,9.521902203559875488e-01,5.818579792976379395e-01
1.206462692514730684e+01,-2.701118814439296134e+00,1.484371826171875000e+03,1.080436229705810547e+00,3.584120000000000417e+00,9.437978267669677734e-01,5.921577215194702148e-01
1.207303159891213618e+01,-2.686631618227592000e+00,1.656406250000000000e+03,1.388535022735595703e+00,3.584130000000000482e+00,9.452474117279052734e-01,6.106972098350524902e-01
1.207064242371533602e+01,-2.665037060124387569e+00,1.574794067382812500e+03,1.338400363922119141e+00,3.584140000000000104e+00,9.816398024559020996e-01,6.259560585021972656e-01
1.206981463331108451e+01,-2.648592166351388055e+00,1.742017333984375000e+03,1.293383359909057617e+00,3.584150000000000169e+00,1.128353595733642578e+00,7.381085753440856934e-01
1.206705702501504440e+01,-2.627343311751426214e+00,1.553313720703125000e+03,1.582962989807128906e+00,3.584160000000000235e+00,9.270130991935729980e-01,5.889533758163452148e-01
1.207454545004718227e+01,-2.608511989306855128e+00,1.297229858398437500e+03,1.642111063003540039e+00,3.584170000000000300e+00,7.999832034111022949e-01,4.819125533103942871e-01
1.207584935266777570e+01,-2.594994947860054690e+00,1.725804565429687500e+03,1.259837865829467773e+00,3.584180000000000366e+00,7.404736876487731934e-01,4.832858443260192871e-01
1.207320333884650587e+01,-2.575134703427230498e+00,1.390334350585937500e+03,9.192056059837341309e-01,3.584190000000000431e+00,8.980212807655334473e-01,5.527898669242858887e-01
1.206703167291434475e+01,-2.549313746880039311e+00,1.304792358398437500e+03,9.135407805442810059e-01,3.584200000000000497e+00,9.117542505264282227e-01,5.502721667289733887e-01
1.206497103765672207e+01,-2.530043249529414950e+00,1.245888427734375000e+03,1.094732999801635742e+00,3.584210000000000118e+00,8.047897815704345703e-01,4.784030020236968994e-01
1.207216145889731074e+01,-2.512507995345528489e+00,1.396949707031250000e+03,1.139287471771240234e+00,3.584220000000000184e+00,9.456289410591125488e-01,5.829260945320129395e-01
1.206242527310523194e+01,-2.488303022138523612e+00,1.414343139648437500e+03,1.094395637512207031e+00,3.584230000000000249e+00,9.284626841545104980e-01,5.744574666023254395e-01
1.206991747143572802e+01,-2.472269822832303454e+00,1.753862548828125000e+03,1.167044162750244141e+00,3.584240000000000315e+00,9.311330318450927734e-01,6.100868582725524902e-01
1.206684940148313601e+01,-2.451934105261511121e+00,1.432245483398437500e+03,1.272637367248535156e+00,3.584250000000000380e+00,8.597978949546813965e-01,5.339452028274536133e-01
1.207022063144166779e+01,-2.434257917454746956e+00,1.662000488281250000e+03,1.266846179962158203e+00,3.584260000000000446e+00,9.432637691497802734e-01,6.099342703819274902e-01
1.206128301064956432e+01,-2.414815575566711559e+00,1.548910156250000000e+03,9.632629752159118652e-01,3.584270000000000511e+00,1.122173786163330078e+00,7.123974561691284180e-01
1.207723464798554147e+01,-2.395068409266391640e+00,2.448088623046875000e+03,1.292011260986328125e+00,3.584280000000000133e+00,9.347188472747802734e-01,6.553293466567993164e-01
1.206466897983787234e+01,-2.375107960947040908e+00,1.639815917968750000e+03,1.569032192230224609e+00,3.584290000000000198e+00,8.031112551689147949e-01,5.175419449806213379e-01
1.206899155397019641e+01,-2.355719958663622382e+00,1.971157348632812500e+03,1.194234609603881836e+00,3.584300000000000264e+00,1.076397180557250977e+00,7.240704298019409180e-01
1.207430968095854595e+01,-2.331715510878913378e+00,1.875568847656250000e+03,1.247918128967285156e+00,3.584310000000000329e+00,1.168713212013244629e+00,7.777053117752075195e-01
1.208059534454320350e+01,-2.316553169411097457e+00,1.814932495117187500e+03,1.727872610092163086e+00,3.584320000000000395e+00,1.056637048721313477e+00,6.979015469551086426e-01
1.207105683311645095e+01,-2.291387883377353329e+00,1.291278198242187500e+03,1.656267166137695312e+00,3.584330000000000460e+00,8.904681801795959473e-01,5.356236696243286133e-01
1.208280002912558260e+01,-2.275824868742469587e+00,1.036130126953125000e+03,1.552714824676513672e+00,3.584340000000000082e+00,8.673510551452636719e-01,4.816836714744567871e-01
1.207345242304894839e+01,-2.256166409784164717e+00,1.543036132812500000e+03,1.134181737899780273e+00,3.584350000000000147e+00,7.637434601783752441e-01,4.843539595603942871e-01
1.207491036296226206e+01,-2.239452300216015601e+00,1.716231689453125000e+03,9.550089240074157715e-01,3.584360000000000213e+00,7.922775149345397949e-01,5.163975358009338379e-01
1.207631882765710607e+01,-2.215647329658215536e+00,1.653144409179687500e+03,1.028719663619995117e+00,3.584370000000000278e+00,7.641249299049377441e-01,4.934329688549041748e-01
1.207080154699236019e+01,-2.194609994786744345e+00,1.846418212890625000e+03,9.470064043998718262e-01,3.584380000000000344e+00,7.443647384643554688e-01,4.935855567455291748e-01
1.207348494473215794e+01,-2.174390634694050917e+00,2.415794677734375000e+03,8.837551474571228027e-01,3.584390000000000409e+00,9.175526499748229980e-01,6.418252587318420410e-01
1.207910288382111119e+01,-2.158105738686432407e+00,1.704588623046875000e+03,9.475321173667907715e-01,3.584400000000000475e+00,9.136615991592407227e-01,5.945228338241577148e-01
1.207977709321454007e+01,-2.147757763856692037e+00,1.240270019531250000e+03,1.421941041946411133e+00,3.584410000000000096e+00,7.795363664627075195e-01,4.626863896846771240e-01
1.207315754930054297e+01,-2.129325849895232103e+00,1.141095214843750000e+03,1.306966066360473633e+00,3.584420000000000162e+00,8.837543129920959473e-01,5.093784928321838379e-01
1.207917377163864003e+01,-2.118294587109523786e+00,1.683038208007812500e+03,8.989269137382507324e-01,3.584430000000000227e+00,9.695852994918823242e-01,6.289315223693847656e-01
1.207553455776876739e+01,-2.100764711111890115e+00,1.501562988281250000e+03,1.120631217956542969e+00,3.584440000000000293e+00,8.305771946907043457e-01,5.228062272071838379e-01
1.207832812717462545e+01,-2.090157154912121840e+00,9.311944531250000000e+04,1.400599002838134766e+00,3.584450000000000358e+00,1.771170645952224731e-01,1.466756761074066162e-01
1.207910893121129270e+01,-2.073847605395921612e+00,-2.380330810546875000e+03,1.063649177551269531e+00,3.584460000000000424e+00,6.534601002931594849e-02,6.481195241212844849e-02
1.208133633137083329e+01,-2.072631588254707946e+00,-7.104663085937500000e+03,4.216224253177642822e-01,3.584470000000000489e+00,4.604357108473777771e-02,4.062668234109878540e-02
1.207911540521013194e+01,-2.064645030175782381e+00,-2.103137695312500000e+03,2.370351701974868774e-01,3.584480000000000111e+00,4.550951346755027771e-02,4.619615897536277771e-02
