# x_coordinates, y_coordinates, TEP, TED, times, high, low
3.096721106304556415e+01,1.992045648956902726e+00,2.090020996093750000e+03,2.940476126968860626e-02,4.576830000000000176e+00,7.286481261253356934e-01,4.961032867431640625e-01
3.097430054839117020e+01,1.983467302432390778e+00,2.294733642578125000e+03,3.684407770633697510e-01,4.576840000000000686e+00,5.347844362258911133e-01,3.706755340099334717e-01
3.096557063384322817e+01,1.981668868503263514e+00,1.686407470703125000e+03,1.089490175247192383e+00,4.576850000000000307e+00,5.831549763679504395e-01,3.784575462341308594e-01
3.096782380468279428e+01,1.974189331263363822e+00,2.260524658203125000e+03,7.226592898368835449e-01,4.576860000000000817e+00,6.364846825599670410e-01,4.399507045745849609e-01
3.096983511948945988e+01,1.968467648301185369e+00,1.421638061523437500e+03,7.398421168327331543e-01,4.576870000000000438e+00,5.937598943710327148e-01,3.679289519786834717e-01
3.097203928759796554e+01,1.972999885358180938e+00,2.208796142578125000e+03,8.473474383354187012e-01,4.576880000000000059e+00,6.516672372817993164e-01,4.484956562519073486e-01
3.096661615919156674e+01,1.967440273482350621e+00,1.611507080078125000e+03,8.311790823936462402e-01,4.576890000000000569e+00,6.421304345130920410e-01,4.119507372379302979e-01
3.097949938543012038e+01,1.979473576275303515e+00,1.427662963867187500e+03,1.068762063980102539e+00,4.576900000000000190e+00,7.043102383613586426e-01,4.369752407073974609e-01
3.097422973417166858e+01,1.982381344571385595e+00,2.563185791015625000e+03,8.621043562889099121e-01,4.576910000000000700e+00,8.864246010780334473e-01,6.262612342834472656e-01
3.096730545145418034e+01,1.984895249766245762e+00,1.544441284179687500e+03,1.170343875885009766e+00,4.576920000000000321e+00,7.131603956222534180e-01,4.523866772651672363e-01
3.097249959675169961e+01,1.993063114783008682e+00,1.699166625976562500e+03,1.226392507553100586e+00,4.576929999999999943e+00,7.973892092704772949e-01,5.184574723243713379e-01
3.097542306694034764e+01,1.999347902355626871e+00,2.123908691406250000e+03,1.061146974563598633e+00,4.576940000000000452e+00,6.859996318817138672e-01,4.685610532760620117e-01
3.096975206198534281e+01,2.013315479826164101e+00,1.510401367187500000e+03,1.087600708007812500e+00,4.576950000000000074e+00,7.635145783424377441e-01,4.813784956932067871e-01
3.096702529488777245e+01,2.026263756216710288e+00,1.542821655273437500e+03,1.084397554397583008e+00,4.576960000000000583e+00,7.397107481956481934e-01,4.690951108932495117e-01
3.097699787712823039e+01,2.033388347928035245e+00,1.659659057617187500e+03,1.062922000885009766e+00,4.576970000000000205e+00,8.673510551452636719e-01,5.606482028961181641e-01
3.096817940917027556e+01,2.052335019321439358e+00,1.326529785156250000e+03,1.257910251617431641e+00,4.576980000000000715e+00,8.842120766639709473e-01,5.364629030227661133e-01
3.097437092318503460e+01,2.069378064081258906e+00,1.105188354492187500e+03,1.315364360809326172e+00,4.576990000000000336e+00,7.747298479080200195e-01,4.412477016448974609e-01
3.097939285546975086e+01,2.081863453282501997e+00,1.866084472656250000e+03,1.359650611877441406e+00,4.576999999999999957e+00,4.550569653511047363e-01,3.024685084819793701e-01
3.098655374899141535e+01,2.101813670138947820e+00,1.597587158203125000e+03,9.189171195030212402e-01,4.577010000000000467e+00,7.898361086845397949e-01,5.055637359619140625e-01
3.097492168467113771e+01,2.117351296805208616e+00,1.345923339843750000e+03,6.359035372734069824e-01,4.577020000000000088e+00,9.176289439201354980e-01,5.592749118804931641e-01
3.098724571166658492e+01,2.142420644667936358e+00,1.256791015625000000e+03,1.212548732757568359e+00,4.577030000000000598e+00,8.108932971954345703e-01,4.834384322166442871e-01
3.098320283582869195e+01,2.156388086875383081e+00,1.208491333007812500e+03,1.376152753829956055e+00,4.577040000000000219e+00,7.860976457595825195e-01,4.624575078487396240e-01
3.098162036944059849e+01,2.168053022869698587e+00,1.822355834960937500e+03,1.112840890884399414e+00,4.577050000000000729e+00,9.595144391059875488e-01,6.343484520912170410e-01
3.098493952937554141e+01,2.188616531490091166e+00,1.934803222656250000e+03,1.172186851501464844e+00,4.577060000000000350e+00,9.497488141059875488e-01,6.363320946693420410e-01
3.099106334809888352e+01,2.199620733276984819e+00,1.567588012695312500e+03,1.554679393768310547e+00,4.577069999999999972e+00,9.448659420013427734e-01,6.017708182334899902e-01
3.098076326630418720e+01,2.214781258768004246e+00,1.497328247070312500e+03,1.696197509765625000e+00,4.577080000000000481e+00,8.479722738265991211e-01,5.333348512649536133e-01
3.098479191059353610e+01,2.230257462979493788e+00,2.738677734375000000e+03,1.567604064941406250e+00,4.577090000000000103e+00,8.417161703109741211e-01,6.009315252304077148e-01
3.098681369220748749e+01,2.244184884773036792e+00,1.440652709960937500e+03,1.466091394424438477e+00,4.577100000000000612e+00,7.770186662673950195e-01,4.833621382713317871e-01
3.098173647047998713e+01,2.264550609549580873e+00,1.229047363281250000e+03,1.495928287506103516e+00,4.577110000000000234e+00,7.347516417503356934e-01,4.347627162933349609e-01
3.098288795615587432e+01,2.277904929481935348e+00,1.308400756835937500e+03,1.084635972976684570e+00,4.577120000000000744e+00,8.407243490219116211e-01,5.078526139259338379e-01
3.099249846762607419e+01,2.285483886991662050e+00,1.558665527343750000e+03,1.100861549377441406e+00,4.577130000000000365e+00,7.983810305595397949e-01,5.076999664306640625e-01
3.098932304745762423e+01,2.296332146896788995e+00,2.120278076171875000e+03,1.340889453887939453e+00,4.577139999999999986e+00,7.162884473800659180e-01,4.890842139720916748e-01
3.098936400375247047e+01,2.310700978704463449e+00,2.289717285156250000e+03,1.242496490478515625e+00,4.577150000000000496e+00,8.706316947937011719e-01,6.032204031944274902e-01
3.098234977509202182e+01,2.331603381600542590e+00,1.733896728515625000e+03,1.143962860107421875e+00,4.577160000000000117e+00,7.107952237129211426e-01,4.644411504268646240e-01
3.099011713808663160e+01,2.344132868150677229e+00,1.521755004882812500e+03,1.335078001022338867e+00,4.577170000000000627e+00,7.796889543533325195e-01,4.925937354564666748e-01
3.097720222446152505e+01,2.357916815701858848e+00,1.716520263671875000e+03,1.021770954132080078e+00,4.577180000000000248e+00,8.142502307891845703e-01,5.307408571243286133e-01
3.097902140203191124e+01,2.371544571531243761e+00,1.411056518554687500e+03,1.290009737014770508e+00,4.577190000000000758e+00,8.082993030548095703e-01,4.997653961181640625e-01
3.098775807754768152e+01,2.381279179889401298e+00,1.973235351562500000e+03,1.174873828887939453e+00,4.577200000000000379e+00,8.768115043640136719e-01,5.899451971054077148e-01
3.097855986396982431e+01,2.400348451852553744e+00,1.738294555664062500e+03,1.200619459152221680e+00,4.577210000000000001e+00,7.684736847877502441e-01,5.024356842041015625e-01
3.098506831579661736e+01,2.414985765299903164e+00,1.642277587890625000e+03,1.478822946548461914e+00,4.577220000000000510e+00,8.803210258483886719e-01,5.675146579742431641e-01
3.098279351466688780e+01,2.427532104363228527e+00,1.781919677734375000e+03,1.174786806106567383e+00,4.577230000000000132e+00,8.415635824203491211e-01,5.534765124320983887e-01
3.098230568043217659e+01,2.441808212597320615e+00,1.836530273437500000e+03,1.451601505279541016e+00,4.577240000000000641e+00,6.300759315490722656e-01,4.172913134098052979e-01
3.097419435180747271e+01,2.457927799005812375e+00,1.731863281250000000e+03,1.273918867111206055e+00,4.577250000000000263e+00,7.161358594894409180e-01,4.677981138229370117e-01
3.097756991040510854e+01,2.471850150839693505e+00,1.421320922851562500e+03,1.010148048400878906e+00,4.577260000000000773e+00,6.743265986442565918e-01,4.178253710269927979e-01
3.098250239940155382e+01,2.492109065446798333e+00,2.143257080078125000e+03,1.001016616821289062e+00,4.577270000000000394e+00,8.034164309501647949e-01,5.497381091117858887e-01
3.097449301949722766e+01,2.501806873005681275e+00,1.625165893554687500e+03,1.075167179107666016e+00,4.577280000000000015e+00,6.929423809051513672e-01,4.455201923847198486e-01
3.097337553443960445e+01,2.521489502977292130e+00,1.332756225585937500e+03,1.109190702438354492e+00,4.577290000000000525e+00,7.701521515846252441e-01,4.679507017135620117e-01
3.098124090129210373e+01,2.533655120666301386e+00,1.349853149414062500e+03,1.022586345672607422e+00,4.577300000000000146e+00,7.119396924972534180e-01,4.343049526214599609e-01
3.097326941211787243e+01,2.555257482787581580e+00,1.505428344726562500e+03,1.035533666610717773e+00,4.577310000000000656e+00,7.522230148315429688e-01,4.738253653049468994e-01
3.097339637912323695e+01,2.567120382344422858e+00,1.236191772460937500e+03,1.012714624404907227e+00,4.577320000000000277e+00,6.343484520912170410e-01,3.760924339294433594e-01
3.097746773728914249e+01,2.583491105169640090e+00,1.337726928710937500e+03,1.081531763076782227e+00,4.577330000000000787e+00,5.925391912460327148e-01,3.604521155357360840e-01
3.097974709355487022e+01,2.601042791280843591e+00,1.553154418945312500e+03,9.599203467369079590e-01,4.577340000000000408e+00,6.361795067787170410e-01,4.041687250137329102e-01
3.097363076736384357e+01,2.611998510365781900e+00,2.138437255859375000e+03,7.564491629600524902e-01,4.577350000000000030e+00,9.836997389793395996e-01,6.728007197380065918e-01
3.098121051926207770e+01,2.629572606871416696e+00,1.364085449218750000e+03,1.106954336166381836e+00,4.577360000000000539e+00,8.768115043640136719e-01,5.366154909133911133e-01
3.098208932434947016e+01,2.644982632647441712e+00,1.691197509765625000e+03,1.518178701400756836e+00,4.577370000000000161e+00,1.357388854026794434e+00,8.815417289733886719e-01
3.097091819435009086e+01,2.660943519468069507e+00,1.959508056640625000e+03,1.678875207901000977e+00,4.577380000000000670e+00,1.036647915840148926e+00,6.964519619941711426e-01
3.097490172119282548e+01,2.679810283702275697e+00,1.724174072265625000e+03,2.397505760192871094e+00,4.577390000000000292e+00,7.919723391532897949e-01,5.167790055274963379e-01
3.097358691207135095e+01,2.688069100343728923e+00,1.672328125000000000e+03,1.709278345108032227e+00,4.577400000000000801e+00,8.675799369812011719e-01,5.618689060211181641e-01
3.097348739620656843e+01,2.705942981511655354e+00,1.905883056640625000e+03,1.250217676162719727e+00,4.577410000000000423e+00,8.607897162437438965e-01,5.748389363288879395e-01
3.097021092085516258e+01,2.719907117716416245e+00,1.322971679687500000e+03,1.465236663818359375e+00,4.577420000000000044e+00,7.311658263206481934e-01,4.432313740253448486e-01
3.097916506025936556e+01,2.733208635600191005e+00,1.759019653320312500e+03,1.332579374313354492e+00,4.577430000000000554e+00,8.867297768592834473e-01,5.814002156257629395e-01
3.097586619769501937e+01,2.753969851100209087e+00,1.261812255859375000e+03,1.242180585861206055e+00,4.577440000000000175e+00,8.412584066390991211e-01,5.022068023681640625e-01
3.097112548666164500e+01,2.767929434589403215e+00,1.458242065429687500e+03,1.431049823760986328e+00,4.577450000000000685e+00,7.252911329269409180e-01,4.527681469917297363e-01
3.097675045713854658e+01,2.781482895635309482e+00,1.681083007812500000e+03,1.256801605224609375e+00,4.577460000000000306e+00,8.379777669906616211e-01,5.434057116508483887e-01
3.097704953581720844e+01,2.804614192721262889e+00,1.852177490234375000e+03,1.176515340805053711e+00,4.577470000000000816e+00,8.483537435531616211e-01,5.629370212554931641e-01
3.097346551802149506e+01,2.818506308215355638e+00,2.178231445312500000e+03,1.450678825378417969e+00,4.577480000000000437e+00,7.391003966331481934e-01,5.073184967041015625e-01
3.097370477701091929e+01,2.830175529422932268e+00,2.366936523437500000e+03,1.295985698699951172e+00,4.577490000000000059e+00,1.023296475410461426e+00,7.132366895675659180e-01
3.097966938571057582e+01,2.847870508638999709e+00,2.467360107421875000e+03,1.447274208068847656e+00,4.577500000000000568e+00,9.804190993309020996e-01,6.882884502410888672e-01
3.097042815907727231e+01,2.863398166247934196e+00,1.505007202148437500e+03,1.864431619644165039e+00,4.577510000000000190e+00,6.123756766319274902e-01,3.857055008411407471e-01
3.097483819848984155e+01,2.882912067979459536e+00,1.344069946289062500e+03,1.484252929687500000e+00,4.577520000000000699e+00,6.522775888442993164e-01,3.973785340785980225e-01
3.097192633886473345e+01,2.893214337771611078e+00,1.660113281250000000e+03,8.648831248283386230e-01,4.577530000000000321e+00,7.925826907157897949e-01,5.123539566993713379e-01
3.097792284071712032e+01,2.913162000781674088e+00,2.300629638671875000e+03,1.096078872680664062e+00,4.577539999999999942e+00,6.906535625457763672e-01,4.789370596408843994e-01
3.096998923039230434e+01,2.925558778153078521e+00,1.363679931640625000e+03,1.186871051788330078e+00,4.577550000000000452e+00,5.872749090194702148e-01,3.593840003013610840e-01
3.098043446789384703e+01,2.941303750422226582e+00,1.380850219726562500e+03,9.584564566612243652e-01,4.577560000000000073e+00,5.669043064117431641e-01,3.482450544834136963e-01
3.097382126700700766e+01,2.951711122065538095e+00,1.569866943359375000e+03,6.867880225181579590e-01,4.577570000000000583e+00,6.410623192787170410e-01,4.084411859512329102e-01
3.097066502011115929e+01,2.976536938496985307e+00,1.663220703125000000e+03,8.351213335990905762e-01,4.577580000000000204e+00,6.911113262176513672e-01,4.469697773456573486e-01
3.097225699172360791e+01,2.989904725305257749e+00,1.624956665039062500e+03,8.946270346641540527e-01,4.577590000000000714e+00,6.666209101676940918e-01,4.285828769207000732e-01
3.097808185471538778e+01,3.012699797224102305e+00,1.197668701171875000e+03,1.037637710571289062e+00,4.577600000000000335e+00,6.748606562614440918e-01,3.957763612270355225e-01
3.097419499009320631e+01,3.026301621419716703e+00,1.524831420898437500e+03,8.863312602043151855e-01,4.577609999999999957e+00,7.426862716674804688e-01,4.694765806198120117e-01
3.097595319804207037e+01,3.039594777247653923e+00,1.195546020507812500e+03,1.039024114608764648e+00,4.577620000000000466e+00,6.209969520568847656e-01,3.639616668224334717e-01
3.097849519172359578e+01,3.063310365629566157e+00,1.606542602539062500e+03,1.057542085647583008e+00,4.577630000000000088e+00,6.401467919349670410e-01,4.103485643863677979e-01
3.097744219010745326e+01,3.069494565692443278e+00,1.404124389648437500e+03,7.594997286796569824e-01,4.577640000000000597e+00,8.600267767906188965e-01,5.309697389602661133e-01
3.097015027664800968e+01,3.090657470373967541e+00,1.389984130859375000e+03,9.980863928794860840e-01,4.577650000000000219e+00,8.161575794219970703e-01,5.023593902587890625e-01
3.097299428476365435e+01,3.108340454172752398e+00,1.671458129882812500e+03,1.357957839965820312e+00,4.577660000000000728e+00,8.797106742858886719e-01,5.696508884429931641e-01
3.098164773420240081e+01,3.123443582913405070e+00,1.509996215820312500e+03,1.382872581481933594e+00,4.577670000000000350e+00,9.246479868888854980e-01,5.829260945320129395e-01
3.097910134832411799e+01,3.139874339266780279e+00,1.619682373046875000e+03,1.404828548431396484e+00,4.577679999999999971e+00,7.240704298019409180e-01,4.651278257369995117e-01
3.097938475064231056e+01,3.150056024472488225e+00,1.890382324218750000e+03,1.307957887649536133e+00,4.577690000000000481e+00,9.878959059715270996e-01,6.585336923599243164e-01
3.098251667657856245e+01,3.171227747900365657e+00,1.411047119140625000e+03,1.146318435668945312e+00,4.577700000000000102e+00,8.550676703453063965e-01,5.286809206008911133e-01
3.098357322258839375e+01,3.184483076947638214e+00,2.609153564453125000e+03,1.531085491180419922e+00,4.577710000000000612e+00,7.358197569847106934e-01,5.213566422462463379e-01
3.097424251876044821e+01,3.196766962372409537e+00,1.689511962890625000e+03,1.232027530670166016e+00,4.577720000000000233e+00,6.428170800209045410e-01,4.173676073551177979e-01
3.098345471053930211e+01,3.218070462046596969e+00,2.009189453125000000e+03,1.080873727798461914e+00,4.577730000000000743e+00,7.711439728736877441e-01,5.208225846290588379e-01
3.097403767215428871e+01,3.232764581748125643e+00,2.071015625000000000e+03,9.506923556327819824e-01,4.577740000000000364e+00,9.091602563858032227e-01,6.178689002990722656e-01
3.097571874555800520e+01,3.243781700640899768e+00,1.953339111328125000e+03,1.229315519332885742e+00,4.577749999999999986e+00,8.016616702079772949e-01,5.382176637649536133e-01
3.097742341776293884e+01,3.266784076343454135e+00,2.550021484375000000e+03,1.376879930496215820e+00,4.577760000000000495e+00,8.182175159454345703e-01,5.775855183601379395e-01
3.098042822886887393e+01,3.281723935880542786e+00,2.054950683593750000e+03,1.383566379547119141e+00,4.577770000000000117e+00,7.706099152565002441e-01,5.228825211524963379e-01
3.097160722256289134e+01,3.296964071936646867e+00,1.657151245117187500e+03,1.395104646682739258e+00,4.577780000000000626e+00,7.020214200019836426e-01,4.536073803901672363e-01
3.098460196433841674e+01,3.310286738454959465e+00,1.171453735351562500e+03,1.220179319381713867e+00,4.577790000000000248e+00,7.185772657394409180e-01,4.181305766105651855e-01
3.098240435595732478e+01,3.321960689584357418e+00,3.979020263671875000e+03,8.395869135856628418e-01,4.577800000000000757e+00,8.995472192764282227e-01,6.735636591911315918e-01
3.097431238160640277e+01,3.337993434071691468e+00,1.477929565429687500e+03,1.036505222320556641e+00,4.577810000000000379e+00,8.703265190124511719e-01,5.453893542289733887e-01
3.097706243305486851e+01,3.359944864411509080e+00,1.323502929687500000e+03,1.599207639694213867e+00,4.577820000000000000e+00,8.243210911750793457e-01,4.997653961181640625e-01
3.098536901951556288e+01,3.378455452468844378e+00,1.779609985351562500e+03,1.257853031158447266e+00,4.577830000000000510e+00,7.789260149002075195e-01,5.121250748634338379e-01
3.098153912881171479e+01,3.386278773760358352e+00,1.431902465820312500e+03,1.388995170593261719e+00,4.577840000000000131e+00,7.298688292503356934e-01,4.532259106636047363e-01
3.097499429155315198e+01,3.404256837423594195e+00,1.648160400390625000e+03,1.256299734115600586e+00,4.577850000000000641e+00,6.716563105583190918e-01,4.333893954753875732e-01
3.097433479188742567e+01,3.421803081005816871e+00,1.500047973632812500e+03,1.078403711318969727e+00,4.577860000000000262e+00,6.797435283660888672e-01,4.277436435222625732e-01
3.097826625917114640e+01,3.435209305440022121e+00,1.155053588867187500e+03,8.311218619346618652e-01,4.577870000000000772e+00,6.767680048942565918e-01,3.918090462684631348e-01
3.097451006162222953e+01,3.452498955397183877e+00,1.486028686523437500e+03,8.531934618949890137e-01,4.577880000000000393e+00,6.248879432678222656e-01,3.921905159950256348e-01
3.097431763839374952e+01,3.463026366456876559e+00,1.178271850585937500e+03,8.510822653770446777e-01,4.577890000000000015e+00,5.910896062850952148e-01,3.446592092514038086e-01
3.097771511387572829e+01,3.484541286339533972e+00,1.038475341796875000e+03,8.517832159996032715e-01,4.577900000000000524e+00,5.057163238525390625e-01,2.811061143875122070e-01
3.097914217785387692e+01,3.496523322237742093e+00,1.002665222167968750e+03,7.486063838005065918e-01,4.577910000000000146e+00,4.446809589862823486e-01,2.436456382274627686e-01
3.097726170517050193e+01,3.516436316588142486e+00,1.349541259765625000e+03,4.915446341037750244e-01,4.577920000000000655e+00,4.919833838939666748e-01,3.001033663749694824e-01
3.097870775612499727e+01,3.530089442195169180e+00,1.121966918945312500e+03,4.240685999393463135e-01,4.577930000000000277e+00,4.777163565158843994e-01,2.736292779445648193e-01
3.097839107954519733e+01,3.544303299656792028e+00,1.845074462890625000e+03,5.663592219352722168e-01,4.577940000000000786e+00,4.181305766105651855e-01,2.772150933742523193e-01
3.097237942813211475e+01,3.557371504231292114e+00,1.177866699218750000e+03,3.952914774417877197e-01,4.577950000000000408e+00,5.580542087554931641e-01,3.253567814826965332e-01
3.098301173266971631e+01,3.574519337902765770e+00,1.545409545898437500e+03,4.317623674869537354e-01,4.577960000000000029e+00,5.142613053321838379e-01,3.262723088264465332e-01
3.097729911748050924e+01,3.596176155700229859e+00,1.362391113281250000e+03,5.901128649711608887e-01,4.577970000000000539e+00,5.209751725196838379e-01,3.187191784381866455e-01
3.097827023320721196e+01,3.607735076645842476e+00,1.480734130859375000e+03,5.856806635856628418e-01,4.577980000000000160e+00,6.988933682441711426e-01,4.381959438323974609e-01
3.097911238261188416e+01,3.621350114094099126e+00,2.976203125000000000e+03,5.489344000816345215e-01,4.577990000000000670e+00,8.834491372108459473e-01,6.384683251380920410e-01
3.098469098915501974e+01,3.637733490464623465e+00,1.342815673828125000e+03,1.127466678619384766e+00,4.578000000000000291e+00,7.376508116722106934e-01,4.492586255073547363e-01
3.097531077181264436e+01,3.655307131722355329e+00,1.410587646484375000e+03,1.360271692276000977e+00,4.578010000000000801e+00,7.390241026878356934e-01,4.568880200386047363e-01
3.097881006685763339e+01,3.669304935419657632e+00,1.506699584960937500e+03,1.032613039016723633e+00,4.578020000000000422e+00,7.566480636596679688e-01,4.767245352268218994e-01
3.098140782068013266e+01,3.684412717665378700e+00,1.519041259765625000e+03,1.112374782562255859e+00,4.578030000000000044e+00,8.067734241485595703e-01,5.094547867774963379e-01
3.098392651925506058e+01,3.696962348390581798e+00,1.515752197265625000e+03,1.099032878875732422e+00,4.578040000000000553e+00,7.002666592597961426e-01,4.419343769550323486e-01
3.097975384951637423e+01,3.714550242374166089e+00,1.671092285156250000e+03,1.206314086914062500e+00,4.578050000000000175e+00,6.895854473114013672e-01,4.465120136737823486e-01
3.097908252911734905e+01,3.732467251148233967e+00,1.356189819335937500e+03,1.057424068450927734e+00,4.578060000000000684e+00,7.465009689331054688e-01,4.560487866401672363e-01
3.098043113962701511e+01,3.751298490626058690e+00,2.022819946289062500e+03,9.986478686332702637e-01,4.578070000000000306e+00,7.901412844657897949e-01,5.344029664993286133e-01
3.097962137026527074e+01,3.760146189887380253e+00,1.745706665039062500e+03,1.250510931015014648e+00,4.578080000000000815e+00,6.562448740005493164e-01,4.294984042644500732e-01
3.097674922383843210e+01,3.774792700613472718e+00,1.645757812500000000e+03,1.280040264129638672e+00,4.578090000000000437e+00,6.501413583755493164e-01,4.193512797355651855e-01
3.097923190682285011e+01,3.795607158257473746e+00,1.217966796875000000e+03,8.896715044975280762e-01,4.578100000000000058e+00,7.722120881080627441e-01,4.555147290229797363e-01
3.097974531361670358e+01,3.811354770884655352e+00,1.438991577148437500e+03,1.031140804290771484e+00,4.578110000000000568e+00,7.313947081565856934e-01,4.548280835151672363e-01
3.097462106564991302e+01,3.826316847837466284e+00,1.209153564453125000e+03,1.043964147567749023e+00,4.578120000000000189e+00,6.146644949913024902e-01,3.616728186607360840e-01
3.098006385281088271e+01,3.843590758039169053e+00,1.217658935546875000e+03,1.065928459167480469e+00,4.578130000000000699e+00,5.777381062507629395e-01,3.407682180404663086e-01
3.097915288190832683e+01,3.858486577413991814e+00,1.362015869140625000e+03,7.764989733695983887e-01,4.578140000000000320e+00,6.898906230926513672e-01,4.220215678215026855e-01
3.097838066568898086e+01,3.875214679243380811e+00,1.310071899414062500e+03,9.250301718711853027e-01,4.578149999999999942e+00,5.520269274711608887e-01,3.335965573787689209e-01
3.097445405964680987e+01,3.893669173136339090e+00,1.445555664062500000e+03,9.413689970970153809e-01,4.578160000000000451e+00,6.450296044349670410e-01,4.016509950160980225e-01
3.098141250863114138e+01,3.905317463924921739e+00,1.118785278320312500e+03,6.527215838432312012e-01,4.578170000000000073e+00,6.756998896598815918e-01,3.866210281848907471e-01
3.097411658747294183e+01,3.922642387423038279e+00,1.553940063476562500e+03,7.131058573722839355e-01,4.578180000000000582e+00,7.786208391189575195e-01,4.947299659252166748e-01
3.097894399389982567e+01,3.941192668473035177e+00,2.126197753906250000e+03,9.274739623069763184e-01,4.578190000000000204e+00,7.785445451736450195e-01,5.318852663040161133e-01
3.098161688848330542e+01,3.958193871934222230e+00,1.441347045898437500e+03,1.129070043563842773e+00,4.578200000000000713e+00,7.739669084548950195e-01,4.815310835838317871e-01
3.097705205954090601e+01,3.970297063872080479e+00,2.083084228515625000e+03,1.036477804183959961e+00,4.578210000000000335e+00,8.842120766639709473e-01,6.016182303428649902e-01
3.098041270982339057e+01,3.988833052862442496e+00,1.780688354492187500e+03,1.255031347274780273e+00,4.578219999999999956e+00,7.254437208175659180e-01,4.770297110080718994e-01
3.098693918179798601e+01,4.004027071035483054e+00,1.833783081054687500e+03,1.465523958206176758e+00,4.578230000000000466e+00,7.095745205879211426e-01,4.697817564010620117e-01
3.098165085533995722e+01,4.022130762798061809e+00,1.059414916992187500e+03,1.173983335494995117e+00,4.578240000000000087e+00,6.569315195083618164e-01,3.680815398693084717e-01
3.098354753192367994e+01,4.036591361051300453e+00,1.255564941406250000e+03,1.058018922805786133e+00,4.578250000000000597e+00,6.082558035850524902e-01,3.625120520591735840e-01
3.098577975682635355e+01,4.048999882883689949e+00,1.390947998046875000e+03,8.670265078544616699e-01,4.578260000000000218e+00,7.070568203926086426e-01,4.352967739105224609e-01
3.097870418912970081e+01,4.064446341579072808e+00,1.174208618164062500e+03,8.887702822685241699e-01,4.578270000000000728e+00,6.467080712318420410e-01,3.766264915466308594e-01
3.097663247130811826e+01,4.081177979574836634e+00,1.418980712890625000e+03,9.417743086814880371e-01,4.578280000000000349e+00,7.124737501144409180e-01,4.412477016448974609e-01
3.097638610624862210e+01,4.093014158744392006e+00,1.354975463867187500e+03,8.400732874870300293e-01,4.578289999999999971e+00,7.142285108566284180e-01,4.362123012542724609e-01
3.098154282561645800e+01,4.105591701467727006e+00,1.463625366210937500e+03,9.303933978080749512e-01,4.578300000000000480e+00,7.440595626831054688e-01,4.649752378463745117e-01
3.098190201337814997e+01,4.121231881172546352e+00,1.789655395507812500e+03,1.042568206787109375e+00,4.578310000000000102e+00,7.563428878784179688e-01,4.979343414306640625e-01
3.098181146452724377e+01,4.140084513906375108e+00,1.124305664062500000e+03,1.110847711563110352e+00,4.578320000000000611e+00,7.045391201972961426e-01,4.038635492324829102e-01
3.098088287461623835e+01,4.161276959567777212e+00,1.708764526367187500e+03,1.156814813613891602e+00,4.578330000000000233e+00,7.896072268486022949e-01,5.141087174415588379e-01
3.097283101780343628e+01,4.167698751857789929e+00,2.234476318359375000e+03,1.029533863067626953e+00,4.578340000000000742e+00,1.017269253730773926e+00,7.016399502754211426e-01
3.097352542117432250e+01,4.185792226014783957e+00,2.498900390625000000e+03,1.400283098220825195e+00,4.578350000000000364e+00,6.045174002647399902e-01,4.253022074699401855e-01
3.098188692987285719e+01,4.202386377226205560e+00,1.779270751953125000e+03,1.479098320007324219e+00,4.578359999999999985e+00,6.247353553771972656e-01,4.107300341129302979e-01
3.098278254532892362e+01,4.218152754320221298e+00,1.900086425781250000e+03,1.029607772827148438e+00,4.578370000000000495e+00,6.449533104896545410e-01,4.304139316082000732e-01
3.097583736499705154e+01,4.231964882051973298e+00,1.398623779296875000e+03,1.062685966491699219e+00,4.578380000000000116e+00,7.133129835128784180e-01,4.398744106292724609e-01
3.097934433347108296e+01,4.247508633955581203e+00,1.474537597656250000e+03,9.647411704063415527e-01,4.578390000000000626e+00,7.262829542160034180e-01,4.548280835151672363e-01
3.098783742264131646e+01,4.263024470957893719e+00,1.823968017578125000e+03,9.975666403770446777e-01,4.578400000000000247e+00,7.767897844314575195e-01,5.136509537696838379e-01
3.097938312355736201e+01,4.282713311499108499e+00,1.584772094726562500e+03,1.041645526885986328e+00,4.578410000000000757e+00,7.087352871894836426e-01,4.526918530464172363e-01
3.097923448571688354e+01,4.296423344242908726e+00,1.581234985351562500e+03,1.161657094955444336e+00,4.578420000000000378e+00,6.444955468177795410e-01,4.114166796207427979e-01
3.098371815059017109e+01,4.319929233549180125e+00,2.137218750000000000e+03,1.019168615341186523e+00,4.578430000000000000e+00,8.328660130500793457e-01,5.695745944976806641e-01
3.097799516728093394e+01,4.330648015100655002e+00,2.329504638671875000e+03,1.099696874618530273e+00,4.578440000000000509e+00,8.327897191047668457e-01,5.788062214851379395e-01
3.097660764599135774e+01,4.342036322456947595e+00,1.406507202148437500e+03,1.190678596496582031e+00,4.578450000000000131e+00,8.353837132453918457e-01,5.160160660743713379e-01
3.097987060725487041e+01,4.364137822099870334e+00,1.445564453125000000e+03,1.487607479095458984e+00,4.578460000000000640e+00,6.288552284240722656e-01,3.915801644325256348e-01
3.097326402109836607e+01,4.372413233730894966e+00,1.383801025390625000e+03,1.239513874053955078e+00,4.578470000000000262e+00,7.053020596504211426e-01,4.335419833660125732e-01
3.097704911810350481e+01,4.390711237282544310e+00,1.652867797851562500e+03,9.927529692649841309e-01,4.578480000000000771e+00,6.477761864662170410e-01,4.182831645011901855e-01
3.097966640586292897e+01,4.401337636412302246e+00,1.373875610351562500e+03,1.152240753173828125e+00,4.578490000000000393e+00,6.699015498161315918e-01,4.108826220035552979e-01
3.097952528358259627e+01,4.417044040716358921e+00,1.810225463867187500e+03,1.015299081802368164e+00,4.578500000000000014e+00,6.367898583412170410e-01,4.203431010246276855e-01
3.097635776899631210e+01,4.437584811916259753e+00,1.884578613281250000e+03,9.013778567314147949e-01,4.578510000000000524e+00,6.126808524131774902e-01,4.081360101699829102e-01
3.097273375881227508e+01,4.450233891299822275e+00,1.637158813476562500e+03,8.943552374839782715e-01,4.578520000000000145e+00,5.608770847320556641e-01,3.612913489341735840e-01
3.098696651830121951e+01,4.468081428833333923e+00,1.825602783203125000e+03,7.893890738487243652e-01,4.578530000000000655e+00,6.619669198989868164e-01,4.378144741058349609e-01
3.098658566279586069e+01,4.478531243465300626e+00,1.705324829101562500e+03,8.056587576866149902e-01,4.578540000000000276e+00,6.888225078582763672e-01,4.482667744159698486e-01
3.097842823556269920e+01,4.502550320937497297e+00,1.622117187500000000e+03,1.021180868148803711e+00,4.578550000000000786e+00,8.225663304328918457e-01,5.286046266555786133e-01
3.098339661798821254e+01,4.514849053437322901e+00,1.709388183593750000e+03,9.594613909721374512e-01,4.578560000000000407e+00,7.696180939674377441e-01,5.011386871337890625e-01
3.098214356694741412e+01,4.530817105358529773e+00,1.296047485351562500e+03,1.301278591156005859e+00,4.578570000000000029e+00,8.636888861656188965e-01,5.201359391212463379e-01
3.098429894654821481e+01,4.540731850820769466e+00,1.260721557617187500e+03,1.183641672134399414e+00,4.578580000000000538e+00,7.532911300659179688e-01,4.495638012886047363e-01
3.099128717594385307e+01,4.557842140790780761e+00,1.540085571289062500e+03,1.220540523529052734e+00,4.578590000000000160e+00,6.855418682098388672e-01,4.345338344573974609e-01
3.098730748013668546e+01,4.575125760944991349e+00,1.703814941406250000e+03,9.585804343223571777e-01,4.578600000000000669e+00,7.889968156814575195e-01,5.133457779884338379e-01
3.099093279086303454e+01,4.589656033736569718e+00,2.155986328125000000e+03,1.102741479873657227e+00,4.578610000000000291e+00,8.034927248954772949e-01,5.504247546195983887e-01
3.098712081771772375e+01,4.599386212578503219e+00,1.329298828125000000e+03,1.339729547500610352e+00,4.578620000000000800e+00,7.487897872924804688e-01,4.545992016792297363e-01
3.099500154329848556e+01,4.617053864374203620e+00,1.962684448242187500e+03,1.236851930618286133e+00,4.578630000000000422e+00,8.270676732063293457e-01,5.558416843414306641e-01
3.099384676934568361e+01,4.635879212328807952e+00,1.302718994140625000e+03,1.179917573928833008e+00,4.578640000000000043e+00,9.610403776168823242e-01,5.797217488288879395e-01
3.098986366546771976e+01,4.647793451788908570e+00,1.967879272460937500e+03,1.392195940017700195e+00,4.578650000000000553e+00,7.772475481033325195e-01,5.226536393165588379e-01
3.099261987780485228e+01,4.668900250680273700e+00,1.400629272460937500e+03,1.424016475677490234e+00,4.578660000000000174e+00,6.634165048599243164e-01,4.092804193496704102e-01
3.099166312814026014e+01,4.675862175538817667e+00,1.282150390625000000e+03,1.196161031723022461e+00,4.578670000000000684e+00,6.299996376037597656e-01,3.780760765075683594e-01
3.098698314433821466e+01,4.697171539719226629e+00,1.077515991210937500e+03,8.963877558708190918e-01,4.578680000000000305e+00,5.757544636726379395e-01,3.247464299201965332e-01
3.099175789869615727e+01,4.713826562533981246e+00,1.478061767578125000e+03,7.767183184623718262e-01,4.578690000000000815e+00,5.985664129257202148e-01,3.751006126403808594e-01
3.099022810701183417e+01,4.722650575108986004e+00,1.954262084960937500e+03,7.046419978141784668e-01,4.578700000000000436e+00,7.370404601097106934e-01,4.948825538158416748e-01
3.099118973586636372e+01,4.744475295863039399e+00,2.078803222656250000e+03,7.991272807121276855e-01,4.578710000000000058e+00,8.478959798812866211e-01,5.766699910163879395e-01
3.098883807221766062e+01,4.760859126872674985e+00,1.290944335937500000e+03,1.262326955795288086e+00,4.578720000000000567e+00,8.480485677719116211e-01,5.100651383399963379e-01
3.099496071853611667e+01,4.776792249078678942e+00,1.504639770507812500e+03,1.321750402450561523e+00,4.578730000000000189e+00,8.538469672203063965e-01,5.377599000930786133e-01
3.099799849287624198e+01,4.793618956415123478e+00,1.512152832031250000e+03,1.346669912338256836e+00,4.578740000000000698e+00,9.042011499404907227e-01,5.702612400054931641e-01
3.098436422616516595e+01,4.809943928709730088e+00,1.445379272460937500e+03,1.546406269073486328e+00,4.578750000000000320e+00,8.267624974250793457e-01,5.147953629493713379e-01
3.099607922486546130e+01,4.820128528898609765e+00,1.952011718750000000e+03,1.394682645797729492e+00,4.578759999999999941e+00,8.241685032844543457e-01,5.532476305961608887e-01
3.099614751201944074e+01,4.841661105650342023e+00,1.656145507812500000e+03,1.384824037551879883e+00,4.578770000000000451e+00,7.529096603393554688e-01,4.864138960838317871e-01
3.098378558948569861e+01,4.856967037316314517e+00,1.508744750976562500e+03,1.330953359603881836e+00,4.578780000000000072e+00,7.930404543876647949e-01,4.998416900634765625e-01
3.098458203888840856e+01,4.869537547842767822e+00,1.455724365234375000e+03,1.165216684341430664e+00,4.578790000000000582e+00,7.111004590988159180e-01,4.436891376972198486e-01
3.099787823682473942e+01,4.882293627251458545e+00,1.078593750000000000e+03,1.204577207565307617e+00,4.578800000000000203e+00,6.723429560661315918e-01,3.793731033802032471e-01
3.098803755403098137e+01,4.901915594655209318e+00,1.357219970703125000e+03,9.298426508903503418e-01,4.578810000000000713e+00,6.830241680145263672e-01,4.173676073551177979e-01
3.099004191776885975e+01,4.916478003193075708e+00,1.513709960937500000e+03,8.491451144218444824e-01,4.578820000000000334e+00,7.169750928878784180e-01,4.523103833198547363e-01
3.099788661590742933e+01,4.928302310591795354e+00,1.240768798828125000e+03,1.006042480468750000e+00,4.578829999999999956e+00,5.453893542289733887e-01,3.237545788288116455e-01
3.099723839191307206e+01,4.944557773480219076e+00,1.476574218750000000e+03,8.262473940849304199e-01,4.578840000000000465e+00,7.667952179908752441e-01,4.803866446018218994e-01
3.098729705345716923e+01,4.956010297771200612e+00,1.253707641601562500e+03,7.098204493522644043e-01,4.578850000000000087e+00,5.064792633056640625e-01,3.017055690288543701e-01
3.099483157205862227e+01,4.978468557981043041e+00,1.658943847656250000e+03,9.655887484550476074e-01,4.578860000000000596e+00,6.143593192100524902e-01,3.970733582973480225e-01
3.099099559947701366e+01,4.991475594945037564e+00,1.208574340820312500e+03,6.683391928672790527e-01,4.578870000000000218e+00,7.583265900611877441e-01,4.461305439472198486e-01
3.098188585039330789e+01,5.013473757886853122e+00,1.014029052734375000e+03,9.487432837486267090e-01,4.578880000000000727e+00,6.464791893959045410e-01,3.558744788169860840e-01
3.098302456843192587e+01,5.022141074691895746e+00,1.390670898437500000e+03,1.005167484283447266e+00,4.578890000000000349e+00,7.448987960815429688e-01,4.585665166378021240e-01
3.099459639568684111e+01,5.034824894018843366e+00,1.367545166015625000e+03,9.417981505393981934e-01,4.578899999999999970e+00,6.502939462661743164e-01,3.982940614223480225e-01
3.098751189707566311e+01,5.054336009453889389e+00,1.562893676757812500e+03,1.089893102645874023e+00,4.578910000000000480e+00,6.611276865005493164e-01,4.207245707511901855e-01
3.098630021731310080e+01,5.071920621638350113e+00,1.564846435546875000e+03,8.538801074028015137e-01,4.578920000000000101e+00,6.522775888442993164e-01,4.152313768863677979e-01
3.099015595704705106e+01,5.086187113409921245e+00,1.541044067382812500e+03,9.247786402702331543e-01,4.578930000000000611e+00,8.518633246421813965e-01,5.400487780570983887e-01
3.099296915344256931e+01,5.104654810276602284e+00,1.292262695312500000e+03,9.860522150993347168e-01,4.578940000000000232e+00,7.829695940017700195e-01,4.710787534713745117e-01
3.098572381403661424e+01,5.120374815129872026e+00,1.403265625000000000e+03,1.240770339965820312e+00,4.578950000000000742e+00,6.721903681755065918e-01,4.149262011051177979e-01
3.098424831909517252e+01,5.134358230027703307e+00,2.318431396484375000e+03,1.150398969650268555e+00,4.578960000000000363e+00,6.903483867645263672e-01,4.793948233127593994e-01
3.098985085368609660e+01,5.152638894073019671e+00,1.392892700195312500e+03,1.016220569610595703e+00,4.578969999999999985e+00,5.583593845367431641e-01,3.438962697982788086e-01
3.098714321118322346e+01,5.161384175126745966e+00,1.312290405273437500e+03,9.671921133995056152e-01,4.578980000000000494e+00,7.828933000564575195e-01,4.733676016330718994e-01
3.098864972301622345e+01,5.174900745992313311e+00,2.115460205078125000e+03,8.422524333000183105e-01,4.578990000000000116e+00,5.598852634429931641e-01,3.821196854114532471e-01
3.098851263171093606e+01,5.190062222566807826e+00,1.312456420898437500e+03,9.072977900505065918e-01,4.579000000000000625e+00,6.642557978630065918e-01,4.016509950160980225e-01
3.099172641715320609e+01,5.209303302054562934e+00,1.916865478515625000e+03,8.550292849540710449e-01,4.579010000000000247e+00,5.977271795272827148e-01,3.996673524379730225e-01
3.098512257263298508e+01,5.221252474042357150e+00,1.534219482421875000e+03,1.007083177566528320e+00,4.579020000000000756e+00,6.021522879600524902e-01,3.812804520130157471e-01
3.099015975755074948e+01,5.239764993248357428e+00,1.704006958007812500e+03,7.976550459861755371e-01,4.579030000000000378e+00,7.200268507003784180e-01,4.684847593307495117e-01
3.098800588874373929e+01,5.256103747036895868e+00,1.736346069335937500e+03,8.482629656791687012e-01,4.579039999999999999e+00,6.682993769645690918e-01,4.368226528167724609e-01
3.098033925806750588e+01,5.270471304163314663e+00,1.156538574218750000e+03,9.682101607322692871e-01,4.579050000000000509e+00,6.855418682098388672e-01,3.970733582973480225e-01
3.098306935501937076e+01,5.292640439399882268e+00,1.250064697265625000e+03,9.019059538841247559e-01,4.579060000000000130e+00,6.431222558021545410e-01,3.827300369739532471e-01
3.098899712089648162e+01,5.305904369610322746e+00,1.466334228515625000e+03,9.152049422264099121e-01,4.579070000000000640e+00,7.143810987472534180e-01,4.466646015644073486e-01
3.097961025321805550e+01,5.321039701434964186e+00,2.031643432617187500e+03,8.981723189353942871e-01,4.579080000000000261e+00,8.695635795593261719e-01,5.886482000350952148e-01
3.099408594622997981e+01,5.333571333037134821e+00,2.130683349609375000e+03,1.294637441635131836e+00,4.579090000000000771e+00,9.819449782371520996e-01,6.711222529411315918e-01
3.099508169709117666e+01,5.351401715822969862e+00,2.139210693359375000e+03,1.427943229675292969e+00,4.579100000000000392e+00,8.488878011703491211e-01,5.806372761726379395e-01
3.098840227297247196e+01,5.368920743883461633e+00,1.538298828125000000e+03,1.808974266052246094e+00,4.579110000000000014e+00,6.374765038490295410e-01,4.039398431777954102e-01
3.099025177543555998e+01,5.384062388572717239e+00,1.890962890625000000e+03,1.253780841827392578e+00,4.579120000000000523e+00,6.673838496208190918e-01,4.449098408222198486e-01
3.099443843985761760e+01,5.396092248964444948e+00,1.985139282226562500e+03,9.704834818840026855e-01,4.579130000000000145e+00,8.241685032844543457e-01,5.552313327789306641e-01
3.098866370266139825e+01,5.419236814655835843e+00,1.984609619140625000e+03,1.266407489776611328e+00,4.579140000000000654e+00,1.007122039794921875e+00,6.784464716911315918e-01
3.098579025991278968e+01,5.433373452553789562e+00,2.549911376953125000e+03,1.588166475296020508e+00,4.579150000000000276e+00,7.969314455986022949e-01,5.625555515289306641e-01
3.099313891033593649e+01,5.445803812573678293e+00,1.585983886718750000e+03,1.557839632034301758e+00,4.579160000000000785e+00,7.193402051925659180e-01,4.595583379268646240e-01
3.099338509617589210e+01,5.461105301322131567e+00,1.133695678710937500e+03,1.345134496688842773e+00,4.579170000000000407e+00,5.963538885116577148e-01,3.429044485092163086e-01
3.099012650034739380e+01,5.475598702493356562e+00,1.409273681640625000e+03,1.149681329727172852e+00,4.579180000000000028e+00,7.029369473457336426e-01,4.344575405120849609e-01
3.099241858283924245e+01,5.495986370125427456e+00,1.279371459960937500e+03,8.074254393577575684e-01,4.579190000000000538e+00,6.016945242881774902e-01,3.608335852622985840e-01
3.099686312953874889e+01,5.504739556481260898e+00,1.993759887695312500e+03,8.941478133201599121e-01,4.579200000000000159e+00,5.746100544929504395e-01,3.874602913856506348e-01
3.098860597764294056e+01,5.526332583645823249e+00,1.413512939453125000e+03,7.351071238517761230e-01,4.579210000000000669e+00,7.411603331565856934e-01,4.584902226924896240e-01
3.099472509933622888e+01,5.540169624834796913e+00,2.428217529296875000e+03,8.435911536216735840e-01,4.579220000000000290e+00,8.123428821563720703e-01,5.687353610992431641e-01
3.099277065556379895e+01,5.559880479268234588e+00,1.924137573242187500e+03,1.100673198699951172e+00,4.579230000000000800e+00,5.878852605819702148e-01,3.934112191200256348e-01
3.099249792162695982e+01,5.569560557428316017e+00,1.739207397460937500e+03,1.271684885025024414e+00,4.579240000000000421e+00,5.385228395462036133e-01,3.521360456943511963e-01
3.098222311489895731e+01,5.585066688913209454e+00,1.590167114257812500e+03,8.625037074089050293e-01,4.579250000000000043e+00,6.650187373161315918e-01,4.251496195793151855e-01
3.099258841483721483e+01,5.605970321694485392e+00,1.531954589843750000e+03,9.495717883110046387e-01,4.579260000000000552e+00,6.767680048942565918e-01,4.283539950847625732e-01
3.099174048087099465e+01,5.617050489892630338e+00,1.602168823242187500e+03,8.522052168846130371e-01,4.579270000000000174e+00,6.650187373161315918e-01,4.259888827800750732e-01
3.098772789215689727e+01,5.632412401614584674e+00,2.984706787109375000e+03,1.083625078201293945e+00,4.579280000000000683e+00,7.100322842597961426e-01,5.133457779884338379e-01
3.099179092336782304e+01,5.643278948697806108e+00,2.115191406250000000e+03,9.887809157371520996e-01,4.579290000000000305e+00,7.631331086158752441e-01,5.208225846290588379e-01
3.099938519963169270e+01,5.660137035385013782e+00,1.401353393554687500e+03,1.246113300323486328e+00,4.579300000000000814e+00,7.000377774238586426e-01,4.319398105144500732e-01
3.098455319449981715e+01,5.674118060203459102e+00,1.248731933593750000e+03,1.125474691390991211e+00,4.579310000000000436e+00,6.522012948989868164e-01,3.879943490028381348e-01
3.098832318404749131e+01,5.692447658487861162e+00,1.415492797851562500e+03,9.552413821220397949e-01,4.579320000000000057e+00,6.057381033897399902e-01,3.748717308044433594e-01
3.099669628908089081e+01,5.712435914320940000e+00,1.508038452148437500e+03,8.297986388206481934e-01,4.579330000000000567e+00,6.845500469207763672e-01,4.314057528972625732e-01
3.098453512583565939e+01,5.725856910642231234e+00,1.661153686523437500e+03,9.578961730003356934e-01,4.579340000000000188e+00,5.514928698539733887e-01,3.565611243247985840e-01
3.098842225090619706e+01,5.737732488665553632e+00,1.847935546875000000e+03,8.896524310111999512e-01,4.579350000000000698e+00,7.783919572830200195e-01,5.162449479103088379e-01
3.099130773640733949e+01,5.758354471978047506e+00,1.751269409179687500e+03,9.952504038810729980e-01,4.579360000000000319e+00,6.885936260223388672e-01,4.510133862495422363e-01
3.099425022460161117e+01,5.772209074485025404e+00,1.488249389648437500e+03,1.171984195709228516e+00,4.579369999999999941e+00,7.596235871315002441e-01,4.769534170627593994e-01
3.098187073307272854e+01,5.786444361502247169e+00,1.324442993164062500e+03,9.756154417991638184e-01,4.579380000000000450e+00,8.472856283187866211e-01,5.138035416603088379e-01
3.098390579981642290e+01,5.799167133301659227e+00,2.005029418945312500e+03,1.290300607681274414e+00,4.579390000000000072e+00,8.310349583625793457e-01,5.610296726226806641e-01
3.098736272761058785e+01,5.811099527031412748e+00,1.763114746093750000e+03,1.240694046020507812e+00,4.579400000000000581e+00,7.328442931175231934e-01,4.807681441307067871e-01
3.098128263696090912e+01,5.828777801223172794e+00,1.538206420898437500e+03,1.273823499679565430e+00,4.579410000000000203e+00,7.242993116378784180e-01,4.589479863643646240e-01
3.098701834112698350e+01,5.838663595005674445e+00,1.916757934570312500e+03,1.123035669326782227e+00,4.579420000000000712e+00,8.325608372688293457e-01,5.566809177398681641e-01
3.098686198826869642e+01,5.864177290983632496e+00,1.556074096679687500e+03,1.113079309463500977e+00,4.579430000000000334e+00,7.443647384643554688e-01,4.731387197971343994e-01
3.098543446746036167e+01,5.879764413059079153e+00,1.119678100585937500e+03,1.332764148712158203e+00,4.579439999999999955e+00,7.516126632690429688e-01,4.301850497722625732e-01
3.098018576661978685e+01,5.891406054839794848e+00,1.340514892578125000e+03,1.186922311782836914e+00,4.579450000000000465e+00,8.195145130157470703e-01,4.988498687744140625e-01
3.098916270767398373e+01,5.915975497251706017e+00,1.674070312500000000e+03,1.171657562255859375e+00,4.579460000000000086e+00,6.812694072723388672e-01,4.413239955902099609e-01
3.098655503562544311e+01,5.922379145866505823e+00,1.327701538085937500e+03,1.232844114303588867e+00,4.579470000000000596e+00,7.361249327659606934e-01,4.467408955097198486e-01
3.097842032424566128e+01,5.935630550940160788e+00,1.193454833984375000e+03,1.106554985046386719e+00,4.579480000000000217e+00,6.663157343864440918e-01,3.902831673622131348e-01
3.098413125462800721e+01,5.953133694275960508e+00,1.813173217773437500e+03,1.123870134353637695e+00,4.579490000000000727e+00,7.181195020675659180e-01,4.742068350315093994e-01
3.098263775143349719e+01,5.971086930383791902e+00,1.425932373046875000e+03,1.029117822647094727e+00,4.579500000000000348e+00,6.599069833755493164e-01,4.092804193496704102e-01
3.098362036727790425e+01,5.988976148722695569e+00,1.518873779296875000e+03,1.156607389450073242e+00,4.579509999999999970e+00,7.160595655441284180e-01,4.521577954292297363e-01
3.098702215787619707e+01,5.996939224232685106e+00,1.976317260742187500e+03,1.105279445648193359e+00,4.579520000000000479e+00,7.586317658424377441e-01,5.105991959571838379e-01
3.099279429770605887e+01,6.015243119324654941e+00,1.391565551757812500e+03,1.155460596084594727e+00,4.579530000000000101e+00,9.303700923919677734e-01,5.728552937507629395e-01
3.098205332101035125e+01,6.033610996992676334e+00,1.885258300781250000e+03,1.300280809402465820e+00,4.579540000000000610e+00,1.065334558486938477e+00,7.097271084785461426e-01
3.098805291706140608e+01,6.048299541637025101e+00,1.473789550781250000e+03,1.595568180084228516e+00,4.579550000000000232e+00,9.738577604293823242e-01,6.097816824913024902e-01
3.098916503041989756e+01,6.064404290998094638e+00,1.455105346679687500e+03,1.770869016647338867e+00,4.579560000000000741e+00,7.728224396705627441e-01,4.821414351463317871e-01
3.099298525160870099e+01,6.073664026441588426e+00,1.301621582031250000e+03,1.786742925643920898e+00,4.579570000000000363e+00,7.530622482299804688e-01,4.541414380073547363e-01
3.099009888623118769e+01,6.090788798990407038e+00,1.682042724609375000e+03,1.424166679382324219e+00,4.579579999999999984e+00,6.525827646255493164e-01,4.232422709465026855e-01
3.098637473074369453e+01,6.104892930146236907e+00,1.280855102539062500e+03,1.127013683319091797e+00,4.579590000000000494e+00,7.923538088798522949e-01,4.753512442111968994e-01
3.099433849411148856e+01,6.117274996448665902e+00,1.862831298828125000e+03,1.038231372833251953e+00,4.579600000000000115e+00,7.195690870285034180e-01,4.780978262424468994e-01
3.098533335035351044e+01,6.129207366699334081e+00,1.588251342773437500e+03,1.220614433288574219e+00,4.579610000000000625e+00,8.815417289733886719e-01,5.633947849273681641e-01
3.098564705878553127e+01,6.150407383945471373e+00,1.577734130859375000e+03,1.255599975585937500e+00,4.579620000000000246e+00,9.055744409561157227e-01,5.777381062507629395e-01
3.099434170864041960e+01,6.169665196389660267e+00,1.750463989257812500e+03,1.428516626358032227e+00,4.579630000000000756e+00,7.492475509643554688e-01,4.906863868236541748e-01
3.099397443507886152e+01,6.180814878357449693e+00,2.174637207031250000e+03,1.582992792129516602e+00,4.579640000000000377e+00,7.760268449783325195e-01,5.324956178665161133e-01
3.098947146554542442e+01,6.201041206653935767e+00,1.846018310546875000e+03,1.279434680938720703e+00,4.579649999999999999e+00,6.740977168083190918e-01,4.469697773456573486e-01
3.100286095681872922e+01,6.215010387067502862e+00,1.492847167968750000e+03,1.387162923812866211e+00,4.579660000000000508e+00,6.500650644302368164e-01,4.085174798965454102e-01
3.099381263865433311e+01,6.230769362041447934e+00,1.991340087890625000e+03,9.948439002037048340e-01,4.579670000000000130e+00,8.400377035140991211e-01,5.662939548492431641e-01
3.098925622274053282e+01,6.247232122175781832e+00,1.530719604492187500e+03,1.050461053848266602e+00,4.579680000000000639e+00,7.573347091674804688e-01,4.792422354221343994e-01
3.099326044888452714e+01,6.258495747469209114e+00,1.348955322265625000e+03,1.391262531280517578e+00,4.579690000000000261e+00,7.394818663597106934e-01,4.510133862495422363e-01
3.100469533623794050e+01,6.273156809983937876e+00,1.517360595703125000e+03,1.097414016723632812e+00,4.579700000000000770e+00,8.102829456329345703e-01,5.115147233009338379e-01
3.098803178542424419e+01,6.296180965690606257e+00,2.706833740234375000e+03,1.172435998916625977e+00,4.579710000000000392e+00,8.812365531921386719e-01,6.280159950256347656e-01
3.099694446912954859e+01,6.309510980476610520e+00,1.519629638671875000e+03,1.372876882553100586e+00,4.579720000000000013e+00,6.584573984146118164e-01,4.158417284488677979e-01
3.099324853864721518e+01,6.320742739942398103e+00,1.852574096679687500e+03,1.345039129257202148e+00,4.579730000000000523e+00,7.495527267456054688e-01,4.974002838134765625e-01
3.099234018450508543e+01,6.337561203614059835e+00,1.425098876953125000e+03,1.116839170455932617e+00,4.579740000000000144e+00,6.163429617881774902e-01,3.821959793567657471e-01
3.098689174744222896e+01,6.351244389488236664e+00,1.128635986328125000e+03,1.101517200469970703e+00,4.579750000000000654e+00,5.674383640289306641e-01,3.257382512092590332e-01
3.099408348045245987e+01,6.368158912452859255e+00,1.364931152343750000e+03,7.949931025505065918e-01,4.579760000000000275e+00,7.802993059158325195e-01,4.776400625705718994e-01
3.099373862201947460e+01,6.393603571255577656e+00,1.779039306640625000e+03,8.310050368309020996e-01,4.579770000000000785e+00,6.536508798599243164e-01,4.297272861003875732e-01
3.099219840420572680e+01,6.402199179857728240e+00,1.324141235351562500e+03,1.139311313629150391e+00,4.579780000000000406e+00,6.589914560317993164e-01,3.995910584926605225e-01
3.098984937171845999e+01,6.425247746009701721e+00,1.539855224609375000e+03,8.793455958366394043e-01,4.579790000000000028e+00,8.290513157844543457e-01,5.254765748977661133e-01
3.099132429809517930e+01,6.440930629758765846e+00,1.690816772460937500e+03,9.641665816307067871e-01,4.579800000000000537e+00,8.595690131187438965e-01,5.582067966461181641e-01
3.099031954282042989e+01,6.458369026789809730e+00,2.341822509765625000e+03,1.199496507644653320e+00,4.579810000000000159e+00,7.017162442207336426e-01,4.881686568260192871e-01
3.098170579927396417e+01,6.466393797037836677e+00,1.671383178710937500e+03,1.511500597000122070e+00,4.579820000000000668e+00,8.461412191390991211e-01,5.479070544242858887e-01
3.100526147432107393e+01,6.478282427934988874e+00,1.905683837890625000e+03,1.312433004379272461e+00,4.579830000000000290e+00,6.912639141082763672e-01,4.616182744503021240e-01
3.098678322481868719e+01,6.499910331343704328e+00,1.406601318359375000e+03,1.294213056564331055e+00,4.579840000000000799e+00,6.771494746208190918e-01,4.182831645011901855e-01
3.100133687021703111e+01,6.514915617305028661e+00,1.601973510742187500e+03,1.063404798507690430e+00,4.579850000000000421e+00,7.959396243095397949e-01,5.098362565040588379e-01
3.098742363489349927e+01,6.529357482384402722e+00,2.163458984375000000e+03,1.111608266830444336e+00,4.579860000000000042e+00,7.568769454956054688e-01,5.188389420509338379e-01
3.100070550028845773e+01,6.544744445533933863e+00,1.637600463867187500e+03,1.224638938903808594e+00,4.579870000000000552e+00,7.657271027565002441e-01,4.932803809642791748e-01
3.098555349558021277e+01,6.563217974470154203e+00,1.451230590820312500e+03,1.279369115829467773e+00,4.579880000000000173e+00,6.849315166473388672e-01,4.269807040691375732e-01
3.099894074634937979e+01,6.579308877981869585e+00,1.898991088867187500e+03,1.144937992095947266e+00,4.579890000000000683e+00,7.353619933128356934e-01,4.906863868236541748e-01
3.099142095835049915e+01,6.589256318738687668e+00,1.245104492187500000e+03,1.078879356384277344e+00,4.579900000000000304e+00,7.144573926925659180e-01,4.246155619621276855e-01
3.100512515142820291e+01,6.611117448711461009e+00,1.273727783203125000e+03,1.071209430694580078e+00,4.579910000000000814e+00,5.722449421882629395e-01,3.426755666732788086e-01
3.099334811438881232e+01,6.617230758377086630e+00,1.876538085937500000e+03,1.126207828521728516e+00,4.579920000000000435e+00,5.405828356742858887e-01,3.597654700279235840e-01
3.100795957832226790e+01,6.636756762086982953e+00,1.754326904296875000e+03,8.456439375877380371e-01,4.579930000000000057e+00,7.407025694847106934e-01,4.853457808494567871e-01
3.099719416142105644e+01,6.658851667418407949e+00,2.362601318359375000e+03,7.464415431022644043e-01,4.579940000000000566e+00,9.397542476654052734e-01,6.547952890396118164e-01
3.100417270668768666e+01,6.673774458530101761e+00,1.393393920898437500e+03,1.294962882995605469e+00,4.579950000000000188e+00,9.849967360496520996e-01,6.067299246788024902e-01
3.101301693412630911e+01,6.689538350071355666e+00,1.427380004882812500e+03,1.762901067733764648e+00,4.579960000000000697e+00,8.230240941047668457e-01,5.105991959571838379e-01
3.100484954565200013e+01,6.705847784906568521e+00,2.780659912109375000e+03,1.867231845855712891e+00,4.579970000000000319e+00,7.545881271362304688e-01,5.399724841117858887e-01
3.100535555196753634e+01,6.717476459424551294e+00,1.682930053710937500e+03,1.314672946929931641e+00,4.579979999999999940e+00,7.671766877174377441e-01,4.976291656494140625e-01
3.100543391931243065e+01,6.725695963742496453e+00,2.218488769531250000e+03,1.245231151580810547e+00,4.579990000000000450e+00,9.347951412200927734e-01,6.438851952552795410e-01
3.100727463796510364e+01,6.748856295581725284e+00,2.287869873046875000e+03,1.425028562545776367e+00,4.580000000000000071e+00,9.920157790184020996e-01,6.872203350067138672e-01
3.099791664895785104e+01,6.761715005664724387e+00,2.847381347656250000e+03,1.692275524139404297e+00,4.580010000000000581e+00,1.030391812324523926e+00,7.399396300315856934e-01
3.100201759294660775e+01,6.784094179929637036e+00,1.717528686523437500e+03,1.895032644271850586e+00,4.580020000000000202e+00,9.882773756980895996e-01,6.442666649818420410e-01
3.100271131137836989e+01,6.790716263006849829e+00,1.901139404296875000e+03,1.975559711456298828e+00,4.580030000000000712e+00,9.724844694137573242e-01,6.490732431411743164e-01
3.100572922923903718e+01,6.805144254051879393e+00,1.768599365234375000e+03,1.739677906036376953e+00,4.580040000000000333e+00,8.002883791923522949e-01,5.254002809524536133e-01
3.099551462706926230e+01,6.823348025230648872e+00,1.844227416992187500e+03,1.600889682769775391e+00,4.580049999999999955e+00,7.224682569503784180e-01,4.789370596408843994e-01
3.100551030133366126e+01,6.835603774274947142e+00,2.052233886718750000e+03,1.193769693374633789e+00,4.580060000000000464e+00,7.130078077316284180e-01,4.836673140525817871e-01
3.099722693315288780e+01,6.855469643511759692e+00,1.388691162109375000e+03,1.135276079177856445e+00,4.580070000000000086e+00,6.672312617301940918e-01,4.105774462223052979e-01
3.100324841865815273e+01,6.873838967848495685e+00,1.459285766601562500e+03,1.105547666549682617e+00,4.580080000000000595e+00,5.662939548492431641e-01,3.535856306552886963e-01
3.099230470944140947e+01,6.885899988832312246e+00,1.117503662109375000e+03,9.202343821525573730e-01,4.580090000000000217e+00,6.589151620864868164e-01,3.768553733825683594e-01
3.100890186131558224e+01,6.901883298005028422e+00,1.376921997070312500e+03,8.275300860404968262e-01,4.580100000000000726e+00,7.140759229660034180e-01,4.382722377777099609e-01
3.098700516033395402e+01,6.919596224753663982e+00,1.847199462890625000e+03,8.954758048057556152e-01,4.580110000000000348e+00,8.013564944267272949e-01,5.314275026321411133e-01
3.099995291357592464e+01,6.935144199885492355e+00,1.946223510742187500e+03,1.080361127853393555e+00,4.580119999999999969e+00,7.018688321113586426e-01,4.708498716354370117e-01
3.098984166977131594e+01,6.949905639735248997e+00,1.574683105468750000e+03,1.245254993438720703e+00,4.580130000000000479e+00,6.946208477020263672e-01,4.429261982440948486e-01
3.099738721948491005e+01,6.959559789952172615e+00,1.242857421875000000e+03,1.008868932723999023e+00,4.580140000000000100e+00,6.944682598114013672e-01,4.124847948551177979e-01
3.098642516182955475e+01,6.980422699757184546e+00,1.865924438476562500e+03,9.872133135795593262e-01,4.580150000000000610e+00,6.559396982192993164e-01,4.359834194183349609e-01
3.099768489623843237e+01,6.992204390402354974e+00,1.152018554687500000e+03,1.039814472198486328e+00,4.580160000000000231e+00,5.895637273788452148e-01,3.409970998764038086e-01
3.098495134600631928e+01,7.014456269605347849e+00,1.744821044921875000e+03,1.060137271881103516e+00,4.580170000000000741e+00,5.545446276664733887e-01,3.628935217857360840e-01
3.097920938773002320e+01,7.029941809470958702e+00,2.023825561523437500e+03,7.603866457939147949e-01,4.580180000000000362e+00,6.278634071350097656e-01,4.246918559074401855e-01
3.098748400641626333e+01,7.035447025950713140e+00,2.026135742187500000e+03,7.666713595390319824e-01,4.580189999999999984e+00,6.357217431068420410e-01,4.301087558269500732e-01
3.098677678314148309e+01,7.062092008686310152e+00,1.068261108398437500e+03,9.363872408866882324e-01,4.580200000000000493e+00,5.509588122367858887e-01,3.097164630889892578e-01
3.098641336144395808e+01,7.065617378292805562e+00,1.779200317382812500e+03,9.249073863029479980e-01,4.580210000000000115e+00,4.837436079978942871e-01,3.180325329303741455e-01
3.099280465470032198e+01,7.087583788120128681e+00,1.245360107421875000e+03,5.978578925132751465e-01,4.580220000000000624e+00,5.492040514945983887e-01,3.264248967170715332e-01
3.099877586599354728e+01,7.100526617073000146e+00,1.154976196289062500e+03,6.387669444084167480e-01,4.580230000000000246e+00,6.010078191757202148e-01,3.479398787021636963e-01
3.098588389520669395e+01,7.121343677203482159e+00,1.484106079101562500e+03,6.618685126304626465e-01,4.580240000000000755e+00,6.568552255630493164e-01,4.121033251285552979e-01
3.098912664639535919e+01,7.138526522860976442e+00,1.022166564941406250e+03,8.965618014335632324e-01,4.580250000000000377e+00,5.431005358695983887e-01,2.999507784843444824e-01
3.099157603708052378e+01,7.151143507636232854e+00,1.009709228515625000e+03,8.619291186332702637e-01,4.580259999999999998e+00,5.482122302055358887e-01,3.012478053569793701e-01
3.099556463785915739e+01,7.160048590786454170e+00,1.967409667968750000e+03,6.765932440757751465e-01,4.580270000000000508e+00,5.205174088478088379e-01,3.499998152256011963e-01
3.098207415834025014e+01,7.179383209791609488e+00,2.059636718750000000e+03,7.044393420219421387e-01,4.580280000000000129e+00,6.713511347770690918e-01,4.557436108589172363e-01
3.099657869802219068e+01,7.194996329502138188e+00,1.587478149414062500e+03,7.848483920097351074e-01,4.580290000000000639e+00,7.050731778144836426e-01,4.505556225776672363e-01
3.098942844642130368e+01,7.209895761813775117e+00,1.561200561523437500e+03,1.146429300308227539e+00,4.580300000000000260e+00,7.163647413253784180e-01,4.557436108589172363e-01
3.099690229287875454e+01,7.226943548270106099e+00,1.557553833007812500e+03,1.065533876419067383e+00,4.580310000000000770e+00,7.738143205642700195e-01,4.919833838939666748e-01
3.099325150268000328e+01,7.240473411209188193e+00,2.449529052734375000e+03,1.151294231414794922e+00,4.580320000000000391e+00,8.325608372688293457e-01,5.837653279304504395e-01
3.099629506512377475e+01,7.255347276824564595e+00,1.577758056640625000e+03,1.246253967285156250e+00,4.580330000000000013e+00,7.070568203926086426e-01,4.510896801948547363e-01
3.099462287745848599e+01,7.273664903096129564e+00,1.864858032226562500e+03,1.355058670043945312e+00,4.580340000000000522e+00,6.534982919692993164e-01,4.343049526214599609e-01
3.100220696304928225e+01,7.282900416690119449e+00,1.384665771484375000e+03,1.023748636245727539e+00,4.580350000000000144e+00,8.368333578109741211e-01,5.144901871681213379e-01
3.100138677660915221e+01,7.302806185297505692e+00,1.694346801757812500e+03,1.039872884750366211e+00,4.580360000000000653e+00,7.503919601440429688e-01,4.875583052635192871e-01
3.100871313214754821e+01,7.325879326653970125e+00,1.448672607421875000e+03,1.257754087448120117e+00,4.580370000000000275e+00,5.620977878570556641e-01,3.502286970615386963e-01
3.100080384149319102e+01,7.333063660754400637e+00,1.092229370117187500e+03,1.058625698089599609e+00,4.580380000000000784e+00,5.594274997711181641e-01,3.171932995319366455e-01
3.100736823801891617e+01,7.343860872821962538e+00,1.088862304687500000e+03,7.014853358268737793e-01,4.580390000000000406e+00,5.093021988868713379e-01,2.884303629398345947e-01
3.100789158057651207e+01,7.361567147830523794e+00,1.117456909179687500e+03,7.458514571189880371e-01,4.580400000000000027e+00,4.728335440158843994e-01,2.704249322414398193e-01
3.100446299372121928e+01,7.385702269473097381e+00,1.260579101562500000e+03,4.955572187900543213e-01,4.580410000000000537e+00,6.249642372131347656e-01,3.729643821716308594e-01
3.101228434330521821e+01,7.399458103436700185e+00,1.539595947265625000e+03,5.618578791618347168e-01,4.580420000000000158e+00,7.060649991035461426e-01,4.475038349628448486e-01
3.101159316838106150e+01,7.419367766945327070e+00,2.239579833984375000e+03,7.619637846946716309e-01,4.580430000000000668e+00,6.679942011833190918e-01,4.609316289424896240e-01
3.100891949159148453e+01,7.433408801873738092e+00,1.178622436523437500e+03,1.197758436203002930e+00,4.580440000000000289e+00,6.521250009536743164e-01,3.802886307239532471e-01
3.100069632606987113e+01,7.453874471590999029e+00,1.295199462890625000e+03,9.974426627159118652e-01,4.580450000000000799e+00,8.143265247344970703e-01,4.903049170970916748e-01
3.101470621821874829e+01,7.463796139664268914e+00,1.112326416015625000e+03,1.053188562393188477e+00,4.580460000000000420e+00,6.756998896598815918e-01,3.857817947864532471e-01
3.101051316986299611e+01,7.474731465141627673e+00,1.315145263671875000e+03,1.125549793243408203e+00,4.580470000000000041e+00,6.396127343177795410e-01,3.870025277137756348e-01
3.101063529523938200e+01,7.490487396622616423e+00,1.441647460937500000e+03,9.879488348960876465e-01,4.580480000000000551e+00,7.197216749191284180e-01,4.478090107440948486e-01
3.100904245546453097e+01,7.508483168239081351e+00,1.251919189453125000e+03,9.361202120780944824e-01,4.580490000000000173e+00,6.479287743568420410e-01,3.857817947864532471e-01
3.101358538428971556e+01,7.527450971843832939e+00,1.189959228515625000e+03,9.478980898857116699e-01,4.580500000000000682e+00,6.423593163490295410e-01,3.758635520935058594e-01
3.100625785795800127e+01,7.535175048616508775e+00,1.548331054687500000e+03,8.846074938774108887e-01,4.580510000000000304e+00,6.103920340538024902e-01,3.874602913856506348e-01
3.100638182114470354e+01,7.557788024471609134e+00,2.252292724609375000e+03,7.558781504631042480e-01,4.580520000000000813e+00,7.016399502754211426e-01,4.846591353416442871e-01
3.100700415649879460e+01,7.572857515771831416e+00,2.227312011718750000e+03,9.889704585075378418e-01,4.580530000000000435e+00,7.349805235862731934e-01,5.066318511962890625e-01
3.100359279447211946e+01,7.588344947614631408e+00,1.259657226562500000e+03,1.143888950347900391e+00,4.580540000000000056e+00,7.838088274002075195e-01,4.676455259323120117e-01
3.100170886419366312e+01,7.605423487050368081e+00,1.363494873046875000e+03,1.105207920074462891e+00,4.580550000000000566e+00,5.744574666023254395e-01,3.515256941318511963e-01
3.101141706946760124e+01,7.621676531749315586e+00,1.438698974609375000e+03,1.265401363372802734e+00,4.580560000000000187e+00,5.515691637992858887e-01,3.429807424545288086e-01
3.100109207176293324e+01,7.633239222757548958e+00,1.471536621093750000e+03,8.007151484489440918e-01,4.580570000000000697e+00,6.568552255630493164e-01,4.111115038394927979e-01
3.100110556557355324e+01,7.652013686063915188e+00,2.012928222656250000e+03,8.362013697624206543e-01,4.580580000000000318e+00,6.666209101676940918e-01,4.504030346870422363e-01
3.099625964859021465e+01,7.665301546643247477e+00,1.068106567382812500e+03,9.875375628471374512e-01,4.580589999999999939e+00,7.864791154861450195e-01,4.420869648456573486e-01
3.099810985629597226e+01,7.673896997697435829e+00,1.638284912109375000e+03,1.105775356292724609e+00,4.580600000000000449e+00,6.897380352020263672e-01,4.443757832050323486e-01
3.099147628756469786e+01,7.693869082946527271e+00,1.395901000976562500e+03,9.797973036766052246e-01,4.580610000000000070e+00,7.309369444847106934e-01,4.504793286323547363e-01
3.099994647571072193e+01,7.709397292713582317e+00,1.746033813476562500e+03,1.090988636016845703e+00,4.580620000000000580e+00,5.783484578132629395e-01,3.785338401794433594e-01
3.099333467424827049e+01,7.726412928609896369e+00,1.314923217773437500e+03,1.007440805435180664e+00,4.580630000000000202e+00,7.378796935081481934e-01,4.464357197284698486e-01
3.099465362106953847e+01,7.742664494627140570e+00,1.311254516601562500e+03,8.388609290122985840e-01,4.580640000000000711e+00,7.482557296752929688e-01,4.523103833198547363e-01
3.099082322820827784e+01,7.753783883942333865e+00,1.653654418945312500e+03,1.044686555862426758e+00,4.580650000000000333e+00,8.695635795593261719e-01,5.615637302398681641e-01
3.099252085352122066e+01,7.769560461712154975e+00,1.464355834960937500e+03,9.706158041954040527e-01,4.580659999999999954e+00,8.073074817657470703e-01,5.045719146728515625e-01
3.098991455539206896e+01,7.786030727775028026e+00,1.596335571289062500e+03,1.359577894210815430e+00,4.580670000000000464e+00,8.554491400718688965e-01,5.474492907524108887e-01
3.098671652016681577e+01,7.796996925900954167e+00,1.400174194335937500e+03,1.182282686233520508e+00,4.580680000000000085e+00,5.517980456352233887e-01,3.403867483139038086e-01
3.099778099985462987e+01,7.812396006813815852e+00,1.050098388671875000e+03,1.246020317077636719e+00,4.580690000000000595e+00,5.443212389945983887e-01,3.039180934429168701e-01
3.099256822480999318e+01,7.827299354059694458e+00,1.114280639648437500e+03,8.485144972801208496e-01,4.580700000000000216e+00,5.212803483009338379e-01,2.978145480155944824e-01
3.098801722470088293e+01,7.848476906706229883e+00,1.379694213867187500e+03,7.413310408592224121e-01,4.580710000000000726e+00,7.123974561691284180e-01,4.375092983245849609e-01
3.098491057963289919e+01,7.865586701530432379e+00,1.325924316406250000e+03,7.816953063011169434e-01,4.580720000000000347e+00,6.241250038146972656e-01,3.786101341247558594e-01
3.099841654808479063e+01,7.880493775540955426e+00,1.390758789062500000e+03,9.350342154502868652e-01,4.580729999999999968e+00,5.587408542633056641e-01,3.439725637435913086e-01
3.099254866271675724e+01,7.890626603115690862e+00,1.438859375000000000e+03,8.749431967735290527e-01,4.580740000000000478e+00,7.396344542503356934e-01,4.599398076534271240e-01
3.099828330476773885e+01,7.905060447740220653e+00,1.582430053710937500e+03,7.441038489341735840e-01,4.580750000000000099e+00,9.199177622795104980e-01,5.873512029647827148e-01
3.100089169802808087e+01,7.921993386678304105e+00,1.688929809570312500e+03,1.279379844665527344e+00,4.580760000000000609e+00,6.116127371788024902e-01,3.970733582973480225e-01
3.099662648774052798e+01,7.938540114260717928e+00,2.012097412109375000e+03,1.290306568145751953e+00,4.580770000000000231e+00,5.484411120414733887e-01,3.705229461193084717e-01
3.099020313526036219e+01,7.946851977076578422e+00,1.226909912109375000e+03,8.722490668296813965e-01,4.580780000000000740e+00,6.077217459678649902e-01,3.593840003013610840e-01
3.100731043673900089e+01,7.969480269471198142e+00,1.695018188476562500e+03,8.398348689079284668e-01,4.580790000000000362e+00,5.677435398101806641e-01,3.689207732677459717e-01
3.099984622184891947e+01,7.982058352245595678e+00,1.856355102539062500e+03,6.974226832389831543e-01,4.580799999999999983e+00,6.024574637413024902e-01,3.999725282192230225e-01
3.100070164114573856e+01,7.993167644692901419e+00,1.217764038085937500e+03,8.563107848167419434e-01,4.580810000000000493e+00,6.854655742645263672e-01,4.043213129043579102e-01
3.100656035809872435e+01,8.017341186923445662e+00,1.273346801757812500e+03,9.308165907859802246e-01,4.580820000000000114e+00,6.934764385223388672e-01,4.152313768863677979e-01
3.101536000620072286e+01,8.026378288747183731e+00,1.735025146484375000e+03,9.567231535911560059e-01,4.580830000000000624e+00,7.182720899581909180e-01,4.694002866744995117e-01
3.100737027296526449e+01,8.045407814920540801e+00,1.186034179687500000e+03,9.438425898551940918e-01,4.580840000000000245e+00,7.437543869018554688e-01,4.346864223480224609e-01
3.100728925960014237e+01,8.058612968170098867e+00,2.362916748046875000e+03,1.030181169509887695e+00,4.580850000000000755e+00,7.307080626487731934e-01,5.091496109962463379e-01
3.100991986290528502e+01,8.072266467566599601e+00,1.312006347656250000e+03,1.035134315490722656e+00,4.580860000000000376e+00,7.368878722190856934e-01,4.455201923847198486e-01
3.101264757735856037e+01,8.090332100652991798e+00,2.100322753906250000e+03,1.296694993972778320e+00,4.580869999999999997e+00,5.828498005867004395e-01,3.972259461879730225e-01
3.100981083630605539e+01,8.108660920875284006e+00,1.295280761718750000e+03,9.646601080894470215e-01,4.580880000000000507e+00,6.722666621208190918e-01,4.047790765762329102e-01
3.101146471185166575e+01,8.118476075382430324e+00,1.095199584960937500e+03,8.723897337913513184e-01,4.580890000000000128e+00,6.708170771598815918e-01,3.807463943958282471e-01
3.101838014655030307e+01,8.137376893949983980e+00,1.873098266601562500e+03,8.586162924766540527e-01,4.580900000000000638e+00,6.691386103630065918e-01,4.451387226581573486e-01
3.101441416327226719e+01,8.151199561541403682e+00,1.633328247070312500e+03,8.858365416526794434e-01,4.580910000000000259e+00,7.268933653831481934e-01,4.679507017135620117e-01
3.101644393071540762e+01,8.169564881494451924e+00,1.573120239257812500e+03,1.143437147140502930e+00,4.580920000000000769e+00,6.566263437271118164e-01,4.185883402824401855e-01
3.101974008417541739e+01,8.189179167026981787e+00,1.224775878906250000e+03,1.073754549026489258e+00,4.580930000000000391e+00,6.280922889709472656e-01,3.712096214294433594e-01
3.101394508906141567e+01,8.200289075603276245e+00,1.744199462890625000e+03,9.120983481407165527e-01,4.580940000000000012e+00,7.233074903488159180e-01,4.732913076877593994e-01
3.101009834331641102e+01,8.220823114172302937e+00,1.754727294921875000e+03,9.291929602622985840e-01,4.580950000000000522e+00,7.631331086158752441e-01,5.000705718994140625e-01
3.101713268914226518e+01,8.234703260882989539e+00,1.188718017578125000e+03,1.096972942352294922e+00,4.580960000000000143e+00,7.819014787673950195e-01,4.573458135128021240e-01
3.100868324945224330e+01,8.255349746232303332e+00,1.431149047851562500e+03,1.219720363616943359e+00,4.580970000000000653e+00,6.944682598114013672e-01,4.311768710613250732e-01
3.101159910825711918e+01,8.267287660920439762e+00,1.516315185546875000e+03,1.169036149978637695e+00,4.580980000000000274e+00,8.369096517562866211e-01,5.282231569290161133e-01
3.101380002038939310e+01,8.283720483531119783e+00,1.587834960937500000e+03,1.035282135009765625e+00,4.580990000000000784e+00,8.985553979873657227e-01,5.742285847663879395e-01
3.101316296876077061e+01,8.296758522718986839e+00,1.651667236328125000e+03,1.351961612701416016e+00,4.581000000000000405e+00,8.723101615905761719e-01,5.631659030914306641e-01
3.100531399035765290e+01,8.312866804410324661e+00,2.243212646484375000e+03,1.474133253097534180e+00,4.581010000000000026e+00,8.455308675765991211e-01,5.836127400398254395e-01
3.101175638405031876e+01,8.327654432591446110e+00,1.578195190429687500e+03,1.377328157424926758e+00,4.581020000000000536e+00,6.371713280677795410e-01,4.065338373184204102e-01
3.101647756236004838e+01,8.341544631491586870e+00,1.449430664062500000e+03,1.195647239685058594e+00,4.581030000000000157e+00,7.211712598800659180e-01,4.494112133979797363e-01
3.100802717201941761e+01,8.356298059754465157e+00,1.320506713867187500e+03,1.054396152496337891e+00,4.581040000000000667e+00,7.812148332595825195e-01,4.732913076877593994e-01
3.100778839061556980e+01,8.371223817875755202e+00,3.059802246093750000e+03,1.058386087417602539e+00,4.581050000000000288e+00,5.908607244491577148e-01,4.286591708660125732e-01
3.101270001832851264e+01,8.393101759374699711e+00,1.731640014648437500e+03,9.985119700431823730e-01,4.581060000000000798e+00,6.980541348457336426e-01,4.559724926948547363e-01
3.101140530099435466e+01,8.408638458632548662e+00,1.526315185546875000e+03,9.485847353935241699e-01,4.581070000000000420e+00,7.359723448753356934e-01,4.653567075729370117e-01
3.100371789505860320e+01,8.422843180053833478e+00,1.905826660156250000e+03,8.774239420890808105e-01,4.581080000000000041e+00,7.294110655784606934e-01,4.871005415916442871e-01
3.100354241712129522e+01,8.437825684610459120e+00,1.172379272460937500e+03,1.235881567001342773e+00,4.581090000000000551e+00,6.171821951866149902e-01,3.592314124107360840e-01
3.100892185813027169e+01,8.457122087998468984e+00,2.921651855468750000e+03,1.087536334991455078e+00,4.581100000000000172e+00,6.320595741271972656e-01,4.555910229682922363e-01
3.099828149864653781e+01,8.470622572663630834e+00,1.515709594726562500e+03,8.316332697868347168e-01,4.581110000000000682e+00,6.193947792053222656e-01,3.908935189247131348e-01
3.100685482590577635e+01,8.486218534572593342e+00,1.647839477539062500e+03,9.135741591453552246e-01,4.581120000000000303e+00,7.797652482986450195e-01,5.031223297119140625e-01
3.101250857991199794e+01,8.503940239709489646e+00,1.763484130859375000e+03,8.342666029930114746e-01,4.581130000000000813e+00,8.478196859359741211e-01,5.562231540679931641e-01
3.100263397964793199e+01,8.516730622082702595e+00,2.825925781250000000e+03,1.244555234909057617e+00,4.581140000000000434e+00,7.991439700126647949e-01,5.732367634773254395e-01
3.100645819966417349e+01,8.529597394940546806e+00,1.546351440429687500e+03,1.417947530746459961e+00,4.581150000000000055e+00,7.661848664283752441e-01,4.861850142478942871e-01
3.100070967246068676e+01,8.549154006043515608e+00,1.220432617187500000e+03,1.475779533386230469e+00,4.581160000000000565e+00,6.554819345474243164e-01,3.869262337684631348e-01
3.100667188730206547e+01,8.566702308201104898e+00,1.355973022460937500e+03,1.026343822479248047e+00,4.581170000000000186e+00,6.280159950256347656e-01,3.836455643177032471e-01
3.100056499250149500e+01,8.582982753738306769e+00,1.447802124023437500e+03,9.428769946098327637e-01,4.581180000000000696e+00,5.321904420852661133e-01,3.315365910530090332e-01
3.100392270977623710e+01,8.598798874496964117e+00,1.129244873046875000e+03,8.783633112907409668e-01,4.581190000000000317e+00,6.272530555725097656e-01,3.601469397544860840e-01
3.100284301471467074e+01,8.610846023177730402e+00,1.270086914062500000e+03,7.819539904594421387e-01,4.581199999999999939e+00,6.675364375114440918e-01,3.993621766567230225e-01
3.100816772360246887e+01,8.625718784556102747e+00,1.466562377929687500e+03,8.228618502616882324e-01,4.581210000000000448e+00,6.073402762413024902e-01,3.797545731067657471e-01
3.100269478387024336e+01,8.646520700534813031e+00,1.358245727539062500e+03,7.695633769035339355e-01,4.581220000000000070e+00,5.912421941757202148e-01,3.613676428794860840e-01
3.101204052537953615e+01,8.657826906170576819e+00,1.276337158203125000e+03,7.323021292686462402e-01,4.581230000000000580e+00,6.533457040786743164e-01,3.915038704872131348e-01
3.100468480619195333e+01,8.668659643484019739e+00,1.281103759765625000e+03,7.595021128654479980e-01,4.581240000000000201e+00,7.832747697830200195e-01,4.699343442916870117e-01
3.100925710592128937e+01,8.695257863647727348e+00,1.355549926757812500e+03,1.090600013732910156e+00,4.581250000000000711e+00,7.808333635330200195e-01,4.769534170627593994e-01
3.100681690685008718e+01,8.707253420964576662e+00,1.460824462890625000e+03,1.067955017089843750e+00,4.581260000000000332e+00,8.395036458969116211e-01,5.243321657180786133e-01
3.101150881806922044e+01,8.722096631467787020e+00,1.986408813476562500e+03,1.207448959350585938e+00,4.581269999999999953e+00,9.602773785591125488e-01,6.470132470130920410e-01
3.100214246942939056e+01,8.740257541684847808e+00,2.142717041015625000e+03,1.572626352310180664e+00,4.581280000000000463e+00,6.470132470130920410e-01,4.426973164081573486e-01
3.100858829487739854e+01,8.757142101359546515e+00,1.504840209960937500e+03,1.557160139083862305e+00,4.581290000000000084e+00,8.813128471374511719e-01,5.550787448883056641e-01
3.100499813484163525e+01,8.769475992633894990e+00,1.547911376953125000e+03,1.043067693710327148e+00,4.581300000000000594e+00,9.319722652435302734e-01,5.915473699569702148e-01
3.099479587976295392e+01,8.784043996587275416e+00,2.814189941406250000e+03,1.495923519134521484e+00,4.581310000000000215e+00,8.264573216438293457e-01,5.924628973007202148e-01
3.100545001382070964e+01,8.793844847527914510e+00,1.606134277343750000e+03,1.377200603485107422e+00,4.581320000000000725e+00,8.608660101890563965e-01,5.517980456352233887e-01
3.100726536524170740e+01,8.814923892688739215e+00,1.918031860351562500e+03,1.540717601776123047e+00,4.581330000000000346e+00,6.950786113739013672e-01,4.648226201534271240e-01
3.100602204840919995e+01,8.827364730429252404e+00,1.169452148437500000e+03,1.386388063430786133e+00,4.581339999999999968e+00,6.155037283897399902e-01,3.579344153404235840e-01
3.099904329463293706e+01,8.842230821744200497e+00,1.033556640625000000e+03,1.105968475341796875e+00,4.581350000000000477e+00,4.883975684642791748e-01,2.709589898586273193e-01
3.100750062449020561e+01,8.860496522658980467e+00,9.317273559570312500e+02,7.925969958305358887e-01,4.581360000000000099e+00,5.598089694976806641e-01,2.971279025077819824e-01
3.100866603231783714e+01,8.877261001915584870e+00,1.249466308593750000e+03,5.293995738029479980e-01,4.581370000000000609e+00,7.104137539863586426e-01,4.227082133293151855e-01
3.100973816421897666e+01,8.887931798664416405e+00,1.357219604492187500e+03,6.095618605613708496e-01,4.581380000000000230e+00,9.231221079826354980e-01,5.640814304351806641e-01
3.100609836640041550e+01,8.905842626620295022e+00,1.332175781250000000e+03,1.055751562118530273e+00,4.581390000000000740e+00,9.733237028121948242e-01,5.913184881210327148e-01
3.101013531026553238e+01,8.923719380441562876e+00,2.024033325195312500e+03,1.469231367111206055e+00,4.581400000000000361e+00,1.002315521240234375e+00,6.779887080192565918e-01
3.100404507374859620e+01,8.937775246803674634e+00,1.451112915039062500e+03,1.614950418472290039e+00,4.581409999999999982e+00,8.315690159797668457e-01,5.183811783790588379e-01
3.100930147161682626e+01,8.957735662352030559e+00,1.518198974609375000e+03,1.671307802200317383e+00,4.581420000000000492e+00,9.566152691841125488e-01,6.039833426475524902e-01
3.100545942365966567e+01,8.969779511737588251e+00,1.498232421875000000e+03,1.436585903167724609e+00,4.581430000000000113e+00,8.422502279281616211e-01,5.298253297805786133e-01
3.100856067425990759e+01,8.985444667079487857e+00,1.353660766601562500e+03,1.557814598083496094e+00,4.581440000000000623e+00,9.317433834075927734e-01,5.688879489898681641e-01
3.099892544658407800e+01,9.005369913000798476e+00,1.996508056640625000e+03,1.403798580169677734e+00,4.581450000000000244e+00,8.461412191390991211e-01,5.707190632820129395e-01
3.100429353701924740e+01,9.016681716501244281e+00,1.650333007812500000e+03,1.487147331237792969e+00,4.581460000000000754e+00,8.872638344764709473e-01,5.727027058601379395e-01
3.100351815834101643e+01,9.026758871251423955e+00,1.960524047851562500e+03,1.498552083969116211e+00,4.581470000000000375e+00,1.007350921630859375e+00,6.768442988395690918e-01
3.100364095846003920e+01,9.041739485195261494e+00,2.875393066406250000e+03,1.583352804183959961e+00,4.581479999999999997e+00,1.067852258682250977e+00,7.679396271705627441e-01
3.100860568442202236e+01,9.063721866483151146e+00,1.622655151367187500e+03,2.036561489105224609e+00,4.581490000000000506e+00,9.888114333152770996e-01,6.354928612709045410e-01
3.099902492868798021e+01,9.078896067973261097e+00,2.135733642578125000e+03,2.017265081405639648e+00,4.581500000000000128e+00,9.042774438858032227e-01,6.183266639709472656e-01
3.099359924881611050e+01,9.092849074002987919e+00,1.697406127929687500e+03,1.774271249771118164e+00,4.581510000000000637e+00,7.588606476783752441e-01,4.932803809642791748e-01
3.100379684876761743e+01,9.105481155355109379e+00,1.276059936523437500e+03,1.640855789184570312e+00,4.581520000000000259e+00,7.878524065017700195e-01,4.720705747604370117e-01
3.100136694631888545e+01,9.119271258816874948e+00,1.333279907226562500e+03,1.317572116851806641e+00,4.581530000000000769e+00,6.732584834098815918e-01,4.091278314590454102e-01
3.100303101210176848e+01,9.144824750335011743e+00,1.492574462890625000e+03,1.141106605529785156e+00,4.581540000000000390e+00,7.770949602127075195e-01,4.883212745189666748e-01
3.099892010996994429e+01,9.156500791399144745e+00,1.495208984375000000e+03,9.433371424674987793e-01,4.581550000000000011e+00,7.814437150955200195e-01,4.912967383861541748e-01
3.100433490792828550e+01,9.166278382182246887e+00,1.213001708984375000e+03,1.212374687194824219e+00,4.581560000000000521e+00,7.541303634643554688e-01,4.442231953144073486e-01
3.100357497240630522e+01,9.186899946763453784e+00,1.747695312500000000e+03,1.130537509918212891e+00,4.581570000000000142e+00,7.867079973220825195e-01,5.150242447853088379e-01
3.100166898500863510e+01,9.198423341800619824e+00,1.604276977539062500e+03,1.377921819686889648e+00,4.581580000000000652e+00,6.962230801582336426e-01,4.461305439472198486e-01
3.100894580288235858e+01,9.214886913240317057e+00,1.544254394531250000e+03,1.175075292587280273e+00,4.581590000000000273e+00,8.416398763656616211e-01,5.338689088821411133e-01
3.099863459838537949e+01,9.233289863066284298e+00,1.386018310546875000e+03,1.235203266143798828e+00,4.581600000000000783e+00,9.234272837638854980e-01,5.678961277008056641e-01
3.099518560796112254e+01,9.250027869323783847e+00,1.776665527343750000e+03,1.405152797698974609e+00,4.581610000000000404e+00,8.520159125328063965e-01,5.599615573883056641e-01
3.100171660364414805e+01,9.268477118225545652e+00,1.497758544921875000e+03,1.360984563827514648e+00,4.581620000000000026e+00,8.396562337875366211e-01,5.281468629837036133e-01
3.100782511294659827e+01,9.281712777086562838e+00,1.479791870117187500e+03,1.468417167663574219e+00,4.581630000000000535e+00,7.410077452659606934e-01,4.645174443721771240e-01
3.100197295279937393e+01,9.301774697258927915e+00,1.388734863281250000e+03,1.279655218124389648e+00,4.581640000000000157e+00,7.832747697830200195e-01,4.819888472557067871e-01
3.100726116505176932e+01,9.310671810817998661e+00,1.795243896484375000e+03,1.301762580871582031e+00,4.581650000000000666e+00,6.080269217491149902e-01,4.005828797817230225e-01
3.100939184019456718e+01,9.329925974723687787e+00,2.259141357421875000e+03,1.000908136367797852e+00,4.581660000000000288e+00,6.842448711395263672e-01,4.729098379611968994e-01
3.100465292592115674e+01,9.344273939868513068e+00,1.678836303710937500e+03,9.722549319267272949e-01,4.581670000000000798e+00,6.444192528724670410e-01,4.177490770816802979e-01
3.099904128807163772e+01,9.363946718612153219e+00,1.598219238281250000e+03,1.106255769729614258e+00,4.581680000000000419e+00,7.265881896018981934e-01,4.651278257369995117e-01
3.100860388779757670e+01,9.380461412064025950e+00,1.386002075195312500e+03,9.706932902336120605e-01,4.581690000000000040e+00,6.832530498504638672e-01,4.201905131340026855e-01
3.100810207904972771e+01,9.391114966865057312e+00,1.700286132812500000e+03,1.060662984848022461e+00,4.581700000000000550e+00,6.564737558364868164e-01,4.269044101238250732e-01
3.100643559545177297e+01,9.397360131415151585e+00,1.460199707031250000e+03,1.100719690322875977e+00,4.581710000000000171e+00,7.306317687034606934e-01,4.562776684761047363e-01
3.100921044845474839e+01,9.419632164006337405e+00,1.225663330078125000e+03,9.485692381858825684e-01,4.581720000000000681e+00,7.886153459548950195e-01,4.661959409713745117e-01
3.101070824462510700e+01,9.444994825797136784e+00,1.352545532226562500e+03,1.231359958648681641e+00,4.581730000000000302e+00,6.172585487365722656e-01,3.767790794372558594e-01
3.100797175876865097e+01,9.451263139091436116e+00,1.783144287109375000e+03,1.157078266143798828e+00,4.581740000000000812e+00,5.997108221054077148e-01,3.944793343544006348e-01
3.101708485611524679e+01,9.464568075022530280e+00,1.112152099609375000e+03,8.371574282646179199e-01,4.581750000000000433e+00,5.910133123397827148e-01,3.374112546443939209e-01
3.101032004955375143e+01,9.483194330011222917e+00,1.271124877929687500e+03,8.059341311454772949e-01,4.581760000000000055e+00,6.389260888099670410e-01,3.823485672473907471e-01
3.101296195583266879e+01,9.500198714413812695e+00,1.935299560546875000e+03,7.221061587333679199e-01,4.581770000000000564e+00,5.771277546882629395e-01,3.866973221302032471e-01
3.101118439809226146e+01,9.517583703377082927e+00,1.943959716796875000e+03,8.991510272026062012e-01,4.581780000000000186e+00,6.869151592254638672e-01,4.607027471065521240e-01
3.101009454291193990e+01,9.531911200768814041e+00,1.611092529296875000e+03,8.550519347190856934e-01,4.581790000000000695e+00,7.299451231956481934e-01,4.682558774948120117e-01
3.101278637198422317e+01,9.546736598988427858e+00,1.350549560546875000e+03,1.048935174942016602e+00,4.581800000000000317e+00,5.152531266212463379e-01,3.143703937530517578e-01
3.101148832116040666e+01,9.570883563905580260e+00,1.363829101562500000e+03,9.431166052818298340e-01,4.581809999999999938e+00,6.372476220130920410e-01,3.899779915809631348e-01
3.101398695025283203e+01,9.578291806323274926e+00,1.242288452148437500e+03,6.874520182609558105e-01,4.581820000000000448e+00,5.646917819976806641e-01,3.353513181209564209e-01
3.101221161596430065e+01,9.591288154281235379e+00,1.337979736328125000e+03,6.591386198997497559e-01,4.581830000000000069e+00,6.356454491615295410e-01,3.866973221302032471e-01
3.101390600136352305e+01,9.607861750755235519e+00,1.202187622070312500e+03,6.792790293693542480e-01,4.581840000000000579e+00,6.212258338928222656e-01,3.648009002208709717e-01
3.100609498741185632e+01,9.629348913230503015e+00,1.504181030273437500e+03,8.292967677116394043e-01,4.581850000000000200e+00,6.769205927848815918e-01,4.262940585613250732e-01
3.101173080416334571e+01,9.639276378170988480e+00,1.348554321289062500e+03,9.255558848381042480e-01,4.581860000000000710e+00,6.460977196693420410e-01,3.940215706825256348e-01
3.100594667030300400e+01,9.654200826255848966e+00,1.823387573242187500e+03,8.293003439903259277e-01,4.581870000000000331e+00,7.559614181518554688e-01,4.998416900634765625e-01
3.100477395350274534e+01,9.667805164212134983e+00,2.139105712890625000e+03,9.878975749015808105e-01,4.581879999999999953e+00,6.040596365928649902e-01,4.131714403629302979e-01
3.100399032432592605e+01,9.690509142150331101e+00,1.639902099609375000e+03,1.064259529113769531e+00,4.581890000000000462e+00,5.804083943367004395e-01,3.740324974060058594e-01
3.100548950708228091e+01,9.701890311338400963e+00,1.247739379882812500e+03,8.307105898857116699e-01,4.581900000000000084e+00,6.267189979553222656e-01,3.727355003356933594e-01
3.100158691171096592e+01,9.714396879035954058e+00,1.442954101562500000e+03,7.996255755424499512e-01,4.581910000000000593e+00,7.751876115798950195e-01,4.824466109275817871e-01
3.100179810114727985e+01,9.733876984447629610e+00,1.576017333984375000e+03,9.272772669792175293e-01,4.581920000000000215e+00,6.249642372131347656e-01,3.985992372035980225e-01
3.100253061772976793e+01,9.735644584907049648e+00,1.174443603515625000e+03,1.117794036865234375e+00,4.581930000000000724e+00,6.760050654411315918e-01,3.937163949012756348e-01
3.100316186972888488e+01,9.751252222473084430e+00,2.003973632812500000e+03,8.059388995170593262e-01,4.581940000000000346e+00,7.745009660720825195e-01,5.228062272071838379e-01
3.099823446915529956e+01,9.759513282880982743e+00,-6.599529785156250000e+03,1.044746160507202148e+00,4.581949999999999967e+00,1.980216950178146362e-01,1.755148917436599731e-01
3.100700207146920206e+01,9.765463942770461259e+00,-1.694617919921875000e+03,9.694153666496276855e-01,4.581960000000000477e+00,8.335145562887191772e-02,8.876834064722061157e-02
3.099421966379890137e+01,9.768800918346700612e+00,-5.961713256835937500e+02,4.963451921939849854e-01,4.581970000000000098e+00,3.314984589815139771e-02,5.565664544701576233e-02
