# x_coordinates, y_coordinates, TEP, TED, times, high, low
2.736416465359250338e+01,-9.814296493806363486e+00,1.421878906250000000e+03,4.682499468326568604e-01,2.883780000000000232e+00,8.648332953453063965e-01,5.359288454055786133e-01
2.736512857357287132e+01,-9.822502447078976573e+00,1.199294555664062500e+03,1.266681671142578125e+00,2.883790000000000298e+00,7.430677413940429688e-01,4.359834194183349609e-01
2.736085387445156059e+01,-9.829129939897596202e+00,1.511551269531250000e+03,8.736640810966491699e-01,2.883800000000000363e+00,7.522230148315429688e-01,4.743594229221343994e-01
2.736290966925689361e+01,-9.825145946359269189e+00,1.269864624023437500e+03,8.351737856864929199e-01,2.883810000000000429e+00,9.042774438858032227e-01,5.409643054008483887e-01
2.737006503131116375e+01,-9.831042625993857698e+00,1.599332885742187500e+03,7.691711783409118652e-01,2.883820000000000050e+00,1.056408166885375977e+00,6.763865351676940918e-01
2.736654267406074936e+01,-9.824419992607479557e+00,1.690826904296875000e+03,1.054664373397827148e+00,2.883830000000000116e+00,1.104168295860290527e+00,7.170513868331909180e-01
2.736624632785984801e+01,-9.822178206473623163e+00,2.444015625000000000e+03,1.295278787612915039e+00,2.883840000000000181e+00,9.557760357856750488e-01,6.699015498161315918e-01
2.737085970544766411e+01,-9.815796202385143943e+00,1.802158325195312500e+03,1.354906082153320312e+00,2.883850000000000247e+00,1.113323688507080078e+00,7.341412901878356934e-01
2.736845006266104718e+01,-9.803206102432291402e+00,2.617628417968750000e+03,1.310635328292846680e+00,2.883860000000000312e+00,9.341084957122802734e-01,6.621958017349243164e-01
2.736655024408210224e+01,-9.800940382939339557e+00,1.752543945312500000e+03,1.489086866378784180e+00,2.883870000000000378e+00,1.169933915138244629e+00,7.664137482643127441e-01
2.736943368604605809e+01,-9.784748846438784398e+00,1.443981811523437500e+03,1.407212734222412109e+00,2.883880000000000443e+00,1.061825037002563477e+00,6.609750986099243164e-01
2.737069098361525121e+01,-9.775912079774123242e+00,2.664651611328125000e+03,1.668189287185668945e+00,2.883890000000000065e+00,1.178631544113159180e+00,8.379014730453491211e-01
2.737519672217830191e+01,-9.763865579438173015e+00,1.831063964843750000e+03,1.558514356613159180e+00,2.883900000000000130e+00,1.329541563987731934e+00,8.799395561218261719e-01
2.737928906016477981e+01,-9.749865591709617973e+00,1.314249755859375000e+03,2.093522071838378906e+00,2.883910000000000196e+00,9.447133541107177734e-01,5.714820027351379395e-01
2.737822671841687594e+01,-9.728547233554822427e+00,1.114183471679687500e+03,1.913375377655029297e+00,2.883920000000000261e+00,7.745009660720825195e-01,4.424684345722198486e-01
2.736631372685790708e+01,-9.713413755002193284e+00,1.150600463867187500e+03,1.084361791610717773e+00,2.883930000000000327e+00,8.644518256187438965e-01,4.997653961181640625e-01
2.737128751958233508e+01,-9.696866523335435417e+00,1.300628906250000000e+03,9.394533038139343262e-01,2.883940000000000392e+00,8.175308704376220703e-01,4.928989112377166748e-01
2.738271396818256775e+01,-9.672990461449018085e+00,1.347742431640625000e+03,8.587235808372497559e-01,2.883950000000000458e+00,7.649641633033752441e-01,4.664248228073120117e-01
2.737465364589888139e+01,-9.653980230803593798e+00,1.377708007812500000e+03,7.375366091728210449e-01,2.883960000000000079e+00,8.802447319030761719e-01,5.403539538383483887e-01
2.737665350206495418e+01,-9.631987677189989938e+00,1.426650146484375000e+03,7.382113337516784668e-01,2.883970000000000145e+00,8.899341225624084473e-01,5.520269274711608887e-01
2.737819065690532128e+01,-9.621123314615504185e+00,1.823344726562500000e+03,1.082832336425781250e+00,2.883980000000000210e+00,9.367787837982177734e-01,6.193947792053222656e-01
2.737519186888070521e+01,-9.601605292795584390e+00,1.470400146484375000e+03,1.083690643310546875e+00,2.883990000000000276e+00,9.976615905761718750e-01,6.242775917053222656e-01
2.736564576914101821e+01,-9.577757488223756610e+00,1.707266723632812500e+03,1.091988801956176758e+00,2.884000000000000341e+00,1.025356411933898926e+00,6.674601435661315918e-01
2.737606414438367608e+01,-9.560665442201562669e+00,1.676849487304687500e+03,1.284340143203735352e+00,2.884010000000000407e+00,1.097149252891540527e+00,7.110241651535034180e-01
2.737752516493799959e+01,-9.543337374550663554e+00,1.763368286132812500e+03,1.564124345779418945e+00,2.884020000000000028e+00,1.057857751846313477e+00,6.940104961395263672e-01
2.737105734768577392e+01,-9.523247028626007804e+00,1.707197265625000000e+03,1.462271928787231445e+00,2.884030000000000094e+00,1.060528039932250977e+00,6.903483867645263672e-01
2.736543050615281558e+01,-9.506646875896532123e+00,1.620831787109375000e+03,1.478200674057006836e+00,2.884040000000000159e+00,1.082195639610290527e+00,6.953074932098388672e-01
2.737143946184348309e+01,-9.493238028733623324e+00,1.949289550781250000e+03,1.460120201110839844e+00,2.884050000000000225e+00,1.213345408439636230e+00,8.142502307891845703e-01
2.736919429641242374e+01,-9.472421357144314769e+00,1.229072509765625000e+03,1.552158117294311523e+00,2.884060000000000290e+00,1.022533535957336426e+00,6.050514578819274902e-01
2.736334993359946566e+01,-9.459513734080671199e+00,1.091215332031250000e+03,1.825992584228515625e+00,2.884070000000000356e+00,8.266862034797668457e-01,4.685610532760620117e-01
2.737549317067382404e+01,-9.447694810787339748e+00,1.218530883789062500e+03,1.177980422973632812e+00,2.884080000000000421e+00,8.388170003890991211e-01,4.948825538158416748e-01
2.736648552893597497e+01,-9.430349682027816982e+00,1.154393676757812500e+03,9.595162272453308105e-01,2.884090000000000042e+00,9.885062575340270996e-01,5.721686482429504395e-01
2.736470024732173911e+01,-9.414643690383435626e+00,1.636689208984375000e+03,9.440273642539978027e-01,2.884100000000000108e+00,1.401792168617248535e+00,9.029041528701782227e-01
2.736828465231065266e+01,-9.403160206151577327e+00,2.558294189453125000e+03,1.443382024765014648e+00,2.884110000000000174e+00,1.723982691764831543e+00,1.217617869377136230e+00
2.737364635292916404e+01,-9.384297638573379174e+00,2.425543212890625000e+03,2.269078016281127930e+00,2.884120000000000239e+00,1.697203397750854492e+00,1.188015699386596680e+00
2.736447925829596528e+01,-9.367335065251811699e+00,2.538243164062500000e+03,2.559848546981811523e+00,2.884130000000000305e+00,1.404538750648498535e+00,9.907187819480895996e-01
2.736522536050272336e+01,-9.353222581184663653e+00,1.693632690429687500e+03,2.532375574111938477e+00,2.884140000000000370e+00,1.348920226097106934e+00,8.763537406921386719e-01
2.736602921265339106e+01,-9.334339041248574276e+00,2.190904052734375000e+03,2.106014013290405273e+00,2.884150000000000436e+00,1.410108208656311035e+00,9.689749479293823242e-01
2.736723128883539857e+01,-9.319245168626091314e+00,1.400656250000000000e+03,2.087131261825561523e+00,2.884160000000000057e+00,1.306729555130004883e+00,8.061630725860595703e-01
2.736037438836752855e+01,-9.299559272430569123e+00,1.778444091796875000e+03,1.966925382614135742e+00,2.884170000000000122e+00,1.232952952384948730e+00,8.105118274688720703e-01
2.737157635930753585e+01,-9.286600757714364107e+00,1.760137695312500000e+03,1.859787225723266602e+00,2.884180000000000188e+00,1.389432430267333984e+00,9.111438989639282227e-01
2.736923470291619864e+01,-9.269116477240720187e+00,2.007629638671875000e+03,1.779968261718750000e+00,2.884190000000000254e+00,1.392102837562561035e+00,9.400594234466552734e-01
2.736368756374872291e+01,-9.248671065716909112e+00,2.135728271484375000e+03,1.969520568847656250e+00,2.884200000000000319e+00,1.471982836723327637e+00,1.006511688232421875e+00
2.736725743363670915e+01,-9.230784460540061076e+00,1.768257934570312500e+03,2.199983119964599609e+00,2.884210000000000385e+00,1.352353453636169434e+00,8.877978920936584473e-01
2.737291453634998106e+01,-9.208309723710279115e+00,1.837557006835937500e+03,2.311726331710815430e+00,2.884220000000000450e+00,1.252331733703613281e+00,8.295090794563293457e-01
2.736432584974480164e+01,-9.190818708361627287e+00,1.488477416992187500e+03,2.034749507904052734e+00,2.884230000000000071e+00,1.306729555130004883e+00,8.205063939094543457e-01
2.736339726380829518e+01,-9.170151409789976782e+00,1.517088134765625000e+03,1.962172508239746094e+00,2.884240000000000137e+00,1.267666935920715332e+00,8.002120852470397949e-01
2.737298059644653137e+01,-9.149449351266333963e+00,1.988316406250000000e+03,1.829539060592651367e+00,2.884250000000000203e+00,1.289639592170715332e+00,8.691058158874511719e-01
2.736751039248233397e+01,-9.134904282131547149e+00,1.388760131835937500e+03,1.993988275527954102e+00,2.884260000000000268e+00,1.255154609680175781e+00,7.723646759986877441e-01
2.737356558231374493e+01,-9.113729469432712449e+00,1.573981567382812500e+03,1.856095314025878906e+00,2.884270000000000334e+00,1.332745909690856934e+00,8.497270345687866211e-01
2.737525519943830332e+01,-9.099057562767201901e+00,1.506592407226562500e+03,1.799240827560424805e+00,2.884280000000000399e+00,1.343732237815856934e+00,8.465989828109741211e-01
2.737049109732086549e+01,-9.070981121162505545e+00,1.763438110351562500e+03,2.142935514450073242e+00,2.884290000000000020e+00,1.279034733772277832e+00,8.391221761703491211e-01
2.736900611989099730e+01,-9.055746758769121385e+00,1.565615844726562500e+03,1.933723211288452148e+00,2.884300000000000086e+00,1.310315370559692383e+00,8.342393040657043457e-01
2.736866793754435179e+01,-9.039988077067761196e+00,1.573812255859375000e+03,1.873400926589965820e+00,2.884310000000000151e+00,1.341519713401794434e+00,8.552965521812438965e-01
2.737256325546054114e+01,-9.019880344078293533e+00,1.323947631835937500e+03,1.938950538635253906e+00,2.884320000000000217e+00,1.280484318733215332e+00,7.764083147048950195e-01
2.736928588141203633e+01,-9.002686600102197900e+00,1.599585815429687500e+03,2.042469501495361328e+00,2.884330000000000283e+00,1.260952949523925781e+00,8.073837757110595703e-01
2.736490610219470199e+01,-8.984746691773732863e+00,1.484833007812500000e+03,1.735471010208129883e+00,2.884340000000000348e+00,1.277356266975402832e+00,8.015090823173522949e-01
2.737054914418926899e+01,-8.969530196182835979e+00,1.713996215820312500e+03,1.740318059921264648e+00,2.884350000000000414e+00,1.248364448547363281e+00,8.134109973907470703e-01
2.736845992735139532e+01,-8.951180027862585931e+00,1.926184570312500000e+03,1.906985759735107422e+00,2.884360000000000035e+00,1.216931223869323730e+00,8.145554065704345703e-01
2.736493067862753392e+01,-8.939530425122363511e+00,2.035161010742187500e+03,1.956067800521850586e+00,2.884370000000000100e+00,1.349988341331481934e+00,9.141957163810729980e-01
2.737261241839892634e+01,-8.920254103813409330e+00,2.517642333984375000e+03,1.994629621505737305e+00,2.884380000000000166e+00,1.273541569709777832e+00,8.971057534217834473e-01
2.737298938813878735e+01,-8.903671249374744079e+00,1.633388305664062500e+03,2.108548402786254883e+00,2.884390000000000231e+00,1.256985664367675781e+00,8.092148303985595703e-01
2.736930817886726430e+01,-8.884309636415720135e+00,1.518424194335937500e+03,1.863811731338500977e+00,2.884400000000000297e+00,1.253705024719238281e+00,7.915908694267272949e-01
2.737486933037138215e+01,-8.865532528358050612e+00,1.436948852539062500e+03,1.932484626770019531e+00,2.884410000000000363e+00,1.263394355773925781e+00,7.853347063064575195e-01
2.737384707657290051e+01,-8.849481987558089457e+00,1.995596557617187500e+03,1.840706586837768555e+00,2.884420000000000428e+00,1.495100021362304688e+00,1.008342742919921875e+00
2.736941599521883717e+01,-8.835437106022753895e+00,1.995787963867187500e+03,1.787768125534057617e+00,2.884430000000000049e+00,1.335568785667419434e+00,9.007679224014282227e-01
2.736649481116981875e+01,-8.816621263362746319e+00,1.879184692382812500e+03,2.339460372924804688e+00,2.884440000000000115e+00,1.199383497238159180e+00,7.984573245048522949e-01
2.737607523137070586e+01,-8.794370542288875825e+00,1.693936523437500000e+03,2.086306333541870117e+00,2.884450000000000180e+00,1.021465420722961426e+00,6.636453866958618164e-01
2.736830339679605828e+01,-8.768062832648240601e+00,1.726171997070312500e+03,1.601252079010009766e+00,2.884460000000000246e+00,1.418042778968811035e+00,9.255635142326354980e-01
2.736809209391547881e+01,-8.755835697697381903e+00,1.475322509765625000e+03,1.664032459259033203e+00,2.884470000000000312e+00,1.231808543205261230e+00,7.715254426002502441e-01
2.737052303878321879e+01,-8.737759993238324085e+00,1.985290283203125000e+03,1.960554838180541992e+00,2.884480000000000377e+00,1.119503498077392578e+00,7.542066574096679688e-01
2.737373454254095506e+01,-8.723624118739735422e+00,1.453379272460937500e+03,1.694927930831909180e+00,2.884490000000000443e+00,1.147427201271057129e+00,7.156018018722534180e-01
2.736387460834010099e+01,-8.702113784343216807e+00,1.409786499023437500e+03,1.551911354064941406e+00,2.884500000000000064e+00,1.156582474708557129e+00,7.149151563644409180e-01
2.736651488082674533e+01,-8.684954595802786059e+00,1.299787475585937500e+03,1.503597021102905273e+00,2.884510000000000129e+00,1.117290973663330078e+00,6.734873652458190918e-01
2.736981658700556252e+01,-8.667400663812566464e+00,1.338098999023437500e+03,1.510028362274169922e+00,2.884520000000000195e+00,1.199459791183471680e+00,7.297162413597106934e-01
2.736928742974060569e+01,-8.643034602637966302e+00,1.737134399414062500e+03,1.421305656433105469e+00,2.884530000000000260e+00,1.068310022354125977e+00,6.983593106269836426e-01
2.736623514751657282e+01,-8.628527594931414413e+00,2.432339843750000000e+03,1.571552276611328125e+00,2.884540000000000326e+00,1.125530719757080078e+00,7.882338762283325195e-01
2.736641381003391515e+01,-8.610902139091546559e+00,2.086107666015625000e+03,1.480193853378295898e+00,2.884550000000000392e+00,1.218457102775573730e+00,8.292801976203918457e-01
2.736853226148275198e+01,-8.587678756153128035e+00,1.977960937500000000e+03,1.804517030715942383e+00,2.884560000000000457e+00,1.174893140792846680e+00,7.909042239189147949e-01
2.736455905487332174e+01,-8.575083369463664340e+00,2.005715087890625000e+03,1.718436002731323242e+00,2.884570000000000078e+00,1.432157278060913086e+00,9.669150114059448242e-01
2.737395644130174688e+01,-8.556992037215596980e+00,1.453682373046875000e+03,1.788988828659057617e+00,2.884580000000000144e+00,1.326565980911254883e+00,8.273728489875793457e-01
2.736299259407457640e+01,-8.531348033181096469e+00,1.516708251953125000e+03,2.233792066574096680e+00,2.884590000000000209e+00,1.130566120147705078e+00,7.136181592941284180e-01
2.736342720495047942e+01,-8.514157138045865381e+00,1.499123046875000000e+03,1.780458211898803711e+00,2.884600000000000275e+00,1.231121897697448730e+00,7.745772600173950195e-01
2.736798693575050123e+01,-8.493247560580591937e+00,1.600736328125000000e+03,1.585648775100708008e+00,2.884610000000000340e+00,9.770621657371520996e-01,6.257271766662597656e-01
2.736762517273982809e+01,-8.485467225674868885e+00,1.579776611328125000e+03,1.682520627975463867e+00,2.884620000000000406e+00,9.563100934028625488e-01,6.103157401084899902e-01
2.736353769625711507e+01,-8.458477588199997399e+00,1.499446411132812500e+03,1.448268413543701172e+00,2.884630000000000027e+00,1.122402667999267578e+00,7.062175869941711426e-01
2.736320129809879731e+01,-8.439137799614879754e+00,1.450886474609375000e+03,1.480288028717041016e+00,2.884640000000000093e+00,9.560812115669250488e-01,5.959724187850952148e-01
2.736883088762931138e+01,-8.423373702134320240e+00,1.640551879882812500e+03,1.490711688995361328e+00,2.884650000000000158e+00,1.006511688232421875e+00,6.486917734146118164e-01
2.736921042965147777e+01,-8.408834035521607575e+00,1.417008911132812500e+03,1.198522567749023438e+00,2.884660000000000224e+00,1.136593341827392578e+00,7.036235928535461426e-01
2.736684215825809474e+01,-8.386478754633754917e+00,1.318548461914062500e+03,1.374949932098388672e+00,2.884670000000000289e+00,1.063045740127563477e+00,6.437326073646545410e-01
2.737091668212889317e+01,-8.373041074818409868e+00,1.419091796875000000e+03,1.340090751647949219e+00,2.884680000000000355e+00,1.136593341827392578e+00,7.039287686347961426e-01
2.737014213295983822e+01,-8.357006228665960990e+00,1.561483520507812500e+03,1.397668838500976562e+00,2.884690000000000420e+00,1.016124844551086426e+00,6.464791893959045410e-01
2.736255789298141394e+01,-8.336894072515484311e+00,1.619826538085937500e+03,1.624785184860229492e+00,2.884700000000000042e+00,1.170849442481994629e+00,7.521467208862304688e-01
2.736701094602316076e+01,-8.314837038722863838e+00,1.577392700195312500e+03,1.493615627288818359e+00,2.884710000000000107e+00,1.479917407035827637e+00,9.441030025482177734e-01
2.736887549388123020e+01,-8.300606772492868046e+00,2.059595214843750000e+03,1.652869701385498047e+00,2.884720000000000173e+00,1.059993982315063477e+00,7.195690870285034180e-01
2.736335494639550703e+01,-8.286546679410717431e+00,1.576275024414062500e+03,2.024926662445068359e+00,2.884730000000000238e+00,1.040844082832336426e+00,6.638742685317993164e-01
2.736747228657486986e+01,-8.265367278753906533e+00,1.382230590820312500e+03,1.604132175445556641e+00,2.884740000000000304e+00,1.110805988311767578e+00,6.825664043426513672e-01
2.736588302390447325e+01,-8.249633839997814633e+00,1.570377075195312500e+03,1.310412406921386719e+00,2.884750000000000369e+00,1.086544394493103027e+00,6.923320293426513672e-01
2.736881433143787490e+01,-8.228781186163796946e+00,1.812319824218750000e+03,1.519811868667602539e+00,2.884760000000000435e+00,8.731493949890136719e-01,5.765174031257629395e-01
2.736341695684813047e+01,-8.203426391092747849e+00,1.693660156250000000e+03,1.348223209381103516e+00,2.884770000000000056e+00,1.009410858154296875e+00,6.557871103286743164e-01
2.736912960391736860e+01,-8.184930016414275755e+00,1.425603027343750000e+03,1.238198995590209961e+00,2.884780000000000122e+00,9.994926452636718750e-01,6.198525428771972656e-01
2.736797959662142077e+01,-8.170858436818283721e+00,1.325846435546875000e+03,1.309803247451782227e+00,2.884790000000000187e+00,9.458578228950500488e-01,5.737708210945129395e-01
2.737106263747634571e+01,-8.157362399293996091e+00,1.528899169921875000e+03,1.252718687057495117e+00,2.884800000000000253e+00,9.938468933105468750e-01,6.287026405334472656e-01
2.736502768568486488e+01,-8.138952560845231332e+00,1.151719238281250000e+03,1.198231697082519531e+00,2.884810000000000318e+00,8.972583413124084473e-01,5.189152359962463379e-01
2.736842291437973529e+01,-8.123072783888865445e+00,1.315230590820312500e+03,1.062047004699707031e+00,2.884820000000000384e+00,8.787951469421386719e-01,5.317326784133911133e-01
2.736775385369968561e+01,-8.102692013279900962e+00,1.186842651367187500e+03,9.963340163230895996e-01,2.884830000000000449e+00,8.832202553749084473e-01,5.163212418556213379e-01
2.736444790929499149e+01,-8.082950302042888779e+00,1.530720703125000000e+03,1.005917310714721680e+00,2.884840000000000071e+00,8.196671009063720703e-01,5.186863541603088379e-01
2.737462736572056698e+01,-8.066129882138110219e+00,1.280433471679687500e+03,1.139890670776367188e+00,2.884850000000000136e+00,7.542829513549804688e-01,4.524629712104797363e-01
2.736854105391457992e+01,-8.045688569010192026e+00,1.819747802734375000e+03,9.975666403770446777e-01,2.884860000000000202e+00,9.013019800186157227e-01,5.956672430038452148e-01
2.735711006782155152e+01,-8.033222284599377261e+00,1.378132446289062500e+03,8.382923007011413574e-01,2.884870000000000267e+00,9.390676021575927734e-01,5.765174031257629395e-01
2.737134067443749785e+01,-8.011927539741760640e+00,1.392501831054687500e+03,1.070904254913330078e+00,2.884880000000000333e+00,9.336507320404052734e-01,5.749915242195129395e-01
2.737058014271672235e+01,-7.995453620735423428e+00,1.202969360351562500e+03,1.092530012130737305e+00,2.884890000000000398e+00,9.669913053512573242e-01,5.679724216461181641e-01
2.736773671262722729e+01,-7.973242504864628266e+00,1.552635742187500000e+03,1.137908220291137695e+00,2.884900000000000020e+00,1.001705169677734375e+00,6.363320946693420410e-01
2.737291033927879980e+01,-7.955626625600856094e+00,1.689590576171875000e+03,1.170689582824707031e+00,2.884910000000000085e+00,1.071819543838500977e+00,6.959179043769836426e-01
2.736514120718593901e+01,-7.936950366880396679e+00,1.198115112304687500e+03,1.417389631271362305e+00,2.884920000000000151e+00,8.475145101547241211e-01,4.970951080322265625e-01
2.737372537194287148e+01,-7.920388161376040514e+00,1.429980957031250000e+03,1.240803718566894531e+00,2.884930000000000216e+00,1.152233719825744629e+00,7.152203321456909180e-01
2.736812332732490560e+01,-7.902444435511056575e+00,1.520194335937500000e+03,1.111874103546142578e+00,2.884940000000000282e+00,1.203656077384948730e+00,7.602339386940002441e-01
2.737858588336510479e+01,-7.883911694057679220e+00,1.963372436523437500e+03,1.604840278625488281e+00,2.884950000000000347e+00,1.057552576065063477e+00,7.107952237129211426e-01
2.736699613654210950e+01,-7.866128915934955224e+00,1.526680297851562500e+03,1.567302465438842773e+00,2.884960000000000413e+00,1.116222858428955078e+00,7.058361172676086426e-01
2.737227620551016827e+01,-7.847521627506109709e+00,1.119516357421875000e+03,1.481519460678100586e+00,2.884970000000000034e+00,9.982719421386718750e-01,5.713294148445129395e-01
2.736754529620147736e+01,-7.834292185946971188e+00,1.295024169921875000e+03,1.316087961196899414e+00,2.884980000000000100e+00,9.277760386466979980e-01,5.585882663726806641e-01
2.736713994506788694e+01,-7.811304718944353631e+00,1.221079711914062500e+03,1.125577211380004883e+00,2.884990000000000165e+00,8.551439642906188965e-01,5.048770904541015625e-01
2.736181705480306547e+01,-7.794694686199504119e+00,1.226701171875000000e+03,1.020932912826538086e+00,2.885000000000000231e+00,9.220539927482604980e-01,5.452367663383483887e-01
2.737164579546978516e+01,-7.778758645566679952e+00,1.768712646484375000e+03,9.949190020561218262e-01,2.885010000000000296e+00,9.540212750434875488e-01,6.263375282287597656e-01
2.737251424411538636e+01,-7.756434608628734573e+00,1.381766601562500000e+03,1.141002893447875977e+00,2.885020000000000362e+00,1.033062100410461426e+00,6.347299218177795410e-01
2.736814739058844737e+01,-7.745116342409833265e+00,1.324894287109375000e+03,1.324262142181396484e+00,2.885030000000000427e+00,9.141194224357604980e-01,5.543920397758483887e-01
2.736842819677804783e+01,-7.724204845479017756e+00,1.347102783203125000e+03,1.180797338485717773e+00,2.885040000000000049e+00,9.492910504341125488e-01,5.787299275398254395e-01
2.737423605528032056e+01,-7.706280001619991715e+00,1.185104980468750000e+03,1.116398096084594727e+00,2.885050000000000114e+00,9.099231958389282227e-01,5.316563844680786133e-01
2.736953621519978341e+01,-7.687391400358952964e+00,1.121729980468750000e+03,1.100105762481689453e+00,2.885060000000000180e+00,9.342610836029052734e-01,5.350896120071411133e-01
2.736781769841015333e+01,-7.664521905372817301e+00,1.061541259765625000e+03,1.018108844757080078e+00,2.885070000000000245e+00,9.322011470794677734e-01,5.227299332618713379e-01
2.737539426174681978e+01,-7.654277738617975224e+00,1.244265258789062500e+03,9.948927760124206543e-01,2.885080000000000311e+00,8.815417289733886719e-01,5.237981081008911133e-01
2.737294577880091495e+01,-7.630973345632946270e+00,1.828713500976562500e+03,1.002435207366943359e+00,2.885090000000000376e+00,1.050304651260375977e+00,6.949260234832763672e-01
2.737053651919519837e+01,-7.609979985604278241e+00,1.896347167968750000e+03,1.074976444244384766e+00,2.885100000000000442e+00,1.112102985382080078e+00,7.418469786643981934e-01
2.737249483396699290e+01,-7.592812599430327936e+00,1.948424072265625000e+03,1.276683330535888672e+00,2.885110000000000063e+00,1.096691489219665527e+00,7.358960509300231934e-01
2.737963306863711210e+01,-7.576149407580885509e+00,1.643086914062500000e+03,1.418054819107055664e+00,2.885120000000000129e+00,1.214260935783386230e+00,7.828933000564575195e-01
2.736575365116426894e+01,-7.560193323493998641e+00,1.232520019531250000e+03,1.464476108551025391e+00,2.885130000000000194e+00,1.269269108772277832e+00,7.517652511596679688e-01
2.737544962610362020e+01,-7.539139692836839046e+00,1.519895263671875000e+03,1.508452415466308594e+00,2.885140000000000260e+00,1.089443564414978027e+00,6.880595684051513672e-01
2.737459311147429730e+01,-7.524450222803904964e+00,1.669879638671875000e+03,1.548538923263549805e+00,2.885150000000000325e+00,1.137890338897705078e+00,7.366589903831481934e-01
2.737371218812030449e+01,-7.507920434306214474e+00,1.875754028320312500e+03,1.505213499069213867e+00,2.885160000000000391e+00,1.078228354454040527e+00,7.175091505050659180e-01
2.736832898644633616e+01,-7.489581516065421773e+00,1.550288940429687500e+03,1.585385322570800781e+00,2.885170000000000456e+00,1.044887661933898926e+00,6.634927988052368164e-01
2.737825867714227357e+01,-7.468905709261695947e+00,1.375110107421875000e+03,1.334838390350341797e+00,2.885180000000000078e+00,1.169628739356994629e+00,7.175854444503784180e-01
2.736899328702623890e+01,-7.446993576753991206e+00,1.377947753906250000e+03,1.475598335266113281e+00,2.885190000000000143e+00,1.231655955314636230e+00,7.561140060424804688e-01
2.736427349073456838e+01,-7.433068291111222692e+00,1.254716918945312500e+03,1.551521539688110352e+00,2.885200000000000209e+00,1.265377998352050781e+00,7.539777755737304688e-01
2.737375919270731117e+01,-7.414576678017862577e+00,1.309091064453125000e+03,1.749912023544311523e+00,2.885210000000000274e+00,1.043514370918273926e+00,6.304574012756347656e-01
2.737802315575709855e+01,-7.395317214830613217e+00,1.550820312500000000e+03,1.675577878952026367e+00,2.885220000000000340e+00,9.808768630027770996e-01,6.229043006896972656e-01
2.737228479983565066e+01,-7.379615122522009685e+00,1.352770263671875000e+03,1.377697706222534180e+00,2.885230000000000405e+00,1.011547088623046875e+00,6.174874305725097656e-01
2.737360491230194626e+01,-7.367242287377522736e+00,1.520079589843750000e+03,1.392067193984985352e+00,2.885240000000000027e+00,8.472093343734741211e-01,5.350896120071411133e-01
2.737838588382589933e+01,-7.351881239009050439e+00,1.586217041015625000e+03,1.240905046463012695e+00,2.885250000000000092e+00,9.735525846481323242e-01,6.219887733459472656e-01
2.737495373516171071e+01,-7.327614585157559368e+00,1.618612670898437500e+03,1.048848152160644531e+00,2.885260000000000158e+00,9.042774438858032227e-01,5.807898640632629395e-01
2.736835329745781209e+01,-7.306670321326385498e+00,1.372520751953125000e+03,1.127167463302612305e+00,2.885270000000000223e+00,1.050228357315063477e+00,6.439614892005920410e-01
2.737980862534380577e+01,-7.295745249058035675e+00,1.391272583007812500e+03,1.028060436248779297e+00,2.885280000000000289e+00,1.068844079971313477e+00,6.580759286880493164e-01
2.737440273520178380e+01,-7.276956397806197963e+00,1.342958618164062500e+03,1.237041473388671875e+00,2.885290000000000354e+00,9.970512390136718750e-01,6.072639822959899902e-01
2.736847920170770720e+01,-7.255079985142693921e+00,1.762591430664062500e+03,1.312913417816162109e+00,2.885300000000000420e+00,1.484342455863952637e+00,9.737051725387573242e-01
2.737938618674943925e+01,-7.241302406941968250e+00,1.773177368164062500e+03,1.416793584823608398e+00,2.885310000000000041e+00,1.253094673156738281e+00,8.231766819953918457e-01
2.737858364116095089e+01,-7.219326013494357319e+00,1.546165649414062500e+03,2.108563899993896484e+00,2.885320000000000107e+00,9.999504089355468750e-01,6.345010399818420410e-01
2.737625975111426513e+01,-7.202790573497156679e+00,1.840923950195312500e+03,1.668465852737426758e+00,2.885330000000000172e+00,9.586752057075500488e-01,6.352639794349670410e-01
2.737785458208350775e+01,-7.181652291755819206e+00,1.221494506835937500e+03,1.302934408187866211e+00,2.885340000000000238e+00,1.035808682441711426e+00,6.116127371788024902e-01
2.738278265294428948e+01,-7.166431199391612772e+00,1.248175537109375000e+03,1.331669807434082031e+00,2.885350000000000303e+00,8.439286947250366211e-01,5.019779205322265625e-01
2.737835207644378954e+01,-7.150330254211121783e+00,1.775443603515625000e+03,1.162920713424682617e+00,2.885360000000000369e+00,1.167263627052307129e+00,7.670240998268127441e-01
2.737271408201960199e+01,-7.132028628579898388e+00,1.342628906250000000e+03,1.136525392532348633e+00,2.885370000000000434e+00,1.059765100479125977e+00,6.454110741615295410e-01
2.737470599812797545e+01,-7.110521845888214898e+00,1.303881835937500000e+03,1.651199579238891602e+00,2.885380000000000056e+00,9.435689449310302734e-01,5.693457126617431641e-01
2.737700045850955277e+01,-7.085596445902578644e+00,1.409577880859375000e+03,1.369261264801025391e+00,2.885390000000000121e+00,8.742175102233886719e-01,5.403539538383483887e-01
2.737510907715682862e+01,-7.077044110426745860e+00,1.904671752929687500e+03,1.119096994400024414e+00,2.885400000000000187e+00,8.646807074546813965e-01,5.773566365242004395e-01
2.737871188764260921e+01,-7.055020949052339674e+00,1.959620117187500000e+03,1.000109434127807617e+00,2.885410000000000252e+00,8.432420492172241211e-01,5.665228366851806641e-01
2.737262540009522738e+01,-7.035699962106267691e+00,1.511416748046875000e+03,1.015479087829589844e+00,2.885420000000000318e+00,7.526044845581054688e-01,4.745883047580718994e-01
2.737208487666124768e+01,-7.020439485159063686e+00,1.851518676757812500e+03,8.883911967277526855e-01,2.885430000000000383e+00,7.695418000221252441e-01,5.105991959571838379e-01
2.737745924842467460e+01,-7.007956531086473539e+00,1.477654785156250000e+03,7.087380290031433105e-01,2.885440000000000449e+00,8.054764270782470703e-01,5.047245025634765625e-01
2.737999351673304815e+01,-6.986491674254609485e+00,1.104848632812500000e+03,8.176369071006774902e-01,2.885450000000000070e+00,9.500539898872375488e-01,5.410405993461608887e-01
2.737022511430660288e+01,-6.971471431658552653e+00,1.100562866210937500e+03,9.120327830314636230e-01,2.885460000000000136e+00,7.966262698173522949e-01,4.529970288276672363e-01
2.737161648071086617e+01,-6.946039805745077622e+00,1.219215209960937500e+03,1.057396650314331055e+00,2.885470000000000201e+00,9.639395475387573242e-01,5.688116550445556641e-01
2.737737878713544148e+01,-6.930985134994864794e+00,2.168739257812500000e+03,7.533842921257019043e-01,2.885480000000000267e+00,1.195492506027221680e+00,8.198959827423095703e-01
2.737906761767600372e+01,-6.913792272908451331e+00,1.673488403320312500e+03,1.398471117019653320e+00,2.885490000000000332e+00,1.106533408164978027e+00,7.167462110519409180e-01
2.737826721215510872e+01,-6.892886860862385667e+00,1.380628906250000000e+03,1.714369773864746094e+00,2.885500000000000398e+00,8.762011528015136719e-01,5.382176637649536133e-01
2.737509494980554692e+01,-6.877977466994351197e+00,1.261520874023437500e+03,1.655661582946777344e+00,2.885510000000000019e+00,9.825553297996520996e-01,5.865119695663452148e-01
2.738071953005817605e+01,-6.860096626869923497e+00,1.348312866210937500e+03,1.208449125289916992e+00,2.885520000000000085e+00,1.148953080177307129e+00,7.006481289863586426e-01
2.736935165435616213e+01,-6.842945019301747145e+00,1.377720703125000000e+03,1.475344419479370117e+00,2.885530000000000150e+00,9.626425504684448242e-01,5.909370183944702148e-01
2.737189198431265069e+01,-6.824873646799821891e+00,2.186926513671875000e+03,1.400936365127563477e+00,2.885540000000000216e+00,1.065181970596313477e+00,7.316998839378356934e-01
2.737623316857305511e+01,-6.805997926755495087e+00,1.234823730468750000e+03,1.232113361358642578e+00,2.885550000000000281e+00,8.935962319374084473e-01,5.295964479446411133e-01
2.737260795406958636e+01,-6.786503995412681789e+00,1.438655395507812500e+03,1.153754711151123047e+00,2.885560000000000347e+00,9.167134165763854980e-01,5.700323581695556641e-01
2.737631700011383629e+01,-6.773602323128812053e+00,1.926901489257812500e+03,9.763759970664978027e-01,2.885570000000000412e+00,9.886588454246520996e-01,6.618143320083618164e-01
2.737719882150732431e+01,-6.752915766995242208e+00,1.770787109375000000e+03,1.087519645690917969e+00,2.885580000000000034e+00,1.106762290000915527e+00,7.268170714378356934e-01
2.737769788498456691e+01,-6.737914820423966944e+00,1.121883422851562500e+03,1.510492086410522461e+00,2.885590000000000099e+00,8.977161049842834473e-01,5.141850113868713379e-01
2.736957561094951075e+01,-6.716794380073563886e+00,1.336953247070312500e+03,1.340173006057739258e+00,2.885600000000000165e+00,1.186108350753784180e+00,7.214001417160034180e-01
2.737990618948952459e+01,-6.704267633685718764e+00,1.650195190429687500e+03,1.202173948287963867e+00,2.885610000000000230e+00,1.036571621894836426e+00,6.690623164176940918e-01
2.737973666583168963e+01,-6.683315774996416714e+00,1.625352905273437500e+03,1.639934301376342773e+00,2.885620000000000296e+00,1.258816719055175781e+00,8.093674182891845703e-01
2.737543077705635852e+01,-6.666920338066113949e+00,1.852406616210937500e+03,1.433341026306152344e+00,2.885630000000000361e+00,1.257519721984863281e+00,8.344681859016418457e-01
2.736990744996363034e+01,-6.647189481168596537e+00,1.581711547851562500e+03,2.110188722610473633e+00,2.885640000000000427e+00,1.063198328018188477e+00,6.787516474723815918e-01
2.737979822617865722e+01,-6.630190983900528856e+00,1.618140380859375000e+03,1.735766649246215820e+00,2.885650000000000048e+00,1.143841385841369629e+00,7.345990538597106934e-01
2.738408231493208689e+01,-6.610951424426036560e+00,1.761823120117187500e+03,1.399237632751464844e+00,2.885660000000000114e+00,1.103557944297790527e+00,7.238415479660034180e-01
2.737228438423816357e+01,-6.597266651093792511e+00,1.462372070312500000e+03,1.622614383697509766e+00,2.885670000000000179e+00,9.476888775825500488e-01,5.920814275741577148e-01
2.738393242019901308e+01,-6.579127077190070949e+00,1.581391235351562500e+03,1.312121868133544922e+00,2.885680000000000245e+00,1.050228357315063477e+00,6.704356074333190918e-01
2.737874752759116959e+01,-6.554264665249467825e+00,1.751021850585937500e+03,1.368544816970825195e+00,2.885690000000000310e+00,9.457052350044250488e-01,6.193947792053222656e-01
2.737801692764316996e+01,-6.540108915241999554e+00,1.543769897460937500e+03,1.375703334808349609e+00,2.885700000000000376e+00,9.257923960685729980e-01,5.871986150741577148e-01
2.738337821255718652e+01,-6.527007199040079755e+00,1.220366210937500000e+03,1.135059118270874023e+00,2.885710000000000441e+00,9.923210144042968750e-01,5.857489705085754395e-01
2.737471394958608073e+01,-6.511886261742117377e+00,1.439912963867187500e+03,1.110498428344726562e+00,2.885720000000000063e+00,1.024669766426086426e+00,6.373239159584045410e-01
2.736440685526686778e+01,-6.489336711624443588e+00,1.669982055664062500e+03,1.229910373687744141e+00,2.885730000000000128e+00,9.074817895889282227e-01,5.875037908554077148e-01
2.737540418913776463e+01,-6.478129914644095599e+00,1.374800903320312500e+03,1.263315200805664062e+00,2.885740000000000194e+00,8.890185952186584473e-01,5.453893542289733887e-01
2.737487193471553582e+01,-6.452074573245244693e+00,1.600624511718750000e+03,1.074391126632690430e+00,2.885750000000000259e+00,9.901847243309020996e-01,6.341195702552795410e-01
2.737114279533192018e+01,-6.434124567322399457e+00,1.291686279296875000e+03,1.134913682937622070e+00,2.885760000000000325e+00,9.721792936325073242e-01,5.848334431648254395e-01
2.737203781485011689e+01,-6.414399089141053167e+00,1.266165893554687500e+03,1.306710958480834961e+00,2.885770000000000390e+00,9.424245357513427734e-01,5.632421970367431641e-01
2.737960971795870790e+01,-6.400010949306197183e+00,1.454583496093750000e+03,1.279007911682128906e+00,2.885780000000000456e+00,8.909259438514709473e-01,5.557653903961181641e-01
2.737875358117030089e+01,-6.379413299386767378e+00,1.230500244140625000e+03,1.064823389053344727e+00,2.885790000000000077e+00,9.062610864639282227e-01,5.364629030227661133e-01
2.736853331822408109e+01,-6.366923559818769895e+00,1.569495605468750000e+03,1.068902730941772461e+00,2.885800000000000143e+00,1.019405484199523926e+00,6.494547128677368164e-01
2.736885627926624309e+01,-6.347888982767345034e+00,1.870592651367187500e+03,1.114173650741577148e+00,2.885810000000000208e+00,9.785117506980895996e-01,6.507517099380493164e-01
2.737294954335886032e+01,-6.328902760896988333e+00,1.886649536132812500e+03,1.511799812316894531e+00,2.885820000000000274e+00,1.034587979316711426e+00,6.893565654754638672e-01
2.737040292198357250e+01,-6.306868411840338418e+00,1.737594238281250000e+03,1.325779676437377930e+00,2.885830000000000339e+00,1.132778644561767578e+00,7.405499815940856934e-01
2.736881109784265220e+01,-6.297232260824771721e+00,1.212620727539062500e+03,1.596012830734252930e+00,2.885840000000000405e+00,9.548605084419250488e-01,5.624029636383056641e-01
2.737560981483995093e+01,-6.277560499873197308e+00,1.676529541015625000e+03,1.509557485580444336e+00,2.885850000000000026e+00,1.085781455039978027e+00,7.036235928535461426e-01
2.737048618949300760e+01,-6.257154124256073757e+00,1.463317504882812500e+03,1.319059848785400391e+00,2.885860000000000092e+00,9.071003198623657227e-01,5.668280124664306641e-01
2.737142830217493028e+01,-6.241017607661149214e+00,1.274665039062500000e+03,1.607888460159301758e+00,2.885870000000000157e+00,8.604845404624938965e-01,5.154057145118713379e-01
2.737439283523062628e+01,-6.218343281505118725e+00,1.438648803710937500e+03,1.110517501831054688e+00,2.885880000000000223e+00,9.104572534561157227e-01,5.661413669586181641e-01
2.737430300419797291e+01,-6.200392434716437862e+00,1.439666625976562500e+03,1.089239835739135742e+00,2.885890000000000288e+00,1.001781463623046875e+00,6.230568885803222656e-01
2.737816572765949275e+01,-6.184782399245504436e+00,1.381124389648437500e+03,1.180262088775634766e+00,2.885900000000000354e+00,1.232037425041198730e+00,7.568769454956054688e-01
2.737716057198798936e+01,-6.165119483213752360e+00,1.612331054687500000e+03,1.435355663299560547e+00,2.885910000000000419e+00,1.061672449111938477e+00,6.811931133270263672e-01
2.738121034951254629e+01,-6.150360077258367753e+00,1.914743164062500000e+03,1.620862007141113281e+00,2.885920000000000041e+00,1.280942082405090332e+00,8.562883734703063965e-01
2.737219940447964817e+01,-6.130216955234606857e+00,1.283990966796875000e+03,1.664497375488281250e+00,2.885930000000000106e+00,1.062511682510375977e+00,6.379342675209045410e-01
2.737447961402436292e+01,-6.115931141517708447e+00,2.259252197265625000e+03,1.859576225280761719e+00,2.885940000000000172e+00,1.026882290840148926e+00,7.097271084785461426e-01
2.738310939553889867e+01,-6.103636342011890648e+00,1.494343627929687500e+03,1.520564079284667969e+00,2.885950000000000237e+00,1.317181825637817383e+00,8.279832005500793457e-01
2.737746888481298058e+01,-6.080368254564898933e+00,1.887757568359375000e+03,1.625490903854370117e+00,2.885960000000000303e+00,1.179165601730346680e+00,7.857924699783325195e-01
2.737281304866098708e+01,-6.059955627678335510e+00,2.200577636718750000e+03,1.644707441329956055e+00,2.885970000000000368e+00,1.078228354454040527e+00,7.415418028831481934e-01
2.737998869555586978e+01,-6.045275829441061788e+00,1.436780151367187500e+03,1.674113988876342773e+00,2.885980000000000434e+00,1.032070279121398926e+00,6.415200829505920410e-01
2.737594401855366399e+01,-6.025640251856700047e+00,1.386622680664062500e+03,1.774932861328125000e+00,2.885990000000000055e+00,9.002338647842407227e-01,5.537053942680358887e-01
2.736675591509601091e+01,-6.001458414302762279e+00,1.219953491210937500e+03,1.272395372390747070e+00,2.886000000000000121e+00,8.746752738952636719e-01,5.162449479103088379e-01
2.737620792854263030e+01,-5.987560607842920213e+00,1.387397583007812500e+03,1.049326181411743164e+00,2.886010000000000186e+00,8.699450492858886719e-01,5.351659059524536133e-01
2.737874222927756662e+01,-5.961662482089226778e+00,1.200383544921875000e+03,9.559769034385681152e-01,2.886020000000000252e+00,8.002883791923522949e-01,4.697054624557495117e-01
2.737040010279026347e+01,-5.952149577811170822e+00,1.258712280273437500e+03,8.945018649101257324e-01,2.886030000000000317e+00,7.549695968627929688e-01,4.503267407417297363e-01
2.737528291011435755e+01,-5.932114916863066689e+00,1.160168945312500000e+03,8.864182829856872559e-01,2.886040000000000383e+00,7.768660783767700195e-01,4.504793286323547363e-01
2.738260005222479876e+01,-5.913736310777788496e+00,1.899952026367187500e+03,7.521147131919860840e-01,2.886050000000000448e+00,9.167134165763854980e-01,6.117653250694274902e-01
2.737121902867813006e+01,-5.894774874100230377e+00,1.168593139648437500e+03,8.859438300132751465e-01,2.886060000000000070e+00,9.152638316154479980e-01,5.321141481399536133e-01
2.736905907090168455e+01,-5.879708711531655752e+00,1.432502807617187500e+03,1.048327207565307617e+00,2.886070000000000135e+00,1.062206506729125977e+00,6.596781015396118164e-01
2.737155400773400871e+01,-5.856794002584615022e+00,1.403531005859375000e+03,1.207543134689331055e+00,2.886080000000000201e+00,1.007579803466796875e+00,6.219887733459472656e-01
2.737455796557171084e+01,-5.844163500695582769e+00,1.416855712890625000e+03,1.429848194122314453e+00,2.886090000000000266e+00,9.486806988716125488e-01,5.872749090194702148e-01
2.736500899858958391e+01,-5.828014848695064032e+00,1.945410644531250000e+03,1.234915971755981445e+00,2.886100000000000332e+00,1.162228226661682129e+00,7.796126604080200195e-01
2.738052329967628040e+01,-5.808665617977780471e+00,1.642417358398437500e+03,1.402559995651245117e+00,2.886110000000000397e+00,1.249890327453613281e+00,8.057816028594970703e-01
2.737680414283713404e+01,-5.792143359228387745e+00,1.360324951171875000e+03,1.713956117630004883e+00,2.886120000000000019e+00,1.049236536026000977e+00,6.415963768959045410e-01
2.736365411449931173e+01,-5.768717445795079612e+00,1.662517211914062500e+03,1.584305286407470703e+00,2.886130000000000084e+00,1.147884964942932129e+00,7.423048019409179688e-01
2.737142381406930269e+01,-5.754713598966015198e+00,1.574365112304687500e+03,1.564123153686523438e+00,2.886140000000000150e+00,9.459341168403625488e-01,6.031441092491149902e-01
2.737406230449562372e+01,-5.737001092781685685e+00,1.520133056640625000e+03,1.809923171997070312e+00,2.886150000000000215e+00,1.008342742919921875e+00,6.368661522865295410e-01
2.736936914545090360e+01,-5.713830585493608893e+00,1.377647338867187500e+03,1.224017858505249023e+00,2.886160000000000281e+00,1.091045737266540527e+00,6.697489619255065918e-01
2.736798475039375234e+01,-5.697935770798833843e+00,1.280735229492187500e+03,1.305895566940307617e+00,2.886170000000000346e+00,1.119732379913330078e+00,6.717326045036315918e-01
2.737667066260135229e+01,-5.684968316128576227e+00,1.445209106445312500e+03,1.461809396743774414e+00,2.886180000000000412e+00,9.852256178855895996e-01,6.134437918663024902e-01
2.736921848111472499e+01,-5.661011176895046404e+00,1.285913696289062500e+03,1.536646604537963867e+00,2.886190000000000033e+00,1.010173797607421875e+00,6.068062186241149902e-01
2.736366477471671033e+01,-5.647089933171474563e+00,2.008449829101562500e+03,1.194664955139160156e+00,2.886200000000000099e+00,1.567655801773071289e+00,1.058696985244750977e+00
2.737054944433685577e+01,-5.630504555933240951e+00,2.140327636718750000e+03,1.627186059951782227e+00,2.886210000000000164e+00,1.517759442329406738e+00,1.038250088691711426e+00
2.737245156215911734e+01,-5.614355281626724370e+00,1.485258178710937500e+03,2.747361183166503906e+00,2.886220000000000230e+00,1.191296339035034180e+00,7.475690841674804688e-01
2.737066645949517962e+01,-5.600322094409266427e+00,1.576381347656250000e+03,2.438193082809448242e+00,2.886230000000000295e+00,1.013912200927734375e+00,6.467080712318420410e-01
2.737530782901926329e+01,-5.576261988240508671e+00,2.108966796875000000e+03,1.903179407119750977e+00,2.886240000000000361e+00,1.023754239082336426e+00,6.982830166816711426e-01
2.737333121728526564e+01,-5.562676023271196257e+00,1.122106567382812500e+03,1.423503875732421875e+00,2.886250000000000426e+00,1.035503506660461426e+00,5.931495428085327148e-01
2.737242721372655296e+01,-5.541721890231904979e+00,1.380187500000000000e+03,1.351637363433837891e+00,2.886260000000000048e+00,9.959068298339843750e-01,6.116890311241149902e-01
2.737934225738086980e+01,-5.529236395823411421e+00,1.392202636718750000e+03,1.207532405853271484e+00,2.886270000000000113e+00,9.929313659667968750e-01,6.114601492881774902e-01
2.737803386484156221e+01,-5.501300113937825920e+00,1.296184326171875000e+03,1.188679456710815430e+00,2.886280000000000179e+00,9.101520776748657227e-01,5.481359362602233887e-01
2.737040420507585026e+01,-5.482494016556655581e+00,1.188286254882812500e+03,1.251151084899902344e+00,2.886290000000000244e+00,8.334000706672668457e-01,4.874057173728942871e-01
2.736892422576611139e+01,-5.468591668171909781e+00,1.400040527343750000e+03,9.560877680778503418e-01,2.886300000000000310e+00,8.946643471717834473e-01,5.518743395805358887e-01
2.737940515104697070e+01,-5.449773412039014886e+00,1.390301757812500000e+03,8.638889193534851074e-01,2.886310000000000375e+00,1.054195642471313477e+00,6.489206552505493164e-01
2.737739517797279021e+01,-5.437251611362739823e+00,1.044952758789062500e+03,1.046164751052856445e+00,2.886320000000000441e+00,1.071819543838500977e+00,5.972694158554077148e-01
2.736864107090807607e+01,-5.412815194729089896e+00,1.175990234375000000e+03,1.406723976135253906e+00,2.886330000000000062e+00,1.002239227294921875e+00,5.839942097663879395e-01
2.737417258949658105e+01,-5.398289954776053001e+00,1.601259887695312500e+03,1.186189174652099609e+00,2.886340000000000128e+00,1.038326382637023926e+00,6.650187373161315918e-01
2.738055410585906913e+01,-5.382579032752792259e+00,1.315301147460937500e+03,1.162749052047729492e+00,2.886350000000000193e+00,1.060222864151000977e+00,6.415200829505920410e-01
2.737499607882989139e+01,-5.364083526769920063e+00,1.615005126953125000e+03,1.172072410583496094e+00,2.886360000000000259e+00,1.344571471214294434e+00,8.630785346031188965e-01
2.737950305350211977e+01,-5.350063350117512329e+00,1.504025512695312500e+03,1.618967771530151367e+00,2.886370000000000324e+00,8.707842826843261719e-01,5.483648180961608887e-01
2.737015734434928049e+01,-5.333266249614117882e+00,1.354815307617187500e+03,1.654153585433959961e+00,2.886380000000000390e+00,9.248768687248229980e-01,5.648443698883056641e-01
2.737827396258519386e+01,-5.312759373356068515e+00,1.288431396484375000e+03,1.171179533004760742e+00,2.886390000000000455e+00,1.048244714736938477e+00,6.300759315490722656e-01
2.736831234750299302e+01,-5.285690032885463907e+00,1.432816528320312500e+03,1.205058813095092773e+00,2.886400000000000077e+00,9.487569928169250488e-01,5.892585515975952148e-01
2.737084602323905003e+01,-5.271904873904064814e+00,1.617066528320312500e+03,1.227660894393920898e+00,2.886410000000000142e+00,1.018566250801086426e+00,6.540323495864868164e-01
2.737364017769313662e+01,-5.258951893049496285e+00,1.509201049804687500e+03,1.226754903793334961e+00,2.886420000000000208e+00,1.072811365127563477e+00,6.762339472770690918e-01
2.737127152844789180e+01,-5.237545878069701288e+00,1.794526123046875000e+03,1.527152776718139648e+00,2.886430000000000273e+00,9.379231929779052734e-01,6.178689002990722656e-01
2.737673177130522006e+01,-5.215556951582179579e+00,1.487740600585937500e+03,1.379960298538208008e+00,2.886440000000000339e+00,9.888877272605895996e-01,6.208443641662597656e-01
2.737423573963599921e+01,-5.197930838605065773e+00,1.552478393554687500e+03,1.296561479568481445e+00,2.886450000000000404e+00,9.251057505607604980e-01,5.876563787460327148e-01
2.736921891786165162e+01,-5.183691681827076181e+00,1.807607910156250000e+03,1.106932878494262695e+00,2.886460000000000026e+00,1.372571468353271484e+00,9.057270288467407227e-01
2.736792596702045088e+01,-5.169438954106705175e+00,1.492488647460937500e+03,1.537936449050903320e+00,2.886470000000000091e+00,9.203755259513854980e-01,5.783484578132629395e-01
2.737332584043436867e+01,-5.147572232508391465e+00,1.722378173828125000e+03,1.642285108566284180e+00,2.886480000000000157e+00,1.054729700088500977e+00,6.880595684051513672e-01
2.737146472055595225e+01,-5.126638406432899586e+00,1.565514282226562500e+03,1.153349399566650391e+00,2.886490000000000222e+00,1.195416212081909180e+00,7.610731720924377441e-01
2.737068448290964540e+01,-5.111384182429281609e+00,1.252624877929687500e+03,1.613401889801025391e+00,2.886500000000000288e+00,1.079677939414978027e+00,6.429696679115295410e-01
2.737347687869992185e+01,-5.098181696566728149e+00,1.557832031250000000e+03,1.601024389266967773e+00,2.886510000000000353e+00,1.136517047882080078e+00,7.226208448410034180e-01
2.737320542952976155e+01,-5.077649406347853223e+00,1.712323242187500000e+03,1.632657766342163086e+00,2.886520000000000419e+00,1.042064785957336426e+00,6.788279414176940918e-01
2.737016376913065585e+01,-5.061153422431857507e+00,1.618115600585937500e+03,1.465125799179077148e+00,2.886530000000000040e+00,8.576616644859313965e-01,5.508062243461608887e-01
2.736841400627078258e+01,-5.047811813975516593e+00,2.176161376953125000e+03,1.350584745407104492e+00,2.886540000000000106e+00,8.229478001594543457e-01,5.647680759429931641e-01
2.737248219005198990e+01,-5.019529398743920012e+00,1.237858642578125000e+03,9.765774607658386230e-01,2.886550000000000171e+00,9.601247906684875488e-01,5.694983005523681641e-01
2.738156496537012075e+01,-5.007194835124797017e+00,1.064085571289062500e+03,1.084752798080444336e+00,2.886560000000000237e+00,7.778578996658325195e-01,4.365937709808349609e-01
2.736941162753949897e+01,-4.989824487816047593e+00,1.700454101562500000e+03,9.823674559593200684e-01,2.886570000000000302e+00,8.048660755157470703e-01,5.234165787696838379e-01
2.737785403715039578e+01,-4.963553279005950891e+00,1.174959716796875000e+03,7.451338171958923340e-01,2.886580000000000368e+00,8.199722766876220703e-01,4.776400625705718994e-01
2.737624771385193867e+01,-4.950667366141621173e+00,1.045823852539062500e+03,8.912820219993591309e-01,2.886590000000000433e+00,8.212693333625793457e-01,4.578035771846771240e-01
2.737559801516739810e+01,-4.927830383972167994e+00,1.285594238281250000e+03,7.593483328819274902e-01,2.886600000000000055e+00,9.208332896232604980e-01,5.530950427055358887e-01
2.737740139765372049e+01,-4.911402159954333158e+00,1.203448242187500000e+03,9.082788825035095215e-01,2.886610000000000120e+00,9.586752057075500488e-01,5.631659030914306641e-01
2.738438442520297755e+01,-4.890066225883456852e+00,1.921257202148437500e+03,9.542078375816345215e-01,2.886620000000000186e+00,1.138348102569580078e+00,7.615309357643127441e-01
2.737447079991216725e+01,-4.875877568805421447e+00,1.436411376953125000e+03,1.208250045776367188e+00,2.886630000000000251e+00,1.200070142745971680e+00,7.458906173706054688e-01
2.737881646108046851e+01,-4.858244754955032718e+00,1.525229980468750000e+03,1.606710672378540039e+00,2.886640000000000317e+00,1.450086355209350586e+00,9.167134165763854980e-01
2.738398455932847497e+01,-4.838146289908585196e+00,1.680418945312500000e+03,1.922026395797729492e+00,2.886650000000000382e+00,1.303067445755004883e+00,8.449205160140991211e-01
2.737916442686991658e+01,-4.824858662808347631e+00,1.711985961914062500e+03,1.879111051559448242e+00,2.886660000000000448e+00,1.183132886886596680e+00,7.706862092018127441e-01
2.737837401595272979e+01,-4.804649172324733541e+00,1.921206420898437500e+03,1.873799085617065430e+00,2.886670000000000069e+00,1.085094809532165527e+00,7.259014844894409180e-01
2.738067429848522849e+01,-4.786623192538261407e+00,1.421502563476562500e+03,1.823285341262817383e+00,2.886680000000000135e+00,9.228932261466979980e-01,5.718634724617004395e-01
2.737804276547822013e+01,-4.766475290559358591e+00,1.436117797851562500e+03,1.388957023620605469e+00,2.886690000000000200e+00,9.665335416793823242e-01,6.007026433944702148e-01
2.737532273734003141e+01,-4.746473837064608681e+00,1.283780639648437500e+03,1.177587032318115234e+00,2.886700000000000266e+00,9.898795485496520996e-01,5.942939519882202148e-01
2.738123997591842596e+01,-4.729927821481093808e+00,1.646472290039062500e+03,1.148343801498413086e+00,2.886710000000000331e+00,1.005825042724609375e+00,6.488443613052368164e-01
2.737619555877325794e+01,-4.710738792993293345e+00,1.369125122070312500e+03,1.149323701858520508e+00,2.886720000000000397e+00,1.063350915908813477e+00,6.515146493911743164e-01
2.737522679611440068e+01,-4.698095525282119489e+00,1.143313842773437500e+03,1.312084913253784180e+00,2.886730000000000018e+00,9.421193599700927734e-01,5.434057116508483887e-01
2.737237693828389240e+01,-4.683935876532745013e+00,1.227443115234375000e+03,1.205029010772705078e+00,2.886740000000000084e+00,9.512746930122375488e-01,5.626318454742431641e-01
2.738290542130789262e+01,-4.660294999088462120e+00,1.307137451171875000e+03,1.067630767822265625e+00,2.886750000000000149e+00,8.969531655311584473e-01,5.416509509086608887e-01
2.737981526374117891e+01,-4.641346806096066757e+00,1.267921264648437500e+03,1.102880954742431641e+00,2.886760000000000215e+00,9.417378902435302734e-01,5.630896091461181641e-01
2.737469046634920034e+01,-4.624832279977761473e+00,1.505073242187500000e+03,1.038969278335571289e+00,2.886770000000000280e+00,8.508714437484741211e-01,5.359288454055786133e-01
2.738123237240665375e+01,-4.608321296154344715e+00,1.494045288085937500e+03,1.043827056884765625e+00,2.886780000000000346e+00,1.191143751144409180e+00,7.487134933471679688e-01
2.737613663760699723e+01,-4.591402825315809899e+00,1.295239257812500000e+03,1.150390625000000000e+00,2.886790000000000411e+00,8.845172524452209473e-01,5.325719118118286133e-01
2.737289491061323687e+01,-4.574470355833208934e+00,1.370225219726562500e+03,1.447706937789916992e+00,2.886800000000000033e+00,1.017650723457336426e+00,6.236672401428222656e-01
2.737889276992703103e+01,-4.559404171781956450e+00,1.467755249023437500e+03,9.371644854545593262e-01,2.886810000000000098e+00,1.010860443115234375e+00,6.322121620178222656e-01
2.738153052003172405e+01,-4.536229025530881032e+00,1.254575317382812500e+03,1.342294931411743164e+00,2.886820000000000164e+00,8.524736762046813965e-01,5.079289078712463379e-01
2.737282054838038903e+01,-4.522709771794150235e+00,1.935793701171875000e+03,1.198572635650634766e+00,2.886830000000000229e+00,7.723646759986877441e-01,5.175419449806213379e-01
2.737555688139319443e+01,-4.500949877382098840e+00,1.445447875976562500e+03,9.164816737174987793e-01,2.886840000000000295e+00,8.298142552375793457e-01,5.167027115821838379e-01
2.737745441622653431e+01,-4.482832212489451962e+00,1.719562744140625000e+03,8.407515883445739746e-01,2.886850000000000360e+00,9.888114333152770996e-01,6.448007225990295410e-01
2.737165127386136021e+01,-4.467834887758975526e+00,1.372365356445312500e+03,9.968525767326354980e-01,2.886860000000000426e+00,1.050762414932250977e+00,6.442666649818420410e-01
2.737664821270079685e+01,-4.456260855815465938e+00,1.603418945312500000e+03,1.223959445953369141e+00,2.886870000000000047e+00,1.096310019493103027e+00,7.024028897285461426e-01
2.737862638045633545e+01,-4.432009494619463474e+00,1.553612426757812500e+03,1.352067708969116211e+00,2.886880000000000113e+00,9.986534118652343750e-01,6.345010399818420410e-01
2.737613027498250062e+01,-4.411256068345335457e+00,1.963424682617187500e+03,1.324966669082641602e+00,2.886890000000000178e+00,1.164135575294494629e+00,7.824355363845825195e-01
2.737338694224598967e+01,-4.399644222120852710e+00,1.383581542968750000e+03,1.386690855026245117e+00,2.886900000000000244e+00,9.034382104873657227e-01,5.553076267242431641e-01
2.736957965166257978e+01,-4.375773725273921499e+00,1.179286743164062500e+03,1.341986179351806641e+00,2.886910000000000309e+00,9.494436383247375488e-01,5.537816882133483887e-01
2.737427242512085712e+01,-4.360958076308468989e+00,1.147865478515625000e+03,1.089128971099853516e+00,2.886920000000000375e+00,8.710131645202636719e-01,5.031223297119140625e-01
2.737253965829632563e+01,-4.346238997717361663e+00,1.426880371093750000e+03,1.049425125122070312e+00,2.886930000000000440e+00,9.772147536277770996e-01,6.061958670616149902e-01
2.736759886944383169e+01,-4.327675700804440417e+00,1.472180908203125000e+03,9.363705515861511230e-01,2.886940000000000062e+00,9.523428082466125488e-01,5.961250066757202148e-01
2.737605550850691216e+01,-4.302888811888470499e+00,1.315057983398437500e+03,1.276291131973266602e+00,2.886950000000000127e+00,1.016277432441711426e+00,6.148933768272399902e-01
2.736871346095364999e+01,-4.288474191077528808e+00,1.348718261718750000e+03,1.245414733886718750e+00,2.886960000000000193e+00,9.042774438858032227e-01,5.514928698539733887e-01
2.736747947936478553e+01,-4.270052888975976124e+00,1.293807617187500000e+03,1.248735904693603516e+00,2.886970000000000258e+00,1.009563446044921875e+00,6.076454520225524902e-01
2.737629225500393915e+01,-4.250810403232468282e+00,1.536442993164062500e+03,1.251029491424560547e+00,2.886980000000000324e+00,8.677325248718261719e-01,5.496618151664733887e-01
2.737142412461940211e+01,-4.229495126055898169e+00,1.190666259765625000e+03,1.163296222686767578e+00,2.886990000000000389e+00,9.560049176216125488e-01,5.595037937164306641e-01
2.736775841076077498e+01,-4.216367356058247751e+00,1.234517944335937500e+03,1.055931568145751953e+00,2.887000000000000455e+00,8.421739339828491211e-01,4.990787506103515625e-01
2.737377678785782464e+01,-4.200395435656202991e+00,1.708542114257812500e+03,1.091244935989379883e+00,2.887010000000000076e+00,9.434926509857177734e-01,6.142830252647399902e-01
2.737454117193226466e+01,-4.180989636551157851e+00,1.481736328125000000e+03,9.416288733482360840e-01,2.887020000000000142e+00,1.166424393653869629e+00,7.314710021018981934e-01
2.737034345092168408e+01,-4.157885642569630669e+00,1.088414916992187500e+03,1.388742446899414062e+00,2.887030000000000207e+00,9.811057448387145996e-01,5.555365085601806641e-01
2.737014743560981600e+01,-4.148902965051312286e+00,2.619190673828125000e+03,1.563685655593872070e+00,2.887040000000000273e+00,1.143002152442932129e+00,8.103592395782470703e-01
2.737929395000998767e+01,-4.126928299869401684e+00,1.394408203125000000e+03,1.270440340042114258e+00,2.887050000000000338e+00,9.312856197357177734e-01,5.737708210945129395e-01
2.737349163337970381e+01,-4.098760235589403500e+00,1.399886840820312500e+03,1.587295055389404297e+00,2.887060000000000404e+00,1.106075644493103027e+00,6.822612285614013672e-01
2.737446565370128937e+01,-4.086158922921968362e+00,1.897850341796875000e+03,1.253569841384887695e+00,2.887070000000000025e+00,1.205334544181823730e+00,8.041793704032897949e-01
2.737241561089335562e+01,-4.074809940372584371e+00,1.210423950195312500e+03,1.605953693389892578e+00,2.887080000000000091e+00,9.373128414154052734e-01,5.517217516899108887e-01
2.738114781622559946e+01,-4.055744089710614730e+00,1.161093872070312500e+03,1.512691497802734375e+00,2.887090000000000156e+00,1.004985809326171875e+00,5.829260945320129395e-01
2.737035285860753930e+01,-4.040374919925298514e+00,1.704251464843750000e+03,1.167472124099731445e+00,2.887100000000000222e+00,9.849967360496520996e-01,6.409097313880920410e-01
2.738265058037087130e+01,-4.015571694987659868e+00,1.324408691406250000e+03,1.307310581207275391e+00,2.887110000000000287e+00,1.093258261680603027e+00,6.629587411880493164e-01
2.738252843698274930e+01,-4.000983477404062683e+00,1.440852050781250000e+03,1.424575567245483398e+00,2.887120000000000353e+00,9.874381422996520996e-01,6.142830252647399902e-01
2.737177703296676157e+01,-3.982806073594075347e+00,1.217249389648437500e+03,1.277918338775634766e+00,2.887130000000000418e+00,1.085171103477478027e+00,6.399942040443420410e-01
2.738236130095021537e+01,-3.961687303534057847e+00,1.322213256835937500e+03,1.282485246658325195e+00,2.887140000000000040e+00,7.995254397392272949e-01,4.845828413963317871e-01
2.737890849981499386e+01,-3.946066565312736252e+00,1.062173461914062500e+03,1.286040067672729492e+00,2.887150000000000105e+00,8.725390434265136719e-01,4.893893897533416748e-01
2.737393957252434262e+01,-3.923436543054021008e+00,1.387032104492187500e+03,8.304185271263122559e-01,2.887160000000000171e+00,8.868823647499084473e-01,5.455419421195983887e-01
2.737546455204392259e+01,-3.908967284316721802e+00,1.134458251953125000e+03,9.262151122093200684e-01,2.887170000000000236e+00,8.256943821907043457e-01,4.748934805393218994e-01
2.738538689702316375e+01,-3.891689937656831244e+00,1.298260986328125000e+03,8.450383543968200684e-01,2.887180000000000302e+00,8.530840277671813965e-01,5.140324234962463379e-01
2.737569636295028275e+01,-3.875164433505296380e+00,1.467450195312500000e+03,8.529943823814392090e-01,2.887190000000000367e+00,8.596453070640563965e-01,5.376073122024536133e-01
2.737529466472301465e+01,-3.852160590992269373e+00,1.372994506835937500e+03,1.047694206237792969e+00,2.887200000000000433e+00,8.340104222297668457e-01,5.114384293556213379e-01
2.737941732720608101e+01,-3.835309356445079310e+00,1.225984741210937500e+03,1.043022394180297852e+00,2.887210000000000054e+00,1.006893157958984375e+00,5.952857732772827148e-01
2.738305778205157992e+01,-3.816741590257542338e+00,1.550590209960937500e+03,9.214240908622741699e-01,2.887220000000000120e+00,1.153683304786682129e+00,7.326154112815856934e-01
2.737311588794146289e+01,-3.800048373079220720e+00,1.648072265625000000e+03,1.393652677536010742e+00,2.887230000000000185e+00,1.032299160957336426e+00,6.660868525505065918e-01
2.738110612456681636e+01,-3.786258317666475470e+00,1.799353393554687500e+03,1.518399238586425781e+00,2.887240000000000251e+00,8.945117592811584473e-01,5.896400213241577148e-01
2.738156133930285208e+01,-3.762791276361421744e+00,1.423507690429687500e+03,1.263212680816650391e+00,2.887250000000000316e+00,1.006816864013671875e+00,6.241250038146972656e-01
2.737826182417991916e+01,-3.747516418451339426e+00,2.404236328125000000e+03,1.173623323440551758e+00,2.887260000000000382e+00,1.268506169319152832e+00,8.865771889686584473e-01
2.737518074899856302e+01,-3.732736792366123435e+00,1.478832153320312500e+03,1.498651027679443359e+00,2.887270000000000447e+00,1.153072953224182129e+00,7.226971387863159180e-01
2.738354827703855321e+01,-3.709817475706691070e+00,1.244136596679687500e+03,1.807484149932861328e+00,2.887280000000000069e+00,9.830130934715270996e-01,5.840705037117004395e-01
2.737206857835828444e+01,-3.695778229593751352e+00,1.585674682617187500e+03,1.355903863906860352e+00,2.887290000000000134e+00,9.569204449653625488e-01,6.113075613975524902e-01
2.737495846370932995e+01,-3.679197119099336888e+00,1.186461791992187500e+03,1.205473661422729492e+00,2.887300000000000200e+00,8.469041585922241211e-01,4.950351417064666748e-01
2.738167242699413251e+01,-3.653759170876408557e+00,1.299790283203125000e+03,1.024932384490966797e+00,2.887310000000000265e+00,9.747732877731323242e-01,5.875800848007202148e-01
2.737445445906518415e+01,-3.637232581521399943e+00,1.235897583007812500e+03,9.607786536216735840e-01,2.887320000000000331e+00,1.032451748847961426e+00,6.120705008506774902e-01
2.737055107777056051e+01,-3.621440583667447921e+00,1.398936401367187500e+03,1.101223945617675781e+00,2.887330000000000396e+00,1.237683296203613281e+00,7.632856965065002441e-01
2.737129024737486915e+01,-3.602220263179168214e+00,1.976627807617187500e+03,1.344531297683715820e+00,2.887340000000000018e+00,1.220288157463073730e+00,8.213456273078918457e-01
2.737936026749416740e+01,-3.583529963264920237e+00,1.534068969726562500e+03,1.790506362915039062e+00,2.887350000000000083e+00,1.228375315666198730e+00,7.777816057205200195e-01
2.737441667882743346e+01,-3.565029205921766309e+00,1.768929931640625000e+03,2.066403150558471680e+00,2.887360000000000149e+00,1.209530711174011230e+00,7.941085696220397949e-01
2.737716992981096453e+01,-3.548697458514955994e+00,1.469099243164062500e+03,1.921077489852905273e+00,2.887370000000000214e+00,1.169628739356994629e+00,7.316998839378356934e-01
2.737479397784213475e+01,-3.528024871983238331e+00,1.805325439453125000e+03,1.728540182113647461e+00,2.887380000000000280e+00,1.003231048583984375e+00,6.618143320083618164e-01
2.737033173311281331e+01,-3.513538359120468080e+00,1.993296630859375000e+03,1.484061002731323242e+00,2.887390000000000345e+00,9.919394850730895996e-01,6.688334345817565918e-01
2.737305614005031273e+01,-3.501473753939884137e+00,1.356893798828125000e+03,1.537806510925292969e+00,2.887400000000000411e+00,8.424028158187866211e-01,5.147190690040588379e-01
2.737655698679510152e+01,-3.470651365739640060e+00,1.604473999023437500e+03,1.251765012741088867e+00,2.887410000000000032e+00,1.003612518310546875e+00,6.431222558021545410e-01
2.737990805982157738e+01,-3.458517796281758372e+00,1.509469970703125000e+03,1.275399446487426758e+00,2.887420000000000098e+00,7.983810305595397949e-01,5.032749176025390625e-01
2.737469586059205184e+01,-3.440815324069122383e+00,1.403077880859375000e+03,1.066617488861083984e+00,2.887430000000000163e+00,9.075580835342407227e-01,5.601904392242431641e-01
2.737465108840998695e+01,-3.420489646238551451e+00,1.231736572265625000e+03,1.421650171279907227e+00,2.887440000000000229e+00,8.537706732749938965e-01,5.055637359619140625e-01
2.737655700480357268e+01,-3.411238702230104725e+00,1.293215820312500000e+03,1.212067127227783203e+00,2.887450000000000294e+00,8.815417289733886719e-01,5.305119752883911133e-01
2.737241998471372639e+01,-3.389825937463489147e+00,1.333414916992187500e+03,1.043406248092651367e+00,2.887460000000000360e+00,8.399614095687866211e-01,5.104466080665588379e-01
2.736888620429532892e+01,-3.374606757153095771e+00,2.052738525390625000e+03,1.016575813293457031e+00,2.887470000000000425e+00,1.012691497802734375e+00,6.869914531707763672e-01
2.737450810334666329e+01,-3.357425497400939207e+00,1.341946166992187500e+03,1.049050807952880859e+00,2.887480000000000047e+00,8.179886341094970703e-01,4.980869293212890625e-01
2.737073359413312801e+01,-3.336463373037122704e+00,2.553818847656250000e+03,1.298403263092041016e+00,2.887490000000000112e+00,8.314164280891418457e-01,5.870460271835327148e-01
2.736503211100930244e+01,-3.317739076852832092e+00,1.128756835937500000e+03,8.918780684471130371e-01,2.887500000000000178e+00,8.757433891296386719e-01,5.027408599853515625e-01
2.737345152911613511e+01,-3.295912921952468988e+00,1.230725830078125000e+03,1.122687578201293945e+00,2.887510000000000243e+00,8.913837075233459473e-01,5.276890993118286133e-01
2.738068767810772641e+01,-3.287748957675005190e+00,1.482230346679687500e+03,8.751994967460632324e-01,2.887520000000000309e+00,9.891929030418395996e-01,6.203866004943847656e-01
2.737014551518294070e+01,-3.266101093923333920e+00,1.197283203125000000e+03,1.158067703247070312e+00,2.887530000000000374e+00,8.745226860046386719e-01,5.128117203712463379e-01
2.737475675943218789e+01,-3.249784390023652492e+00,1.131203979492187500e+03,1.035131931304931641e+00,2.887540000000000440e+00,1.009029388427734375e+00,5.797217488288879395e-01
2.738249123583711508e+01,-3.231578216063095255e+00,1.208486938476562500e+03,1.134662151336669922e+00,2.887550000000000061e+00,8.720812797546386719e-01,5.130406022071838379e-01
2.737542262591249198e+01,-3.210025317723336435e+00,1.032830688476562500e+03,1.071911573410034180e+00,2.887560000000000127e+00,9.289967417716979980e-01,5.152531266212463379e-01
2.737515640041712217e+01,-3.196476537017525654e+00,1.506184204101562500e+03,9.719294905662536621e-01,2.887570000000000192e+00,8.594164252281188965e-01,5.414220690727233887e-01
2.738067562535110255e+01,-3.172901212665914628e+00,1.436255493164062500e+03,9.833199381828308105e-01,2.887580000000000258e+00,1.069988489151000977e+00,6.650187373161315918e-01
2.737707219331467812e+01,-3.155730758031828120e+00,2.112719726562500000e+03,1.264130592346191406e+00,2.887590000000000323e+00,1.120113849639892578e+00,7.642775177955627441e-01
2.737286579993845237e+01,-3.146393370175652571e+00,1.497302246093750000e+03,1.436414241790771484e+00,2.887600000000000389e+00,1.280789494514465332e+00,8.055527210235595703e-01
2.737519886969579730e+01,-3.123737762473835389e+00,2.266865722656250000e+03,1.849288463592529297e+00,2.887610000000000454e+00,1.133694171905517578e+00,7.840377092361450195e-01
2.737893327933716492e+01,-3.101048306999225623e+00,1.661744995117187500e+03,1.799764156341552734e+00,2.887620000000000076e+00,1.357694029808044434e+00,8.778796195983886719e-01
2.737310966966229842e+01,-3.086328832840806502e+00,1.503774536132812500e+03,1.883741140365600586e+00,2.887630000000000141e+00,1.088909506797790527e+00,6.856944561004638672e-01
2.737958191619140180e+01,-3.068272361221112465e+00,1.211286010742187500e+03,1.938668012619018555e+00,2.887640000000000207e+00,1.028179287910461426e+00,6.053566336631774902e-01
2.738361959109812460e+01,-3.053811917064880532e+00,1.555045410156250000e+03,1.407466650009155273e+00,2.887650000000000272e+00,1.037181973457336426e+00,6.591440439224243164e-01
2.737675454790917584e+01,-3.029435650323307527e+00,1.603673217773437500e+03,1.445344209671020508e+00,2.887660000000000338e+00,1.127819538116455078e+00,7.226208448410034180e-01
2.738105539513817277e+01,-3.015785415382102208e+00,1.360111694335937500e+03,1.550199508666992188e+00,2.887670000000000403e+00,1.053280115127563477e+00,6.440377831459045410e-01
2.738161523236617612e+01,-2.993964671994503668e+00,1.409481567382812500e+03,1.606035947799682617e+00,2.887680000000000025e+00,1.082348227500915527e+00,6.689860224723815918e-01
2.737442181464931679e+01,-2.974453618255337162e+00,1.555916503906250000e+03,1.315830469131469727e+00,2.887690000000000090e+00,1.049389123916625977e+00,6.670023798942565918e-01
2.737124242300429700e+01,-2.960225850885657817e+00,9.821997680664062500e+02,1.319522380828857422e+00,2.887700000000000156e+00,9.920157790184020996e-01,5.388280153274536133e-01
2.738262996147988915e+01,-2.944079989099762429e+00,1.705385009765625000e+03,1.198385477066040039e+00,2.887710000000000221e+00,9.387624263763427734e-01,6.109260916709899902e-01
2.737380266111741278e+01,-2.922557551735830650e+00,1.854943481445312500e+03,1.159902334213256836e+00,2.887720000000000287e+00,9.142720103263854980e-01,6.068825125694274902e-01
2.737487190589745012e+01,-2.901936981854239761e+00,1.723080078125000000e+03,1.136621952056884766e+00,2.887730000000000352e+00,9.131275415420532227e-01,5.957435369491577148e-01
2.737796276293576270e+01,-2.883470360889708761e+00,1.219185791015625000e+03,1.121557474136352539e+00,2.887740000000000418e+00,9.834708571434020996e-01,5.803321003913879395e-01
2.737807656386290489e+01,-2.867001987641548677e+00,1.434723632812500000e+03,1.147326946258544922e+00,2.887750000000000039e+00,1.039623379707336426e+00,6.459451317787170410e-01
2.737380644322984224e+01,-2.849157492647911738e+00,1.352523437500000000e+03,1.333316087722778320e+00,2.887760000000000105e+00,8.183701038360595703e-01,4.995365142822265625e-01
2.736975988052363462e+01,-2.834546157411525602e+00,1.444764160156250000e+03,1.151461124420166016e+00,2.887770000000000170e+00,1.009944915771484375e+00,6.287789344787597656e-01
2.737338711736834540e+01,-2.819956610875396397e+00,1.593304931640625000e+03,9.694761633872985840e-01,2.887780000000000236e+00,1.027874112129211426e+00,6.574655771255493164e-01
2.737189669961610505e+01,-2.800637534832205233e+00,1.386568115234375000e+03,1.323532581329345703e+00,2.887790000000000301e+00,1.115459918975830078e+00,6.860759258270263672e-01
2.736649850653087768e+01,-2.776959752847510732e+00,1.710211303710937500e+03,1.305527210235595703e+00,2.887800000000000367e+00,1.028789639472961426e+00,6.699778437614440918e-01
2.737095465929540339e+01,-2.757479544042643838e+00,1.592902099609375000e+03,1.570900201797485352e+00,2.887810000000000432e+00,9.576833844184875488e-01,6.125282645225524902e-01
2.737540895271600050e+01,-2.736359969656536162e+00,1.622995727539062500e+03,1.248920679092407227e+00,2.887820000000000054e+00,1.080517172813415527e+00,6.944682598114013672e-01
2.737028115567197517e+01,-2.725764760189759439e+00,1.517723388671875000e+03,1.249203205108642578e+00,2.887830000000000119e+00,9.724081754684448242e-01,6.139015555381774902e-01
2.737031845510401240e+01,-2.705369864900086796e+00,1.530997924804687500e+03,1.511150121688842773e+00,2.887840000000000185e+00,9.624899625778198242e-01,6.090950369834899902e-01
2.737413342834330265e+01,-2.690127470504811491e+00,1.117856323242187500e+03,1.139171838760375977e+00,2.887850000000000250e+00,1.019100308418273926e+00,5.829260945320129395e-01
2.736975913395257365e+01,-2.676156807005436900e+00,1.722485473632812500e+03,1.310125112533569336e+00,2.887860000000000316e+00,9.487569928169250488e-01,6.189370155334472656e-01
2.736500915389396127e+01,-2.655438775656140393e+00,1.692011108398437500e+03,1.143546819686889648e+00,2.887870000000000381e+00,1.006130218505859375e+00,6.534982919692993164e-01
2.737558703627606960e+01,-2.645051921816799378e+00,1.098744018554687500e+03,1.350070953369140625e+00,2.887880000000000447e+00,9.868277907371520996e-01,5.608007907867431641e-01
2.737001107747951067e+01,-2.621137325135499463e+00,1.577812988281250000e+03,1.150847196578979492e+00,2.887890000000000068e+00,1.118664264678955078e+00,7.136944532394409180e-01
2.737121272810396988e+01,-2.602466151591134924e+00,1.155874755859375000e+03,1.365824460983276367e+00,2.887900000000000134e+00,8.414109945297241211e-01,4.872531294822692871e-01
2.737800089646108503e+01,-2.582574384940588885e+00,1.173255126953125000e+03,1.366079568862915039e+00,2.887910000000000199e+00,9.672964811325073242e-01,5.631659030914306641e-01
2.737307078463280163e+01,-2.567774935919232338e+00,1.581033325195312500e+03,9.928948283195495605e-01,2.887920000000000265e+00,1.176266431808471680e+00,7.508497238159179688e-01
2.736462791386826154e+01,-2.548870394817148277e+00,1.369728027343750000e+03,1.245914220809936523e+00,2.887930000000000330e+00,1.320309877395629883e+00,8.090622425079345703e-01
2.737077210672006444e+01,-2.532247714536609795e+00,1.310979980468750000e+03,1.841406345367431641e+00,2.887940000000000396e+00,7.996780276298522949e-01,4.833621382713317871e-01
2.737185905897848670e+01,-2.514486761981788998e+00,1.635880615234375000e+03,1.429939985275268555e+00,2.887950000000000017e+00,8.418687582015991211e-01,5.421850085258483887e-01
2.737100234335520099e+01,-2.488358340603752605e+00,1.086288085937500000e+03,9.143049120903015137e-01,2.887960000000000083e+00,9.086261987686157227e-01,5.141087174415588379e-01
2.736843841094790619e+01,-2.477760903501004641e+00,1.405964233398437500e+03,1.122623205184936523e+00,2.887970000000000148e+00,7.807570695877075195e-01,4.822177290916442871e-01
2.737108178452756135e+01,-2.458764761018015665e+00,9.985368041992187500e+02,1.010965824127197266e+00,2.887980000000000214e+00,8.971057534217834473e-01,4.906863868236541748e-01
2.737387723597288058e+01,-2.437442770600321218e+00,1.482524780273437500e+03,8.378786444664001465e-01,2.887990000000000279e+00,9.907187819480895996e-01,6.213784217834472656e-01
2.737029193119718684e+01,-2.416618973614872878e+00,1.692456176757812500e+03,1.124552011489868164e+00,2.888000000000000345e+00,1.068081140518188477e+00,6.937816143035888672e-01
2.737616951761798845e+01,-2.402119018423095831e+00,1.707622802734375000e+03,1.346883296966552734e+00,2.888010000000000410e+00,1.311383485794067383e+00,8.536943793296813965e-01
2.736830796167629742e+01,-2.389641962537169206e+00,1.585872070312500000e+03,1.747021198272705078e+00,2.888020000000000032e+00,9.823264479637145996e-01,6.275582313537597656e-01
2.737048942421828812e+01,-2.367977839681921548e+00,1.325225219726562500e+03,1.714385271072387695e+00,2.888030000000000097e+00,9.495199322700500488e-01,5.759070515632629395e-01
2.737391085658893530e+01,-2.348941910449142245e+00,1.326779907226562500e+03,1.266054630279541016e+00,2.888040000000000163e+00,8.681902885437011719e-01,5.267735719680786133e-01
2.737592519005511704e+01,-2.327153651080786201e+00,1.895195922851562500e+03,1.238104820251464844e+00,2.888050000000000228e+00,8.593401312828063965e-01,5.731604695320129395e-01
2.737468364462692705e+01,-2.314125373802199626e+00,1.234770019531250000e+03,9.928614497184753418e-01,2.888060000000000294e+00,9.817923903465270996e-01,5.818579792976379395e-01
2.737701085403518775e+01,-2.298134816456396834e+00,1.279012451171875000e+03,1.211655855178833008e+00,2.888070000000000359e+00,9.339559078216552734e-01,5.600378513336181641e-01
2.737879160190077599e+01,-2.278327060896314649e+00,1.004564086914062500e+03,1.184470176696777344e+00,2.888080000000000425e+00,8.510240316390991211e-01,4.666537046432495117e-01
2.737129872204740266e+01,-2.258120917382387738e+00,1.208795043945312500e+03,1.039242267608642578e+00,2.888090000000000046e+00,9.087024927139282227e-01,5.346318483352661133e-01
2.737007445501817671e+01,-2.241122855549223747e+00,1.249552734375000000e+03,1.069983959197998047e+00,2.888100000000000112e+00,8.014327883720397949e-01,4.768771231174468994e-01
2.738341208341909194e+01,-2.224651685620014252e+00,1.178178955078125000e+03,9.604234099388122559e-01,2.888110000000000177e+00,8.736071586608886719e-01,5.093784928321838379e-01
2.737220555020015667e+01,-2.200868430153367861e+00,2.243264892578125000e+03,8.505696654319763184e-01,2.888120000000000243e+00,9.090839624404907227e-01,6.274819374084472656e-01
2.736802936280468401e+01,-2.191113826710003654e+00,2.017004150390625000e+03,1.002363681793212891e+00,2.888130000000000308e+00,9.699667692184448242e-01,6.556345224380493164e-01
2.737767592305605291e+01,-2.174450231206657147e+00,2.031817504882812500e+03,1.184720516204833984e+00,2.888140000000000374e+00,1.073650598526000977e+00,7.268170714378356934e-01
2.737950403959977663e+01,-2.157758299012894287e+00,1.488181762695312500e+03,1.347790479660034180e+00,2.888150000000000439e+00,1.103634238243103027e+00,6.929423809051513672e-01
2.737263031641526112e+01,-2.143916260712764199e+00,1.386867187500000000e+03,1.493305683135986328e+00,2.888160000000000061e+00,1.066021203994750977e+00,6.557108163833618164e-01
2.737154513244276899e+01,-2.129898987411459998e+00,1.760079223632812500e+03,1.515371322631835938e+00,2.888170000000000126e+00,1.115917682647705078e+00,7.317761778831481934e-01
2.737804547666413413e+01,-2.119187633900267986e+00,1.394572631835937500e+03,1.602035284042358398e+00,2.888180000000000192e+00,3.434385061264038086e-01,2.116020619869232178e-01
2.737200671432955801e+01,-2.111039477893064564e+00,-2.071470312500000000e+04,1.537757635116577148e+00,2.888190000000000257e+00,6.763484328985214233e-02,5.741141363978385925e-02
2.737430347295780564e+01,-2.106108208811437343e+00,-8.565625000000000000e+02,5.557364821434020996e-01,2.888200000000000323e+00,3.726973384618759155e-02,5.054493248462677002e-02
2.738005215386613855e+01,-2.106405417049898698e+00,-1.065094848632812500e+03,2.701658308506011963e-01,2.888210000000000388e+00,4.070297628641128540e-02,5.016345903277397156e-02
