# x_coordinates, y_coordinates, TEP, TED, times, high, low
2.639291042213594807e+01,-9.913717386826146338e+00,1.009414550781250000e+03,4.532057344913482666e-01,2.874650000000000372e+00,9.347188472747802734e-01,5.135746598243713379e-01
2.640385961118682800e+01,-9.898262493800064732e+00,2.462054687500000000e+03,1.160237312316894531e+00,2.874660000000000437e+00,8.086807727813720703e-01,5.675146579742431641e-01
2.641694157552505118e+01,-9.890516475785171124e+00,1.472995971679687500e+03,1.097193479537963867e+00,2.874670000000000059e+00,7.730513215065002441e-01,4.839724898338317871e-01
2.642880432572862759e+01,-9.888230841677030369e+00,1.994345336914062500e+03,9.529704451560974121e-01,2.874680000000000124e+00,8.431657552719116211e-01,5.685827732086181641e-01
2.644009311031235043e+01,-9.882684595650271575e+00,1.467684326171875000e+03,9.785217642784118652e-01,2.874690000000000190e+00,8.929095864295959473e-01,5.584356784820556641e-01
2.644666090223058319e+01,-9.865923281166065095e+00,1.417329956054687500e+03,1.054402112960815430e+00,2.874700000000000255e+00,9.488332867622375488e-01,5.874274969100952148e-01
2.645364222338597315e+01,-9.859493140500482866e+00,1.848513305664062500e+03,1.207775592803955078e+00,2.874710000000000321e+00,8.190567493438720703e-01,5.432531237602233887e-01
2.645508032741573246e+01,-9.844489511237123125e+00,1.514462036132812500e+03,1.187819957733154297e+00,2.874720000000000386e+00,9.102283716201782227e-01,5.743048787117004395e-01
2.646677975894409940e+01,-9.835674458133052411e+00,1.246369018554687500e+03,8.973688483238220215e-01,2.874730000000000452e+00,1.061214685440063477e+00,6.309151649475097656e-01
2.646652803829604039e+01,-9.822593712780445685e+00,2.546051513671875000e+03,1.008350372314453125e+00,2.874740000000000073e+00,1.165127396583557129e+00,8.222611546516418457e-01
2.647215619343929660e+01,-9.809663538750765355e+00,1.407256347656250000e+03,1.303370714187622070e+00,2.874750000000000139e+00,9.036670923233032227e-01,5.582830905914306641e-01
2.647888704864547549e+01,-9.798846315039087429e+00,1.501891357421875000e+03,1.392250776290893555e+00,2.874760000000000204e+00,9.956016540527343750e-01,6.267189979553222656e-01
2.647935609080063912e+01,-9.783585420353809070e+00,1.975831542968750000e+03,9.886319041252136230e-01,2.874770000000000270e+00,1.003078460693359375e+00,6.750895380973815918e-01
2.647557804161939643e+01,-9.771451864815526633e+00,1.591916381835937500e+03,1.343930482864379883e+00,2.874780000000000335e+00,9.895743727684020996e-01,6.328225731849670410e-01
2.648069254878174306e+01,-9.762629424488569185e+00,1.477562500000000000e+03,1.222139120101928711e+00,2.874790000000000401e+00,9.893454909324645996e-01,6.199288368225097656e-01
2.648789398843716114e+01,-9.746521958343294045e+00,1.524228027343750000e+03,1.420825242996215820e+00,2.874800000000000022e+00,8.808550834655761719e-01,5.567572116851806641e-01
2.647742993368160924e+01,-9.731470230166525681e+00,1.166339111328125000e+03,1.206360578536987305e+00,2.874810000000000088e+00,1.039470791816711426e+00,6.039070487022399902e-01
2.647765136012162657e+01,-9.714611392864807016e+00,1.423701660156250000e+03,1.217411279678344727e+00,2.874820000000000153e+00,8.332474827766418457e-01,5.165501236915588379e-01
2.648200344424988728e+01,-9.692810177025588558e+00,1.381157714843750000e+03,1.143095016479492188e+00,2.874830000000000219e+00,8.462938070297241211e-01,5.199070572853088379e-01
2.648416467830823962e+01,-9.684705643060604885e+00,1.724795898437500000e+03,1.013204574584960938e+00,2.874840000000000284e+00,7.211712598800659180e-01,4.706209897994995117e-01
2.647627731096311265e+01,-9.660068196429799414e+00,1.661926025390625000e+03,8.341020941734313965e-01,2.874850000000000350e+00,9.479940533638000488e-01,6.129860281944274902e-01
2.648187948823347426e+01,-9.642939386826562043e+00,1.143708251953125000e+03,8.669549822807312012e-01,2.874860000000000415e+00,8.131821155548095703e-01,4.690951108932495117e-01
2.647803219879167713e+01,-9.631942858315806433e+00,1.519418945312500000e+03,1.159740209579467773e+00,2.874870000000000037e+00,7.867842912673950195e-01,4.968662261962890625e-01
2.647590643516296893e+01,-9.614210532238438134e+00,1.106039672851562500e+03,7.978731989860534668e-01,2.874880000000000102e+00,7.225445508956909180e-01,4.116455614566802979e-01
2.648521185870446715e+01,-9.599108506070603397e+00,1.194170898437500000e+03,7.014018893241882324e-01,2.874890000000000168e+00,8.328660130500793457e-01,4.879397749900817871e-01
2.648315882903613883e+01,-9.586802287079056129e+00,1.674552001953125000e+03,6.904465556144714355e-01,2.874900000000000233e+00,9.612692594528198242e-01,6.227517127990722656e-01
2.648182776826291374e+01,-9.570206606994798193e+00,1.868877075195312500e+03,9.784061312675476074e-01,2.874910000000000299e+00,8.592638373374938965e-01,5.713294148445129395e-01
2.648175876919094307e+01,-9.558810461832816685e+00,1.756423339843750000e+03,1.108654260635375977e+00,2.874920000000000364e+00,9.636343717575073242e-01,6.316018104553222656e-01
2.648149875191372260e+01,-9.548157302922426481e+00,1.576524658203125000e+03,1.238708019256591797e+00,2.874930000000000430e+00,8.820757865905761719e-01,5.626318454742431641e-01
2.647304459818730038e+01,-9.530533200064931876e+00,1.378283691406250000e+03,1.238440990447998047e+00,2.874940000000000051e+00,8.096725940704345703e-01,4.970951080322265625e-01
2.648176778142680021e+01,-9.507744981673880602e+00,1.452180541992187500e+03,9.332150816917419434e-01,2.874950000000000117e+00,9.437215328216552734e-01,5.884193181991577148e-01
2.648158055236109831e+01,-9.501045537053684598e+00,1.344969482421875000e+03,8.900756239891052246e-01,2.874960000000000182e+00,1.015743374824523926e+00,6.189370155334472656e-01
2.647913732455524638e+01,-9.484949341782987986e+00,1.506133911132812500e+03,1.289298057556152344e+00,2.874970000000000248e+00,1.090130209922790527e+00,6.867625713348388672e-01
2.647715608627977701e+01,-9.461818685631874004e+00,1.799620849609375000e+03,1.398169517517089844e+00,2.874980000000000313e+00,1.173062086105346680e+00,7.732802033424377441e-01
2.648272001278126808e+01,-9.446051021830482952e+00,1.327868896484375000e+03,1.740482568740844727e+00,2.874990000000000379e+00,1.133465290069580078e+00,6.879069805145263672e-01
2.648013918011907464e+01,-9.441220915154248772e+00,1.852763671875000000e+03,1.622335433959960938e+00,2.875000000000000444e+00,9.614218473434448242e-01,6.380105614662170410e-01
2.647474519047452191e+01,-9.429350083291856421e+00,1.654574340820312500e+03,1.337555170059204102e+00,2.875010000000000066e+00,1.098598837852478027e+00,7.095745205879211426e-01
2.648042121093262935e+01,-9.405549189963391399e+00,1.695069335937500000e+03,1.202296733856201172e+00,2.875020000000000131e+00,1.311536073684692383e+00,8.522447943687438965e-01
2.647129954790701234e+01,-9.394322437002154302e+00,1.696040039062500000e+03,1.731425046920776367e+00,2.875030000000000197e+00,1.109432697296142578e+00,7.210186719894409180e-01
2.647441111883539833e+01,-9.381845797315056856e+00,1.247175170898437500e+03,1.891813993453979492e+00,2.875040000000000262e+00,8.985553979873657227e-01,5.343266725540161133e-01
2.647282407593308662e+01,-9.370078619790691121e+00,1.497506469726562500e+03,1.478350877761840820e+00,2.875050000000000328e+00,9.827079176902770996e-01,6.180977821350097656e-01
2.647311568524054692e+01,-9.347350733955414270e+00,1.414738525390625000e+03,1.167175292968750000e+00,2.875060000000000393e+00,1.125912189483642578e+00,6.966808438301086426e-01
2.647089797517361021e+01,-9.336634141269117393e+00,1.453854736328125000e+03,1.258490800857543945e+00,2.875070000000000014e+00,1.118206501007080078e+00,6.974437832832336426e-01
2.647020281159372246e+01,-9.318614134371630442e+00,1.502630493164062500e+03,1.641784429550170898e+00,2.875080000000000080e+00,1.016430020332336426e+00,6.399179100990295410e-01
2.647075636928967768e+01,-9.300791229136802230e+00,1.934597290039062500e+03,1.501429796218872070e+00,2.875090000000000146e+00,1.092113852500915527e+00,7.316998839378356934e-01
2.647170049195942454e+01,-9.287560874180828208e+00,1.489775268554687500e+03,1.406681060791015625e+00,2.875100000000000211e+00,1.119579792022705078e+00,7.031658291816711426e-01
2.646824562112758983e+01,-9.272220534046851981e+00,1.335234375000000000e+03,1.391471147537231445e+00,2.875110000000000277e+00,9.524191021919250488e-01,5.790351033210754395e-01
2.646900471890861439e+01,-9.256260828818772879e+00,1.502608154296875000e+03,1.389293193817138672e+00,2.875120000000000342e+00,9.231221079826354980e-01,5.811713337898254395e-01
2.647533557101732882e+01,-9.243428185205052827e+00,1.805106933593750000e+03,1.056693315505981445e+00,2.875130000000000408e+00,9.569967389106750488e-01,6.312966346740722656e-01
2.646842887326733518e+01,-9.221856208237126040e+00,1.416046386718750000e+03,1.225177764892578125e+00,2.875140000000000029e+00,9.055744409561157227e-01,5.604956150054931641e-01
2.647459864669308161e+01,-9.199625196448167230e+00,1.369259887695312500e+03,1.131053686141967773e+00,2.875150000000000095e+00,8.638414740562438965e-01,5.292912721633911133e-01
2.647467633103523710e+01,-9.187902904094245926e+00,1.060487304687500000e+03,1.208745956420898438e+00,2.875160000000000160e+00,1.002391815185546875e+00,5.618689060211181641e-01
2.647516822816725579e+01,-9.174169444007715057e+00,1.490902709960937500e+03,1.068150520324707031e+00,2.875170000000000226e+00,9.833182692527770996e-01,6.177163124084472656e-01
2.647036597345964282e+01,-9.158820086739485333e+00,1.921911621093750000e+03,1.221522808074951172e+00,2.875180000000000291e+00,9.421193599700927734e-01,6.303048133850097656e-01
2.647330031029769160e+01,-9.141156499154897475e+00,1.741489501953125000e+03,1.218958616256713867e+00,2.875190000000000357e+00,1.225247263908386230e+00,8.014327883720397949e-01
2.647378554191905664e+01,-9.131665020512084396e+00,1.372308837890625000e+03,1.435857534408569336e+00,2.875200000000000422e+00,1.096691489219665527e+00,6.724192500114440918e-01
2.647053644234744851e+01,-9.118030918511415450e+00,2.235557617187500000e+03,1.522889852523803711e+00,2.875210000000000043e+00,1.303754091262817383e+00,8.993183374404907227e-01
2.647415303077176674e+01,-9.096079158840005618e+00,1.342807128906250000e+03,1.729088544845581055e+00,2.875220000000000109e+00,1.262784004211425781e+00,7.690840363502502441e-01
2.647814124350198739e+01,-9.079952901372106311e+00,2.247891845703125000e+03,1.900885820388793945e+00,2.875230000000000175e+00,1.234021067619323730e+00,8.520922064781188965e-01
2.647575864545655122e+01,-9.066107657015788135e+00,1.485122192382812500e+03,1.806735515594482422e+00,2.875240000000000240e+00,1.062206506729125977e+00,6.665446162223815918e-01
2.647527641016956679e+01,-9.047733427792136851e+00,1.481283081054687500e+03,1.751501083374023438e+00,2.875250000000000306e+00,1.034511685371398926e+00,6.486917734146118164e-01
2.647448776326065456e+01,-9.028536830403837143e+00,1.501739135742187500e+03,1.688991308212280273e+00,2.875260000000000371e+00,8.139450550079345703e-01,5.123539566993713379e-01
2.647105998728992660e+01,-9.017273263509430592e+00,1.646965698242187500e+03,1.417442083358764648e+00,2.875270000000000437e+00,9.195362925529479980e-01,5.932258367538452148e-01
2.647539911880133801e+01,-9.001901854847094597e+00,1.123183471679687500e+03,9.760517477989196777e-01,2.875280000000000058e+00,1.011699676513671875e+00,5.797217488288879395e-01
2.647996991300333747e+01,-8.988295222786744532e+00,1.780926025390625000e+03,1.137899875640869141e+00,2.875290000000000123e+00,9.988822937011718750e-01,6.568552255630493164e-01
2.648103962496410091e+01,-8.972230111221294990e+00,1.121461181640625000e+03,1.169770479202270508e+00,2.875300000000000189e+00,1.024135708808898926e+00,5.865119695663452148e-01
2.647222747477914950e+01,-8.954349641178675157e+00,1.351799438476562500e+03,1.277282953262329102e+00,2.875310000000000255e+00,9.152638316154479980e-01,5.585882663726806641e-01
2.648072046419349590e+01,-8.937845111669860287e+00,1.927394165039062500e+03,1.197378158569335938e+00,2.875320000000000320e+00,1.012081146240234375e+00,6.775309443473815918e-01
2.648453077639585018e+01,-8.923599969047486979e+00,1.887538085937500000e+03,1.124931097030639648e+00,2.875330000000000386e+00,8.424791097640991211e-01,5.614111423492431641e-01
2.647472555904117897e+01,-8.904728369466388571e+00,1.614717529296875000e+03,1.117166996002197266e+00,2.875340000000000451e+00,9.347951412200927734e-01,6.000159978866577148e-01
2.647076288359754059e+01,-8.891112525681613477e+00,1.586303466796875000e+03,9.577769637107849121e-01,2.875350000000000072e+00,8.850513100624084473e-01,5.654547214508056641e-01
2.647965302816201216e+01,-8.881968231248414725e+00,1.150229858398437500e+03,1.058609008789062500e+00,2.875360000000000138e+00,7.484083175659179688e-01,4.326264560222625732e-01
2.647468410168198005e+01,-8.858457068157198577e+00,1.185331420898437500e+03,1.095259904861450195e+00,2.875370000000000203e+00,7.457380294799804688e-01,4.357545375823974609e-01
2.647372498635471771e+01,-8.846824964258917845e+00,1.268866455078125000e+03,7.488865256309509277e-01,2.875380000000000269e+00,1.005672454833984375e+00,6.014655828475952148e-01
2.648086048290024408e+01,-8.827979183132029561e+00,1.694664794921875000e+03,8.654219508171081543e-01,2.875390000000000335e+00,8.314927220344543457e-01,5.402776598930358887e-01
2.647950683567118091e+01,-8.815942623206490580e+00,1.630924438476562500e+03,1.073630571365356445e+00,2.875400000000000400e+00,8.038741946220397949e-01,5.173130631446838379e-01
2.646993583770415981e+01,-8.800067373787269887e+00,2.493440917968750000e+03,9.401316046714782715e-01,2.875410000000000021e+00,1.058849573135375977e+00,7.446699142456054688e-01
2.647551160636583489e+01,-8.777421072473375219e+00,2.449838623046875000e+03,1.022220373153686523e+00,2.875420000000000087e+00,1.028179287910461426e+00,7.209423780441284180e-01
2.647971726891794475e+01,-8.764817295308402478e+00,1.323919189453125000e+03,1.417016506195068359e+00,2.875430000000000152e+00,8.791003227233886719e-01,5.330296754837036133e-01
2.647211938894268002e+01,-8.752799690965984425e+00,1.237263427734375000e+03,1.276099205017089844e+00,2.875440000000000218e+00,7.688551545143127441e-01,4.559724926948547363e-01
2.647581094747728869e+01,-8.740814383291024114e+00,1.841973876953125000e+03,9.679479002952575684e-01,2.875450000000000284e+00,8.632311224937438965e-01,5.720923542976379395e-01
2.647853223329573069e+01,-8.723467687309716112e+00,1.894265747070312500e+03,9.119517207145690918e-01,2.875460000000000349e+00,9.067951440811157227e-01,6.047462821006774902e-01
2.647601259038874488e+01,-8.703008844137217537e+00,2.428032470703125000e+03,1.135543107986450195e+00,2.875470000000000415e+00,1.093181967735290527e+00,7.653456330299377441e-01
2.647772066299129534e+01,-8.693224907329270223e+00,1.682573608398437500e+03,1.160443544387817383e+00,2.875480000000000036e+00,1.225018382072448730e+00,7.945663332939147949e-01
2.648201352115369644e+01,-8.675019549693310239e+00,2.848417968750000000e+03,1.598848819732666016e+00,2.875490000000000101e+00,9.807242751121520996e-01,7.043102383613586426e-01
2.647932719404540691e+01,-8.657621691447269896e+00,1.234702514648437500e+03,1.590362310409545898e+00,2.875500000000000167e+00,1.096386313438415527e+00,6.497598886489868164e-01
2.647693838837130187e+01,-8.644876519989333374e+00,1.954233886718750000e+03,1.367300271987915039e+00,2.875510000000000232e+00,1.062130212783813477e+00,7.131603956222534180e-01
2.647820734912469476e+01,-8.628948511648529163e+00,2.045808715820312500e+03,1.348611831665039062e+00,2.875520000000000298e+00,1.260647773742675781e+00,8.546099066734313965e-01
2.647359937457139978e+01,-8.612868193873667977e+00,1.644005615234375000e+03,1.612245559692382812e+00,2.875530000000000364e+00,1.116833209991455078e+00,7.201794385910034180e-01
2.647189491383043247e+01,-8.602501887131511538e+00,1.891344970703125000e+03,1.709668159484863281e+00,2.875540000000000429e+00,1.183590650558471680e+00,7.890731692314147949e-01
2.647581267511718295e+01,-8.582691610437231944e+00,1.402500488281250000e+03,1.482203722000122070e+00,2.875550000000000050e+00,9.755362272262573242e-01,6.020759940147399902e-01
2.648269606641161289e+01,-8.566893836166883602e+00,1.848051025390625000e+03,1.554108381271362305e+00,2.875560000000000116e+00,1.046871304512023926e+00,6.943156719207763672e-01
2.648042557706149225e+01,-8.554564562834169550e+00,1.486340454101562500e+03,1.223239421844482422e+00,2.875570000000000181e+00,1.047252893447875977e+00,6.573129892349243164e-01
2.647424666530016424e+01,-8.534737447972149837e+00,2.036267700195312500e+03,1.494949579238891602e+00,2.875580000000000247e+00,1.090740561485290527e+00,7.387189269065856934e-01
2.647820196404945392e+01,-8.523787419015457445e+00,1.388269653320312500e+03,1.348858594894409180e+00,2.875590000000000312e+00,1.070904016494750977e+00,6.589151620864868164e-01
2.647552471258571671e+01,-8.504774142033671325e+00,1.650042480468750000e+03,1.389222860336303711e+00,2.875600000000000378e+00,9.435689449310302734e-01,6.090187430381774902e-01
2.647973007939430090e+01,-8.487872558285875613e+00,1.539018310546875000e+03,1.299751520156860352e+00,2.875610000000000444e+00,1.110882282257080078e+00,7.040050625801086426e-01
2.647841042259623023e+01,-8.471265525691080711e+00,1.725176757812500000e+03,1.352908134460449219e+00,2.875620000000000065e+00,9.202229380607604980e-01,6.005500555038452148e-01
2.648067751339084808e+01,-8.456100124587537792e+00,2.135823242187500000e+03,1.464513063430786133e+00,2.875630000000000130e+00,1.039165616035461426e+00,7.105663418769836426e-01
2.647864129190317328e+01,-8.439281074480204481e+00,2.113772216796875000e+03,1.330617189407348633e+00,2.875640000000000196e+00,1.018261075019836426e+00,6.948497295379638672e-01
2.648226037734751870e+01,-8.422870918371749838e+00,2.089934570312500000e+03,1.425681829452514648e+00,2.875650000000000261e+00,1.064266443252563477e+00,7.246044874191284180e-01
2.647724961888858175e+01,-8.406455058722862361e+00,1.587809570312500000e+03,1.437308311462402344e+00,2.875660000000000327e+00,9.767569899559020996e-01,6.242012977600097656e-01
2.647786668572915758e+01,-8.395068201207115166e+00,1.261984741210937500e+03,1.673591852188110352e+00,2.875670000000000393e+00,1.108059287071228027e+00,6.615091562271118164e-01
2.647405688492726483e+01,-8.373899383622889658e+00,1.730570800781250000e+03,1.355299472808837891e+00,2.875680000000000014e+00,9.593618512153625488e-01,6.265664100646972656e-01
2.648049167154924532e+01,-8.367545858952265547e+00,1.233866699218750000e+03,1.721889495849609375e+00,2.875690000000000079e+00,8.852038979530334473e-01,5.244847536087036133e-01
2.647618434821313471e+01,-8.351726949205129813e+00,1.189856689453125000e+03,1.344587326049804688e+00,2.875700000000000145e+00,9.418904781341552734e-01,5.511114001274108887e-01
2.647376546683235432e+01,-8.336635143498551059e+00,1.516229248046875000e+03,1.005157947540283203e+00,2.875710000000000210e+00,9.297597408294677734e-01,5.868171453475952148e-01
2.648126690473345235e+01,-8.320895636517040117e+00,1.446909667968750000e+03,1.263480901718139648e+00,2.875720000000000276e+00,9.981193542480468750e-01,6.216835975646972656e-01
2.648341467763317780e+01,-8.302317259158073171e+00,1.398407104492187500e+03,1.209086894989013672e+00,2.875730000000000341e+00,9.126697778701782227e-01,5.627844333648681641e-01
2.647602063289038909e+01,-8.290739035623927222e+00,1.328784179687500000e+03,1.194296598434448242e+00,2.875740000000000407e+00,9.474599957466125488e-01,5.751441121101379395e-01
2.647693913209033312e+01,-8.266992213735678163e+00,1.366510986328125000e+03,1.090139865875244141e+00,2.875750000000000028e+00,1.042293667793273926e+00,6.382394433021545410e-01
2.647776971547103386e+01,-8.253462813640101814e+00,1.415472778320312500e+03,1.226924180984497070e+00,2.875760000000000094e+00,9.956779479980468750e-01,6.161903738975524902e-01
2.647460806926061849e+01,-8.242699310062009843e+00,1.548602661132812500e+03,1.302814006805419922e+00,2.875770000000000159e+00,1.013225555419921875e+00,6.431985497474670410e-01
2.647592168840487403e+01,-8.224512158654968985e+00,1.523021728515625000e+03,1.283359050750732422e+00,2.875780000000000225e+00,1.044277310371398926e+00,6.599069833755493164e-01
2.648085355635114269e+01,-8.211233319287034149e+00,1.632269165039062500e+03,1.258682727813720703e+00,2.875790000000000290e+00,1.047405481338500977e+00,6.741740107536315918e-01
2.647623610986347131e+01,-8.188045031826888476e+00,1.955303710937500000e+03,1.415156841278076172e+00,2.875800000000000356e+00,8.092148303985595703e-01,5.434057116508483887e-01
2.647368322852604550e+01,-8.179811489916374967e+00,1.656111572265625000e+03,1.309566020965576172e+00,2.875810000000000421e+00,9.932365417480468750e-01,6.416726708412170410e-01
2.647807551290375372e+01,-8.165921390538816382e+00,2.019199096679687500e+03,1.070742130279541016e+00,2.875820000000000043e+00,1.326794862747192383e+00,8.970294594764709473e-01
2.647927722345047385e+01,-8.151313581248038176e+00,1.561226074218750000e+03,1.500668048858642578e+00,2.875830000000000108e+00,1.212963938713073730e+00,7.716780304908752441e-01
2.647451981643296648e+01,-8.131495046474160659e+00,1.219211547851562500e+03,2.140383243560791016e+00,2.875840000000000174e+00,1.107067465782165527e+00,6.532694101333618164e-01
2.647914200469376311e+01,-8.119195015491280643e+00,1.275515136718750000e+03,1.647612571716308594e+00,2.875850000000000239e+00,1.020244717597961426e+00,6.112312674522399902e-01
2.648116741414614594e+01,-8.103684684488477785e+00,1.135289184570312500e+03,1.570101499557495117e+00,2.875860000000000305e+00,1.014980316162109375e+00,5.839179158210754395e-01
2.647694102941141381e+01,-8.092419883310059348e+00,9.304295654296875000e+02,1.282407760620117188e+00,2.875870000000000370e+00,9.394490718841552734e-01,4.983158111572265625e-01
2.647399667257461076e+01,-8.078739298873003349e+00,1.357332031250000000e+03,1.180836677551269531e+00,2.875880000000000436e+00,8.556780219078063965e-01,5.228825211524963379e-01
2.647359984872669969e+01,-8.056145475795165822e+00,2.612683837890625000e+03,9.968287348747253418e-01,2.875890000000000057e+00,9.080158472061157227e-01,6.435037255287170410e-01
2.648288735325587595e+01,-8.041345561902911498e+00,1.157678588867187500e+03,1.180340766906738281e+00,2.875900000000000123e+00,9.993400573730468750e-01,5.790351033210754395e-01
2.647630548966657926e+01,-8.025252065992367179e+00,1.581027832031250000e+03,1.133101701736450195e+00,2.875910000000000188e+00,8.701739311218261719e-01,5.554602146148681641e-01
2.647740861800854617e+01,-8.010142160449486681e+00,1.499865844726562500e+03,1.249523878097534180e+00,2.875920000000000254e+00,9.097706079483032227e-01,5.724738240242004395e-01
2.648324422886430085e+01,-7.998720404371632675e+00,1.552737915039062500e+03,1.062402248382568359e+00,2.875930000000000319e+00,9.931602478027343750e-01,6.309151649475097656e-01
2.647443373403732636e+01,-7.983906126001995673e+00,1.468316284179687500e+03,1.225227832794189453e+00,2.875940000000000385e+00,1.182369947433471680e+00,7.395581603050231934e-01
2.647704002099906617e+01,-7.966063011549986861e+00,1.974294189453125000e+03,1.283156394958496094e+00,2.875950000000000450e+00,1.322522401809692383e+00,8.899341225624084473e-01
2.647796491045992440e+01,-7.956429434229146835e+00,1.538779907226562500e+03,1.871944189071655273e+00,2.875960000000000072e+00,1.115383625030517578e+00,7.068279385566711426e-01
2.647476647716324294e+01,-7.940714058709170686e+00,1.617842895507812500e+03,2.071274042129516602e+00,2.875970000000000137e+00,1.083187460899353027e+00,6.956127285957336426e-01
2.647685004338391224e+01,-7.921767258121956701e+00,1.532670898437500000e+03,1.584705829620361328e+00,2.875980000000000203e+00,9.338796138763427734e-01,5.911659002304077148e-01
2.648129143332449686e+01,-7.907076577848383359e+00,1.513805664062500000e+03,1.473768472671508789e+00,2.875990000000000268e+00,1.034053921699523926e+00,6.523538827896118164e-01
2.648123803173608337e+01,-7.892444668965156396e+00,1.781102416992187500e+03,1.147937297821044922e+00,2.876000000000000334e+00,9.753073453903198242e-01,6.413674950599670410e-01
2.647466647818637853e+01,-7.874523488061051957e+00,1.714194091796875000e+03,1.319729804992675781e+00,2.876010000000000399e+00,1.005138397216796875e+00,6.549478769302368164e-01
2.647248779541720864e+01,-7.856522414894532957e+00,1.268314575195312500e+03,1.298634529113769531e+00,2.876020000000000021e+00,9.855307936668395996e-01,5.893348455429077148e-01
2.647387218164922729e+01,-7.841251927044782910e+00,1.373711669921875000e+03,1.209527969360351562e+00,2.876030000000000086e+00,9.676016569137573242e-01,5.934547185897827148e-01
2.646863732313019213e+01,-7.830983108503187573e+00,1.253364990234375000e+03,1.120566844940185547e+00,2.876040000000000152e+00,1.157726883888244629e+00,6.895854473114013672e-01
2.647272739284395016e+01,-7.808078297749903918e+00,1.873847900390625000e+03,1.312576055526733398e+00,2.876050000000000217e+00,1.014827728271484375e+00,6.751658320426940918e-01
2.647535362545936621e+01,-7.797908072472629293e+00,1.350084228515625000e+03,1.447317123413085938e+00,2.876060000000000283e+00,9.401357173919677734e-01,5.735419392585754395e-01
2.647516754932028249e+01,-7.779833221105339369e+00,1.467330322265625000e+03,1.336842298507690430e+00,2.876070000000000348e+00,1.049007654190063477e+00,6.560159921646118164e-01
2.647517359401641812e+01,-7.765511571802664825e+00,1.482156005859375000e+03,1.376283884048461914e+00,2.876080000000000414e+00,1.121563434600830078e+00,7.033947110176086426e-01
2.647890824458393766e+01,-7.752381680256979379e+00,1.873078979492187500e+03,1.341138601303100586e+00,2.876090000000000035e+00,1.274457097053527832e+00,8.478196859359741211e-01
2.647400680820601693e+01,-7.735114478679237848e+00,1.357020019531250000e+03,1.724981784820556641e+00,2.876100000000000101e+00,1.026424527168273926e+00,6.271767616271972656e-01
2.647132013920019133e+01,-7.720827774960557832e+00,1.574727050781250000e+03,1.860653877258300781e+00,2.876110000000000166e+00,1.142696976661682129e+00,7.286481261253356934e-01
2.647517321249096156e+01,-7.707422392188807869e+00,2.050539794921875000e+03,1.322881698608398438e+00,2.876120000000000232e+00,8.343918919563293457e-01,5.659124851226806641e-01
2.647550631658051756e+01,-7.687831400634221879e+00,1.786027465820312500e+03,1.635834693908691406e+00,2.876130000000000297e+00,9.145008921623229980e-01,6.017708182334899902e-01
2.647274387637684256e+01,-7.678562736618396833e+00,2.116289550781250000e+03,9.891790747642517090e-01,2.876140000000000363e+00,1.116833209991455078e+00,7.622938752174377441e-01
2.647153393703982971e+01,-7.656796873363070688e+00,2.087520996093750000e+03,1.269222021102905273e+00,2.876150000000000428e+00,1.161465287208557129e+00,7.905990481376647949e-01
2.647914831439111794e+01,-7.643509413297347344e+00,1.588428588867187500e+03,1.645485877990722656e+00,2.876160000000000050e+00,1.184963941574096680e+00,7.573347091674804688e-01
2.647800829756982921e+01,-7.626831089087783511e+00,1.247725341796875000e+03,1.654188156127929688e+00,2.876170000000000115e+00,1.078914999961853027e+00,6.416726708412170410e-01
2.647122968721673431e+01,-7.607350759276329200e+00,1.310556518554687500e+03,1.719687700271606445e+00,2.876180000000000181e+00,1.044277310371398926e+00,6.311440467834472656e-01
2.647457506917217529e+01,-7.592891993425088693e+00,1.283010375976562500e+03,1.461857080459594727e+00,2.876190000000000246e+00,9.670675992965698242e-01,5.804846882820129395e-01
2.647671748983999152e+01,-7.579255202386013579e+00,1.603379394531250000e+03,1.259570837020874023e+00,2.876200000000000312e+00,9.179341197013854980e-01,5.881141424179077148e-01
2.647170301314568519e+01,-7.565872375439819386e+00,1.266277709960937500e+03,1.197160005569458008e+00,2.876210000000000377e+00,9.363973140716552734e-01,5.596563816070556641e-01
2.647983950308539391e+01,-7.541912101618784448e+00,1.573531250000000000e+03,1.172630310058593750e+00,2.876220000000000443e+00,7.745772600173950195e-01,4.938144385814666748e-01
2.647820089326066295e+01,-7.521936516400583805e+00,1.337823120117187500e+03,1.111524820327758789e+00,2.876230000000000064e+00,8.607897162437438965e-01,5.236455202102661133e-01
2.647984381826402611e+01,-7.516884499777644280e+00,1.215989501953125000e+03,8.075565695762634277e-01,2.876240000000000130e+00,8.632311224937438965e-01,5.089207291603088379e-01
2.647387905383929052e+01,-7.499573469301149764e+00,1.168871459960937500e+03,1.054892063140869141e+00,2.876250000000000195e+00,1.105846762657165527e+00,6.429696679115295410e-01
2.648584485559771906e+01,-7.480856700628800482e+00,1.703224243164062500e+03,9.878057837486267090e-01,2.876260000000000261e+00,1.249356269836425781e+00,8.128006458282470703e-01
2.647532189855328610e+01,-7.461791159028173581e+00,1.530932861328125000e+03,1.479337930679321289e+00,2.876270000000000326e+00,9.134327173233032227e-01,5.780432820320129395e-01
2.647778734670110978e+01,-7.459848416831595053e+00,1.731459838867187500e+03,1.419640302658081055e+00,2.876280000000000392e+00,1.033062100410461426e+00,6.747843623161315918e-01
2.647729347089791929e+01,-7.443212802338741163e+00,2.135677001953125000e+03,1.418023824691772461e+00,2.876290000000000013e+00,1.109585285186767578e+00,7.587080597877502441e-01
2.647809877818644964e+01,-7.423534758636245456e+00,1.973947631835937500e+03,1.546581506729125977e+00,2.876300000000000079e+00,1.303296327590942383e+00,8.769640922546386719e-01
2.647385945342585956e+01,-7.410852244788334708e+00,1.439999511718750000e+03,1.736372232437133789e+00,2.876310000000000144e+00,1.094936728477478027e+00,6.810405254364013672e-01
2.648292233766129655e+01,-7.389770895704876885e+00,1.737448974609375000e+03,1.870610237121582031e+00,2.876320000000000210e+00,9.487569928169250488e-01,6.202340126037597656e-01
2.648244142465705764e+01,-7.385381038322950786e+00,1.823973144531250000e+03,1.665259122848510742e+00,2.876330000000000275e+00,9.035907983779907227e-01,5.974982976913452148e-01
2.647571893546027866e+01,-7.360147048855768759e+00,1.767826660156250000e+03,1.209451675415039062e+00,2.876340000000000341e+00,1.163220047950744629e+00,7.635908722877502441e-01
2.647913822882686219e+01,-7.349680340097102693e+00,1.466326416015625000e+03,1.219330549240112305e+00,2.876350000000000406e+00,8.334763646125793457e-01,5.211277604103088379e-01
2.648292963509279474e+01,-7.329829016929222618e+00,1.680609497070312500e+03,1.412087202072143555e+00,2.876360000000000028e+00,1.019939541816711426e+00,6.613565683364868164e-01
2.648007166872962159e+01,-7.319641037083089330e+00,1.748509521484375000e+03,1.057669639587402344e+00,2.876370000000000093e+00,8.810076713562011719e-01,5.768225789070129395e-01
2.647427732368947062e+01,-7.296918725153809682e+00,1.390067626953125000e+03,1.420615434646606445e+00,2.876380000000000159e+00,9.973564147949218750e-01,6.139015555381774902e-01
2.648582570133858027e+01,-7.283896968402335581e+00,2.963636718750000000e+03,1.082787036895751953e+00,2.876390000000000224e+00,1.048549890518188477e+00,7.573347091674804688e-01
2.648418196835266514e+01,-7.273792143323374759e+00,2.168808837890625000e+03,1.260330200195312500e+00,2.876400000000000290e+00,1.150097489356994629e+00,7.887679338455200195e-01
2.648051107929061487e+01,-7.254453576490840661e+00,2.018960449218750000e+03,1.468125104904174805e+00,2.876410000000000355e+00,1.507612228393554688e+00,1.019252896308898926e+00
2.647990397893059367e+01,-7.237325973351175001e+00,1.363207153320312500e+03,1.828132390975952148e+00,2.876420000000000421e+00,1.062893152236938477e+00,6.503702402114868164e-01
2.648680572787288412e+01,-7.226651146473856535e+00,1.608546020507812500e+03,1.919102191925048828e+00,2.876430000000000042e+00,9.633291959762573242e-01,6.177163124084472656e-01
2.647641538470127642e+01,-7.212595285420830393e+00,1.975708251953125000e+03,1.553881883621215820e+00,2.876440000000000108e+00,9.162556529045104980e-01,6.166481375694274902e-01
2.648342445052004024e+01,-7.200627968573377835e+00,1.534815185546875000e+03,1.310466051101684570e+00,2.876450000000000173e+00,9.596670269966125488e-01,6.077217459678649902e-01
2.648404311434716973e+01,-7.180574439516447249e+00,1.485438842773437500e+03,1.201714992523193359e+00,2.876460000000000239e+00,9.566152691841125488e-01,6.003211736679077148e-01
2.648108960442488069e+01,-7.161362724526755485e+00,1.198145996093750000e+03,1.160710573196411133e+00,2.876470000000000304e+00,8.739123344421386719e-01,5.125828385353088379e-01
2.648190420579947357e+01,-7.147438368683998178e+00,1.476630859375000000e+03,9.789854884147644043e-01,2.876480000000000370e+00,9.549368023872375488e-01,5.982612371444702148e-01
2.648480568531641310e+01,-7.130982454069445531e+00,1.705418701171875000e+03,1.008834362030029297e+00,2.876490000000000435e+00,8.861194252967834473e-01,5.766699910163879395e-01
2.647700185429683728e+01,-7.117953671622319511e+00,1.339463745117187500e+03,1.129902124404907227e+00,2.876500000000000057e+00,7.981521487236022949e-01,4.857272505760192871e-01
2.647692466238968123e+01,-7.103982365772634644e+00,1.247665527343750000e+03,8.923549056053161621e-01,2.876510000000000122e+00,8.192856311798095703e-01,4.872531294822692871e-01
2.648421614366704091e+01,-7.087010040273177047e+00,2.183409423828125000e+03,8.872098326683044434e-01,2.876520000000000188e+00,8.087570667266845703e-01,5.553839206695556641e-01
2.648542094532931301e+01,-7.063101229790900604e+00,1.634692138671875000e+03,8.453184962272644043e-01,2.876530000000000253e+00,9.536398053169250488e-01,6.140541434288024902e-01
2.647307147723546095e+01,-7.057015350036149215e+00,1.687536621093750000e+03,1.039099216461181641e+00,2.876540000000000319e+00,7.907516360282897949e-01,5.132694840431213379e-01
2.647793065003492430e+01,-7.041170568250407769e+00,1.381218383789062500e+03,1.093332290649414062e+00,2.876550000000000384e+00,8.979449868202209473e-01,5.516454577445983887e-01
2.648441118177054676e+01,-7.025828158818103297e+00,1.630857055664062500e+03,8.408278822898864746e-01,2.876560000000000450e+00,1.092571616172790527e+00,7.030895352363586426e-01
2.647690921014321574e+01,-7.007004386501718862e+00,1.369983886718750000e+03,1.180610179901123047e+00,2.876570000000000071e+00,1.000026702880859375e+00,6.128334403038024902e-01
2.647529756523879385e+01,-6.992854280132937639e+00,1.398106201171875000e+03,1.282476902008056641e+00,2.876580000000000137e+00,9.571493268013000488e-01,5.901740789413452148e-01
2.647883471477998540e+01,-6.982189636845286707e+00,2.043844360351562500e+03,1.205182790756225586e+00,2.876590000000000202e+00,9.691275358200073242e-01,6.568552255630493164e-01
2.648270416237872027e+01,-6.968824937725379698e+00,1.512533935546875000e+03,1.283903837203979492e+00,2.876600000000000268e+00,1.053890466690063477e+00,6.647135615348815918e-01
2.648298023670127677e+01,-6.950664037439519660e+00,1.544889526367187500e+03,1.193148612976074219e+00,2.876610000000000333e+00,1.138958454132080078e+00,7.225445508956909180e-01
2.648193101494560864e+01,-6.938561237388074510e+00,1.879939697265625000e+03,1.545691013336181641e+00,2.876620000000000399e+00,9.062610864639282227e-01,6.033729910850524902e-01
2.648094690024854714e+01,-6.917359848905067388e+00,1.333461547851562500e+03,1.486926794052124023e+00,2.876630000000000020e+00,8.926807045936584473e-01,5.424901843070983887e-01
2.647336476901305247e+01,-6.904347177008853365e+00,1.752373779296875000e+03,1.218914508819580078e+00,2.876640000000000086e+00,1.177181959152221680e+00,7.711439728736877441e-01
2.648016211216917171e+01,-6.882711184913557823e+00,1.767432739257812500e+03,1.051659107208251953e+00,2.876650000000000151e+00,1.161770462989807129e+00,7.625990509986877441e-01
2.648016733162576841e+01,-6.866549382507639798e+00,1.823694702148437500e+03,1.865885972976684570e+00,2.876660000000000217e+00,9.978904724121093750e-01,6.598306894302368164e-01
2.647300269297128494e+01,-6.859013659370758020e+00,2.290339111328125000e+03,1.576709270477294922e+00,2.876670000000000282e+00,1.365094661712646484e+00,9.458578228950500488e-01
2.647574854244496123e+01,-6.845010864300441256e+00,1.829567626953125000e+03,1.746121168136596680e+00,2.876680000000000348e+00,1.183361768722534180e+00,7.830458879470825195e-01
2.648365924458209975e+01,-6.826484542665363975e+00,1.937596069335937500e+03,2.043598413467407227e+00,2.876690000000000413e+00,1.582838416099548340e+00,1.060833215713500977e+00
2.648029781859904475e+01,-6.807524017595406818e+00,1.711542968750000000e+03,2.149487257003784180e+00,2.876700000000000035e+00,1.374249935150146484e+00,8.951221108436584473e-01
2.647582006843459013e+01,-6.797285682514985439e+00,1.683272216796875000e+03,2.776679515838623047e+00,2.876710000000000100e+00,1.238064765930175781e+00,8.031112551689147949e-01
2.648416440074364075e+01,-6.779953823800899393e+00,1.735039916992187500e+03,1.773149490356445312e+00,2.876720000000000166e+00,1.464734911918640137e+00,9.572256207466125488e-01
2.647665340274089729e+01,-6.767700132024427440e+00,2.069969482421875000e+03,2.227885246276855469e+00,2.876730000000000231e+00,1.167034745216369629e+00,7.930404543876647949e-01
2.647704051571301420e+01,-6.747429133527686140e+00,1.546679931640625000e+03,2.065323114395141602e+00,2.876740000000000297e+00,1.223721385002136230e+00,7.765609025955200195e-01
2.648293357817001237e+01,-6.739836219111383642e+00,1.980978759765625000e+03,1.833173751831054688e+00,2.876750000000000362e+00,1.152081131935119629e+00,7.757979631423950195e-01
2.648720770619821963e+01,-6.723790930893217777e+00,2.117403320312500000e+03,1.786361455917358398e+00,2.876760000000000428e+00,1.260113716125488281e+00,8.601793646812438965e-01
2.647756116303556340e+01,-6.700733052927487776e+00,2.047813598632812500e+03,1.763946533203125000e+00,2.876770000000000049e+00,9.886588454246520996e-01,6.703593134880065918e-01
2.647201236726924733e+01,-6.680453328406406932e+00,1.172705200195312500e+03,1.692664146423339844e+00,2.876780000000000115e+00,1.014904022216796875e+00,5.907844305038452148e-01
2.647553123456295054e+01,-6.670510717349876550e+00,1.319750732421875000e+03,1.427741765975952148e+00,2.876790000000000180e+00,1.059841394424438477e+00,6.419778466224670410e-01
2.648112393153365218e+01,-6.657409196725120992e+00,1.712713012695312500e+03,1.246215820312500000e+00,2.876800000000000246e+00,1.057934045791625977e+00,6.892039775848388672e-01
2.647297815370679075e+01,-6.639492813633806279e+00,1.190028930664062500e+03,1.561957120895385742e+00,2.876810000000000311e+00,9.509695172309875488e-01,5.564520359039306641e-01
2.648182228632069979e+01,-6.628572446773736360e+00,1.314975097656250000e+03,1.305555820465087891e+00,2.876820000000000377e+00,1.127895832061767578e+00,6.824138164520263672e-01
2.648306075141045568e+01,-6.614778741615810809e+00,1.245868896484375000e+03,1.330868721008300781e+00,2.876830000000000442e+00,8.015853762626647949e-01,4.764956533908843994e-01
2.647466208918693553e+01,-6.598004630796300063e+00,1.550374389648437500e+03,1.274539947509765625e+00,2.876840000000000064e+00,1.011470794677734375e+00,6.422830224037170410e-01
2.647697709159212565e+01,-6.578112471944558060e+00,1.404969238281250000e+03,1.079498052597045898e+00,2.876850000000000129e+00,1.017650723457336426e+00,6.283974647521972656e-01
2.648685878770475099e+01,-6.563424520293175135e+00,1.971440063476562500e+03,1.211614131927490234e+00,2.876860000000000195e+00,1.022152066230773926e+00,6.876018047332763672e-01
2.648281793179577903e+01,-6.546320082185022926e+00,1.519735351562500000e+03,1.346266984939575195e+00,2.876870000000000260e+00,1.240963935852050781e+00,7.837325334548950195e-01
2.647703185052164088e+01,-6.534391752997879443e+00,1.348426391601562500e+03,1.575028419494628906e+00,2.876880000000000326e+00,1.279034733772277832e+00,7.799941301345825195e-01
2.648509741525098704e+01,-6.516723302886990865e+00,1.227043701171875000e+03,1.785604476928710938e+00,2.876890000000000391e+00,1.068004846572875977e+00,6.316018104553222656e-01
2.648370401470988256e+01,-6.499223504509140881e+00,2.199077636718750000e+03,1.566777944564819336e+00,2.876900000000000457e+00,1.052517175674438477e+00,7.237652540206909180e-01
2.647440015383977396e+01,-6.485990736885645980e+00,1.684650024414062500e+03,1.352360963821411133e+00,2.876910000000000078e+00,9.993400573730468750e-01,6.483865380287170410e-01
2.648485911644486634e+01,-6.469205559414549001e+00,1.194017700195312500e+03,1.514318704605102539e+00,2.876920000000000144e+00,1.088680624961853027e+00,6.377816796302795410e-01
2.648144711999111678e+01,-6.459507010272615091e+00,1.564940917968750000e+03,1.213421344757080078e+00,2.876930000000000209e+00,9.502065777778625488e-01,6.048988699913024902e-01
2.647882568657606583e+01,-6.442006704579224419e+00,1.243195800781250000e+03,1.427354335784912109e+00,2.876940000000000275e+00,9.683645963668823242e-01,5.752204060554504395e-01
2.648427317554677529e+01,-6.428233627130590655e+00,1.239125000000000000e+03,1.184856414794921875e+00,2.876950000000000340e+00,1.005825042724609375e+00,5.968116521835327148e-01
2.648265408722019387e+01,-6.408538651173421918e+00,1.728794555664062500e+03,1.383329153060913086e+00,2.876960000000000406e+00,9.721029996871948242e-01,6.347299218177795410e-01
2.648399017940379707e+01,-6.391940663509170228e+00,1.691319580078125000e+03,1.273113012313842773e+00,2.876970000000000027e+00,1.121944904327392578e+00,7.286481261253356934e-01
2.647857779164586134e+01,-6.377910957052352003e+00,1.135570922851562500e+03,1.433234930038452148e+00,2.876980000000000093e+00,1.004146575927734375e+00,5.777381062507629395e-01
2.648537627342428280e+01,-6.366160856382960809e+00,1.537000000000000000e+03,1.503289461135864258e+00,2.876990000000000158e+00,8.916125893592834473e-01,5.648443698883056641e-01
2.648351258711690548e+01,-6.349147421157317339e+00,1.708456787109375000e+03,1.066724777221679688e+00,2.877000000000000224e+00,9.756125211715698242e-01,6.351876854896545410e-01
2.647959416842948599e+01,-6.330511939327981175e+00,1.423831054687500000e+03,1.152638912200927734e+00,2.877010000000000289e+00,9.886588454246520996e-01,6.129097342491149902e-01
2.648701298615898025e+01,-6.316969391098596454e+00,1.993549804687500000e+03,1.228537082672119141e+00,2.877020000000000355e+00,1.073040246963500977e+00,7.235363721847534180e-01
2.648288735313560949e+01,-6.306559692380428572e+00,1.562329345703125000e+03,1.394083023071289062e+00,2.877030000000000420e+00,1.222805857658386230e+00,7.780867815017700195e-01
2.648154624592283213e+01,-6.294212103326055185e+00,1.467317871093750000e+03,1.625389575958251953e+00,2.877040000000000042e+00,1.105617880821228027e+00,6.914165019989013672e-01
2.648486000141673458e+01,-6.272395989005069339e+00,1.785488769531250000e+03,1.683027267456054688e+00,2.877050000000000107e+00,1.296277165412902832e+00,8.529314398765563965e-01
2.648747083582820849e+01,-6.254687749051361045e+00,1.838349731445312500e+03,1.420324563980102539e+00,2.877060000000000173e+00,1.349759459495544434e+00,8.941302895545959473e-01
2.648196498566434443e+01,-6.245907983203923486e+00,2.042954101562500000e+03,1.955329895019531250e+00,2.877070000000000238e+00,1.213726878166198730e+00,8.225663304328918457e-01
2.648470780991247864e+01,-6.231856805973895241e+00,1.888875854492187500e+03,2.038667917251586914e+00,2.877080000000000304e+00,1.326565980911254883e+00,8.841357827186584473e-01
2.649039461694469111e+01,-6.208409616104732187e+00,1.853923950195312500e+03,1.991900920867919922e+00,2.877090000000000369e+00,1.180844068527221680e+00,7.837325334548950195e-01
2.648193632278630005e+01,-6.195800074364169241e+00,1.851284301757812500e+03,2.136877298355102539e+00,2.877100000000000435e+00,1.157421708106994629e+00,7.679396271705627441e-01
2.648179336515575955e+01,-6.179513944736317654e+00,1.272834350585937500e+03,1.860912561416625977e+00,2.877110000000000056e+00,1.221661448478698730e+00,7.313947081565856934e-01
2.648552080257302777e+01,-6.167742047515337056e+00,1.842373413085937500e+03,1.802887439727783203e+00,2.877120000000000122e+00,1.183438062667846680e+00,7.843428850173950195e-01
2.648359736792719588e+01,-6.150707432583829792e+00,1.298820922851562500e+03,1.841529130935668945e+00,2.877130000000000187e+00,9.531057476997375488e-01,5.743811726570129395e-01
2.648346221083106755e+01,-6.136122090209037871e+00,1.168927490234375000e+03,1.619969129562377930e+00,2.877140000000000253e+00,9.708060026168823242e-01,5.644629001617431641e-01
2.648174464622013602e+01,-6.122581686969419401e+00,1.471027465820312500e+03,1.155659675598144531e+00,2.877150000000000318e+00,9.048877954483032227e-01,5.662939548492431641e-01
2.648825901632623925e+01,-6.107945721103647863e+00,1.564347167968750000e+03,1.183895587921142578e+00,2.877160000000000384e+00,8.207352757453918457e-01,5.224247574806213379e-01
2.647780470734885938e+01,-6.097557483791296029e+00,1.623641601562500000e+03,1.040765762329101562e+00,2.877170000000000449e+00,9.354817867279052734e-01,6.013129949569702148e-01
2.648372633508148155e+01,-6.077178393361905684e+00,1.477244995117187500e+03,1.031791687011718750e+00,2.877180000000000071e+00,9.585989117622375488e-01,6.006263494491577148e-01
2.649076410130867032e+01,-6.063113345419890443e+00,1.311503173828125000e+03,1.066693782806396484e+00,2.877190000000000136e+00,1.086315512657165527e+00,6.567026376724243164e-01
2.648367455750198474e+01,-6.047795097783541074e+00,1.444173339843750000e+03,1.288523197174072266e+00,2.877200000000000202e+00,1.283002018928527832e+00,7.986862063407897949e-01
2.648042901834133289e+01,-6.032316932313572799e+00,1.413275756835937500e+03,1.693337678909301758e+00,2.877210000000000267e+00,1.034740567207336426e+00,6.400704979896545410e-01
2.648272427117725414e+01,-6.016204398520194729e+00,1.342473022460937500e+03,1.804794788360595703e+00,2.877220000000000333e+00,1.026729702949523926e+00,6.252694129943847656e-01
2.647944766083387691e+01,-6.001154043102693514e+00,1.372252807617187500e+03,1.373079538345336914e+00,2.877230000000000398e+00,1.046184659004211426e+00,6.414437890052795410e-01
2.647653533360691824e+01,-5.986362901391573565e+00,1.992454223632812500e+03,1.362841844558715820e+00,2.877240000000000020e+00,9.795798659324645996e-01,6.604410409927368164e-01
2.647985845265781535e+01,-5.968740723956083905e+00,1.909963745117187500e+03,1.392706155776977539e+00,2.877250000000000085e+00,9.903373122215270996e-01,6.616617441177368164e-01
2.648483518672377457e+01,-5.954424534622191345e+00,1.636765380859375000e+03,1.243241548538208008e+00,2.877260000000000151e+00,1.007579803466796875e+00,6.489969491958618164e-01
2.647683360537539698e+01,-5.936544209083822743e+00,1.214873291015625000e+03,1.308637380599975586e+00,2.877270000000000216e+00,1.049007654190063477e+00,6.182503700256347656e-01
2.647994424818401527e+01,-5.920900698221838176e+00,1.473286499023437500e+03,1.290032386779785156e+00,2.877280000000000282e+00,1.010631561279296875e+00,6.327462196350097656e-01
2.648999888228163968e+01,-5.904387635831259473e+00,1.393544555664062500e+03,1.531987905502319336e+00,2.877290000000000347e+00,1.078228354454040527e+00,6.641795039176940918e-01
2.648445810940215850e+01,-5.888783074534204687e+00,1.677972412109375000e+03,1.320132732391357422e+00,2.877300000000000413e+00,1.034816861152648926e+00,6.707407832145690918e-01
2.648140177244257032e+01,-5.877162052426785799e+00,1.311221435546875000e+03,1.557559490203857422e+00,2.877310000000000034e+00,9.567678570747375488e-01,5.783484578132629395e-01
2.648846890884892957e+01,-5.862259789891770545e+00,1.311640747070312500e+03,1.308773279190063477e+00,2.877320000000000100e+00,9.773673415184020996e-01,5.908607244491577148e-01
2.648365404190568029e+01,-5.839614470610232644e+00,1.493584838867187500e+03,1.171715974807739258e+00,2.877330000000000165e+00,9.434926509857177734e-01,5.929969549179077148e-01
2.647980343488856292e+01,-5.825211626102083429e+00,1.647253784179687500e+03,1.114109277725219727e+00,2.877340000000000231e+00,1.134838581085205078e+00,7.321576476097106934e-01
2.649077962183591595e+01,-5.816233436886718344e+00,1.357697143554687500e+03,1.346908330917358398e+00,2.877350000000000296e+00,1.101421713829040527e+00,6.731058955192565918e-01
2.648206881062418816e+01,-5.795956612227288751e+00,1.947901977539062500e+03,1.546183347702026367e+00,2.877360000000000362e+00,1.147808670997619629e+00,7.701521515846252441e-01
2.648459608295289414e+01,-5.779389540377184886e+00,2.113775146484375000e+03,1.595485925674438477e+00,2.877370000000000427e+00,1.340146422386169434e+00,9.145008921623229980e-01
2.648516796111734450e+01,-5.766202864453448207e+00,2.129940185546875000e+03,1.664431810379028320e+00,2.877380000000000049e+00,1.590544104576110840e+00,1.087002158164978027e+00
2.649280817240638441e+01,-5.749840013804380590e+00,1.897100463867187500e+03,2.103597640991210938e+00,2.877390000000000114e+00,1.192059278488159180e+00,7.952529788017272949e-01
2.648646209959306574e+01,-5.729946705982376542e+00,1.708612304687500000e+03,2.346475839614868164e+00,2.877400000000000180e+00,1.082577109336853027e+00,7.048442959785461426e-01
2.648404008229898920e+01,-5.716138083985847551e+00,1.771754760742187500e+03,1.760950803756713867e+00,2.877410000000000245e+00,1.299100160598754883e+00,8.532366156578063965e-01
2.648590181310591163e+01,-5.705812826876273114e+00,2.451336425781250000e+03,1.767585992813110352e+00,2.877420000000000311e+00,1.381116390228271484e+00,9.685171842575073242e-01
2.648603983420319352e+01,-5.691022389223443945e+00,1.387819702148437500e+03,2.274472236633300781e+00,2.877430000000000376e+00,1.334653258323669434e+00,8.211167454719543457e-01
2.648083884095855467e+01,-5.673581708370970311e+00,1.530552734375000000e+03,2.418443679809570312e+00,2.877440000000000442e+00,1.096157431602478027e+00,6.936290264129638672e-01
2.648595086140857546e+01,-5.652470650211071757e+00,1.331597778320312500e+03,1.921139478683471680e+00,2.877450000000000063e+00,8.877978920936584473e-01,5.392858386039733887e-01
2.649089589282949930e+01,-5.641831062126048124e+00,1.710964721679687500e+03,1.221283197402954102e+00,2.877460000000000129e+00,1.240353584289550781e+00,8.078415393829345703e-01
2.648381711853338416e+01,-5.626407120134215845e+00,1.630688964843750000e+03,1.307802915573120117e+00,2.877470000000000194e+00,1.155438065528869629e+00,7.435255050659179688e-01
2.648953830231557660e+01,-5.606308437851086346e+00,1.515694702148437500e+03,1.698708057403564453e+00,2.877480000000000260e+00,9.360158443450927734e-01,5.907081365585327148e-01
2.648841243428549674e+01,-5.593273682491333609e+00,1.541517333984375000e+03,1.356974363327026367e+00,2.877490000000000325e+00,8.828387856483459473e-01,5.597326755523681641e-01
2.648656853221634933e+01,-5.576367609344345055e+00,1.378051391601562500e+03,1.190189838409423828e+00,2.877500000000000391e+00,9.759939908981323242e-01,5.991767644882202148e-01
2.647858693797824969e+01,-5.559734568003229072e+00,1.420778198242187500e+03,1.108802080154418945e+00,2.877510000000000456e+00,1.050609827041625977e+00,6.509042978286743164e-01
2.649487641180091657e+01,-5.551217106205734275e+00,1.196401245117187500e+03,1.146556854248046875e+00,2.877520000000000078e+00,1.055645227432250977e+00,6.188607215881347656e-01
2.648577928857413610e+01,-5.531485683909238560e+00,1.302000854492187500e+03,1.308345317840576172e+00,2.877530000000000143e+00,1.150707840919494629e+00,6.940104961395263672e-01
2.648676486600836810e+01,-5.515776870902866946e+00,1.365120849609375000e+03,1.392623901367187500e+00,2.877540000000000209e+00,1.225705027580261230e+00,7.503156661987304688e-01
2.648884019322438732e+01,-5.501869500114646705e+00,1.692988159179687500e+03,1.432721138000488281e+00,2.877550000000000274e+00,1.215863108634948730e+00,7.898361086845397949e-01
2.648686205729985232e+01,-5.489889518842616667e+00,2.409403564453125000e+03,1.754443168640136719e+00,2.877560000000000340e+00,1.309170961380004883e+00,9.153401255607604980e-01
2.648250864729092768e+01,-5.471263596394837947e+00,2.061225097656250000e+03,1.696977138519287109e+00,2.877570000000000405e+00,1.350751280784606934e+00,9.170948863029479980e-01
2.648535338498328073e+01,-5.458688000690482767e+00,2.172636718750000000e+03,2.160245895385742188e+00,2.877580000000000027e+00,1.382794857025146484e+00,9.486806988716125488e-01
2.649146318793609467e+01,-5.448494919176342322e+00,1.361961791992187500e+03,2.262326002120971680e+00,2.877590000000000092e+00,1.182675123214721680e+00,7.234600782394409180e-01
2.648161303540282319e+01,-5.425922826454701031e+00,1.343076660156250000e+03,2.144166946411132812e+00,2.877600000000000158e+00,1.092724204063415527e+00,6.655527949333190918e-01
2.648507895425370151e+01,-5.410652143295302530e+00,1.783167968750000000e+03,1.644870758056640625e+00,2.877610000000000223e+00,1.120953083038330078e+00,7.373456358909606934e-01
2.648755588737647315e+01,-5.398582777683684775e+00,1.952089721679687500e+03,1.482773542404174805e+00,2.877620000000000289e+00,1.412320733070373535e+00,9.480703473091125488e-01
2.648306509007122855e+01,-5.381231884260392562e+00,2.153691406250000000e+03,1.580020904541015625e+00,2.877630000000000354e+00,1.436048269271850586e+00,9.835471510887145996e-01
2.647614244631404645e+01,-5.365955638614199330e+00,1.703421386718750000e+03,2.456933975219726562e+00,2.877640000000000420e+00,1.268200993537902832e+00,8.250840306282043457e-01
2.649417473927758948e+01,-5.345303363685815157e+00,1.888454345703125000e+03,2.192060470581054688e+00,2.877650000000000041e+00,1.123318195343017578e+00,7.486371994018554688e-01
2.649006986550451614e+01,-5.335335653795961086e+00,1.561299316406250000e+03,1.880386590957641602e+00,2.877660000000000107e+00,1.060528039932250977e+00,6.747080683708190918e-01
2.647881657798815880e+01,-5.316889288151312343e+00,2.488351562500000000e+03,1.762928485870361328e+00,2.877670000000000172e+00,1.009944915771484375e+00,7.100322842597961426e-01
2.648330846144872908e+01,-5.299721812244404084e+00,1.898528442382812500e+03,1.454675912857055664e+00,2.877680000000000238e+00,1.094326376914978027e+00,7.301740050315856934e-01
2.648798770555194793e+01,-5.293318575328244791e+00,1.788900878906250000e+03,1.639132022857666016e+00,2.877690000000000303e+00,1.050686120986938477e+00,6.916453838348388672e-01
2.648301207248923461e+01,-5.276096151399761958e+00,1.316507690429687500e+03,1.412437677383422852e+00,2.877700000000000369e+00,1.140713334083557129e+00,6.904246807098388672e-01
2.648549099305919796e+01,-5.257473706485353837e+00,1.301538330078125000e+03,1.462941884994506836e+00,2.877710000000000434e+00,1.031536221504211426e+00,6.220650672912597656e-01
2.649089226339435754e+01,-5.238524448378778509e+00,1.272997924804687500e+03,1.528520107269287109e+00,2.877720000000000056e+00,1.055950403213500977e+00,6.322121620178222656e-01
2.649088019839535235e+01,-5.227321452260956569e+00,1.610399414062500000e+03,1.416754245758056641e+00,2.877730000000000121e+00,1.039165616035461426e+00,6.665446162223815918e-01
2.648662350596902826e+01,-5.208441064501110773e+00,1.496961669921875000e+03,1.466786384582519531e+00,2.877740000000000187e+00,1.174359083175659180e+00,7.385663390159606934e-01
2.648896390155647751e+01,-5.191690527034396929e+00,1.491854125976562500e+03,1.549312591552734375e+00,2.877750000000000252e+00,1.238141059875488281e+00,7.779341936111450195e-01
2.649209346914690855e+01,-5.174691949292531845e+00,1.435799804687500000e+03,1.857932329177856445e+00,2.877760000000000318e+00,1.149639725685119629e+00,7.144573926925659180e-01
2.648495364209626501e+01,-5.162504170431073902e+00,1.631164794921875000e+03,1.789676666259765625e+00,2.877770000000000383e+00,1.248059272766113281e+00,8.031875491142272949e-01
2.649056054512076130e+01,-5.147540468410845449e+00,1.489231201171875000e+03,1.636224508285522461e+00,2.877780000000000449e+00,1.134151935577392578e+00,7.122448682785034180e-01
2.649218194163032791e+01,-5.136815363117921862e+00,1.795484497070312500e+03,1.624950885772705078e+00,2.877790000000000070e+00,9.900321364402770996e-01,6.522775888442993164e-01
2.648591939598905043e+01,-5.118638541866851632e+00,1.571052001953125000e+03,1.379510879516601562e+00,2.877800000000000136e+00,1.083187460899353027e+00,6.902720928192138672e-01
2.648517874323676935e+01,-5.105972619740732910e+00,1.577588012695312500e+03,1.250659942626953125e+00,2.877810000000000201e+00,9.795035719871520996e-01,6.248879432678222656e-01
2.649051896011859952e+01,-5.091916202431325367e+00,1.311708374023437500e+03,1.424744844436645508e+00,2.877820000000000267e+00,9.685171842575073242e-01,5.855200886726379395e-01
2.648327480342093310e+01,-5.063051302570841017e+00,1.617715698242187500e+03,1.303314685821533203e+00,2.877830000000000332e+00,1.046260952949523926e+00,6.718851923942565918e-01
2.648416888314453033e+01,-5.056240081537100473e+00,1.776666137695312500e+03,1.045699834823608398e+00,2.877840000000000398e+00,1.107754111289978027e+00,7.280377745628356934e-01
2.648898299385247768e+01,-5.047537157498254601e+00,1.796929565429687500e+03,1.442665576934814453e+00,2.877850000000000019e+00,1.167797684669494629e+00,7.695418000221252441e-01
2.648720117805698138e+01,-5.024280888150761903e+00,1.382795410156250000e+03,1.561187028884887695e+00,2.877860000000000085e+00,1.120724201202392578e+00,6.887462139129638672e-01
2.648584141206559650e+01,-5.007207561868716184e+00,1.147687866210937500e+03,1.725031852722167969e+00,2.877870000000000150e+00,1.078838706016540527e+00,6.231331825256347656e-01
2.648693912470634970e+01,-4.994596488245949928e+00,1.403775878906250000e+03,1.436439275741577148e+00,2.877880000000000216e+00,1.018032193183898926e+00,6.284737586975097656e-01
2.649121003516930983e+01,-4.980647146652863455e+00,1.483829345703125000e+03,1.453016519546508789e+00,2.877890000000000281e+00,9.778251051902770996e-01,6.134437918663024902e-01
2.648343257888162228e+01,-4.964831894173147298e+00,1.784492065429687500e+03,1.279344081878662109e+00,2.877900000000000347e+00,1.115307331085205078e+00,7.337598204612731934e-01
2.648328320074271502e+01,-4.947961837019901665e+00,1.411758422851562500e+03,1.526054859161376953e+00,2.877910000000000412e+00,1.034206509590148926e+00,6.395364403724670410e-01
2.648678089311006190e+01,-4.933090702607112021e+00,1.679871337890625000e+03,1.579925537109375000e+00,2.877920000000000034e+00,1.089596152305603027e+00,7.064464688301086426e-01
2.648499760232406075e+01,-4.914838343931328346e+00,1.797371093750000000e+03,1.351145029067993164e+00,2.877930000000000099e+00,9.511221051216125488e-01,6.267952919006347656e-01
2.647478479523496020e+01,-4.902716441899697131e+00,1.295520019531250000e+03,1.472874402999877930e+00,2.877940000000000165e+00,9.879721999168395996e-01,5.949043035507202148e-01
2.648791437201136034e+01,-4.885352860933524610e+00,1.465891723632812500e+03,1.145070314407348633e+00,2.877950000000000230e+00,1.062359094619750977e+00,6.641795039176940918e-01
2.648484398282736052e+01,-4.867090106271190209e+00,1.482321411132812500e+03,1.334456920623779297e+00,2.877960000000000296e+00,9.579122662544250488e-01,6.007789373397827148e-01
2.647914939271096202e+01,-4.859257324901461672e+00,1.486875488281250000e+03,1.400389194488525391e+00,2.877970000000000361e+00,1.061367273330688477e+00,6.662394404411315918e-01
2.648061450569944952e+01,-4.844203393770563970e+00,1.545988647460937500e+03,1.356759786605834961e+00,2.877980000000000427e+00,1.180462598800659180e+00,7.490186691284179688e-01
2.648921010863653436e+01,-4.821662723371058945e+00,1.684640502929687500e+03,1.591474533081054688e+00,2.877990000000000048e+00,1.004985809326171875e+00,6.520487070083618164e-01
2.648077556630439489e+01,-4.803646112925418876e+00,1.480848510742187500e+03,1.618165493011474609e+00,2.878000000000000114e+00,1.070980310440063477e+00,6.715037226676940918e-01
2.647722067103149612e+01,-4.792186851272257186e+00,1.572129028320312500e+03,1.459033012390136719e+00,2.878010000000000179e+00,1.130032062530517578e+00,7.202557325363159180e-01
2.648799524324662968e+01,-4.774582047176710198e+00,1.530699462890625000e+03,1.424750804901123047e+00,2.878020000000000245e+00,1.025356411933898926e+00,6.488443613052368164e-01
2.648512286694715456e+01,-4.757700252697684817e+00,1.826824584960937500e+03,1.602032899856567383e+00,2.878030000000000310e+00,9.792746901512145996e-01,6.477761864662170410e-01
2.648096874179476501e+01,-4.738639180425939124e+00,1.148004028320312500e+03,1.228843450546264648e+00,2.878040000000000376e+00,1.077541589736938477e+00,6.224465370178222656e-01
2.648166191152570548e+01,-4.728072222763513466e+00,1.658378417968750000e+03,1.382337331771850586e+00,2.878050000000000441e+00,1.120037555694580078e+00,7.238415479660034180e-01
2.647964263883963909e+01,-4.714931920769635632e+00,1.819804077148437500e+03,1.340392351150512695e+00,2.878060000000000063e+00,1.250500679016113281e+00,8.264573216438293457e-01
2.647818688055167868e+01,-4.697298148629856840e+00,2.437291748046875000e+03,1.652594327926635742e+00,2.878070000000000128e+00,1.177410840988159180e+00,8.248551487922668457e-01
2.648407944155480465e+01,-4.687059355764540136e+00,1.397063354492187500e+03,1.847685098648071289e+00,2.878080000000000194e+00,1.074566125869750977e+00,6.624246835708618164e-01
2.648184753673750436e+01,-4.662100452929553995e+00,1.319159179687500000e+03,1.829896688461303711e+00,2.878090000000000259e+00,9.516561627388000488e-01,5.763648152351379395e-01
2.648556321673521907e+01,-4.651552608466244187e+00,2.074941894531250000e+03,1.303162097930908203e+00,2.878100000000000325e+00,1.301694154739379883e+00,8.849750161170959473e-01
2.648073575677646119e+01,-4.631024652533090702e+00,1.601934814453125000e+03,1.261733293533325195e+00,2.878110000000000390e+00,1.218304514884948730e+00,7.803755998611450195e-01
2.648117271702362174e+01,-4.615404538297675607e+00,1.952592285156250000e+03,1.805167913436889648e+00,2.878120000000000456e+00,1.259045600891113281e+00,8.452256917953491211e-01
2.648631979307152307e+01,-4.604484691120745765e+00,1.839424926757812500e+03,1.828754663467407227e+00,2.878130000000000077e+00,1.243405342102050781e+00,8.237870335578918457e-01
2.648159839511504998e+01,-4.589122925559810717e+00,1.943184448242187500e+03,1.971566200256347656e+00,2.878140000000000143e+00,1.377759456634521484e+00,9.239613413810729980e-01
2.648771929259473268e+01,-4.572185839865956503e+00,1.545468017578125000e+03,1.996325969696044922e+00,2.878150000000000208e+00,1.220974802970886230e+00,7.746535539627075195e-01
2.648733513573814236e+01,-4.557256384265278015e+00,1.699432006835937500e+03,1.917945861816406250e+00,2.878160000000000274e+00,1.333585143089294434e+00,8.671221137046813965e-01
2.648108644873929407e+01,-4.545831407280480185e+00,1.098647583007812500e+03,1.778773784637451172e+00,2.878170000000000339e+00,9.429585933685302734e-01,5.358525514602661133e-01
2.647940321092506366e+01,-4.529657444025858126e+00,1.327926391601562500e+03,2.214080810546875000e+00,2.878180000000000405e+00,9.003864526748657227e-01,5.464574694633483887e-01
2.648640957582066591e+01,-4.505671149519398178e+00,1.536617431640625000e+03,1.349447488784790039e+00,2.878190000000000026e+00,8.161575794219970703e-01,5.170078873634338379e-01
2.648113737821902447e+01,-4.494945993233632642e+00,1.364563476562500000e+03,1.003103971481323242e+00,2.878200000000000092e+00,7.860976457595825195e-01,4.811496138572692871e-01
2.648197351997282922e+01,-4.483010467800902177e+00,1.250847045898437500e+03,9.512311816215515137e-01,2.878210000000000157e+00,8.585771918296813965e-01,5.110569596290588379e-01
2.648744649427579390e+01,-4.467058919396535543e+00,1.081540893554687500e+03,9.001869559288024902e-01,2.878220000000000223e+00,8.908496499061584473e-01,5.031986236572265625e-01
2.647945739689649258e+01,-4.455355169643607560e+00,1.992979248046875000e+03,8.515328764915466309e-01,2.878230000000000288e+00,1.088833212852478027e+00,7.341412901878356934e-01
2.647929371932678677e+01,-4.436821765980421439e+00,1.098956298828125000e+03,1.212138652801513672e+00,2.878240000000000354e+00,8.946643471717834473e-01,5.084629654884338379e-01
2.648484975633621374e+01,-4.423094416494332215e+00,1.358393676757812500e+03,1.464797973632812500e+00,2.878250000000000419e+00,9.817923903465270996e-01,6.000922918319702148e-01
2.648004656267954715e+01,-4.409769989839476878e+00,1.573505371093750000e+03,1.022891521453857422e+00,2.878260000000000041e+00,9.019123315811157227e-01,5.749915242195129395e-01
2.647476384781740322e+01,-4.394138040392393307e+00,1.601499389648437500e+03,1.127031564712524414e+00,2.878270000000000106e+00,8.692584037780761719e-01,5.567572116851806641e-01
2.648597180700237530e+01,-4.381055864294839175e+00,1.092056518554687500e+03,9.263271689414978027e-01,2.878280000000000172e+00,9.089313745498657227e-01,5.153294205665588379e-01
2.648371185986192344e+01,-4.365791254420151368e+00,1.598747314453125000e+03,9.299404025077819824e-01,2.878290000000000237e+00,9.578359723091125488e-01,6.132149100303649902e-01
2.647591822074122803e+01,-4.347191647188552999e+00,1.320384277343750000e+03,1.116920232772827148e+00,2.878300000000000303e+00,9.460867047309875488e-01,5.731604695320129395e-01
2.648066760480786996e+01,-4.333856014448570271e+00,1.101442382812500000e+03,1.255790710449218750e+00,2.878310000000000368e+00,9.703482389450073242e-01,5.519506335258483887e-01
2.648765151204690227e+01,-4.320917880186386562e+00,1.572407226562500000e+03,1.081263542175292969e+00,2.878320000000000434e+00,1.024288296699523926e+00,6.528879404067993164e-01
2.648083598583406939e+01,-4.301210952776680863e+00,1.215468261718750000e+03,1.101781845092773438e+00,2.878330000000000055e+00,1.142925858497619629e+00,6.737162470817565918e-01
2.647781722581166264e+01,-4.282390745263138676e+00,1.275276611328125000e+03,1.196161031723022461e+00,2.878340000000000121e+00,9.147297739982604980e-01,5.479833483695983887e-01
2.648380553690729400e+01,-4.270082109867888498e+00,1.548664062500000000e+03,1.494165182113647461e+00,2.878350000000000186e+00,8.569750189781188965e-01,5.440160632133483887e-01
2.648221672312876152e+01,-4.251761252217518994e+00,1.829983764648437500e+03,9.207124114036560059e-01,2.878360000000000252e+00,1.269192814826965332e+00,8.398851156234741211e-01
2.647243911089314850e+01,-4.240032806296114565e+00,1.643493164062500000e+03,1.232277870178222656e+00,2.878370000000000317e+00,1.287427067756652832e+00,8.301194310188293457e-01
2.648401448283470927e+01,-4.219980177896172080e+00,1.446179443359375000e+03,1.714858531951904297e+00,2.878380000000000383e+00,1.362729549407958984e+00,8.486589193344116211e-01
2.648185866365678010e+01,-4.212681697533996683e+00,1.883583984375000000e+03,2.221842527389526367e+00,2.878390000000000448e+00,1.043666958808898926e+00,6.951549053192138672e-01
2.647690693277498042e+01,-4.194326619512613874e+00,1.172848022460937500e+03,1.912953376770019531e+00,2.878400000000000070e+00,1.025737881660461426e+00,5.971168279647827148e-01
2.647944508400042096e+01,-4.181574537021278459e+00,1.374033691406250000e+03,1.463006258010864258e+00,2.878410000000000135e+00,9.187733530998229980e-01,5.635473728179931641e-01
2.648431114528376185e+01,-4.162117584627315736e+00,1.268665405273437500e+03,1.322905540466308594e+00,2.878420000000000201e+00,1.005214691162109375e+00,6.011604070663452148e-01
2.647393654010437913e+01,-4.143722179572828068e+00,1.710384033203125000e+03,1.124010801315307617e+00,2.878430000000000266e+00,1.043056607246398926e+00,6.792857050895690918e-01
2.647916158498569317e+01,-4.130908118928418915e+00,1.389822509765625000e+03,1.341266155242919922e+00,2.878440000000000332e+00,1.026043057441711426e+00,6.315255165100097656e-01
2.648533790080592709e+01,-4.115172624804241508e+00,1.580208129882812500e+03,1.302799701690673828e+00,2.878450000000000397e+00,9.918631911277770996e-01,6.330514550209045410e-01
2.648695458138831071e+01,-4.100182830027613079e+00,1.630320068359375000e+03,1.277260303497314453e+00,2.878460000000000019e+00,1.064800500869750977e+00,6.851603984832763672e-01
2.648414625852639759e+01,-4.080448079119672222e+00,1.192464843750000000e+03,1.370176792144775391e+00,2.878470000000000084e+00,1.008266448974609375e+00,5.904029607772827148e-01
2.648350746313376192e+01,-4.073057573925614072e+00,1.447328979492187500e+03,1.352492094039916992e+00,2.878480000000000150e+00,9.592092633247375488e-01,5.974982976913452148e-01
2.649054456856067219e+01,-4.055676268267823126e+00,1.775863525390625000e+03,1.270819425582885742e+00,2.878490000000000215e+00,9.579885601997375488e-01,6.295418739318847656e-01
2.647899722884265827e+01,-4.033542208983281974e+00,1.363082641601562500e+03,1.189616441726684570e+00,2.878500000000000281e+00,1.031002163887023926e+00,6.308388710021972656e-01
2.648106297976529078e+01,-4.019810172578182517e+00,1.424802368164062500e+03,1.074525833129882812e+00,2.878510000000000346e+00,1.071514368057250977e+00,6.644083857536315918e-01
2.648847599553968379e+01,-4.007377710184983677e+00,1.270597900390625000e+03,1.379264116287231445e+00,2.878520000000000412e+00,8.927569985389709473e-01,5.341740846633911133e-01
2.648880233684013419e+01,-3.992003083160705845e+00,1.251214721679687500e+03,1.361104965209960938e+00,2.878530000000000033e+00,8.368333578109741211e-01,4.981632232666015625e-01
2.648231902614776700e+01,-3.969402709501280047e+00,1.445821533203125000e+03,1.101845026016235352e+00,2.878540000000000099e+00,8.133347034454345703e-01,5.064792633056640625e-01
2.648821025256530604e+01,-3.960441737937114848e+00,1.224619873046875000e+03,9.595806002616882324e-01,2.878550000000000164e+00,7.938796877861022949e-01,4.691714048385620117e-01
2.648850448444647299e+01,-3.945986719949290844e+00,1.273663574218750000e+03,8.457929491996765137e-01,2.878560000000000230e+00,8.382829427719116211e-01,5.019779205322265625e-01
2.648495403389911118e+01,-3.926524805410316343e+00,1.374269653320312500e+03,8.701140284538269043e-01,2.878570000000000295e+00,8.004409670829772949e-01,4.909915626049041748e-01
2.648651786299353006e+01,-3.911797722082546613e+00,9.771551513671875000e+02,8.666915297508239746e-01,2.878580000000000361e+00,8.411821126937866211e-01,4.558961987495422363e-01
2.648907525042880451e+01,-3.900937305448913595e+00,1.393048828125000000e+03,7.085961699485778809e-01,2.878590000000000426e+00,8.948932290077209473e-01,5.511876940727233887e-01
2.648642672011585120e+01,-3.878996348426940521e+00,1.722885864257812500e+03,8.813828825950622559e-01,2.878600000000000048e+00,9.119831323623657227e-01,5.949805974960327148e-01
2.648781295300461736e+01,-3.866047302437736199e+00,1.831712158203125000e+03,1.045238494873046875e+00,2.878610000000000113e+00,1.094173789024353027e+00,7.242230176925659180e-01
2.648662477224095113e+01,-3.850378810058917356e+00,1.684689086914062500e+03,1.171174764633178711e+00,2.878620000000000179e+00,1.293072819709777832e+00,8.389695882797241211e-01
2.648427867000119917e+01,-3.830093989510915620e+00,1.730566040039062500e+03,1.708206653594970703e+00,2.878630000000000244e+00,1.240658760070800781e+00,8.102829456329345703e-01
2.648584128019759376e+01,-3.825385179296093341e+00,1.739079345703125000e+03,1.927748441696166992e+00,2.878640000000000310e+00,1.222271800041198730e+00,7.992202639579772949e-01
2.649100959320316662e+01,-3.807520155964557951e+00,1.286485595703125000e+03,1.979273080825805664e+00,2.878650000000000375e+00,1.053966760635375977e+00,6.332040429115295410e-01
2.649230142197581728e+01,-3.788312931858399235e+00,1.388433227539062500e+03,1.638469219207763672e+00,2.878660000000000441e+00,1.070369958877563477e+00,6.586099863052368164e-01
2.648826161082370234e+01,-3.781272685283880275e+00,1.630214111328125000e+03,1.339783191680908203e+00,2.878670000000000062e+00,9.558523297309875488e-01,6.150459647178649902e-01
2.648785840442455708e+01,-3.767551132529169955e+00,1.154434570312500000e+03,1.351274967193603516e+00,2.878680000000000128e+00,8.475908041000366211e-01,4.906100928783416748e-01
2.648882509799396345e+01,-3.748275036186682563e+00,1.508830688476562500e+03,1.121450185775756836e+00,2.878690000000000193e+00,8.617815375328063965e-01,5.431768298149108887e-01
2.648708294787970985e+01,-3.727087835495385804e+00,1.576982177734375000e+03,9.738618731498718262e-01,2.878700000000000259e+00,9.215962290763854980e-01,5.878852605819702148e-01
2.648272628134969153e+01,-3.712500082603634954e+00,1.303108398437500000e+03,1.036049842834472656e+00,2.878710000000000324e+00,8.929095864295959473e-01,5.386754274368286133e-01
2.648912632939261869e+01,-3.705240621356855169e+00,1.675641113281250000e+03,1.021186828613281250e+00,2.878720000000000390e+00,1.029171109199523926e+00,6.668497920036315918e-01
2.648663105583934296e+01,-3.681366031842313813e+00,1.055705444335937500e+03,1.069507122039794922e+00,2.878730000000000455e+00,1.060909509658813477e+00,5.936073064804077148e-01
2.648708558051429307e+01,-3.668524368948275161e+00,1.631113769531250000e+03,1.285489320755004883e+00,2.878740000000000077e+00,1.075100183486938477e+00,6.918742656707763672e-01
2.648321883836939605e+01,-3.651648824171306540e+00,1.870210327148437500e+03,1.347995519638061523e+00,2.878750000000000142e+00,1.144909501075744629e+00,7.613783478736877441e-01
2.647956067603823982e+01,-3.639236076571596090e+00,1.904750488281250000e+03,1.330550432205200195e+00,2.878760000000000208e+00,1.465116381645202637e+00,9.782828688621520996e-01
2.648373777900246040e+01,-3.621963186754701081e+00,1.187080444335937500e+03,2.137026309967041016e+00,2.878770000000000273e+00,9.580648541450500488e-01,5.601141452789306641e-01
2.648508010909858967e+01,-3.608241302299643571e+00,1.094961791992187500e+03,2.006867647171020508e+00,2.878780000000000339e+00,9.344899654388427734e-01,5.303593873977661133e-01
2.648630403670534506e+01,-3.594117050195017704e+00,1.121010742187500000e+03,1.111049175262451172e+00,2.878790000000000404e+00,9.969749450683593750e-01,5.708716511726379395e-01
2.648582033568402494e+01,-3.573912355974604882e+00,1.033255737304687500e+03,1.123480319976806641e+00,2.878800000000000026e+00,9.406697750091552734e-01,5.218144059181213379e-01
2.648399368075734728e+01,-3.566250632347319982e+00,1.119916137695312500e+03,1.082400798797607422e+00,2.878810000000000091e+00,8.064682483673095703e-01,4.616182744503021240e-01
2.648465952370239052e+01,-3.543804473237383235e+00,1.239546752929687500e+03,1.079306125640869141e+00,2.878820000000000157e+00,7.633619904518127441e-01,4.529970288276672363e-01
2.648254616676353734e+01,-3.532001981344907282e+00,1.275151245117187500e+03,7.567972540855407715e-01,2.878830000000000222e+00,1.008113861083984375e+00,6.039070487022399902e-01
2.648141387288047000e+01,-3.512677615349681037e+00,1.855631835937500000e+03,8.753878474235534668e-01,2.878840000000000288e+00,1.094402670860290527e+00,7.265118360519409180e-01
2.648658374841492247e+01,-3.497890405192946695e+00,1.674579345703125000e+03,1.204213619232177734e+00,2.878850000000000353e+00,1.151928544044494629e+00,7.462720870971679688e-01
2.648128604443483525e+01,-3.481736221815227683e+00,1.643097412109375000e+03,1.496960639953613281e+00,2.878860000000000419e+00,1.193432569503784180e+00,7.694655060768127441e-01
2.647847581577189402e+01,-3.464823928391790986e+00,2.133595458984375000e+03,1.712743759155273438e+00,2.878870000000000040e+00,1.321835756301879883e+00,9.036670923233032227e-01
2.648391434613635553e+01,-3.452844472234149809e+00,1.968339355468750000e+03,1.857211112976074219e+00,2.878880000000000106e+00,1.468931078910827637e+00,9.878196120262145996e-01
2.648479977648015193e+01,-3.431430251600466441e+00,1.384482666015625000e+03,2.156984329223632812e+00,2.878890000000000171e+00,1.181988477706909180e+00,7.266644835472106934e-01
2.647655009006845361e+01,-3.425351731731427485e+00,1.932095336914062500e+03,2.212616920471191406e+00,2.878900000000000237e+00,1.100735068321228027e+00,7.372693419456481934e-01
2.648195330590781893e+01,-3.400868520948902685e+00,1.214236206054687500e+03,1.774399995803833008e+00,2.878910000000000302e+00,9.917106032371520996e-01,5.843756794929504395e-01
2.648480439943578091e+01,-3.381621263665258059e+00,1.508295043945312500e+03,1.543600082397460938e+00,2.878920000000000368e+00,9.503591656684875488e-01,5.989478826522827148e-01
2.647926450596081338e+01,-3.367422646394887753e+00,1.778873413085937500e+03,1.199959039688110352e+00,2.878930000000000433e+00,8.752093315124511719e-01,5.753729939460754395e-01
2.648003166317446855e+01,-3.353121423025956727e+00,1.109884399414062500e+03,1.156843423843383789e+00,2.878940000000000055e+00,8.870349526405334473e-01,5.060214996337890625e-01
2.648811103550712076e+01,-3.336261150872228853e+00,1.366317382812500000e+03,1.109874963760375977e+00,2.878950000000000120e+00,9.701956510543823242e-01,5.940650701522827148e-01
2.648291054171114922e+01,-3.323197331854722769e+00,1.209983032226562500e+03,9.900314211845397949e-01,2.878960000000000186e+00,1.103100180625915527e+00,6.492258310317993164e-01
2.648241560211374335e+01,-3.306147465810689745e+00,1.289681396484375000e+03,1.291883707046508789e+00,2.878970000000000251e+00,1.060222864151000977e+00,6.374765038490295410e-01
2.648844468121079032e+01,-3.288012970138001201e+00,1.425822998046875000e+03,1.464699029922485352e+00,2.878980000000000317e+00,1.019252896308898926e+00,6.321358680725097656e-01
2.648869281249575636e+01,-3.278171779312199607e+00,1.729394653320312500e+03,1.356478452682495117e+00,2.878990000000000382e+00,1.003917694091796875e+00,6.555582284927368164e-01
2.648351566881946439e+01,-3.260328452850149716e+00,1.762929077148437500e+03,1.397486448287963867e+00,2.879000000000000448e+00,8.940539956092834473e-01,5.865119695663452148e-01
2.648684403347494865e+01,-3.245937819646432132e+00,1.408934692382812500e+03,1.366612434387207031e+00,2.879010000000000069e+00,9.934654235839843750e-01,6.139778494834899902e-01
2.648877761828476451e+01,-3.228468136298910718e+00,1.434049438476562500e+03,1.472721815109252930e+00,2.879020000000000135e+00,9.856070876121520996e-01,6.122993826866149902e-01
2.648799832361865469e+01,-3.216438132328049537e+00,1.201578857421875000e+03,1.324381351470947266e+00,2.879030000000000200e+00,8.864246010780334473e-01,5.204411149024963379e-01
2.648906408780626265e+01,-3.205596717196188550e+00,1.633494628906250000e+03,1.021769762039184570e+00,2.879040000000000266e+00,9.663809537887573242e-01,6.221413612365722656e-01
2.649206687222097756e+01,-3.179972220600224553e+00,1.062343994140625000e+03,1.183737039566040039e+00,2.879050000000000331e+00,1.075557947158813477e+00,6.032966971397399902e-01
2.648743125406602061e+01,-3.171736542016029503e+00,1.635262084960937500e+03,1.200598001480102539e+00,2.879060000000000397e+00,1.130795001983642578e+00,7.281903624534606934e-01
2.647893829948205635e+01,-3.147794551641909688e+00,1.391279663085937500e+03,1.431641101837158203e+00,2.879070000000000018e+00,9.695852994918823242e-01,5.969642400741577148e-01
2.648598510386802118e+01,-3.136035265126319693e+00,1.979760375976562500e+03,1.527549743652343750e+00,2.879080000000000084e+00,9.142720103263854980e-01,6.155800223350524902e-01
2.649207305709025562e+01,-3.119443474260482851e+00,1.482704589843750000e+03,1.178860187530517578e+00,2.879090000000000149e+00,9.596670269966125488e-01,6.019234061241149902e-01
2.648448733868784899e+01,-3.105017023388883857e+00,1.462714599609375000e+03,1.265279769897460938e+00,2.879100000000000215e+00,1.004528045654296875e+00,6.276345252990722656e-01
2.648233128489883370e+01,-3.092325927918767370e+00,1.269378173828125000e+03,1.334824085235595703e+00,2.879110000000000280e+00,9.333455562591552734e-01,5.582830905914306641e-01
2.648710197462692761e+01,-3.075624149022750942e+00,1.000785400390625000e+03,1.310219287872314453e+00,2.879120000000000346e+00,9.050403833389282227e-01,4.954929053783416748e-01
2.648642899410936380e+01,-3.057621677986222863e+00,1.350193847656250000e+03,1.221012592315673828e+00,2.879130000000000411e+00,1.126446247100830078e+00,6.872203350067138672e-01
2.648467269863263596e+01,-3.048041456472415422e+00,1.431415893554687500e+03,1.283547401428222656e+00,2.879140000000000033e+00,1.154598832130432129e+00,7.168987989425659180e-01
2.648841249763962935e+01,-3.036357161304885643e+00,1.490323364257812500e+03,1.494230747222900391e+00,2.879150000000000098e+00,9.835471510887145996e-01,6.177926063537597656e-01
2.648195406087529946e+01,-3.013727669312645130e+00,1.659845458984375000e+03,1.428235292434692383e+00,2.879160000000000164e+00,9.472311139106750488e-01,6.122993826866149902e-01
2.648040343257994778e+01,-3.004764891173477448e+00,1.480000122070312500e+03,1.490059614181518555e+00,2.879170000000000229e+00,9.473837018013000488e-01,5.939124822616577148e-01
2.648079140847434232e+01,-2.984023101315433024e+00,1.255195190429687500e+03,1.207742214202880859e+00,2.879180000000000295e+00,1.086620688438415527e+00,6.475473046302795410e-01
2.648208384621479894e+01,-2.971590950413481647e+00,1.825570434570312500e+03,1.340692758560180664e+00,2.879190000000000360e+00,8.829913735389709473e-01,5.839942097663879395e-01
2.647869011293447983e+01,-2.957100360902101155e+00,1.312753540039062500e+03,1.294545650482177734e+00,2.879200000000000426e+00,8.461412191390991211e-01,5.116673111915588379e-01
2.647647512483938215e+01,-2.934702595380096035e+00,1.564564208984375000e+03,1.029233455657958984e+00,2.879210000000000047e+00,9.725607633590698242e-01,6.190896034240722656e-01
2.648017026382665762e+01,-2.926577021947488255e+00,2.042924072265625000e+03,1.046908617019653320e+00,2.879220000000000113e+00,9.907187819480895996e-01,6.714274287223815918e-01
2.648145808590484052e+01,-2.904163705578199473e+00,1.611442016601562500e+03,1.211816787719726562e+00,2.879230000000000178e+00,9.100757837295532227e-01,5.838416218757629395e-01
2.647986259539604958e+01,-2.892984513635713739e+00,1.579779296875000000e+03,1.242851734161376953e+00,2.879240000000000244e+00,1.073345422744750977e+00,6.850078105926513672e-01
2.647758929551730489e+01,-2.875519836101578797e+00,1.733555908203125000e+03,1.198596477508544922e+00,2.879250000000000309e+00,1.166576981544494629e+00,7.622175812721252441e-01
2.647948784715837434e+01,-2.860289953621775627e+00,2.307678466796875000e+03,1.498200416564941406e+00,2.879260000000000375e+00,1.194653272628784180e+00,8.288987278938293457e-01
2.647478072312677355e+01,-2.842618019856469669e+00,2.423349121093750000e+03,1.835791587829589844e+00,2.879270000000000440e+00,1.127666950225830078e+00,7.892257571220397949e-01
2.648232521469864764e+01,-2.824966792699164397e+00,1.311950561523437500e+03,1.799535274505615234e+00,2.879280000000000062e+00,1.493040084838867188e+00,9.026752710342407227e-01
2.648529286431360674e+01,-2.816400518178661549e+00,1.417522705078125000e+03,1.901292324066162109e+00,2.879290000000000127e+00,1.368756771087646484e+00,8.474382162094116211e-01
2.647974570931744864e+01,-2.798970959506970946e+00,1.731995483398437500e+03,2.110071897506713867e+00,2.879300000000000193e+00,1.294369816780090332e+00,8.455308675765991211e-01
2.647911044345550380e+01,-2.785668573500181822e+00,2.288954101562500000e+03,2.115373134613037109e+00,2.879310000000000258e+00,1.176495313644409180e+00,8.150894641876220703e-01
2.648073019496315439e+01,-2.766252795688413091e+00,1.702888427734375000e+03,2.036458969116210938e+00,2.879320000000000324e+00,1.188549757003784180e+00,7.732039093971252441e-01
2.647806378398834681e+01,-2.750744898509820402e+00,1.595580810546875000e+03,1.894959926605224609e+00,2.879330000000000389e+00,1.070293664932250977e+00,6.848552227020263672e-01
2.647183023833771287e+01,-2.732507308682123881e+00,1.457219604492187500e+03,1.785479307174682617e+00,2.879340000000000455e+00,1.103405356407165527e+00,6.886699199676513672e-01
2.648346042258610211e+01,-2.720477115124623424e+00,1.812801635742187500e+03,1.583600759506225586e+00,2.879350000000000076e+00,1.182980298995971680e+00,7.811385393142700195e-01
2.648231381351129698e+01,-2.702993591624267999e+00,2.103546142578125000e+03,1.683299064636230469e+00,2.879360000000000142e+00,1.265225410461425781e+00,8.625444769859313965e-01
2.647755477914305544e+01,-2.692067437827641019e+00,1.570067504882812500e+03,1.730044603347778320e+00,2.879370000000000207e+00,1.088756918907165527e+00,6.937053203582763672e-01
2.648022849760448949e+01,-2.676324179271130088e+00,1.580405639648437500e+03,1.760601520538330078e+00,2.879380000000000273e+00,9.406697750091552734e-01,6.003974676132202148e-01
2.648619267173492986e+01,-2.661172954577995409e+00,1.221176269531250000e+03,1.245648384094238281e+00,2.879390000000000338e+00,1.009410858154296875e+00,5.959724187850952148e-01
2.647801571045134139e+01,-2.643060456729585894e+00,1.473358154296875000e+03,1.365866184234619141e+00,2.879400000000000404e+00,8.290513157844543457e-01,5.190678238868713379e-01
2.648022987294312358e+01,-2.627408270674683521e+00,1.803796875000000000e+03,1.055322408676147461e+00,2.879410000000000025e+00,9.920920729637145996e-01,6.543375253677368164e-01
2.648434024349714377e+01,-2.611325498395356881e+00,1.828024658203125000e+03,1.086741209030151367e+00,2.879420000000000091e+00,1.078533530235290527e+00,7.135418653488159180e-01
2.647870334082498545e+01,-2.599116911619334669e+00,1.431130615234375000e+03,1.541994333267211914e+00,2.879430000000000156e+00,1.065944910049438477e+00,6.618143320083618164e-01
2.647535269071229536e+01,-2.580283359506454044e+00,1.397116455078125000e+03,1.643185138702392578e+00,2.879440000000000222e+00,7.905227541923522949e-01,4.873294234275817871e-01
2.648092641800938196e+01,-2.565533692978378522e+00,1.597800292968750000e+03,1.519587755203247070e+00,2.879450000000000287e+00,9.628714323043823242e-01,6.163429617881774902e-01
2.648408874318650774e+01,-2.551252471759382523e+00,1.434454833984375000e+03,9.553260207176208496e-01,2.879460000000000353e+00,1.120113849639892578e+00,6.959179043769836426e-01
2.647475285178766669e+01,-2.532641591832951011e+00,1.470530761718750000e+03,1.329017400741577148e+00,2.879470000000000418e+00,1.027263760566711426e+00,6.428170800209045410e-01
2.648236269588679903e+01,-2.517114908701457932e+00,1.203947021484375000e+03,1.370458126068115234e+00,2.879480000000000040e+00,1.028789639472961426e+00,6.044411063194274902e-01
2.648258686349273816e+01,-2.503770330022590418e+00,1.371834350585937500e+03,1.261724948883056641e+00,2.879490000000000105e+00,1.078762412071228027e+00,6.613565683364868164e-01
2.648488028600212374e+01,-2.487306145325874684e+00,2.046082763671875000e+03,1.445159435272216797e+00,2.879500000000000171e+00,1.190838575363159180e+00,8.073074817657470703e-01
2.647705567605103383e+01,-2.466356869242437799e+00,1.570007812500000000e+03,1.429394006729125977e+00,2.879510000000000236e+00,1.071285486221313477e+00,6.825664043426513672e-01
2.648808158226140819e+01,-2.455500902995663370e+00,1.534179199218750000e+03,1.887098073959350586e+00,2.879520000000000302e+00,1.067013025283813477e+00,6.756235957145690918e-01
2.648099154216451723e+01,-2.442215813933886093e+00,1.333528076171875000e+03,1.594671726226806641e+00,2.879530000000000367e+00,9.251820445060729980e-01,5.622503757476806641e-01
2.647859904730839986e+01,-2.434145420866918652e+00,1.144839965820312500e+03,1.278595447540283203e+00,2.879540000000000433e+00,9.144245982170104980e-01,5.276890993118286133e-01
2.648213756903692939e+01,-2.409975883824019505e+00,1.613150146484375000e+03,1.095873832702636719e+00,2.879550000000000054e+00,9.643973112106323242e-01,6.188607215881347656e-01
2.648032842728401803e+01,-2.397502345136707902e+00,1.669643432617187500e+03,1.058095216751098633e+00,2.879560000000000120e+00,8.005172610282897949e-01,5.182285904884338379e-01
2.648034744033302701e+01,-2.383017133073858318e+00,1.615614624023437500e+03,1.043273925781250000e+00,2.879570000000000185e+00,9.094654321670532227e-01,5.838416218757629395e-01
2.648188990740954196e+01,-2.366882382016506359e+00,1.457408691406250000e+03,1.088733196258544922e+00,2.879580000000000251e+00,9.532583355903625488e-01,5.949805974960327148e-01
2.648025411412076480e+01,-2.356531309689863907e+00,1.133333618164062500e+03,1.319165945053100586e+00,2.879590000000000316e+00,8.784136772155761719e-01,5.050296783447265625e-01
2.647656531766302379e+01,-2.330726215950997826e+00,1.122827270507812500e+03,1.130436182022094727e+00,2.879600000000000382e+00,8.489640951156616211e-01,4.864138960838317871e-01
2.648227343377440235e+01,-2.312539641553137404e+00,1.530027832031250000e+03,9.541923403739929199e-01,2.879610000000000447e+00,9.144245982170104980e-01,5.785773396492004395e-01
2.648191350727301341e+01,-2.307120105517615372e+00,1.431572265625000000e+03,1.040307998657226562e+00,2.879620000000000068e+00,9.916343092918395996e-01,6.157326102256774902e-01
2.647615364958036821e+01,-2.288962052295559157e+00,1.408336547851562500e+03,1.128698110580444336e+00,2.879630000000000134e+00,1.005443572998046875e+00,6.213021278381347656e-01
2.647597362806756038e+01,-2.271980261998555406e+00,1.333475585937500000e+03,1.232069253921508789e+00,2.879640000000000200e+00,9.518087506294250488e-01,5.784247517585754395e-01
2.648399096100765249e+01,-2.251861201969962867e+00,1.122815063476562500e+03,1.196416139602661133e+00,2.879650000000000265e+00,8.861194252967834473e-01,5.076999664306640625e-01
2.647844289367255755e+01,-2.237229275911628790e+00,1.469978881835937500e+03,1.158707857131958008e+00,2.879660000000000331e+00,8.226426243782043457e-01,5.147190690040588379e-01
2.647769870680292925e+01,-2.219505893661157803e+00,1.788845947265625000e+03,9.569925665855407715e-01,2.879670000000000396e+00,1.137966632843017578e+00,7.490949630737304688e-01
2.647883933717911376e+01,-2.203571560197950419e+00,1.480304687500000000e+03,1.183979034423828125e+00,2.879680000000000017e+00,9.245716929435729980e-01,5.796454548835754395e-01
2.648524879742699767e+01,-2.189934210296124562e+00,1.384387207031250000e+03,1.207239151000976562e+00,2.879690000000000083e+00,1.100353598594665527e+00,6.764628291130065918e-01
2.648179436125796826e+01,-2.177946723171436449e+00,1.173724487304687500e+03,1.233003854751586914e+00,2.879700000000000149e+00,9.528768658638000488e-01,5.548498630523681641e-01
2.647889569469110427e+01,-2.162122451367668230e+00,1.380002441406250000e+03,1.419817924499511719e+00,2.879710000000000214e+00,9.169422984123229980e-01,5.631659030914306641e-01
2.648073723776624888e+01,-2.150213053000257002e+00,1.481381103515625000e+03,1.166545867919921875e+00,2.879720000000000280e+00,9.269368052482604980e-01,5.812476277351379395e-01
2.647467108728307039e+01,-2.139458864439514052e+00,1.394670898437500000e+03,1.187240600585937500e+00,2.879730000000000345e+00,1.004909515380859375e+00,6.191658973693847656e-01
2.647679561713627550e+01,-2.126398161924442309e+00,1.253527954101562500e+03,1.244606494903564453e+00,2.879740000000000411e+00,1.027416348457336426e+00,6.119942069053649902e-01
2.647495732128776780e+01,-2.109944440252083719e+00,1.697054931640625000e+03,1.308459758758544922e+00,2.879750000000000032e+00,1.028865933418273926e+00,6.687571406364440918e-01
2.647601159065227705e+01,-2.100540515728064328e+00,2.485745605468750000e+03,1.311435222625732422e+00,2.879760000000000097e+00,3.230679333209991455e-01,2.270897924900054932e-01
2.647404748591067403e+01,-2.096344457779705905e+00,1.631633789062500000e+03,1.293709993362426758e+00,2.879770000000000163e+00,6.999996304512023926e-02,4.505174607038497925e-02
2.647726542440025810e+01,-2.096148251102087023e+00,-1.333441162109375000e+03,5.163747668266296387e-01,2.879780000000000229e+00,3.795638307929039001e-02,4.322068393230438232e-02
2.647912322436589605e+01,-2.090381087759783707e+00,-1.560649291992187500e+03,2.583390772342681885e-01,2.879790000000000294e+00,3.475202620029449463e-02,3.780379518866539001e-02
