# x_coordinates, y_coordinates, TEP, TED, times, high, low
2.560157725198376610e+01,3.094594085180912657e+01,1.699978637695312500e+03,1.110655143857002258e-01,6.152870000000000061e+00,4.164520800113677979e-01,2.708064019680023193e-01
2.562122529026175144e+01,3.095320318760613176e+01,1.004476806640625000e+03,5.673152804374694824e-01,6.152880000000000571e+00,5.837653279304504395e-01,3.200924694538116455e-01
2.562871680595920054e+01,3.095834330791657862e+01,1.129037963867187500e+03,6.176955103874206543e-01,6.152890000000000192e+00,6.363320946693420410e-01,3.653349578380584717e-01
2.564488982794509297e+01,3.095795040934615017e+01,9.343486328125000000e+02,7.134169936180114746e-01,6.152900000000000702e+00,5.187626481056213379e-01,2.756892144680023193e-01
2.566146941039589890e+01,3.096114262464688949e+01,1.568499877929687500e+03,7.104725241661071777e-01,6.152910000000000323e+00,5.144901871681213379e-01,3.277218937873840332e-01
2.566874914850594180e+01,3.098191706249907185e+01,1.393860351562500000e+03,6.894761919975280762e-01,6.152920000000000833e+00,5.291386842727661133e-01,3.259671330451965332e-01
2.566635309783050900e+01,3.098167053021289163e+01,1.148670043945312500e+03,8.371514678001403809e-01,6.152930000000000454e+00,6.275582313537597656e-01,3.625883460044860840e-01
2.567974778336052566e+01,3.099187298431882809e+01,1.143911743164062500e+03,8.213753104209899902e-01,6.152940000000000076e+00,7.358960509300231934e-01,4.245392680168151855e-01
2.568298026799103795e+01,3.100483278699464051e+01,1.053519653320312500e+03,8.164412379264831543e-01,6.152950000000000585e+00,7.339887022972106934e-01,4.103485643863677979e-01
2.568314967980589358e+01,3.101036301197617462e+01,1.706236816406250000e+03,1.011242389678955078e+00,6.152960000000000207e+00,6.780650019645690918e-01,4.413239955902099609e-01
2.568220765303152575e+01,3.102294495571048216e+01,1.367554687500000000e+03,1.126642942428588867e+00,6.152970000000000717e+00,8.286698460578918457e-01,5.075473785400390625e-01
2.568879187212267823e+01,3.103632348113907469e+01,1.676143798828125000e+03,9.553176760673522949e-01,6.152980000000000338e+00,8.179886341094970703e-01,5.300542116165161133e-01
2.568832172793562307e+01,3.104797584862427584e+01,1.736738159179687500e+03,1.169570207595825195e+00,6.152990000000000848e+00,8.188278675079345703e-01,5.352421998977661133e-01
2.569106408588907797e+01,3.106554338833976914e+01,1.329202270507812500e+03,1.457683563232421875e+00,6.153000000000000469e+00,8.211930394172668457e-01,4.985446929931640625e-01
2.569109058422073844e+01,3.108010498302741098e+01,1.520487304687500000e+03,1.247796535491943359e+00,6.153010000000000090e+00,8.585008978843688965e-01,5.422613024711608887e-01
2.568893569638076357e+01,3.108717963914001103e+01,1.482250732421875000e+03,1.322168827056884766e+00,6.153020000000000600e+00,7.767897844314575195e-01,4.871768355369567871e-01
2.568760049950524049e+01,3.110973157544074397e+01,1.225127441406250000e+03,1.500267505645751953e+00,6.153030000000000221e+00,7.039287686347961426e-01,4.160706102848052979e-01
2.568814066681056829e+01,3.112553383222026682e+01,1.312385498046875000e+03,1.261771440505981445e+00,6.153040000000000731e+00,5.804846882820129395e-01,3.509916365146636963e-01
2.569470002630148642e+01,3.113606147997683493e+01,1.147347412109375000e+03,9.361547827720642090e-01,6.153050000000000352e+00,7.953292727470397949e-01,4.593294560909271240e-01
2.568630138212309078e+01,3.115245782772734273e+01,1.542279418945312500e+03,9.046263098716735840e-01,6.153060000000000862e+00,8.179886341094970703e-01,5.186863541603088379e-01
2.569065343714073890e+01,3.117820350798791651e+01,1.439827392578125000e+03,1.242323637008666992e+00,6.153070000000000483e+00,7.535963058471679688e-01,4.687136411666870117e-01
2.569215746776189846e+01,3.118741393194837741e+01,1.620546264648437500e+03,1.275513887405395508e+00,6.153080000000000105e+00,7.487897872924804688e-01,4.810733199119567871e-01
2.568720727244783575e+01,3.119688602788227527e+01,1.600894042968750000e+03,1.230393171310424805e+00,6.153090000000000614e+00,7.004192471504211426e-01,4.485719501972198486e-01
2.568391436653960369e+01,3.121007286904427858e+01,1.318815429687500000e+03,1.233821630477905273e+00,6.153100000000000236e+00,9.683645963668823242e-01,5.864356756210327148e-01
2.568971412430503420e+01,3.123062745202733836e+01,1.335093383789062500e+03,1.279698133468627930e+00,6.153110000000000746e+00,8.741412162780761719e-01,5.314275026321411133e-01
2.568852540210317059e+01,3.124247404922583016e+01,1.395288574218750000e+03,1.565447568893432617e+00,6.153120000000000367e+00,6.546427011489868164e-01,4.034057855606079102e-01
2.568596801351629466e+01,3.125577069819692966e+01,8.889456787109375000e+02,1.281777143478393555e+00,6.153130000000000877e+00,7.005718350410461426e-01,3.638853728771209717e-01
2.569190968894915272e+01,3.126787275050024206e+01,1.530786254882812500e+03,9.720022082328796387e-01,6.153140000000000498e+00,7.004192471504211426e-01,4.432313740253448486e-01
2.569294606029293604e+01,3.128955329323344259e+01,1.582467895507812500e+03,8.896583914756774902e-01,6.153150000000000119e+00,8.659014105796813965e-01,5.528661608695983887e-01
2.568774245629926156e+01,3.130330728645591876e+01,1.241927124023437500e+03,1.234330654144287109e+00,6.153160000000000629e+00,8.033401370048522949e-01,4.770297110080718994e-01
2.569180827396113287e+01,3.130995241951286445e+01,1.832513671875000000e+03,1.421560764312744141e+00,6.153170000000000250e+00,7.693892121315002441e-01,5.093021988868713379e-01
2.568908409014180450e+01,3.132928943861358206e+01,1.055986083984375000e+03,1.356873035430908203e+00,6.153180000000000760e+00,6.814982891082763672e-01,3.813567459583282471e-01
2.568383896163288682e+01,3.134082114119144435e+01,1.507609741210937500e+03,1.133872985839843750e+00,6.153190000000000381e+00,8.465989828109741211e-01,5.334874391555786133e-01
2.568351545835891514e+01,3.135623457267394087e+01,1.064491699218750000e+03,1.030461311340332031e+00,6.153200000000000891e+00,7.139996290206909180e-01,4.008117616176605225e-01
2.568853241428996270e+01,3.136809030838490386e+01,1.493878173828125000e+03,1.394384622573852539e+00,6.153210000000000512e+00,6.734873652458190918e-01,4.233185648918151855e-01
2.568533482725929673e+01,3.139173797176236036e+01,1.450414184570312500e+03,1.004732370376586914e+00,6.153220000000000134e+00,8.005935549736022949e-01,4.990024566650390625e-01
2.568526632016908806e+01,3.140239357390430186e+01,1.214111572265625000e+03,1.265850782394409180e+00,6.153230000000000643e+00,7.799178361892700195e-01,4.595583379268646240e-01
2.569261893294688193e+01,3.141713151579696373e+01,1.239774047851562500e+03,1.148313999176025391e+00,6.153240000000000265e+00,8.353074193000793457e-01,4.957217872142791748e-01
2.568943631436340880e+01,3.142496136436932730e+01,1.109160644531250000e+03,1.320487976074218750e+00,6.153250000000000774e+00,7.249859571456909180e-01,4.134766161441802979e-01
2.568765043509328549e+01,3.144978992184775990e+01,1.330092529296875000e+03,1.348682165145874023e+00,6.153260000000000396e+00,6.715037226676940918e-01,4.077545404434204102e-01
2.568832936413822665e+01,3.146399738693362735e+01,1.380620483398437500e+03,1.068678617477416992e+00,6.153270000000000906e+00,8.334763646125793457e-01,5.119724869728088379e-01
2.568946610851321211e+01,3.147599543586014192e+01,1.438415283203125000e+03,1.077501296997070312e+00,6.153280000000000527e+00,9.824027419090270996e-01,6.108497977256774902e-01
2.568235357124463647e+01,3.148957363847058133e+01,1.058499145507812500e+03,1.361114501953125000e+00,6.153290000000000148e+00,7.440595626831054688e-01,4.167572557926177979e-01
2.567982804005640673e+01,3.150356871244358814e+01,1.820782958984375000e+03,1.578500986099243164e+00,6.153300000000000658e+00,7.584028840065002441e-01,5.012912750244140625e-01
2.569268699858064764e+01,3.152956756525141202e+01,1.754973876953125000e+03,1.194855690002441406e+00,6.153310000000000279e+00,7.556562423706054688e-01,4.951877295970916748e-01
2.568275567174218921e+01,3.153864694885905706e+01,1.309010498046875000e+03,1.315285682678222656e+00,6.153320000000000789e+00,9.326589107513427734e-01,5.634710788726806641e-01
2.568229173926228270e+01,3.154930765405608994e+01,1.595857910156250000e+03,1.382880926132202148e+00,6.153330000000000410e+00,7.892257571220397949e-01,5.050296783447265625e-01
2.568484945147427467e+01,3.156974938219252280e+01,1.591474853515625000e+03,1.543360471725463867e+00,6.153340000000000920e+00,7.094982266426086426e-01,4.536836743354797363e-01
2.568096973327710231e+01,3.158738661801903547e+01,1.538259765625000000e+03,1.367821216583251953e+00,6.153350000000000541e+00,6.543375253677368164e-01,4.146210253238677979e-01
2.567708077113336174e+01,3.159767329453760354e+01,1.052254272460937500e+03,1.074196815490722656e+00,6.153360000000000163e+00,7.003429532051086426e-01,3.913512825965881348e-01
2.568376030063196680e+01,3.161245593610273374e+01,1.581383544921875000e+03,1.092159271240234375e+00,6.153370000000000672e+00,6.601358652114868164e-01,4.214112162590026855e-01
2.568796909720829547e+01,3.162848886256612957e+01,1.434018798828125000e+03,8.923119902610778809e-01,6.153380000000000294e+00,6.753947138786315918e-01,4.195801615715026855e-01
2.568472197960836567e+01,3.164717708954486142e+01,1.092376220703125000e+03,9.899682402610778809e-01,6.153390000000000803e+00,7.265118360519409180e-01,4.119507372379302979e-01
2.569088918312354153e+01,3.165964937368109844e+01,1.442904418945312500e+03,1.022043943405151367e+00,6.153400000000000425e+00,7.986099123954772949e-01,4.970188140869140625e-01
2.568868619224651795e+01,3.167900707219913059e+01,1.042528686523437500e+03,1.090827703475952148e+00,6.153410000000000935e+00,5.994819402694702148e-01,3.337491452693939209e-01
2.569049893894456815e+01,3.169606928983544236e+01,1.208646118164062500e+03,1.335484504699707031e+00,6.153420000000000556e+00,6.519724130630493164e-01,3.835692703723907471e-01
2.568815304728746440e+01,3.170969293662832911e+01,1.540059936523437500e+03,8.672434687614440918e-01,6.153430000000000177e+00,6.599069833755493164e-01,4.182831645011901855e-01
2.569113241521536750e+01,3.171900572859725287e+01,1.163016479492187500e+03,8.787221312522888184e-01,6.153440000000000687e+00,7.007244229316711426e-01,4.066864252090454102e-01
2.569250610890676612e+01,3.173398075615629566e+01,9.771018676757812500e+02,9.532195925712585449e-01,6.153450000000000308e+00,8.341630101203918457e-01,4.520815014839172363e-01
2.568379216554162170e+01,3.175190204497587843e+01,1.488597412109375000e+03,1.201387166976928711e+00,6.153460000000000818e+00,6.803538799285888672e-01,4.272095859050750732e-01
2.569000396020727450e+01,3.176678424887897023e+01,1.487281372070312500e+03,1.178967475891113281e+00,6.153470000000000439e+00,8.704791069030761719e-01,5.464574694633483887e-01
2.569158726347808042e+01,3.177609071582783073e+01,1.276861572265625000e+03,1.000163078308105469e+00,6.153480000000000061e+00,7.960922122001647949e-01,4.771060049533843994e-01
2.568325859764527763e+01,3.178990530247178725e+01,1.290341430664062500e+03,1.409226179122924805e+00,6.153490000000000570e+00,6.700541377067565918e-01,4.029480218887329102e-01
2.568948827703714954e+01,3.179955132980926180e+01,1.182098876953125000e+03,1.129433631896972656e+00,6.153500000000000192e+00,5.704138875007629395e-01,3.329862058162689209e-01
2.569425851627989132e+01,3.181816305205450135e+01,1.087040527343750000e+03,9.964579939842224121e-01,6.153510000000000701e+00,5.450841784477233887e-01,3.084957301616668701e-01
2.569007539433283682e+01,3.183597248961367399e+01,1.439262695312500000e+03,7.241660952568054199e-01,6.153520000000000323e+00,7.455854415893554688e-01,4.636782109737396240e-01
2.568452842148728621e+01,3.184572636613362207e+01,1.244985961914062500e+03,8.406931757926940918e-01,6.153530000000000832e+00,6.612039804458618164e-01,3.929534554481506348e-01
2.569341454019506443e+01,3.187071234971023515e+01,1.209136962890625000e+03,1.025772809982299805e+00,6.153540000000000454e+00,6.513620615005493164e-01,3.832640945911407471e-01
2.569238076343470567e+01,3.188402764564656167e+01,1.394613769531250000e+03,1.081366062164306641e+00,6.153550000000000075e+00,6.544901132583618164e-01,4.032531976699829102e-01
2.568868579223230242e+01,3.189799664299112791e+01,1.371587158203125000e+03,1.010325670242309570e+00,6.153560000000000585e+00,5.934547185897827148e-01,3.638090789318084717e-01
2.568578400027804776e+01,3.191573851788062655e+01,1.827766723632812500e+03,8.594400286674499512e-01,6.153570000000000206e+00,6.952311992645263672e-01,4.599398076534271240e-01
2.568370664526229419e+01,3.193124931408778622e+01,1.387218505859375000e+03,9.240288138389587402e-01,6.153580000000000716e+00,7.816725969314575195e-01,4.808444380760192871e-01
2.568548250659119958e+01,3.194419532315833266e+01,1.410067504882812500e+03,1.267029762268066406e+00,6.153590000000000337e+00,8.098251819610595703e-01,5.006046295166015625e-01
2.568772859864240843e+01,3.195958497956833710e+01,1.325548706054687500e+03,1.234485626220703125e+00,6.153600000000000847e+00,9.032856225967407227e-01,5.479070544242858887e-01
2.568562349307416781e+01,3.197211732478544022e+01,1.228323486328125000e+03,1.407659769058227539e+00,6.153610000000000468e+00,5.991004705429077148e-01,3.544248640537261963e-01
2.568745810754155556e+01,3.199036332463732535e+01,1.170603271484375000e+03,1.271792173385620117e+00,6.153620000000000090e+00,7.143048048019409180e-01,4.155365526676177979e-01
2.568763292238348583e+01,3.200074530739854595e+01,1.151961303710937500e+03,8.887321352958679199e-01,6.153630000000000599e+00,6.986644864082336426e-01,4.040924310684204102e-01
2.568443961872992176e+01,3.202167117412116681e+01,1.142090698242187500e+03,1.091675281524658203e+00,6.153640000000000221e+00,7.735091447830200195e-01,4.459779560565948486e-01
2.568598199204367205e+01,3.203600796303008735e+01,9.688891601562500000e+02,9.980506300926208496e-01,6.153650000000000730e+00,8.045608401298522949e-01,4.344575405120849609e-01
2.568248165628133961e+01,3.204865302616793343e+01,1.332675292968750000e+03,1.060963392257690430e+00,6.153660000000000352e+00,8.737597465515136719e-01,5.308934450149536133e-01
2.568184836890930001e+01,3.206954186294708364e+01,1.252595458984375000e+03,1.418199062347412109e+00,6.153670000000000861e+00,7.111004590988159180e-01,4.234711527824401855e-01
2.568296570353576413e+01,3.207298871043613531e+01,1.132693725585937500e+03,1.563723802566528320e+00,6.153680000000000483e+00,7.324628233909606934e-01,4.210297465324401855e-01
2.568101016925120916e+01,3.210348718336904739e+01,1.391590576171875000e+03,1.138511419296264648e+00,6.153690000000000104e+00,7.187298536300659180e-01,4.425447285175323486e-01
2.567980517767884407e+01,3.212005065454498975e+01,1.249403564453125000e+03,9.881717562675476074e-01,6.153700000000000614e+00,7.976180911064147949e-01,4.745883047580718994e-01
2.568539297138994115e+01,3.212993474661175242e+01,1.501451049804687500e+03,1.151575565338134766e+00,6.153710000000000235e+00,6.137489676475524902e-01,3.863158524036407471e-01
2.568257130953013956e+01,3.214542192051035840e+01,1.971981689453125000e+03,1.095406532287597656e+00,6.153720000000000745e+00,5.758307576179504395e-01,3.873839974403381348e-01
2.568313126299686999e+01,3.215675059443831429e+01,1.226685668945312500e+03,8.873838782310485840e-01,6.153730000000000366e+00,5.699560642242431641e-01,3.370297849178314209e-01
2.568501596577221235e+01,3.217657626017037842e+01,1.395202148437500000e+03,7.836586833000183105e-01,6.153740000000000876e+00,6.494547128677368164e-01,4.002014100551605225e-01
2.568241552873787015e+01,3.218862181252995924e+01,1.177395874023437500e+03,7.918924689292907715e-01,6.153750000000000497e+00,5.696508884429931641e-01,3.320706784725189209e-01
2.568059485513960993e+01,3.220188041116539068e+01,1.093485351562500000e+03,8.168918490409851074e-01,6.153760000000000119e+00,7.309369444847106934e-01,4.146210253238677979e-01
2.568986313246396236e+01,3.222615411212886016e+01,1.139112426757812500e+03,8.190996050834655762e-01,6.153770000000000628e+00,7.264355421066284180e-01,4.184357523918151855e-01
2.568674992560149306e+01,3.224086003865859595e+01,1.324259887695312500e+03,1.020487070083618164e+00,6.153780000000000250e+00,6.739451289176940918e-01,4.086700677871704102e-01
2.567838755769760795e+01,3.225359790193338938e+01,1.282050659179687500e+03,1.022642374038696289e+00,6.153790000000000759e+00,7.204083204269409180e-01,4.323212802410125732e-01
2.568549232384127023e+01,3.226412508314139416e+01,1.324680419921875000e+03,1.002293348312377930e+00,6.153800000000000381e+00,6.155037283897399902e-01,3.732695579528808594e-01
2.569093745965606246e+01,3.227948531255437103e+01,1.507033447265625000e+03,9.894878268241882324e-01,6.153810000000000890e+00,6.552530527114868164e-01,4.128662645816802979e-01
2.568172612717358660e+01,3.229969857995855875e+01,1.284745727539062500e+03,8.972222208976745605e-01,6.153820000000000512e+00,6.787516474723815918e-01,4.076019525527954102e-01
2.568161288135910070e+01,3.231078423563069890e+01,1.210400634765625000e+03,1.180152416229248047e+00,6.153830000000000133e+00,7.587080597877502441e-01,4.465883076190948486e-01
2.568760348678489436e+01,3.232632610056064237e+01,1.397644409179687500e+03,1.104715585708618164e+00,6.153840000000000643e+00,8.037979006767272949e-01,4.955691993236541748e-01
2.568653797241367087e+01,3.234355706287659871e+01,1.168152465820312500e+03,1.118340015411376953e+00,6.153850000000000264e+00,7.204846143722534180e-01,4.188172221183776855e-01
2.568317812655434906e+01,3.235824787373447720e+01,1.295973388671875000e+03,1.149712324142456055e+00,6.153860000000000774e+00,7.716017365455627441e-01,4.646700322628021240e-01
2.567603975609934608e+01,3.237239187315320521e+01,1.183072387695312500e+03,1.071344137191772461e+00,6.153870000000000395e+00,1.013301849365234375e+00,5.916999578475952148e-01
2.568485242722358919e+01,3.238289327968369946e+01,1.431587890625000000e+03,1.333128929138183594e+00,6.153880000000000905e+00,6.758524775505065918e-01,4.196564555168151855e-01
2.567752710149400031e+01,3.240298677792677751e+01,1.474923706054687500e+03,1.389781951904296875e+00,6.153890000000000526e+00,9.148060679435729980e-01,5.729315876960754395e-01
2.568191470188967074e+01,3.241325681266168601e+01,1.232321777343750000e+03,1.215301275253295898e+00,6.153900000000000148e+00,1.157650589942932129e+00,6.856181621551513672e-01
2.569211506595534189e+01,3.243140539182029158e+01,1.602254882812500000e+03,1.667323827743530273e+00,6.153910000000000657e+00,7.870894670486450195e-01,5.041904449462890625e-01
2.568430184494175350e+01,3.244448543352397962e+01,1.647291503906250000e+03,1.825356006622314453e+00,6.153920000000000279e+00,8.783373832702636719e-01,5.666754245758056641e-01
2.568106403353364797e+01,3.246116780741051855e+01,1.828565795898437500e+03,1.427924156188964844e+00,6.153930000000000788e+00,8.457597494125366211e-01,5.595800876617431641e-01
2.568757357657554508e+01,3.247630855553453699e+01,1.011482543945312500e+03,1.523179531097412109e+00,6.153940000000000410e+00,6.500650644302368164e-01,3.574766516685485840e-01
2.569167504945880864e+01,3.249498778842893643e+01,1.385701660156250000e+03,1.223048686981201172e+00,6.153950000000000919e+00,6.473184227943420410e-01,3.980651795864105225e-01
2.568919696893236093e+01,3.250345933362248729e+01,1.115097900390625000e+03,9.437484145164489746e-01,6.153960000000000541e+00,6.428933739662170410e-01,3.673948943614959717e-01
2.568761406696105709e+01,3.252745190444954915e+01,1.372560546875000000e+03,1.035464525222778320e+00,6.153970000000000162e+00,7.137707471847534180e-01,4.376618862152099609e-01
2.568775295560829619e+01,3.253513804547223032e+01,1.373163574218750000e+03,1.081108570098876953e+00,6.153980000000000672e+00,6.229805946350097656e-01,3.820433914661407471e-01
2.568174045184587229e+01,3.255280662820925386e+01,1.471698120117187500e+03,1.091731309890747070e+00,6.153990000000000293e+00,8.018905520439147949e-01,5.019016265869140625e-01
2.568446508497775227e+01,3.257375521058358459e+01,1.118319213867187500e+03,1.102391004562377930e+00,6.154000000000000803e+00,7.834273576736450195e-01,4.481904804706573486e-01
2.568325422763614796e+01,3.258363901176315380e+01,1.030079833984375000e+03,1.314883947372436523e+00,6.154010000000000424e+00,7.910568118095397949e-01,4.382722377777099609e-01
2.568896642108898831e+01,3.260611566460074329e+01,1.396328735351562500e+03,1.197273254394531250e+00,6.154020000000000934e+00,8.869586586952209473e-01,5.466863512992858887e-01
2.568487047432855164e+01,3.261203203195172051e+01,1.303028564453125000e+03,1.302772283554077148e+00,6.154030000000000555e+00,7.748061418533325195e-01,4.674166440963745117e-01
2.568828397136120145e+01,3.262845196953657023e+01,1.395344848632812500e+03,1.502650499343872070e+00,6.154040000000000177e+00,8.639940619468688965e-01,5.324193239212036133e-01
2.567896497704362346e+01,3.264423618914117498e+01,1.361585937500000000e+03,1.368547201156616211e+00,6.154050000000000686e+00,7.104137539863586426e-01,4.345338344573974609e-01
2.567977398556488211e+01,3.265771354300249385e+01,1.085141113281250000e+03,1.377496242523193359e+00,6.154060000000000308e+00,7.442884445190429688e-01,4.209534525871276855e-01
2.569008953424701147e+01,3.266568634184306319e+01,1.358765869140625000e+03,1.127495288848876953e+00,6.154070000000000817e+00,9.827079176902770996e-01,6.007026433944702148e-01
2.568319233187151340e+01,3.268916710779660662e+01,1.152826782226562500e+03,1.344006776809692383e+00,6.154080000000000439e+00,6.739451289176940918e-01,3.899016976356506348e-01
2.568199434839349848e+01,3.270738175071650744e+01,1.132837890625000000e+03,1.428750276565551758e+00,6.154090000000000060e+00,7.011058926582336426e-01,4.030243158340454102e-01
2.568222102974712584e+01,3.272385307581646430e+01,1.380794433593750000e+03,8.970255255699157715e-01,6.154100000000000570e+00,7.391766905784606934e-01,4.540651440620422363e-01
2.568651341039079838e+01,3.273463004194140069e+01,1.068915649414062500e+03,1.249382019042968750e+00,6.154110000000000191e+00,6.912639141082763672e-01,3.886809945106506348e-01
2.568369828296169288e+01,3.275150431068064449e+01,1.335894042968750000e+03,9.700555205345153809e-01,6.154120000000000701e+00,7.916671633720397949e-01,4.813784956932067871e-01
2.568398166678431949e+01,3.276522938043094513e+01,1.149062988281250000e+03,9.724408984184265137e-01,6.154130000000000322e+00,8.038741946220397949e-01,4.645174443721771240e-01
2.568923415971081070e+01,3.277844939291034621e+01,1.126059448242187500e+03,1.300743341445922852e+00,6.154140000000000832e+00,7.428388595581054688e-01,4.260651767253875732e-01
2.568666815626708555e+01,3.279354513658951475e+01,9.626687622070312500e+02,1.252207279205322266e+00,6.154150000000000453e+00,6.705119013786315918e-01,3.610624670982360840e-01
2.568575107939214774e+01,3.280980143255411008e+01,1.513036499023437500e+03,1.093697071075439453e+00,6.154160000000000075e+00,7.579451203346252441e-01,4.780978262424468994e-01
2.568525582448265965e+01,3.282265534383283523e+01,1.079078613281250000e+03,1.003193378448486328e+00,6.154170000000000584e+00,5.646154880523681641e-01,3.186428844928741455e-01
2.569034444418971574e+01,3.283333401075508817e+01,1.149414672851562500e+03,1.059375524520874023e+00,6.154180000000000206e+00,6.210732460021972656e-01,3.589262366294860840e-01
2.568230300910301978e+01,3.285251792155874284e+01,1.302247924804687500e+03,8.956629633903503418e-01,6.154190000000000715e+00,6.436563134193420410e-01,3.882232308387756348e-01
2.568810826705781736e+01,3.286944139176799951e+01,1.329028686523437500e+03,9.812385439872741699e-01,6.154200000000000337e+00,8.003646731376647949e-01,4.858798384666442871e-01
2.568559241759752609e+01,3.288614520012968256e+01,1.983652099609375000e+03,1.070342779159545898e+00,6.154210000000000846e+00,7.448987960815429688e-01,5.017490386962890625e-01
2.568459962356499915e+01,3.289895506622916344e+01,1.140764160156250000e+03,1.216614961624145508e+00,6.154220000000000468e+00,5.560705661773681641e-01,3.204739391803741455e-01
2.568367405803238412e+01,3.290790467092140403e+01,1.518447021484375000e+03,1.125773906707763672e+00,6.154230000000000089e+00,5.845282673835754395e-01,3.690733611583709717e-01
2.568328342552617727e+01,3.291996117909670261e+01,1.196284667968750000e+03,7.887143492698669434e-01,6.154240000000000599e+00,6.355691552162170410e-01,3.725829124450683594e-01
2.569424081666027959e+01,3.293890605275352357e+01,1.275033569335937500e+03,8.365649580955505371e-01,6.154250000000000220e+00,5.025119781494140625e-01,3.010189235210418701e-01
2.568241566413522747e+01,3.295244039024644422e+01,1.491230834960937500e+03,8.624882102012634277e-01,6.154260000000000730e+00,6.825664043426513672e-01,4.288117587566375732e-01
2.568413356905071154e+01,3.297482822002849900e+01,1.800585327148437500e+03,6.476015448570251465e-01,6.154270000000000351e+00,7.006481289863586426e-01,4.619234502315521240e-01
2.568676239245256809e+01,3.298869085804891199e+01,1.384945068359375000e+03,1.160681962966918945e+00,6.154280000000000861e+00,5.910896062850952148e-01,3.634276092052459717e-01
2.568976547387421050e+01,3.299824002881892682e+01,2.645433837890625000e+03,1.110872745513916016e+00,6.154290000000000482e+00,6.560922861099243164e-01,4.658907651901245117e-01
2.568473222705935299e+01,3.301047579326613146e+01,2.063197998046875000e+03,8.685261607170104980e-01,6.154300000000000104e+00,8.591875433921813965e-01,5.834601521492004395e-01
2.569190186381149132e+01,3.302960639438617818e+01,1.519643676757812500e+03,1.219713211059570312e+00,6.154310000000000613e+00,6.859996318817138672e-01,4.332368075847625732e-01
2.568510059362789733e+01,3.304609161475647738e+01,1.329805786132812500e+03,1.335474967956542969e+00,6.154320000000000235e+00,6.817271709442138672e-01,4.139343798160552979e-01
2.568209745732125171e+01,3.305770578085692080e+01,1.383835327148437500e+03,1.093455076217651367e+00,6.154330000000000744e+00,6.760050654411315918e-01,4.155365526676177979e-01
2.568221072595717658e+01,3.307531876032681595e+01,1.554281494140625000e+03,1.129372835159301758e+00,6.154340000000000366e+00,6.688334345817565918e-01,4.249970316886901855e-01
2.568586914101008389e+01,3.308696980075688998e+01,1.423999389648437500e+03,1.054659605026245117e+00,6.154350000000000875e+00,7.468061447143554688e-01,4.629915654659271240e-01
2.568397021678998016e+01,3.311049981221016481e+01,1.493648193359375000e+03,9.722203612327575684e-01,6.154360000000000497e+00,7.410077452659606934e-01,4.657381772994995117e-01
2.568531476295064664e+01,3.312504911134835339e+01,1.308958251953125000e+03,1.161616563796997070e+00,6.154370000000000118e+00,8.019668459892272949e-01,4.845065474510192871e-01
2.569040926117740398e+01,3.313390111634018353e+01,1.293241699218750000e+03,1.250266551971435547e+00,6.154380000000000628e+00,8.796343803405761719e-01,5.293675661087036133e-01
2.568604426010084651e+01,3.314587258997264030e+01,1.322536499023437500e+03,1.433839321136474609e+00,6.154390000000000249e+00,8.232529759407043457e-01,4.990024566650390625e-01
2.568445425907651369e+01,3.316727066500683208e+01,1.155501953125000000e+03,1.674035310745239258e+00,6.154400000000000759e+00,6.910350322723388672e-01,4.001251161098480225e-01
2.568828541048020142e+01,3.318128721548516324e+01,1.151088500976562500e+03,1.240779876708984375e+00,6.154410000000000380e+00,6.781412959098815918e-01,3.921142220497131348e-01
2.568585845370823151e+01,3.319672747231043530e+01,1.269423339843750000e+03,9.158164858818054199e-01,6.154420000000000890e+00,7.296399474143981934e-01,4.364411830902099609e-01
2.567968804589360232e+01,3.321373407114801068e+01,1.521742431640625000e+03,1.087442159652709961e+00,6.154430000000000511e+00,6.462503075599670410e-01,4.082885980606079102e-01
2.568967170806955380e+01,3.323426983106210741e+01,1.775637939453125000e+03,1.055091142654418945e+00,6.154440000000000133e+00,6.813457012176513672e-01,4.477327167987823486e-01
2.569154329395719571e+01,3.324561552516735219e+01,1.636702758789062500e+03,9.679395556449890137e-01,6.154450000000000642e+00,6.859996318817138672e-01,4.418580830097198486e-01
2.568105440336737288e+01,3.325795296347990870e+01,1.359629028320312500e+03,9.913069605827331543e-01,6.154460000000000264e+00,8.210404515266418457e-01,5.019779205322265625e-01
2.568915364024714165e+01,3.327650902876750649e+01,1.353590698242187500e+03,1.041601419448852539e+00,6.154470000000000773e+00,7.634382843971252441e-01,4.661196470260620117e-01
2.569340232975623550e+01,3.329045485147384653e+01,1.071534423828125000e+03,1.414144754409790039e+00,6.154480000000000395e+00,7.661085724830627441e-01,4.311768710613250732e-01
2.569039743561392797e+01,3.329782483606527421e+01,1.491053466796875000e+03,1.108779430389404297e+00,6.154490000000000904e+00,8.739886283874511719e-01,5.490514636039733887e-01
2.569048739831074357e+01,3.331644310012119803e+01,1.556355957031250000e+03,1.216364622116088867e+00,6.154500000000000526e+00,7.770949602127075195e-01,4.939670264720916748e-01
2.569046630546500509e+01,3.333223512618192785e+01,1.674688232421875000e+03,1.505430459976196289e+00,6.154510000000000147e+00,8.497270345687866211e-01,5.505010485649108887e-01
2.569611139063943384e+01,3.334955702371633635e+01,1.424479370117187500e+03,1.280098676681518555e+00,6.154520000000000657e+00,7.445173263549804688e-01,4.616182744503021240e-01
2.569174870942846667e+01,3.336342183185768562e+01,1.403092041015625000e+03,1.383369684219360352e+00,6.154530000000000278e+00,6.049751639366149902e-01,3.734221458435058594e-01
2.569700068877766697e+01,3.337708962405390167e+01,1.401686035156250000e+03,1.258259534835815430e+00,6.154540000000000788e+00,5.283757448196411133e-01,3.260434269905090332e-01
2.569194598808838492e+01,3.339025352801295554e+01,1.132345214843750000e+03,8.652276396751403809e-01,6.154550000000000409e+00,5.269261598587036133e-01,3.028499782085418701e-01
2.569081388384484299e+01,3.340657293256614224e+01,1.071451904296875000e+03,7.009536623954772949e-01,6.154560000000000919e+00,5.852912068367004395e-01,3.294003605842590332e-01
2.569396080948341776e+01,3.341889523352805469e+01,1.102493774414062500e+03,6.077439188957214355e-01,6.154570000000000540e+00,8.314927220344543457e-01,4.731387197971343994e-01
2.569812586145827638e+01,3.343208384877647887e+01,1.180346313476562500e+03,9.908575415611267090e-01,6.154580000000000162e+00,6.502176523208618164e-01,3.793731033802032471e-01
2.569695216835627605e+01,3.345616954011531163e+01,1.186476684570312500e+03,1.297356605529785156e+00,6.154590000000000671e+00,5.571386814117431641e-01,3.256619572639465332e-01
2.568744521239789691e+01,3.346509427024608385e+01,1.633877685546875000e+03,9.217543005943298340e-01,6.154600000000000293e+00,6.908061504364013672e-01,4.447572529315948486e-01
2.569815158666235533e+01,3.348133077250440692e+01,1.968354492187500000e+03,9.002918601036071777e-01,6.154610000000000802e+00,7.069805264472961426e-01,4.754275381565093994e-01
2.569204393042761936e+01,3.349835798015388377e+01,1.400289672851562500e+03,1.140721559524536133e+00,6.154620000000000424e+00,5.305119752883911133e-01,3.272641301155090332e-01
2.568639980189542626e+01,3.351341812076278615e+01,1.288504760742187500e+03,1.033387899398803711e+00,6.154630000000000933e+00,5.888770818710327148e-01,3.539671003818511963e-01
2.568883763270100218e+01,3.353100303155474649e+01,1.144817382812500000e+03,7.700533270835876465e-01,6.154640000000000555e+00,6.367898583412170410e-01,3.674711883068084717e-01
2.568900783745199590e+01,3.354745035919076201e+01,1.238318237304687500e+03,8.302468657493591309e-01,6.154650000000000176e+00,5.833075642585754395e-01,3.460325002670288086e-01
2.568284345282975423e+01,3.355700133344771530e+01,1.155823608398437500e+03,7.427675127983093262e-01,6.154660000000000686e+00,7.498579025268554688e-01,4.342286586761474609e-01
2.568902726496740740e+01,3.357331106304111756e+01,1.051054199218750000e+03,9.592646956443786621e-01,6.154670000000000307e+00,6.180214881896972656e-01,3.451932668685913086e-01
2.568663307652190042e+01,3.359116431577238160e+01,1.228410034179687500e+03,9.557670950889587402e-01,6.154680000000000817e+00,8.692584037780761719e-01,5.142613053321838379e-01
2.568058190604397950e+01,3.359937005224720252e+01,1.322863525390625000e+03,1.079912900924682617e+00,6.154690000000000438e+00,7.873183488845825195e-01,4.772585928440093994e-01
2.569374284745781623e+01,3.361381977550910705e+01,1.726225219726562500e+03,1.335019588470458984e+00,6.154700000000000060e+00,6.003974676132202148e-01,3.918853402137756348e-01
2.569566994621838774e+01,3.363430990252053476e+01,1.416286499023437500e+03,1.081437587738037109e+00,6.154710000000000569e+00,6.113075613975524902e-01,3.783812522888183594e-01
2.569155525676955421e+01,3.365126635508477904e+01,1.449041381835937500e+03,9.240693449974060059e-01,6.154720000000000191e+00,6.316018104553222656e-01,3.935638070106506348e-01
2.568680704390858338e+01,3.365789526843843760e+01,1.011733215332031250e+03,8.576435446739196777e-01,6.154730000000000700e+00,6.065773367881774902e-01,3.335965573787689209e-01
2.568765223588109592e+01,3.367922161099184564e+01,8.066091918945312500e+02,8.963198065757751465e-01,6.154740000000000322e+00,5.797217488288879395e-01,2.869807779788970947e-01
2.568926385196531825e+01,3.369452234965081061e+01,1.200366821289062500e+03,7.484692931175231934e-01,6.154750000000000831e+00,6.146644949913024902e-01,3.607572913169860840e-01
2.568239888549422645e+01,3.371434980942837711e+01,1.430656372070312500e+03,7.257992625236511230e-01,6.154760000000000453e+00,5.315800905227661133e-01,3.300107121467590332e-01
2.568944020049120525e+01,3.372444616446924925e+01,1.101183105468750000e+03,7.978827357292175293e-01,6.154770000000000074e+00,4.851168990135192871e-01,2.759180963039398193e-01
2.568706671402498642e+01,3.373622966446581017e+01,1.404387451171875000e+03,6.534189581871032715e-01,6.154780000000000584e+00,5.631659030914306641e-01,3.477109968662261963e-01
2.568904472567517061e+01,3.375159847184000483e+01,1.143970947265625000e+03,6.230575442314147949e-01,6.154790000000000205e+00,6.628824472427368164e-01,3.824248611927032471e-01
2.568790068376354085e+01,3.376902608333371347e+01,1.063824218750000000e+03,8.117014765739440918e-01,6.154800000000000715e+00,6.626535654067993164e-01,3.718962669372558594e-01
2.569411352128776826e+01,3.378170466044506526e+01,1.296166625976562500e+03,9.726852774620056152e-01,6.154810000000000336e+00,8.568224310874938965e-01,5.160160660743713379e-01
2.568542912911099307e+01,3.379904285583954504e+01,1.530339111328125000e+03,1.053013324737548828e+00,6.154820000000000846e+00,8.156235218048095703e-01,5.160923600196838379e-01
2.568937570361510581e+01,3.381463173406709899e+01,1.162860839843750000e+03,1.462358951568603516e+00,6.154830000000000467e+00,8.690295219421386719e-01,5.043430328369140625e-01
2.569558718989842561e+01,3.382736798522527977e+01,1.623622436523437500e+03,1.351583719253540039e+00,6.154840000000000089e+00,7.650404572486877441e-01,4.917545020580291748e-01
2.569590789371117623e+01,3.384066196101204582e+01,1.969688720703125000e+03,1.396136999130249023e+00,6.154850000000000598e+00,6.566263437271118164e-01,4.416292011737823486e-01
2.568778124798367557e+01,3.385443014212260948e+01,1.011611816406250000e+03,1.409478902816772461e+00,6.154860000000000220e+00,6.473947167396545410e-01,3.560270667076110840e-01
2.569646343746656214e+01,3.387153048144429590e+01,1.131323242187500000e+03,1.034864902496337891e+00,6.154870000000000729e+00,6.428933739662170410e-01,3.693785369396209717e-01
2.569924333801303007e+01,3.388994564654127117e+01,1.535178833007812500e+03,8.676571249961853027e-01,6.154880000000000351e+00,5.644629001617431641e-01,3.574766516685485840e-01
2.568170867976562732e+01,3.389902593548746523e+01,1.451409057617187500e+03,8.640403151512145996e-01,6.154890000000000860e+00,5.441686511039733887e-01,3.392423093318939209e-01
2.569089680695974920e+01,3.391454449056639930e+01,1.150213378906250000e+03,6.827039122581481934e-01,6.154900000000000482e+00,6.599832773208618164e-01,3.815093338489532471e-01
2.568931276913863115e+01,3.393309988471120420e+01,1.306716308593750000e+03,7.552010416984558105e-01,6.154910000000000103e+00,6.557108163833618164e-01,3.959289491176605225e-01
2.569118208962119709e+01,3.394117759856991512e+01,1.605663085937500000e+03,1.000324010848999023e+00,6.154920000000000613e+00,8.898578286170959473e-01,5.703375935554504395e-01
2.568767415990479464e+01,3.396003684563387992e+01,1.356990844726562500e+03,9.931046366691589355e-01,6.154930000000000234e+00,7.265118360519409180e-01,4.439180195331573486e-01
2.570002891734484862e+01,3.397484614576772088e+01,1.286283813476562500e+03,1.355868101119995117e+00,6.154940000000000744e+00,6.703593134880065918e-01,4.027191400527954102e-01
2.569487863598481425e+01,3.399468108569504210e+01,1.017527648925781250e+03,1.150682687759399414e+00,6.154950000000000365e+00,6.418252587318420410e-01,3.538145124912261963e-01
2.569459704938729416e+01,3.399775188775150525e+01,1.015198730468750000e+03,9.306675791740417480e-01,6.154960000000000875e+00,6.957653164863586426e-01,3.831878006458282471e-01
2.569546479917008242e+01,3.401291420369076945e+01,1.115570434570312500e+03,1.019863605499267578e+00,6.154970000000000496e+00,6.132912039756774902e-01,3.505338728427886963e-01
2.569646352808942069e+01,3.403165162989196801e+01,1.055495117187500000e+03,1.002882242202758789e+00,6.154980000000000118e+00,6.929423809051513672e-01,3.876891732215881348e-01
2.568915155012129503e+01,3.405103791555266923e+01,1.143169433593750000e+03,9.470028281211853027e-01,6.154990000000000627e+00,5.627844333648681641e-01,3.245938420295715332e-01
2.569609612019355538e+01,3.406573835977373221e+01,1.233468627929687500e+03,1.070351123809814453e+00,6.155000000000000249e+00,5.346318483352661133e-01,3.167355358600616455e-01
2.569666484676174534e+01,3.407619674111180785e+01,1.001406127929687500e+03,7.328588366508483887e-01,6.155010000000000758e+00,6.027626395225524902e-01,3.300870060920715332e-01
2.569944473550542341e+01,3.409671676996081402e+01,1.096199829101562500e+03,7.049984335899353027e-01,6.155020000000000380e+00,5.906318426132202148e-01,3.353513181209564209e-01
2.569952222006343234e+01,3.411343095130391134e+01,1.110461059570312500e+03,8.552891612052917480e-01,6.155030000000000889e+00,5.942939519882202148e-01,3.390897214412689209e-01
2.569986278512186928e+01,3.412600808454327250e+01,1.679620361328125000e+03,7.614702582359313965e-01,6.155040000000000511e+00,7.719069123268127441e-01,5.004520416259765625e-01
2.569257278755918250e+01,3.413590951401901208e+01,8.446788330078125000e+02,8.492690920829772949e-01,6.155050000000000132e+00,6.132912039756774902e-01,3.107845783233642578e-01
2.569094486540792843e+01,3.415624349530576609e+01,9.952648925781250000e+02,1.005575180053710938e+00,6.155060000000000642e+00,5.443975329399108887e-01,2.973567843437194824e-01
2.569681715469392458e+01,3.417622947699645408e+01,1.125032592773437500e+03,6.729454398155212402e-01,6.155070000000000263e+00,6.881358623504638672e-01,3.945556581020355225e-01
2.569650088177410652e+01,3.418213493945237502e+01,1.647270629882812500e+03,7.352012991905212402e-01,6.155080000000000773e+00,7.445936203002929688e-01,4.803866446018218994e-01
2.569300069552551236e+01,3.419669410776689489e+01,1.555028564453125000e+03,1.074187278747558594e+00,6.155090000000000394e+00,7.089641690254211426e-01,4.505556225776672363e-01
2.568880216618034851e+01,3.421305794940501244e+01,1.340098754882812500e+03,1.095957279205322266e+00,6.155100000000000904e+00,7.722120881080627441e-01,4.700106382369995117e-01
2.569431988619340146e+01,3.422910214844906562e+01,1.319541015625000000e+03,1.148391485214233398e+00,6.155110000000000525e+00,7.844191789627075195e-01,4.751223623752593994e-01
2.568345668345051536e+01,3.424133876488377837e+01,1.809681518554687500e+03,1.170370101928710938e+00,6.155120000000000147e+00,1.028331875801086426e+00,6.787516474723815918e-01
2.568288033955478511e+01,3.425691893004536581e+01,1.790223632812500000e+03,1.403362274169921875e+00,6.155130000000000656e+00,8.192093372344970703e-01,5.393621325492858887e-01
2.569049494967482872e+01,3.428144815530747991e+01,1.282176635742187500e+03,1.786026477813720703e+00,6.155140000000000278e+00,8.536180853843688965e-01,5.122776627540588379e-01
2.569602123509161018e+01,3.429672382207619563e+01,1.334970703125000000e+03,1.554446935653686523e+00,6.155150000000000787e+00,8.972583413124084473e-01,5.454656481742858887e-01
2.568504105501860835e+01,3.430895191048817594e+01,1.307538085937500000e+03,1.602540731430053711e+00,6.155160000000000409e+00,8.098251819610595703e-01,4.890842139720916748e-01
2.569431645657852670e+01,3.432222731432707974e+01,1.550339599609375000e+03,1.394222497940063477e+00,6.155170000000000918e+00,9.985008239746093750e-01,6.340432763099670410e-01
2.568466089372516237e+01,3.433555971085029057e+01,1.411844116210937500e+03,1.477897882461547852e+00,6.155180000000000540e+00,8.626970648765563965e-01,5.334874391555786133e-01
2.568653813255442486e+01,3.435731286296514497e+01,1.223291259765625000e+03,1.712207317352294922e+00,6.155190000000000161e+00,8.609423041343688965e-01,5.086155533790588379e-01
2.568797152186451171e+01,3.436480070663029096e+01,1.473116699218750000e+03,1.400942325592041016e+00,6.155200000000000671e+00,7.000377774238586426e-01,4.382722377777099609e-01
2.568986030433289613e+01,3.438146102774519619e+01,9.773777465820312500e+02,1.318169355392456055e+00,6.155210000000000292e+00,6.721903681755065918e-01,3.643431365489959717e-01
2.568432399830344082e+01,3.439805657612421896e+01,1.336854370117187500e+03,9.847325682640075684e-01,6.155220000000000802e+00,5.978034734725952148e-01,3.635801970958709717e-01
2.568597580903394118e+01,3.441426399274911319e+01,1.230125122070312500e+03,8.637875914573669434e-01,6.155230000000000423e+00,6.660868525505065918e-01,3.942504525184631348e-01
2.569140455432373926e+01,3.442802100388599484e+01,1.135228271484375000e+03,8.071202635765075684e-01,6.155240000000000933e+00,4.927463233470916748e-01,2.834712266921997070e-01
2.569373162837957025e+01,3.444006207628865468e+01,8.638614501953125000e+02,7.544035315513610840e-01,6.155250000000000554e+00,5.633947849273681641e-01,2.886592447757720947e-01
2.569115118287199806e+01,3.446377127159296805e+01,1.477941894531250000e+03,5.923754572868347168e-01,6.155260000000000176e+00,5.691168308258056641e-01,3.566374182701110840e-01
2.569219173636797748e+01,3.447278376479158624e+01,1.431635009765625000e+03,7.224876284599304199e-01,6.155270000000000685e+00,7.237652540206909180e-01,4.494112133979797363e-01
2.569180141393648142e+01,3.448401071120203909e+01,1.223159667968750000e+03,8.355647921562194824e-01,6.155280000000000307e+00,8.737597465515136719e-01,5.161686539649963379e-01
2.569125101119593424e+01,3.450042704432188856e+01,1.502201049804687500e+03,1.251693487167358398e+00,6.155290000000000816e+00,6.946208477020263672e-01,4.372804164886474609e-01
2.569658970785415875e+01,3.451922410237108352e+01,1.293748657226562500e+03,1.319125413894653320e+00,6.155300000000000438e+00,7.790023088455200195e-01,4.688662290573120117e-01
2.569717043195826633e+01,3.453166453632842092e+01,1.321431762695312500e+03,1.144659042358398438e+00,6.155310000000000947e+00,8.734545707702636719e-01,5.292912721633911133e-01
2.570047212849482321e+01,3.454180033347957135e+01,1.513258544921875000e+03,1.448156356811523438e+00,6.155320000000000569e+00,7.102611660957336426e-01,4.480378925800323486e-01
2.568905656400673365e+01,3.456464639128904537e+01,1.527188964843750000e+03,1.269064664840698242e+00,6.155330000000000190e+00,8.279069066047668457e-01,5.235692262649536133e-01
2.570138537566280945e+01,3.457729367100913009e+01,1.399535278320312500e+03,1.221178293228149414e+00,6.155340000000000700e+00,7.736617326736450195e-01,4.771822988986968994e-01
2.570117132522615222e+01,3.458916549624505166e+01,1.113040039062500000e+03,1.331512451171875000e+00,6.155350000000000321e+00,7.232311964035034180e-01,4.130188524723052979e-01
2.569564957292815777e+01,3.460155179289532867e+01,1.062293457031250000e+03,1.201062917709350586e+00,6.155360000000000831e+00,6.291604042053222656e-01,3.528989851474761963e-01
2.570078604756296770e+01,3.461767901631501587e+01,1.144253417968750000e+03,1.144853353500366211e+00,6.155370000000000452e+00,6.782938838005065918e-01,3.913512825965881348e-01
2.570363607220690483e+01,3.462943565995918505e+01,1.386082519531250000e+03,9.784502387046813965e-01,6.155380000000000074e+00,7.173565626144409180e-01,4.411714076995849609e-01
2.569561153196656278e+01,3.464861719398192008e+01,1.765166870117187500e+03,9.920997023582458496e-01,6.155390000000000583e+00,7.747298479080200195e-01,5.083866715431213379e-01
2.569474962536359186e+01,3.465988301936398130e+01,1.432177490234375000e+03,1.212659597396850586e+00,6.155400000000000205e+00,7.410077452659606934e-01,4.601686894893646240e-01
2.569644832878350371e+01,3.467946835798124994e+01,1.249958007812500000e+03,1.280936717987060547e+00,6.155410000000000714e+00,6.937816143035888672e-01,4.128662645816802979e-01
2.569551346732628616e+01,3.469614402968517908e+01,1.033337280273437500e+03,1.136863946914672852e+00,6.155420000000000336e+00,7.626753449440002441e-01,4.230896830558776855e-01
2.568786106387633339e+01,3.470193468872028575e+01,1.389212036132812500e+03,1.168653488159179688e+00,6.155430000000000845e+00,6.840159893035888672e-01,4.209534525871276855e-01
2.569228891194473263e+01,3.472248342992392622e+01,1.252440063476562500e+03,1.145607948303222656e+00,6.155440000000000467e+00,7.951766848564147949e-01,4.735201895236968994e-01
2.569760450996624002e+01,3.474097340441801407e+01,1.211247924804687500e+03,1.050012826919555664e+00,6.155450000000000088e+00,8.008987307548522949e-01,4.715365171432495117e-01
2.568896253187075729e+01,3.475454691133322882e+01,1.084177368164062500e+03,1.113378524780273438e+00,6.155460000000000598e+00,7.546644210815429688e-01,4.266755282878875732e-01
2.569216096143037120e+01,3.477118761099754352e+01,1.950421508789062500e+03,1.210444688796997070e+00,6.155470000000000219e+00,7.268933653831481934e-01,4.878634810447692871e-01
2.569376312441141863e+01,3.478332046942799138e+01,1.501378662109375000e+03,1.175200462341308594e+00,6.155480000000000729e+00,6.019997000694274902e-01,3.789153397083282471e-01
2.569238060537998436e+01,3.479776259695704255e+01,1.208617553710937500e+03,1.149990081787109375e+00,6.155490000000000350e+00,7.457380294799804688e-01,4.387300014495849609e-01
2.568791565055391501e+01,3.482165463223049073e+01,1.296871215820312500e+03,9.623987078666687012e-01,6.155500000000000860e+00,7.273511290550231934e-01,4.381196498870849609e-01
2.568870675714631702e+01,3.483228822432791105e+01,1.294090820312500000e+03,1.197649955749511719e+00,6.155510000000000481e+00,7.187298536300659180e-01,4.326264560222625732e-01
2.568863558690678417e+01,3.484395821599569842e+01,9.446321411132812500e+02,1.211279153823852539e+00,6.155520000000000103e+00,7.649641633033752441e-01,4.085174798965454102e-01
2.568760035326909019e+01,3.486245241865933764e+01,1.323270629882812500e+03,1.013584852218627930e+00,6.155530000000000612e+00,8.116562366485595703e-01,4.920596778392791748e-01
2.568762580143808805e+01,3.487200277867570009e+01,1.229954467773437500e+03,1.082502126693725586e+00,6.155540000000000234e+00,1.085705161094665527e+00,6.425881981849670410e-01
2.568688577025785236e+01,3.488590349739065744e+01,1.253629272460937500e+03,1.454718828201293945e+00,6.155550000000000743e+00,9.076343774795532227e-01,5.406591296195983887e-01
2.568395312450578061e+01,3.490218440734659566e+01,1.430118652343750000e+03,1.611289501190185547e+00,6.155560000000000365e+00,6.708933711051940918e-01,4.164520800113677979e-01
2.569029975353389972e+01,3.491890754840040501e+01,2.018798095703125000e+03,1.200310707092285156e+00,6.155570000000000874e+00,8.054764270782470703e-01,5.445501208305358887e-01
2.568643529933535063e+01,3.493778161962286788e+01,1.147714477539062500e+03,1.213819503784179688e+00,6.155580000000000496e+00,9.455526471138000488e-01,5.461522936820983887e-01
2.568888607489131104e+01,3.494463459352218848e+01,1.088471069335937500e+03,1.422594308853149414e+00,6.155590000000000117e+00,7.834273576736450195e-01,4.436128437519073486e-01
2.568833065751790201e+01,3.495661835966362219e+01,1.677324951171875000e+03,1.451544284820556641e+00,6.155600000000000627e+00,7.037761807441711426e-01,4.561250805854797363e-01
2.568972528738929739e+01,3.498045635649607021e+01,1.169304809570312500e+03,1.179538488388061523e+00,6.155610000000000248e+00,1.055187463760375977e+00,6.135963797569274902e-01
2.568716834180317576e+01,3.500088987103319482e+01,1.145722534179687500e+03,1.271184206008911133e+00,6.155620000000000758e+00,7.104900479316711426e-01,4.101196527481079102e-01
2.569033247345312176e+01,3.501196920356535713e+01,1.572321044921875000e+03,1.466625452041625977e+00,6.155630000000000379e+00,7.650404572486877441e-01,4.876345992088317871e-01
2.569319315482058030e+01,3.502487655860880977e+01,1.864693603515625000e+03,1.077153205871582031e+00,6.155640000000000889e+00,7.101085782051086426e-01,4.719179868698120117e-01
2.569108765553069063e+01,3.503857926925672217e+01,1.237049682617187500e+03,1.350171089172363281e+00,6.155650000000000510e+00,7.519178390502929688e-01,4.459016621112823486e-01
2.569129872678145432e+01,3.505875626990806637e+01,1.226520019531250000e+03,1.166448116302490234e+00,6.155660000000000132e+00,8.768115043640136719e-01,5.184574723243713379e-01
2.570073145110030310e+01,3.507498526537527539e+01,1.510535156250000000e+03,1.045028686523437500e+00,6.155670000000000641e+00,7.596235871315002441e-01,4.789370596408843994e-01
2.569374008738256876e+01,3.508632991077469399e+01,1.617259765625000000e+03,1.378616809844970703e+00,6.155680000000000263e+00,7.613020539283752441e-01,4.888553321361541748e-01
2.568902836888363694e+01,3.510717094846607012e+01,1.271067626953125000e+03,1.068090915679931641e+00,6.155690000000000772e+00,9.626425504684448242e-01,5.760596394538879395e-01
2.569840060245610402e+01,3.511705269582635935e+01,1.212473999023437500e+03,1.524641036987304688e+00,6.155700000000000394e+00,7.287244200706481934e-01,4.291932284832000732e-01
2.569704989334269030e+01,3.513432317557477802e+01,1.140244628906250000e+03,1.340157508850097656e+00,6.155710000000000903e+00,7.559614181518554688e-01,4.356019496917724609e-01
2.569982874479070745e+01,3.515073602494882010e+01,9.396363525390625000e+02,1.215521812438964844e+00,6.155720000000000525e+00,7.279614806175231934e-01,3.878417611122131348e-01
2.569642233451810398e+01,3.516629932895707356e+01,1.248536987304687500e+03,1.065607786178588867e+00,6.155730000000000146e+00,6.809642314910888672e-01,4.050842523574829102e-01
2.570052504502170265e+01,3.517894324011970042e+01,1.144016357421875000e+03,9.636909365653991699e-01,6.155740000000000656e+00,5.725501179695129395e-01,3.303158879280090332e-01
2.569278784069170030e+01,3.519713188994312247e+01,9.411876220703125000e+02,8.948165774345397949e-01,6.155750000000000277e+00,7.596235871315002441e-01,4.050079584121704102e-01
2.569072012246814651e+01,3.520887398008528635e+01,1.503412841796875000e+03,8.385795950889587402e-01,6.155760000000000787e+00,7.921249270439147949e-01,4.987735748291015625e-01
2.569960039884050573e+01,3.522245391132922521e+01,1.019263000488281250e+03,1.259723424911499023e+00,6.155770000000000408e+00,7.204846143722534180e-01,3.974548280239105225e-01
2.569603102881475465e+01,3.523749381225434973e+01,1.300592163085937500e+03,1.210450649261474609e+00,6.155780000000000918e+00,6.563211679458618164e-01,3.957000672817230225e-01
2.569621844004742783e+01,3.525539513396330449e+01,1.453513671875000000e+03,1.080402851104736328e+00,6.155790000000000539e+00,5.575201511383056641e-01,3.477109968662261963e-01
2.570307465174323625e+01,3.526845167920981083e+01,1.241222534179687500e+03,9.452182650566101074e-01,6.155800000000000161e+00,6.630350351333618164e-01,3.936401009559631348e-01
2.570497506224844741e+01,3.529278104648346925e+01,1.284819335937500000e+03,8.460313677787780762e-01,6.155810000000000670e+00,6.354165673255920410e-01,3.815856277942657471e-01
2.570072364595195680e+01,3.529784754369534028e+01,1.176236572265625000e+03,9.303457140922546387e-01,6.155820000000000292e+00,6.088661551475524902e-01,3.548063337802886963e-01
2.569093378576803488e+01,3.530889033656504949e+01,1.124234985351562500e+03,8.355159163475036621e-01,6.155830000000000801e+00,7.463483810424804688e-01,4.278199374675750732e-01
2.569960267874800408e+01,3.532729482465887827e+01,8.925636596679687500e+02,9.096128344535827637e-01,6.155840000000000423e+00,7.319287657737731934e-01,3.808989822864532471e-01
2.569632882470372692e+01,3.534384275760673688e+01,1.158078857421875000e+03,1.148917198181152344e+00,6.155850000000000932e+00,7.253674268722534180e-01,4.203431010246276855e-01
2.569579832947529852e+01,3.535570298767430586e+01,1.170750610351562500e+03,9.848768115043640137e-01,6.155860000000000554e+00,7.504682540893554688e-01,4.365937709808349609e-01
2.569741506176787738e+01,3.537159086032419708e+01,1.510705566406250000e+03,1.001703262329101562e+00,6.155870000000000175e+00,5.025882720947265625e-01,3.168881237506866455e-01
2.569893548197064348e+01,3.539046569845901757e+01,1.106010375976562500e+03,9.147281050682067871e-01,6.155880000000000685e+00,6.186318397521972656e-01,3.524412214756011963e-01
2.569588254561585217e+01,3.540103978575045574e+01,1.489235961914062500e+03,6.693679690361022949e-01,6.155890000000000306e+00,6.218361854553222656e-01,3.905120491981506348e-01
2.570046445934577051e+01,3.541347889054966203e+01,1.763901855468750000e+03,8.721358180046081543e-01,6.155900000000000816e+00,6.750895380973815918e-01,4.429261982440948486e-01
2.569717683322827284e+01,3.542393851296976948e+01,1.888976806640625000e+03,8.412188887596130371e-01,6.155910000000000437e+00,8.029586672782897949e-01,5.351659059524536133e-01
2.569097479272315709e+01,3.544818028427465606e+01,1.221108398437500000e+03,1.034576416015625000e+00,6.155920000000000947e+00,6.154274344444274902e-01,3.633513152599334717e-01
2.569372912865173220e+01,3.546236901679627351e+01,1.312249755859375000e+03,1.258739948272705078e+00,6.155930000000000568e+00,6.258034706115722656e-01,3.783812522888183594e-01
2.569680100021015789e+01,3.548141388283121955e+01,1.609395629882812500e+03,8.110851645469665527e-01,6.155940000000000190e+00,7.138470411300659180e-01,4.578035771846771240e-01
2.569394513933749025e+01,3.548836102930019365e+01,1.519494384765625000e+03,9.815794825553894043e-01,6.155950000000000699e+00,7.652693390846252441e-01,4.832858443260192871e-01
2.569122869572377965e+01,3.550591518135603764e+01,2.033731689453125000e+03,1.144048690795898438e+00,6.155960000000000321e+00,7.770949602127075195e-01,5.261632204055786133e-01
2.569753817155322295e+01,3.551877443304906734e+01,1.544340454101562500e+03,1.487999677658081055e+00,6.155970000000000830e+00,7.467298507690429688e-01,4.736727774143218994e-01
2.569221258321390522e+01,3.553531201779419035e+01,1.376935180664062500e+03,1.453748464584350586e+00,6.155980000000000452e+00,7.040050625801086426e-01,4.320923984050750732e-01
2.569200009524520212e+01,3.554585262174148141e+01,1.151414916992187500e+03,1.176340103149414062e+00,6.155990000000000073e+00,8.106644153594970703e-01,4.687899351119995117e-01
2.569528380116334176e+01,3.556886428075650031e+01,9.503590698242187500e+02,1.304338693618774414e+00,6.156000000000000583e+00,6.126045584678649902e-01,3.280270695686340332e-01
2.570134562128325584e+01,3.558288037453339570e+01,1.327691650390625000e+03,1.005260467529296875e+00,6.156010000000000204e+00,8.981738686561584473e-01,5.450841784477233887e-01
2.569233161521385611e+01,3.560043723437574670e+01,1.605948120117187500e+03,9.696168303489685059e-01,6.156020000000000714e+00,7.543592453002929688e-01,4.835147261619567871e-01
2.569359120373471583e+01,3.560778025985785433e+01,1.572864868164062500e+03,1.181745052337646484e+00,6.156030000000000335e+00,9.589803814888000488e-01,6.113075613975524902e-01
2.569717258737280474e+01,3.562647406090251678e+01,1.457645263671875000e+03,1.456820487976074219e+00,6.156040000000000845e+00,8.820757865905761719e-01,5.505773425102233887e-01
2.569149090337989350e+01,3.564820564768314881e+01,1.049045654296875000e+03,1.774228334426879883e+00,6.156050000000000466e+00,6.776835322380065918e-01,3.782286643981933594e-01
2.569223145198148117e+01,3.565966398697189987e+01,1.071215576171875000e+03,1.324126243591308594e+00,6.156060000000000088e+00,6.611276865005493164e-01,3.720488548278808594e-01
2.570090667824027264e+01,3.567021628233722907e+01,1.143042724609375000e+03,1.015655517578125000e+00,6.156070000000000597e+00,5.550024509429931641e-01,3.200924694538116455e-01
2.569261546664185403e+01,3.569046962654550725e+01,1.332922119140625000e+03,8.361918330192565918e-01,6.156080000000000219e+00,5.878089666366577148e-01,3.571714758872985840e-01
2.569874767260598247e+01,3.570347509021309662e+01,1.459370727539062500e+03,8.604986071586608887e-01,6.156090000000000728e+00,5.760596394538879395e-01,3.596891760826110840e-01
2.569707465913823796e+01,3.571623830427139978e+01,1.444158203125000000e+03,7.350403666496276855e-01,6.156100000000000350e+00,8.757433891296386719e-01,5.451604723930358887e-01
2.569639569585035943e+01,3.573549416582010707e+01,1.343721923828125000e+03,8.186191916465759277e-01,6.156110000000000859e+00,1.015285491943359375e+00,6.184792518615722656e-01
2.569177112165348120e+01,3.574411282421216640e+01,1.701739257812500000e+03,1.476690292358398438e+00,6.156120000000000481e+00,8.704028129577636719e-01,5.661413669586181641e-01
2.569460540730787912e+01,3.576287657401820042e+01,1.077315429687500000e+03,1.561065435409545898e+00,6.156130000000000102e+00,7.221630811691284180e-01,4.072967767715454102e-01
2.570282350389635084e+01,3.577192306349514439e+01,1.130996337890625000e+03,1.233049154281616211e+00,6.156140000000000612e+00,7.233074903488159180e-01,4.155365526676177979e-01
2.569970092934853767e+01,3.579214188026460874e+01,1.093088012695312500e+03,1.082428216934204102e+00,6.156150000000000233e+00,5.920814275741577148e-01,3.358090817928314209e-01
2.569322678250330227e+01,3.580585177344357817e+01,1.422541748046875000e+03,1.008187055587768555e+00,6.156160000000000743e+00,5.740759968757629395e-01,3.557981848716735840e-01
2.569339546070030877e+01,3.582440372241002535e+01,1.091640136718750000e+03,7.750446200370788574e-01,6.156170000000000364e+00,4.851168990135192871e-01,2.750025689601898193e-01
2.570070917561584878e+01,3.583526615256577230e+01,1.180655151367187500e+03,8.352596163749694824e-01,6.156180000000000874e+00,4.867190718650817871e-01,2.840052843093872070e-01
2.570044870575460649e+01,3.585159537582296707e+01,1.336480957031250000e+03,5.963177084922790527e-01,6.156190000000000495e+00,5.585882663726806641e-01,3.397000730037689209e-01
2.570473623215594827e+01,3.587235154423435546e+01,1.420324096679687500e+03,6.142384409904479980e-01,6.156200000000000117e+00,6.067299246788024902e-01,3.758635520935058594e-01
2.570077914956736009e+01,3.588538514895495979e+01,1.393943847656250000e+03,7.632095217704772949e-01,6.156210000000000626e+00,6.448007225990295410e-01,3.972259461879730225e-01
2.569590868830171360e+01,3.589562688860661410e+01,1.235220458984375000e+03,8.869845271110534668e-01,6.156220000000000248e+00,6.876780986785888672e-01,4.076019525527954102e-01
2.569163841706144424e+01,3.591321021557913440e+01,1.384404052734375000e+03,1.004571437835693359e+00,6.156230000000000757e+00,6.549478769302368164e-01,4.026428461074829102e-01
2.570840463440151424e+01,3.592820712691006690e+01,1.269666259765625000e+03,1.006903171539306641e+00,6.156240000000000379e+00,5.840705037117004395e-01,3.493894636631011963e-01
2.570082708138329153e+01,3.594686840947872497e+01,9.446949462890625000e+02,9.830362200736999512e-01,6.156250000000000888e+00,7.197979688644409180e-01,3.844085037708282471e-01
2.570113153578302345e+01,3.596023582819232445e+01,1.170174804687500000e+03,8.465630412101745605e-01,6.156260000000000510e+00,7.121685743331909180e-01,4.142395555973052979e-01
2.570308956487983210e+01,3.597308538219570551e+01,1.436532104492187500e+03,9.750158190727233887e-01,6.156270000000000131e+00,6.130623221397399902e-01,3.810515701770782471e-01
2.569933304159379972e+01,3.599144301742282437e+01,1.363626586914062500e+03,9.593624472618103027e-01,6.156280000000000641e+00,5.365391969680786133e-01,3.283322453498840332e-01
2.569248538505257429e+01,3.600153929423048993e+01,1.282267089843750000e+03,7.898742556571960449e-01,6.156290000000000262e+00,6.588388681411743164e-01,3.953948915004730225e-01
2.569688041044437554e+01,3.601018473952737509e+01,1.683084106445312500e+03,7.215268015861511230e-01,6.156300000000000772e+00,7.014110684394836426e-01,4.549806714057922363e-01
2.570074000702113182e+01,3.602961096696668619e+01,1.298745483398437500e+03,1.039304256439208984e+00,6.156310000000000393e+00,7.019451260566711426e-01,4.230133891105651855e-01
2.570110913554057674e+01,3.604623855034088820e+01,1.586086059570312500e+03,1.014396667480468750e+00,6.156320000000000903e+00,8.047134876251220703e-01,5.141087174415588379e-01
2.569990668274496315e+01,3.606041056247111243e+01,1.437880126953125000e+03,1.091936349868774414e+00,6.156330000000000524e+00,8.836017251014709473e-01,5.493566393852233887e-01
2.569309145195262545e+01,3.607218074897554771e+01,1.771402709960937500e+03,1.306359291076660156e+00,6.156340000000000146e+00,1.433683156967163086e+00,9.415853023529052734e-01
2.569634373337713384e+01,3.609572607241128850e+01,1.557867553710937500e+03,1.813023805618286133e+00,6.156350000000000655e+00,1.080593466758728027e+00,6.870677471160888672e-01
2.569850124113930079e+01,3.610592900441909592e+01,1.415497802734375000e+03,2.501980781555175781e+00,6.156360000000000277e+00,9.324300289154052734e-01,5.770514607429504395e-01
2.569624411655638951e+01,3.611238521823994319e+01,1.508050781250000000e+03,2.159329175949096680e+00,6.156370000000000786e+00,7.320050597190856934e-01,4.613130986690521240e-01
2.569070745464179950e+01,3.613423720731645972e+01,1.618884887695312500e+03,1.556617736816406250e+00,6.156380000000000408e+00,8.520922064781188965e-01,5.472967028617858887e-01
2.568428302568361232e+01,3.615132207764351335e+01,1.193171875000000000e+03,1.336965084075927734e+00,6.156390000000000917e+00,8.910785317420959473e-01,5.218906998634338379e-01
2.568968066237874837e+01,3.617142454452456946e+01,9.705731811523437500e+02,1.431821107864379883e+00,6.156400000000000539e+00,6.454110741615295410e-01,3.487791121006011963e-01
2.569758312570785463e+01,3.617678099313931028e+01,1.020661193847656250e+03,1.276484251022338867e+00,6.156410000000000160e+00,6.978252530097961426e-01,3.851714432239532471e-01
2.568618994751827600e+01,3.619900072994080631e+01,9.483364868164062500e+02,9.453100562095642090e-01,6.156420000000000670e+00,6.737925410270690918e-01,3.604521155357360840e-01
2.568634372531313659e+01,3.621053800528129329e+01,1.933487304687500000e+03,9.703630805015563965e-01,6.156430000000000291e+00,6.013892889022827148e-01,4.028717279434204102e-01
2.569279317293790399e+01,3.622954711666129413e+01,1.913215087890625000e+03,8.654946684837341309e-01,6.156440000000000801e+00,7.106426358222961426e-01,4.749697744846343994e-01
2.568453192233112148e+01,3.624336325662402203e+01,1.835607177734375000e+03,9.677976965904235840e-01,6.156450000000000422e+00,8.476670980453491211e-01,5.613348484039306641e-01
2.568296209289788123e+01,3.625717109227264245e+01,1.642911621093750000e+03,9.676272273063659668e-01,6.156460000000000932e+00,1.359372496604919434e+00,8.764300346374511719e-01
2.569464344724400817e+01,3.627104589437276161e+01,1.555124389648437500e+03,2.055978298187255859e+00,6.156470000000000553e+00,1.221203684806823730e+00,7.761031389236450195e-01
2.569377880750681342e+01,3.629395859703497962e+01,1.767144409179687500e+03,2.260292291641235352e+00,6.156480000000000175e+00,1.203427195549011230e+00,7.899124026298522949e-01
2.569054755752640773e+01,3.630422088746062315e+01,1.334465454101562500e+03,2.676815509796142578e+00,6.156490000000000684e+00,7.850295305252075195e-01,4.771822988986968994e-01
2.568769200723284030e+01,3.631963848259115224e+01,1.268128906250000000e+03,2.632795095443725586e+00,6.156500000000000306e+00,6.801249980926513672e-01,4.066864252090454102e-01
2.568843506601536575e+01,3.633331303395819845e+01,1.213969238281250000e+03,1.387956857681274414e+00,6.156510000000000815e+00,7.668715119361877441e-01,4.518526196479797363e-01
2.568552639700311246e+01,3.635171294816159104e+01,1.427070312500000000e+03,1.168235063552856445e+00,6.156520000000000437e+00,8.201248645782470703e-01,5.087681412696838379e-01
2.568545930634678953e+01,3.636285512090723415e+01,1.598502075195312500e+03,1.324135780334472656e+00,6.156530000000000946e+00,8.426316976547241211e-01,5.394384264945983887e-01
2.569523343873773413e+01,3.637502339317861555e+01,1.418779418945312500e+03,1.458787441253662109e+00,6.156540000000000568e+00,8.328660130500793457e-01,5.157871842384338379e-01
2.569565790316715237e+01,3.639865268492516748e+01,1.234786376953125000e+03,1.527543783187866211e+00,6.156550000000000189e+00,8.409532308578491211e-01,4.983921051025390625e-01
2.568875283321058589e+01,3.640976003540964712e+01,1.268613647460937500e+03,1.399557113647460938e+00,6.156560000000000699e+00,6.208443641662597656e-01,3.712859153747558594e-01
2.569954313628752374e+01,3.642525804583650739e+01,1.161719482421875000e+03,1.114181995391845703e+00,6.156570000000000320e+00,6.494547128677368164e-01,3.767790794372558594e-01
2.569526712665857815e+01,3.644086821780253160e+01,1.720176147460937500e+03,9.981781840324401855e-01,6.156580000000000830e+00,6.457162499427795410e-01,4.211060404777526855e-01
2.568978885792073541e+01,3.646361293530762282e+01,1.887710327148437500e+03,1.032112360000610352e+00,6.156590000000000451e+00,7.910568118095397949e-01,5.271550416946411133e-01
2.569307496230054255e+01,3.647511653381533847e+01,1.176667602539062500e+03,1.170756340026855469e+00,6.156600000000000072e+00,7.819777727127075195e-01,4.557436108589172363e-01
2.569765711618615711e+01,3.649081810888712596e+01,1.620090820312500000e+03,1.305272102355957031e+00,6.156610000000000582e+00,6.686808466911315918e-01,4.295746982097625732e-01
2.569839679356632800e+01,3.650306431486409053e+01,2.197331787109375000e+03,1.189851284027099609e+00,6.156620000000000203e+00,6.485391855239868164e-01,4.459016621112823486e-01
2.569704623770171281e+01,3.651728513295677914e+01,1.019814514160156250e+03,1.127687215805053711e+00,6.156630000000000713e+00,7.998306155204772949e-01,4.413239955902099609e-01
2.570123779041746559e+01,3.653575420447774036e+01,1.409311523437500000e+03,1.148191213607788086e+00,6.156640000000000335e+00,7.804518938064575195e-01,4.823703169822692871e-01
2.570015073198936051e+01,3.654189638464405476e+01,1.136123413085937500e+03,1.131220579147338867e+00,6.156650000000000844e+00,6.888225078582763672e-01,3.963867127895355225e-01
2.569876500488045323e+01,3.656110412120687414e+01,1.512363159179687500e+03,1.072246551513671875e+00,6.156660000000000466e+00,7.181195020675659180e-01,4.529207348823547363e-01
2.570286041105849861e+01,3.658331038487936837e+01,1.199430297851562500e+03,9.954673647880554199e-01,6.156670000000000087e+00,6.210732460021972656e-01,3.644194304943084717e-01
2.569441606052930638e+01,3.659362844839262152e+01,1.319166381835937500e+03,1.204958677291870117e+00,6.156680000000000597e+00,7.649641633033752441e-01,4.632967412471771240e-01
2.569576871976837396e+01,3.660503312483074012e+01,2.025706054687500000e+03,9.441239237785339355e-01,6.156690000000000218e+00,8.153946399688720703e-01,5.516454577445983887e-01
2.570102961194917057e+01,3.661589843928815924e+01,1.301347412109375000e+03,1.204970598220825195e+00,6.156700000000000728e+00,7.733564972877502441e-01,4.663485288619995117e-01
2.569391169915365225e+01,3.663947538518175406e+01,1.043019287109375000e+03,1.342435598373413086e+00,6.156710000000000349e+00,7.225445508956909180e-01,4.023376405239105225e-01
2.570138072421980269e+01,3.665723626488487241e+01,1.590701416015625000e+03,1.239003658294677734e+00,6.156720000000000859e+00,7.381085753440856934e-01,4.719179868698120117e-01
2.569564852324770499e+01,3.666966317227395677e+01,1.227452880859375000e+03,1.036811590194702148e+00,6.156730000000000480e+00,6.801249980926513672e-01,4.022613465785980225e-01
2.570585016481656382e+01,3.668453751194341805e+01,1.148669067382812500e+03,1.156297445297241211e+00,6.156740000000000101e+00,5.485936999320983887e-01,3.169644176959991455e-01
2.570321700210373095e+01,3.670264698316528040e+01,2.051891845703125000e+03,9.965056777000427246e-01,6.156750000000000611e+00,7.013347744941711426e-01,4.757327139377593994e-01
2.569812648246349696e+01,3.671372274132338021e+01,1.160885131835937500e+03,9.032709002494812012e-01,6.156760000000000232e+00,6.544901132583618164e-01,3.796019852161407471e-01
2.569914869578218486e+01,3.672910108707873178e+01,1.463197631835937500e+03,1.026426076889038086e+00,6.156770000000000742e+00,7.382611632347106934e-01,4.613130986690521240e-01
2.569902267251426053e+01,3.674091664828797121e+01,1.675911987304687500e+03,9.578282237052917480e-01,6.156780000000000364e+00,7.938796877861022949e-01,5.144138932228088379e-01
2.569482824140228061e+01,3.676232817651915497e+01,1.208998901367187500e+03,1.277387857437133789e+00,6.156790000000000873e+00,6.631876230239868164e-01,3.902068734169006348e-01
2.570109345918727328e+01,3.677023613715762451e+01,1.333638671875000000e+03,1.225013256072998047e+00,6.156800000000000495e+00,5.918525457382202148e-01,3.596891760826110840e-01
2.570066435218634027e+01,3.678473885263095156e+01,1.251422729492187500e+03,9.094352126121520996e-01,6.156810000000000116e+00,5.912421941757202148e-01,3.519834578037261963e-01
2.569553491523230804e+01,3.679892422914748096e+01,1.243971679687500000e+03,8.439547419548034668e-01,6.156820000000000626e+00,5.699560642242431641e-01,3.386319577693939209e-01
2.569872372487407475e+01,3.682315511530355678e+01,1.078488159179687500e+03,8.163446784019470215e-01,6.156830000000000247e+00,5.733893513679504395e-01,3.235256969928741455e-01
2.569866320642509194e+01,3.683067650813239879e+01,1.124747070312500000e+03,6.423551440238952637e-01,6.156840000000000757e+00,8.176834583282470703e-01,4.687899351119995117e-01
2.569327001609175909e+01,3.684486188242011195e+01,1.426265136718750000e+03,9.698600172996520996e-01,6.156850000000000378e+00,6.939342021942138672e-01,4.304139316082000732e-01
2.569327083654822275e+01,3.686282368773538565e+01,1.544297851562500000e+03,1.255453348159790039e+00,6.156860000000000888e+00,7.041576504707336426e-01,4.466646015644073486e-01
2.570599570377266829e+01,3.687290011879306917e+01,1.203914916992187500e+03,1.145189523696899414e+00,6.156870000000000509e+00,6.126045584678649902e-01,3.599180579185485840e-01
2.569382774582779660e+01,3.688953086054437591e+01,1.224207153320312500e+03,1.047665596008300781e+00,6.156880000000000130e+00,6.266427040100097656e-01,3.702940642833709717e-01
2.569687995223916133e+01,3.690258448727588814e+01,1.288270751953125000e+03,8.409697413444519043e-01,6.156890000000000640e+00,7.536725997924804688e-01,4.529970288276672363e-01
2.569906376102635193e+01,3.692179021001526706e+01,1.440963500976562500e+03,9.918064475059509277e-01,6.156900000000000261e+00,6.521250009536743164e-01,4.056946039199829102e-01
2.570038743656455082e+01,3.694334407902653084e+01,1.158495117187500000e+03,1.077887535095214844e+00,6.156910000000000771e+00,6.369424462318420410e-01,3.691496551036834717e-01
2.569234591662938527e+01,3.694987669695391475e+01,1.410510253906250000e+03,9.388429522514343262e-01,6.156920000000000393e+00,8.223374485969543457e-01,5.083866715431213379e-01
2.569447953734477252e+01,3.696548758047045879e+01,1.365947631835937500e+03,9.657437205314636230e-01,6.156930000000000902e+00,6.967571377754211426e-01,4.265992343425750732e-01
2.569679102052039354e+01,3.698252703954080545e+01,1.866074096679687500e+03,1.360979795455932617e+00,6.156940000000000524e+00,6.470895409584045410e-01,4.301087558269500732e-01
2.570042096584917246e+01,3.700018959102283134e+01,1.332270263671875000e+03,9.861308932304382324e-01,6.156950000000000145e+00,8.642992377281188965e-01,5.250951051712036133e-01
2.569614506064882775e+01,3.700870141499186161e+01,1.359038208007812500e+03,1.157929420471191406e+00,6.156960000000000655e+00,6.691386103630065918e-01,4.090515375137329102e-01
2.570088460743576775e+01,3.702460705482298664e+01,1.305591674804687500e+03,1.218434095382690430e+00,6.156970000000000276e+00,6.103920340538024902e-01,3.684630095958709717e-01
2.569670347573618940e+01,3.704675502749093141e+01,1.443171997070312500e+03,9.001380801200866699e-01,6.156980000000000786e+00,5.459234118461608887e-01,3.397763669490814209e-01
2.569595848045209863e+01,3.705704821379013936e+01,1.250445556640625000e+03,8.617193102836608887e-01,6.156990000000000407e+00,6.006263494491577148e-01,3.574766516685485840e-01
2.570118044734024210e+01,3.707278717002321855e+01,1.239948974609375000e+03,7.182604670524597168e-01,6.157000000000000917e+00,5.061740875244140625e-01,3.004085421562194824e-01
2.569982171475269439e+01,3.708389836852049370e+01,1.204550537109375000e+03,7.704014182090759277e-01,6.157010000000000538e+00,6.253457069396972656e-01,3.674711883068084717e-01
2.568899236130129893e+01,3.710528620147374568e+01,1.295366577148437500e+03,6.189460158348083496e-01,6.157020000000000159e+00,5.963538885116577148e-01,3.590788245201110840e-01
2.569216906249814869e+01,3.712408201680821662e+01,1.127242065429687500e+03,1.054083824157714844e+00,6.157030000000000669e+00,5.984138250350952148e-01,3.433622121810913086e-01
2.570432120493318351e+01,3.713434485936210194e+01,7.694536743164062500e+02,7.701701521873474121e-01,6.157040000000000290e+00,5.859015583992004395e-01,2.828608751296997070e-01
2.569507801407726788e+01,3.714979577916309239e+01,1.117489013671875000e+03,7.009560465812683105e-01,6.157050000000000800e+00,5.974220037460327148e-01,3.416837453842163086e-01
2.569574903521234788e+01,3.716739332351511393e+01,1.556065673828125000e+03,7.534140944480895996e-01,6.157060000000000421e+00,6.304574012756347656e-01,4.007354676723480225e-01
2.569699685508611608e+01,3.717930557616879383e+01,1.415525512695312500e+03,7.212359309196472168e-01,6.157070000000000931e+00,6.824138164520263672e-01,4.223267436027526855e-01
2.570394076836809560e+01,3.719215638392667955e+01,2.027292480468750000e+03,1.008643627166748047e+00,6.157080000000000553e+00,6.280922889709472656e-01,4.249970316886901855e-01
2.569028279641586465e+01,3.720228977895356337e+01,1.067297241210937500e+03,9.752137064933776855e-01,6.157090000000000174e+00,7.220867872238159180e-01,4.057708978652954102e-01
2.570441623437107737e+01,3.722614718431054825e+01,1.226731689453125000e+03,9.848768115043640137e-01,6.157100000000000684e+00,6.496835947036743164e-01,3.841796219348907471e-01
2.570321265481674189e+01,3.723387290315839238e+01,1.023088378906250000e+03,9.988767504692077637e-01,6.157110000000000305e+00,6.347299218177795410e-01,3.506864607334136963e-01
2.570255224647017656e+01,3.725254978449023469e+01,1.118712524414062500e+03,9.079105257987976074e-01,6.157120000000000815e+00,5.701086521148681641e-01,3.261960148811340332e-01
2.570035936263434806e+01,3.726453538810866206e+01,1.167903930664062500e+03,7.629925608634948730e-01,6.157130000000000436e+00,6.194710731506347656e-01,3.600706458091735840e-01
2.570786004560775240e+01,3.728828913417988389e+01,1.248487792968750000e+03,7.052678465843200684e-01,6.157140000000000946e+00,5.463048815727233887e-01,3.249753117561340332e-01
2.569410469410124520e+01,3.730208399255593577e+01,1.273247802734375000e+03,8.412546515464782715e-01,6.157150000000000567e+00,6.360269188880920410e-01,3.808226883411407471e-01
2.569327118817929190e+01,3.731283860825121934e+01,1.643371093750000000e+03,7.161456942558288574e-01,6.157160000000000188e+00,7.336835265159606934e-01,4.730624258518218994e-01
2.570243355988768030e+01,3.732188131051515967e+01,1.709513183593750000e+03,9.593421816825866699e-01,6.157170000000000698e+00,6.504465341567993164e-01,4.235474467277526855e-01
2.569996201984819351e+01,3.734406588022454798e+01,1.947601440429687500e+03,1.138543605804443359e+00,6.157180000000000319e+00,6.554819345474243164e-01,4.397981166839599609e-01
2.569385876025109638e+01,3.735516214769334198e+01,1.757369995117187500e+03,8.703917860984802246e-01,6.157190000000000829e+00,6.332040429115295410e-01,4.150787889957427979e-01
2.569861496171859727e+01,3.737490287805424316e+01,1.320808837890625000e+03,1.014412164688110352e+00,6.157200000000000450e+00,6.483102440834045410e-01,3.928008675575256348e-01
2.569798528820427563e+01,3.738518754742816697e+01,1.528726562500000000e+03,1.044295549392700195e+00,6.157210000000000072e+00,5.822394490242004395e-01,3.683104217052459717e-01
2.569306152399494891e+01,3.740245048046579512e+01,1.414269409179687500e+03,7.883090376853942871e-01,6.157220000000000582e+00,6.875255107879638672e-01,4.253785014152526855e-01
2.570262884766510325e+01,3.741903804244281417e+01,1.477130859375000000e+03,8.695430159568786621e-01,6.157230000000000203e+00,5.556890964508056641e-01,3.481687605381011963e-01
2.569836797420500574e+01,3.742890475124671212e+01,1.040001342773437500e+03,9.961313605308532715e-01,6.157240000000000713e+00,5.645391941070556641e-01,3.139889240264892578e-01
2.570180384875243362e+01,3.744726293299387265e+01,1.414696533203125000e+03,6.554061770439147949e-01,6.157250000000000334e+00,7.960922122001647949e-01,4.925937354564666748e-01
2.569793080287387355e+01,3.746255960054745771e+01,1.068471923828125000e+03,1.013106822967529297e+00,6.157260000000000844e+00,6.419778466224670410e-01,3.609098792076110840e-01
2.570263062275664723e+01,3.747408461091133347e+01,1.354352050781250000e+03,1.180958271026611328e+00,6.157270000000000465e+00,6.613565683364868164e-01,4.038635492324829102e-01
2.569988359291609115e+01,3.748870590508785483e+01,1.420857788085937500e+03,9.975773692131042480e-01,6.157280000000000086e+00,6.248879432678222656e-01,3.871551156044006348e-01
2.569584730929209471e+01,3.750258172390133637e+01,1.329848144531250000e+03,9.441131949424743652e-01,6.157290000000000596e+00,7.087352871894836426e-01,4.303376376628875732e-01
2.569745477134595291e+01,3.752264672347452290e+01,1.292514526367187500e+03,8.352512717247009277e-01,6.157300000000000217e+00,7.744246721267700195e-01,4.659670591354370117e-01
2.570185810352242584e+01,3.753171842701327421e+01,1.335156005859375000e+03,1.085003137588500977e+00,6.157310000000000727e+00,7.465009689331054688e-01,4.538362622261047363e-01
2.569653638469498702e+01,3.754792960219434406e+01,1.381782592773437500e+03,1.059633016586303711e+00,6.157320000000000348e+00,5.799506306648254395e-01,3.563322424888610840e-01
2.569455469456721630e+01,3.756623098819351725e+01,1.334282836914062500e+03,1.168022871017456055e+00,6.157330000000000858e+00,6.316781044006347656e-01,3.839507400989532471e-01
2.569548942007030234e+01,3.757598035487021804e+01,1.678835571289062500e+03,7.951993346214294434e-01,6.157340000000000479e+00,6.969097256660461426e-01,4.517763257026672363e-01
2.570306297187847733e+01,3.759199095031944893e+01,1.210470214843750000e+03,1.006890058517456055e+00,6.157350000000000101e+00,6.333566308021545410e-01,3.728117942810058594e-01
2.569514423995686414e+01,3.760376430409478843e+01,1.102737670898437500e+03,1.039539098739624023e+00,6.157360000000000610e+00,6.541849374771118164e-01,3.722777366638183594e-01
2.570243278750221094e+01,3.762625704340752719e+01,1.292015502929687500e+03,8.898944258689880371e-01,6.157370000000000232e+00,6.785227656364440918e-01,4.082123041152954102e-01
2.569495639416967236e+01,3.764075612862518483e+01,1.474293090820312500e+03,9.326428771018981934e-01,6.157380000000000742e+00,7.754164934158325195e-01,4.855746626853942871e-01
2.570326502562480542e+01,3.766006124241620512e+01,1.630048950195312500e+03,9.473139643669128418e-01,6.157390000000000363e+00,7.011821866035461426e-01,4.511659741401672363e-01
2.569441488550145536e+01,3.766455809400775934e+01,1.643328125000000000e+03,1.184032678604125977e+00,6.157400000000000873e+00,9.031330347061157227e-01,5.823157429695129395e-01
2.570058595238571186e+01,3.768374683738394992e+01,1.198958251953125000e+03,1.222613573074340820e+00,6.157410000000000494e+00,6.436563134193420410e-01,3.776183128356933594e-01
2.569898694938594019e+01,3.770513177951249162e+01,1.331830810546875000e+03,1.372496604919433594e+00,6.157420000000000115e+00,6.429696679115295410e-01,3.905883431434631348e-01
2.569757893638553981e+01,3.771504431445180217e+01,1.359362670898437500e+03,8.871442675590515137e-01,6.157430000000000625e+00,6.503702402114868164e-01,3.976074159145355225e-01
2.570054605383930024e+01,3.772385703816652835e+01,1.643483764648437500e+03,9.848362803459167480e-01,6.157440000000000246e+00,6.701304316520690918e-01,4.320923984050750732e-01
2.569374827773726366e+01,3.774388918905724211e+01,1.470578857421875000e+03,8.670002818107604980e-01,6.157450000000000756e+00,8.943591713905334473e-01,5.596563816070556641e-01
2.568937790125899667e+01,3.776230218936645855e+01,1.213124267578125000e+03,1.395545721054077148e+00,6.157460000000000377e+00,6.340432763099670410e-01,3.734984397888183594e-01
2.570126544483734676e+01,3.777719555778516991e+01,1.401516845703125000e+03,1.359430074691772461e+00,6.157470000000000887e+00,6.803538799285888672e-01,4.198090434074401855e-01
2.570104404619115712e+01,3.778889481991238597e+01,1.696779541015625000e+03,9.304196238517761230e-01,6.157480000000000508e+00,6.663157343864440918e-01,4.330842196941375732e-01
2.569542837302268268e+01,3.780735688198226541e+01,1.513347045898437500e+03,1.017184972763061523e+00,6.157490000000000130e+00,7.303265929222106934e-01,4.607027471065521240e-01
2.569947547699367263e+01,3.782817841918351576e+01,1.359915893554687500e+03,1.168211221694946289e+00,6.157500000000000639e+00,6.139778494834899902e-01,3.754057884216308594e-01
2.570335578210993432e+01,3.782945261802084502e+01,1.089948730468750000e+03,1.175537824630737305e+00,6.157510000000000261e+00,6.412149071693420410e-01,3.632749915122985840e-01
2.570369619289714436e+01,3.784754297101716247e+01,1.378891235351562500e+03,1.022250175476074219e+00,6.157520000000000771e+00,7.548933029174804688e-01,4.635256230831146240e-01
2.569900753055105014e+01,3.787268194567408841e+01,1.492045288085937500e+03,9.834367632865905762e-01,6.157530000000000392e+00,7.201031446456909180e-01,4.524629712104797363e-01
2.571293950975930187e+01,3.788451274986599771e+01,2.317264160156250000e+03,1.195177555084228516e+00,6.157540000000000902e+00,8.287461400032043457e-01,5.754492878913879395e-01
2.569175409036060387e+01,3.789555060079129589e+01,1.802131225585937500e+03,1.158290624618530273e+00,6.157550000000000523e+00,1.126980304718017578e+00,7.431440353393554688e-01
2.569428253981533672e+01,3.790721517219632375e+01,1.425509399414062500e+03,1.538739919662475586e+00,6.157560000000000144e+00,1.213574290275573730e+00,7.526044845581054688e-01
2.570024353841312958e+01,3.792726520022422676e+01,1.430750366210937500e+03,2.194963216781616211e+00,6.157570000000000654e+00,9.189259409904479980e-01,5.704901814460754395e-01
2.570353616482429260e+01,3.794303403221395854e+01,1.288503173828125000e+03,2.082154273986816406e+00,6.157580000000000275e+00,8.134109973907470703e-01,4.889316260814666748e-01
2.569291994551261382e+01,3.795624630203615624e+01,1.427664306640625000e+03,1.677948951721191406e+00,6.157590000000000785e+00,1.019481778144836426e+00,6.325173377990722656e-01
2.570476058793129681e+01,3.797198998653600910e+01,1.415084106445312500e+03,1.534510374069213867e+00,6.157600000000000406e+00,9.521139264106750488e-01,5.891822576522827148e-01
2.569687182100064859e+01,3.799218400270715534e+01,1.321565795898437500e+03,1.798604249954223633e+00,6.157610000000000916e+00,8.171494007110595703e-01,4.951877295970916748e-01
2.569750928115686150e+01,3.800267560621850294e+01,1.028090209960937500e+03,1.424586296081542969e+00,6.157620000000000537e+00,7.882338762283325195e-01,4.363648891448974609e-01
2.570261388781101886e+01,3.801667984786212884e+01,1.197708618164062500e+03,1.294925928115844727e+00,6.157630000000000159e+00,6.876018047332763672e-01,4.032531976699829102e-01
2.570783780206550517e+01,3.803421097696573128e+01,1.816473266601562500e+03,1.081330299377441406e+00,6.157640000000000668e+00,8.225663304328918457e-01,5.434057116508483887e-01
2.569424744399809768e+01,3.804718076985946595e+01,1.921822021484375000e+03,1.327653646469116211e+00,6.157650000000000290e+00,7.936508059501647949e-01,5.309697389602661133e-01
2.570081653831836732e+01,3.806371075746392307e+01,2.059304443359375000e+03,1.542068243026733398e+00,6.157660000000000800e+00,7.416180968284606934e-01,5.034275054931640625e-01
2.569774919470771124e+01,3.807435833237471456e+01,1.110870971679687500e+03,1.353713989257812500e+00,6.157670000000000421e+00,7.680159211158752441e-01,4.382722377777099609e-01
2.569455589393922779e+01,3.809505372236234422e+01,1.671269897460937500e+03,1.291288852691650391e+00,6.157680000000000931e+00,8.084518909454345703e-01,5.234929323196411133e-01
2.569529774106055697e+01,3.811230208175665979e+01,1.309747436523437500e+03,1.326508045196533203e+00,6.157690000000000552e+00,7.407025694847106934e-01,4.475801289081573486e-01
2.569379597779234103e+01,3.812336172416418378e+01,1.113726806640625000e+03,1.298001527786254883e+00,6.157700000000000173e+00,8.113510608673095703e-01,4.634493291378021240e-01
2.569785787759590434e+01,3.813645545336084552e+01,1.125421508789062500e+03,1.177190065383911133e+00,6.157710000000000683e+00,7.170513868331909180e-01,4.111877977848052979e-01
2.569543623438386604e+01,3.815347380368410768e+01,1.544863037109375000e+03,1.250334501266479492e+00,6.157720000000000304e+00,7.055309414863586426e-01,4.475801289081573486e-01
2.569736361475014164e+01,3.817442150703870851e+01,1.296024658203125000e+03,1.045215845108032227e+00,6.157730000000000814e+00,7.345990538597106934e-01,4.423921406269073486e-01
2.569443916888899082e+01,3.818233309780444529e+01,1.154531005859375000e+03,1.135240316390991211e+00,6.157740000000000435e+00,7.162884473800659180e-01,4.146210253238677979e-01
2.569290649730463016e+01,3.819314279520713740e+01,1.119383300781250000e+03,1.166809320449829102e+00,6.157750000000000945e+00,7.754164934158325195e-01,4.437654316425323486e-01
2.569127587236347665e+01,3.821695233284462745e+01,9.544317016601562500e+02,1.184249639511108398e+00,6.157760000000000566e+00,7.368878722190856934e-01,3.953185975551605225e-01
2.570106092826801358e+01,3.823422294168783253e+01,1.705986450195312500e+03,1.005770683288574219e+00,6.157770000000000188e+00,6.513620615005493164e-01,4.239289164543151855e-01
2.569109520585213247e+01,3.824681011174330081e+01,1.245073852539062500e+03,1.024797677993774414e+00,6.157780000000000697e+00,7.460432052612304688e-01,4.433839619159698486e-01
2.569414383952337744e+01,3.825959435633741634e+01,1.194351684570312500e+03,9.832579493522644043e-01,6.157790000000000319e+00,8.974109292030334473e-01,5.257817506790161133e-01
2.569004856727986308e+01,3.827502507048042446e+01,2.086919189453125000e+03,1.336380958557128906e+00,6.157800000000000828e+00,6.555582284927368164e-01,4.462068378925323486e-01
2.569576256796128177e+01,3.829601276395517573e+01,1.380324829101562500e+03,1.375830888748168945e+00,6.157810000000000450e+00,6.888225078582763672e-01,4.230896830558776855e-01
2.568968890497870206e+01,3.830674875386682743e+01,1.655439819335937500e+03,9.708303809165954590e-01,6.157820000000000071e+00,6.299233436584472656e-01,4.069153070449829102e-01
2.569810906607099810e+01,3.832090005109746755e+01,9.411430053710937500e+02,1.084509611129760742e+00,6.157830000000000581e+00,6.816508769989013672e-01,3.634276092052459717e-01
2.569513891359005342e+01,3.833558714806405732e+01,1.565044433593750000e+03,8.488137125968933105e-01,6.157840000000000202e+00,7.365064024925231934e-01,4.688662290573120117e-01
2.570270924911680410e+01,3.835068242876405975e+01,1.267689331054687500e+03,8.915013670921325684e-01,6.157850000000000712e+00,7.086589932441711426e-01,4.237000346183776855e-01
2.569443827161488514e+01,3.836388162415720160e+01,1.143299804687500000e+03,1.091953039169311523e+00,6.157860000000000333e+00,7.066753506660461426e-01,4.076019525527954102e-01
2.570052899570299942e+01,3.837511639644684180e+01,1.458258422851562500e+03,1.067699909210205078e+00,6.157870000000000843e+00,8.044845461845397949e-01,5.022068023681640625e-01
2.570000198391578650e+01,3.838959550776312568e+01,1.128145141601562500e+03,1.055817127227783203e+00,6.157880000000000464e+00,5.408117175102233887e-01,3.104031085968017578e-01
2.570045497275129520e+01,3.841190083283590440e+01,1.690065917968750000e+03,1.007060527801513672e+00,6.157890000000000086e+00,6.022285819053649902e-01,3.910461068153381348e-01
2.570310413374498992e+01,3.842231326527707580e+01,1.579252441406250000e+03,6.602126955986022949e-01,6.157900000000000595e+00,6.940867900848388672e-01,4.429261982440948486e-01
2.570083229340468023e+01,3.844456554174466589e+01,1.709917846679687500e+03,9.448177218437194824e-01,6.157910000000000217e+00,7.951003909111022949e-01,5.177708268165588379e-01
2.570145983299160619e+01,3.845753421411716744e+01,1.013075317382812500e+03,1.085285663604736328e+00,6.157920000000000726e+00,7.357434630393981934e-01,4.048553705215454102e-01
2.570321435011070577e+01,3.847041142140898984e+01,1.331191528320312500e+03,1.160598516464233398e+00,6.157930000000000348e+00,8.534654974937438965e-01,5.183811783790588379e-01
2.571060530459142512e+01,3.848319162958388517e+01,1.480122314453125000e+03,1.127626419067382812e+00,6.157940000000000857e+00,8.453782796859741211e-01,5.299779176712036133e-01
2.569837725925825112e+01,3.849455585378727562e+01,1.653628417968750000e+03,1.338229894638061523e+00,6.157950000000000479e+00,7.646589875221252441e-01,4.938144385814666748e-01
2.570282129399046767e+01,3.851835095217474958e+01,1.486085205078125000e+03,1.503182172775268555e+00,6.157960000000000100e+00,8.340867161750793457e-01,5.234929323196411133e-01
2.570218693396555665e+01,3.853265331396189453e+01,1.385356567382812500e+03,1.327461719512939453e+00,6.157970000000000610e+00,7.548170089721679688e-01,4.641359746456146240e-01
2.570970653198349609e+01,3.854897849908988405e+01,1.814894531250000000e+03,1.325325489044189453e+00,6.157980000000000231e+00,7.802230119705200195e-01,5.153294205665588379e-01
2.570200046160324803e+01,3.856048314461106230e+01,1.416372802734375000e+03,1.295517206192016602e+00,6.157990000000000741e+00,8.786425590515136719e-01,5.438634753227233887e-01
2.571452715009170475e+01,3.857523759079712988e+01,1.296726196289062500e+03,1.251350164413452148e+00,6.158000000000000362e+00,9.832419753074645996e-01,5.922340154647827148e-01
2.570282298742775851e+01,3.858692246456442376e+01,1.329327148437500000e+03,1.604079723358154297e+00,6.158010000000000872e+00,7.612257599830627441e-01,4.621523320674896240e-01
2.570146760629777916e+01,3.860328095242395108e+01,1.172114257812500000e+03,1.618908166885375977e+00,6.158020000000000493e+00,7.580214142799377441e-01,4.411714076995849609e-01
2.570383450848935780e+01,3.861260113467344723e+01,1.530308349609375000e+03,1.280053377151489258e+00,6.158030000000000115e+00,6.745554804801940918e-01,4.268281161785125732e-01
2.571241524854797333e+01,3.863664533089562525e+01,1.468641479492187500e+03,1.185172319412231445e+00,6.158040000000000624e+00,8.045608401298522949e-01,5.032749176025390625e-01
2.569597832947297178e+01,3.865019440477212953e+01,1.093714233398437500e+03,1.093893766403198242e+00,6.158050000000000246e+00,7.916671633720397949e-01,4.491060078144073486e-01
2.569845168109249656e+01,3.865193551827167084e+01,1.550280517578125000e+03,1.277697801589965820e+00,6.158060000000000755e+00,8.979449868202209473e-01,5.701849460601806641e-01
2.570117439215507105e+01,3.867421192822756382e+01,1.350010009765625000e+03,1.249150753021240234e+00,6.158070000000000377e+00,9.228932261466979980e-01,5.630133152008056641e-01
2.569919373791008255e+01,3.869891930956854509e+01,1.047000854492187500e+03,1.671547412872314453e+00,6.158080000000000886e+00,7.125500440597534180e-01,3.973785340785980225e-01
2.569256413622743906e+01,3.871287372203642008e+01,1.165331054687500000e+03,1.460550546646118164e+00,6.158090000000000508e+00,6.975963711738586426e-01,4.051605463027954102e-01
2.570526784184716718e+01,3.871997125214350888e+01,1.037078613281250000e+03,9.581465125083923340e-01,6.158100000000000129e+00,6.856181621551513672e-01,3.808989822864532471e-01
2.569510501941626401e+01,3.873788361896444599e+01,1.240689331054687500e+03,1.061334133148193359e+00,6.158110000000000639e+00,6.135200858116149902e-01,3.641905486583709717e-01
2.568864429055293996e+01,3.875734490188310133e+01,1.080162353515625000e+03,9.677845835685729980e-01,6.158120000000000260e+00,6.542612314224243164e-01,3.693785369396209717e-01
2.568945970819017077e+01,3.876210897915674991e+01,1.271950561523437500e+03,9.317225813865661621e-01,6.158130000000000770e+00,6.005500555038452148e-01,3.594602942466735840e-01
2.568726402635844508e+01,3.877621698471045164e+01,1.144287841796875000e+03,7.953829169273376465e-01,6.158140000000000391e+00,7.109478712081909180e-01,4.101959764957427979e-01
2.568483247620162757e+01,3.879126968382272622e+01,2.092991943359375000e+03,8.573312163352966309e-01,6.158150000000000901e+00,2.679072022438049316e-01,1.824576705694198608e-01
2.567979774609923282e+01,3.880271306917462937e+01,2.555852294921875000e+03,9.403950572013854980e-01,6.158160000000000522e+00,6.984737515449523926e-02,4.932422563433647156e-02
2.568389634503139973e+01,3.880401376590817364e+01,4.725292968750000000e+03,4.685682356357574463e-01,6.158170000000000144e+00,5.977653339505195618e-02,4.550951346755027771e-02
2.566709308667618572e+01,3.881114416584413362e+01,-1.262282958984375000e+03,2.402061372995376587e-01,6.158180000000000653e+00,4.077927023172378540e-02,4.726427793502807617e-02
