# x_coordinates, y_coordinates, TEP, TED, times, high, low
2.649955233589204440e+01,3.094602711988732224e+01,1.053792358398437500e+03,1.419001966714859009e-01,6.224300000000000388e+00,7.577924728393554688e-01,4.237000346183776855e-01
2.651912860117963078e+01,3.095113603109543376e+01,1.058429199218750000e+03,6.139249205589294434e-01,6.224310000000000898e+00,8.864246010780334473e-01,4.964847564697265625e-01
2.652437344431142208e+01,3.095998987436828997e+01,1.204829223632812500e+03,8.447605967521667480e-01,6.224320000000000519e+00,7.825118303298950195e-01,4.598635137081146240e-01
2.654002159113115056e+01,3.095937862146946173e+01,1.243722167968750000e+03,9.703261256217956543e-01,6.224330000000000140e+00,9.383046627044677734e-01,5.574438571929931641e-01
2.654226102779866991e+01,3.096493507710252047e+01,1.126974731445312500e+03,1.068075418472290039e+00,6.224340000000000650e+00,9.231984019279479980e-01,5.296727418899536133e-01
2.655718991019909936e+01,3.097682212730328644e+01,1.204938720703125000e+03,1.164171218872070312e+00,6.224350000000000271e+00,8.841357827186584473e-01,5.196018815040588379e-01
2.655760883828092389e+01,3.098281831244256068e+01,1.252198852539062500e+03,1.051839113235473633e+00,6.224360000000000781e+00,8.186752796173095703e-01,4.874820113182067871e-01
2.656692026348072488e+01,3.099088027428424752e+01,1.246689453125000000e+03,1.312355518341064453e+00,6.224370000000000402e+00,8.125717639923095703e-01,4.831332564353942871e-01
2.657740269788803289e+01,3.100176556350712787e+01,1.311832519531250000e+03,1.089159965515136719e+00,6.224380000000000912e+00,9.012256860733032227e-01,5.448552966117858887e-01
2.658130598254518517e+01,3.101606851590914005e+01,1.241002197265625000e+03,1.290043115615844727e+00,6.224390000000000533e+00,9.793509840965270996e-01,5.814002156257629395e-01
2.658249472478286535e+01,3.102984837857675871e+01,1.292732666015625000e+03,1.305838346481323242e+00,6.224400000000000155e+00,1.024669766426086426e+00,6.165718436241149902e-01
2.658829747515819975e+01,3.103874455450899816e+01,1.810015991210937500e+03,1.512238502502441406e+00,6.224410000000000664e+00,8.358414769172668457e-01,5.517217516899108887e-01
2.659056079640191683e+01,3.104982398645354280e+01,1.115701171875000000e+03,1.258726835250854492e+00,6.224420000000000286e+00,9.285389780998229980e-01,5.307408571243286133e-01
2.658906592810407332e+01,3.106182792923561919e+01,1.258121826171875000e+03,1.476321935653686523e+00,6.224430000000000796e+00,8.411821126937866211e-01,5.016727447509765625e-01
2.659415610489518045e+01,3.107891274777679769e+01,1.212704589843750000e+03,1.584701061248779297e+00,6.224440000000000417e+00,8.672747611999511719e-01,5.108280777931213379e-01
2.658905684802648040e+01,3.108509179797890454e+01,1.927360961914062500e+03,9.944087862968444824e-01,6.224450000000000927e+00,1.012996673583984375e+00,6.781412959098815918e-01
2.658954100782885277e+01,3.109993640470067433e+01,1.245655517578125000e+03,1.464648962020874023e+00,6.224460000000000548e+00,9.412801265716552734e-01,5.595037937164306641e-01
2.658193004791084491e+01,3.112299157538025085e+01,1.389877929687500000e+03,1.327037334442138672e+00,6.224470000000000169e+00,1.209607005119323730e+00,7.445173263549804688e-01
2.659800706037957596e+01,3.113283614140735622e+01,1.345655029296875000e+03,1.655427932739257812e+00,6.224480000000000679e+00,1.137890338897705078e+00,6.934764385223388672e-01
2.659307457047524181e+01,3.114923091553182743e+01,1.165853027343750000e+03,1.742385149002075195e+00,6.224490000000000300e+00,1.410794854164123535e+00,8.195145130157470703e-01
2.658965676318165450e+01,3.116271518047178191e+01,1.744842285156250000e+03,1.753319025039672852e+00,6.224500000000000810e+00,1.388135433197021484e+00,9.083973169326782227e-01
2.659111661191727549e+01,3.118738110495112892e+01,1.873805541992187500e+03,2.365101099014282227e+00,6.224510000000000431e+00,1.086620688438415527e+00,7.229260206222534180e-01
2.659990959760985163e+01,3.120255343107666945e+01,1.606537475585937500e+03,2.541282892227172852e+00,6.224520000000000941e+00,1.112179279327392578e+00,7.129315137863159180e-01
2.659373819963196794e+01,3.121028710739853906e+01,1.450982177734375000e+03,1.941283464431762695e+00,6.224530000000000562e+00,1.108440756797790527e+00,6.909587383270263672e-01
2.659452983670465542e+01,3.122829724475329272e+01,1.863162109375000000e+03,1.775440692901611328e+00,6.224540000000000184e+00,1.186871290206909180e+00,7.886153459548950195e-01
2.659762569752240680e+01,3.124694785406007114e+01,1.378724731445312500e+03,1.739905595779418945e+00,6.224550000000000693e+00,9.936180114746093750e-01,6.100868582725524902e-01
2.659809032049411570e+01,3.125301728921230193e+01,1.325364135742187500e+03,1.678779840469360352e+00,6.224560000000000315e+00,9.769095778465270996e-01,5.925391912460327148e-01
2.658956175043036652e+01,3.127172553232077234e+01,1.185673339843750000e+03,1.483633041381835938e+00,6.224570000000000825e+00,1.072048425674438477e+00,6.264901161193847656e-01
2.660081351766769231e+01,3.127940139200899949e+01,1.201716308593750000e+03,1.425835609436035156e+00,6.224580000000000446e+00,9.343373775482177734e-01,5.485936999320983887e-01
2.659690722865002144e+01,3.130045515601613459e+01,1.663370605468750000e+03,1.293159246444702148e+00,6.224590000000000067e+00,1.197399854660034180e+00,7.744246721267700195e-01
2.659651424040654533e+01,3.131516672968011505e+01,1.535894775390625000e+03,1.425405263900756836e+00,6.224600000000000577e+00,1.364331722259521484e+00,8.641466498374938965e-01
2.659735587477130281e+01,3.132797099862506585e+01,1.638142944335937500e+03,2.257159471511840820e+00,6.224610000000000198e+00,1.586805701255798340e+00,1.022304654121398926e+00
2.660250979315494746e+01,3.134521225384797560e+01,1.399185546875000000e+03,2.587215423583984375e+00,6.224620000000000708e+00,1.415753960609436035e+00,8.731493949890136719e-01
2.659452034289332900e+01,3.135145971143198906e+01,1.761036743164062500e+03,2.612460374832153320e+00,6.224630000000000329e+00,1.326794862747192383e+00,8.701739311218261719e-01
2.659815965025952522e+01,3.137333650107208527e+01,1.156708618164062500e+03,2.540924072265625000e+00,6.224640000000000839e+00,1.077617883682250977e+00,6.242012977600097656e-01
2.658799797907265727e+01,3.137934903588055491e+01,1.371355468750000000e+03,2.041159391403198242e+00,6.224650000000000460e+00,1.216778635978698730e+00,7.458906173706054688e-01
2.658620921181714536e+01,3.139778544006016858e+01,1.364490966796875000e+03,1.825776815414428711e+00,6.224660000000000082e+00,1.412854790687561035e+00,8.647570013999938965e-01
2.658547661368773518e+01,3.141784407294710846e+01,1.637372192382812500e+03,2.182092189788818359e+00,6.224670000000000591e+00,1.192364454269409180e+00,7.680922150611877441e-01
2.658813957963638330e+01,3.143113535233421985e+01,1.039932128906250000e+03,2.304094552993774414e+00,6.224680000000000213e+00,7.847243547439575195e-01,4.364411830902099609e-01
2.658988047956547263e+01,3.144043483180178811e+01,9.593950195312500000e+02,1.620544910430908203e+00,6.224690000000000722e+00,8.891711831092834473e-01,4.780978262424468994e-01
2.657859275082489603e+01,3.146352606226423632e+01,1.310978515625000000e+03,1.075011014938354492e+00,6.224700000000000344e+00,9.370076656341552734e-01,5.663702487945556641e-01
2.658647016522553841e+01,3.147240007679925711e+01,1.237297363281250000e+03,1.277057647705078125e+00,6.224710000000000854e+00,9.233509898185729980e-01,5.476018786430358887e-01
2.658562460187431142e+01,3.148758249506855122e+01,9.329921264648437500e+02,1.375782012939453125e+00,6.224720000000000475e+00,9.466207623481750488e-01,5.027408599853515625e-01
2.658156215496346420e+01,3.150701843728503704e+01,1.121189086914062500e+03,1.288730621337890625e+00,6.224730000000000096e+00,8.877978920936584473e-01,5.083866715431213379e-01
2.657807333344162615e+01,3.152500667839899862e+01,1.404929443359375000e+03,1.091373682022094727e+00,6.224740000000000606e+00,1.070293664932250977e+00,6.608988046646118164e-01
2.659830943148025284e+01,3.153776766627903072e+01,1.831017700195312500e+03,1.190517663955688477e+00,6.224750000000000227e+00,1.028560757637023926e+00,6.807353496551513672e-01
2.658415137325176403e+01,3.155203378578312723e+01,1.436558349609375000e+03,1.480530023574829102e+00,6.224760000000000737e+00,8.713183403015136719e-01,5.415746569633483887e-01
2.658323256293379444e+01,3.156972643919962707e+01,1.208811401367187500e+03,1.237490892410278320e+00,6.224770000000000358e+00,9.259449839591979980e-01,5.447790026664733887e-01
2.657838129093347845e+01,3.158443948719502714e+01,1.157691650390625000e+03,1.206216335296630859e+00,6.224780000000000868e+00,8.244736790657043457e-01,4.777163565158843994e-01
2.658638791976779814e+01,3.160333858827606335e+01,1.446748535156250000e+03,1.208049774169921875e+00,6.224790000000000489e+00,1.019710659980773926e+00,6.351113915443420410e-01
2.657732785726302183e+01,3.160922715732494837e+01,1.184595947265625000e+03,1.139680862426757812e+00,6.224800000000000111e+00,8.121140003204345703e-01,4.744357168674468994e-01
2.658120763108883722e+01,3.163405988189074947e+01,1.062709228515625000e+03,1.341057538986206055e+00,6.224810000000000620e+00,8.390458822250366211e-01,4.706972837448120117e-01
2.658288902765984574e+01,3.165133620714339102e+01,1.241240478515625000e+03,8.896583914756774902e-01,6.224820000000000242e+00,1.060375452041625977e+00,6.295418739318847656e-01
2.658188731091760104e+01,3.166050650780577769e+01,1.442704467773437500e+03,1.277135133743286133e+00,6.224830000000000751e+00,1.062587976455688477e+00,6.612802743911743164e-01
2.658025367421639373e+01,3.167178587577819471e+01,2.135225585937500000e+03,1.386731386184692383e+00,6.224840000000000373e+00,1.458326220512390137e+00,9.971275329589843750e-01
2.659175544494776489e+01,3.169343301856271111e+01,1.054424682617187500e+03,2.127333402633666992e+00,6.224850000000000882e+00,7.992202639579772949e-01,4.469697773456573486e-01
2.658445406725157767e+01,3.171002812543819971e+01,1.185909790039062500e+03,2.007051229476928711e+00,6.224860000000000504e+00,7.642775177955627441e-01,4.466646015644073486e-01
2.657900533996753367e+01,3.171742693988648298e+01,1.259815185546875000e+03,9.678489565849304199e-01,6.224870000000000125e+00,7.713728547096252441e-01,4.602449834346771240e-01
2.658805888632290859e+01,3.173198211599896723e+01,1.078427978515625000e+03,1.005597829818725586e+00,6.224880000000000635e+00,1.026119351387023926e+00,5.789588093757629395e-01
2.658389999708266416e+01,3.174768351301470304e+01,1.167719970703125000e+03,1.055843353271484375e+00,6.224890000000000256e+00,9.320485591888427734e-01,5.417272448539733887e-01
2.658113691550724411e+01,3.175971965174415601e+01,1.246687133789062500e+03,1.685513973236083984e+00,6.224900000000000766e+00,8.940539956092834473e-01,5.315800905227661133e-01
2.658393754204097092e+01,3.177363303101494907e+01,1.244061035156250000e+03,1.230239391326904297e+00,6.224910000000000387e+00,1.007045745849609375e+00,5.983375310897827148e-01
2.658692895475633122e+01,3.178901100303617255e+01,1.250466552734375000e+03,1.420915842056274414e+00,6.224920000000000897e+00,8.984027504920959473e-01,5.347081422805786133e-01
2.658870148199659411e+01,3.180801619523906254e+01,1.455110839843750000e+03,1.470679759979248047e+00,6.224930000000000518e+00,1.086010336875915527e+00,6.775309443473815918e-01
2.658655516439493738e+01,3.182421452713538201e+01,1.339887329101562500e+03,1.656840562820434570e+00,6.224940000000000140e+00,1.194195508956909180e+00,7.268170714378356934e-01
2.659292469733931341e+01,3.183627764027547613e+01,1.103960083007812500e+03,1.765374660491943359e+00,6.224950000000000649e+00,1.252942085266113281e+00,7.133129835128784180e-01
2.659502133389369050e+01,3.185565746674091514e+01,1.588695190429687500e+03,2.118676424026489258e+00,6.224960000000000271e+00,1.113171100616455078e+00,7.114819288253784180e-01
2.658954349827848063e+01,3.187116380429391072e+01,1.357436645507812500e+03,1.958162307739257812e+00,6.224970000000000780e+00,1.027950406074523926e+00,6.281685829162597656e-01
2.659793949732901197e+01,3.188666028768536620e+01,1.087505737304687500e+03,1.575587511062622070e+00,6.224980000000000402e+00,8.931384682655334473e-01,5.055637359619140625e-01
2.659511999155374085e+01,3.189593381090555013e+01,1.020645263671875000e+03,1.637688398361206055e+00,6.224990000000000911e+00,9.350240230560302734e-01,5.160923600196838379e-01
2.659401755688776348e+01,3.191742090953302835e+01,1.079207275390625000e+03,1.313790798187255859e+00,6.225000000000000533e+00,1.061519861221313477e+00,5.991004705429077148e-01
2.658914278189351066e+01,3.193140755891917948e+01,1.331336425781250000e+03,1.445334672927856445e+00,6.225010000000000154e+00,9.211384654045104980e-01,5.595037937164306641e-01
2.659530868137166593e+01,3.194257362186549187e+01,1.454052368164062500e+03,1.428830146789550781e+00,6.225020000000000664e+00,8.445390462875366211e-01,5.267735719680786133e-01
2.659197589934846562e+01,3.195258369995264758e+01,1.176435913085937500e+03,1.289802312850952148e+00,6.225030000000000285e+00,8.491929769515991211e-01,4.948825538158416748e-01
2.659824504040768289e+01,3.197163240573230070e+01,1.150967895507812500e+03,1.181721210479736328e+00,6.225040000000000795e+00,8.027297854423522949e-01,4.641359746456146240e-01
2.659453134922956252e+01,3.199239317893319523e+01,1.187316162109375000e+03,1.069210290908813477e+00,6.225050000000000416e+00,9.287678599357604980e-01,5.430242419242858887e-01
2.659666101761519030e+01,3.200673318970527959e+01,1.306186035156250000e+03,1.023308753967285156e+00,6.225060000000000926e+00,1.069530725479125977e+00,6.457162499427795410e-01
2.659249263062586977e+01,3.202269264627553014e+01,9.555789794921875000e+02,1.364391565322875977e+00,6.225070000000000547e+00,8.931384682655334473e-01,4.793948233127593994e-01
2.659352105433730884e+01,3.203020127034648823e+01,1.231704833984375000e+03,1.460290670394897461e+00,6.225080000000000169e+00,8.182175159454345703e-01,4.845065474510192871e-01
2.659386117196088506e+01,3.205196785334382525e+01,1.044355346679687500e+03,1.186311960220336914e+00,6.225090000000000678e+00,8.992420434951782227e-01,5.009860992431640625e-01
2.659334968204260718e+01,3.206927938393197053e+01,1.143429565429687500e+03,1.119309186935424805e+00,6.225100000000000300e+00,8.857379555702209473e-01,5.109043717384338379e-01
2.659229412790092084e+01,3.207932956800753743e+01,1.100429199218750000e+03,1.335693120956420898e+00,6.225110000000000809e+00,9.559286236763000488e-01,5.435582995414733887e-01
2.659143035000377964e+01,3.209377547394488062e+01,1.253404663085937500e+03,1.222732782363891602e+00,6.225120000000000431e+00,9.247242808341979980e-01,5.508062243461608887e-01
2.658564924732324641e+01,3.211346654606534656e+01,1.151177368164062500e+03,1.227751493453979492e+00,6.225130000000000940e+00,9.022938013076782227e-01,5.217381119728088379e-01
2.659214175382682654e+01,3.212650631109423216e+01,1.213226684570312500e+03,1.279398918151855469e+00,6.225140000000000562e+00,1.124615192413330078e+00,6.625009775161743164e-01
2.659058937528265076e+01,3.214333863226259069e+01,9.340444946289062500e+02,1.266265630722045898e+00,6.225150000000000183e+00,7.353619933128356934e-01,3.907409310340881348e-01
2.658802288135351688e+01,3.215506889501731536e+01,1.349154296875000000e+03,1.558506011962890625e+00,6.225160000000000693e+00,7.174328565597534180e-01,4.375855922698974609e-01
2.658882027981699281e+01,3.217160282140442007e+01,1.189678222656250000e+03,8.936209082603454590e-01,6.225170000000000314e+00,7.875472307205200195e-01,4.607790410518646240e-01
2.658859074331467198e+01,3.218973374395583420e+01,1.296962768554687500e+03,8.450621962547302246e-01,6.225180000000000824e+00,7.037761807441711426e-01,4.239289164543151855e-01
2.659688952830148523e+01,3.219892583900286098e+01,1.072515380859375000e+03,9.412676692008972168e-01,6.225190000000000445e+00,7.909042239189147949e-01,4.452913105487823486e-01
2.657858592610348225e+01,3.221781633242704146e+01,1.167748413085937500e+03,8.086008429527282715e-01,6.225200000000000067e+00,1.076168298721313477e+00,6.254982948303222656e-01
2.658815004558597650e+01,3.223245751617612598e+01,1.112185180664062500e+03,1.098221063613891602e+00,6.225210000000000576e+00,9.341847896575927734e-01,5.333348512649536133e-01
2.658919865699083118e+01,3.224850571026843937e+01,1.444608154296875000e+03,1.515172243118286133e+00,6.225220000000000198e+00,1.115612506866455078e+00,6.945445537567138672e-01
2.658422777068390985e+01,3.226551067097029346e+01,1.500380981445312500e+03,1.358552694320678711e+00,6.225230000000000707e+00,1.339459776878356934e+00,8.429368734359741211e-01
2.657674257503677140e+01,3.227401015265837714e+01,1.518096923828125000e+03,2.000737905502319336e+00,6.225240000000000329e+00,9.793509840965270996e-01,6.183266639709472656e-01
2.658795681216661322e+01,3.229777900748757702e+01,1.563187988281250000e+03,1.871031045913696289e+00,6.225250000000000838e+00,1.140026569366455078e+00,7.255200147628784180e-01
2.657967874262667962e+01,3.230568151785931974e+01,1.353647094726562500e+03,1.566490650177001953e+00,6.225260000000000460e+00,1.028713345527648926e+00,6.280922889709472656e-01
2.658269791225493606e+01,3.232428023509705639e+01,1.246393066406250000e+03,1.707143306732177734e+00,6.225270000000000081e+00,8.807787895202636719e-01,5.236455202102661133e-01
2.658415721979338997e+01,3.233538952593362126e+01,1.262518676757812500e+03,1.523252248764038086e+00,6.225280000000000591e+00,8.784136772155761719e-01,5.244847536087036133e-01
2.658613296768435674e+01,3.235085435555740929e+01,1.179004516601562500e+03,1.137201309204101562e+00,6.225290000000000212e+00,9.820975661277770996e-01,5.727789998054504395e-01
2.658025491053522060e+01,3.236984568651269001e+01,1.219260620117187500e+03,1.132280349731445312e+00,6.225300000000000722e+00,9.215199351310729980e-01,5.437871813774108887e-01
2.658892383268982940e+01,3.237891578015149463e+01,9.892512207031250000e+02,1.567979574203491211e+00,6.225310000000000343e+00,9.528768658638000488e-01,5.191441178321838379e-01
2.658925889612338267e+01,3.239929228341512868e+01,1.034135986328125000e+03,1.356313943862915039e+00,6.225320000000000853e+00,9.436452388763427734e-01,5.236455202102661133e-01
2.658261656205915457e+01,3.241522120573949195e+01,1.173607543945312500e+03,1.315901994705200195e+00,6.225330000000000474e+00,1.012004852294921875e+00,5.892585515975952148e-01
2.658528311109298414e+01,3.242880125994282992e+01,1.521263427734375000e+03,1.371924400329589844e+00,6.225340000000000096e+00,9.138141870498657227e-01,5.772803425788879395e-01
2.658664120862589542e+01,3.243967669268462117e+01,1.324924072265625000e+03,1.318430423736572266e+00,6.225350000000000605e+00,9.653128385543823242e-01,5.854437947273254395e-01
2.658874121618880437e+01,3.246147192312833596e+01,1.268374267578125000e+03,1.394977092742919922e+00,6.225360000000000227e+00,9.367787837982177734e-01,5.601904392242431641e-01
2.658114913192752482e+01,3.248237003193823114e+01,1.181094970703125000e+03,1.448907375335693359e+00,6.225370000000000736e+00,1.066326379776000977e+00,6.222939491271972656e-01
2.659275566733563068e+01,3.248965173068782519e+01,1.431793823242187500e+03,1.282150268554687500e+00,6.225380000000000358e+00,1.005596160888671875e+00,6.244301795959472656e-01
2.659749328117135647e+01,3.250178956566701771e+01,1.170387573242187500e+03,1.590708017349243164e+00,6.225390000000000867e+00,1.416440606117248535e+00,8.239396214485168457e-01
2.659457395953658221e+01,3.252466759156115472e+01,1.475097167968750000e+03,1.724986553192138672e+00,6.225400000000000489e+00,1.002239227294921875e+00,6.277108192443847656e-01
2.659241370301835516e+01,3.254110196544493050e+01,1.087749877929687500e+03,2.212976932525634766e+00,6.225410000000000110e+00,8.849750161170959473e-01,5.009860992431640625e-01
2.659876480035513779e+01,3.254970234652709848e+01,1.428246826171875000e+03,1.372835159301757812e+00,6.225420000000000620e+00,1.029934048652648926e+00,6.390786767005920410e-01
2.658821341566854812e+01,3.255861995954044374e+01,1.156949218750000000e+03,1.380612373352050781e+00,6.225430000000000241e+00,1.211743235588073730e+00,7.019451260566711426e-01
2.659081543280218796e+01,3.257897602175099649e+01,1.325305908203125000e+03,1.564174413681030273e+00,6.225440000000000751e+00,9.991874694824218750e-01,6.060432791709899902e-01
2.658983130940700690e+01,3.259545503410986100e+01,1.318874633789062500e+03,1.629836082458496094e+00,6.225450000000000372e+00,9.614218473434448242e-01,5.822394490242004395e-01
2.659727246366474418e+01,3.260670203415639889e+01,1.424618896484375000e+03,1.525736570358276367e+00,6.225460000000000882e+00,1.381879329681396484e+00,8.568224310874938965e-01
2.658319211226795531e+01,3.262581426068789625e+01,1.639934082031250000e+03,2.048360824584960938e+00,6.225470000000000503e+00,1.049465417861938477e+00,6.763102412223815918e-01
2.659463807724124962e+01,3.264664814463948517e+01,1.493155517578125000e+03,2.280672311782836914e+00,6.225480000000000125e+00,1.243786811828613281e+00,7.816725969314575195e-01
2.658634442075358706e+01,3.265035594088758586e+01,1.598014404296875000e+03,2.041422843933105469e+00,6.225490000000000634e+00,1.192745923995971680e+00,7.635145783424377441e-01
2.659086983172820595e+01,3.266674225594103120e+01,1.264134643554687500e+03,1.934267997741699219e+00,6.225500000000000256e+00,1.105007529258728027e+00,6.600595712661743164e-01
2.658874474244751340e+01,3.268451947395994495e+01,1.319089233398437500e+03,1.762229919433593750e+00,6.225510000000000765e+00,1.216091990470886230e+00,7.365064024925231934e-01
2.659087787076132869e+01,3.270113378068808174e+01,1.109582885742187500e+03,1.950814247131347656e+00,6.225520000000000387e+00,1.060070276260375977e+00,6.046699881553649902e-01
2.658211328224130909e+01,3.271635364309586436e+01,1.067465209960937500e+03,1.734770059585571289e+00,6.225530000000000896e+00,8.700213432312011719e-01,4.889316260814666748e-01
2.659103638904848310e+01,3.272400774118354150e+01,1.448157470703125000e+03,1.374358654022216797e+00,6.225540000000000518e+00,9.993400573730468750e-01,6.225991249084472656e-01
2.659303139022934914e+01,3.274657255065339001e+01,1.228182128906250000e+03,1.200894832611083984e+00,6.225550000000000139e+00,1.075405359268188477e+00,6.361795067787170410e-01
2.658703026710726292e+01,3.276253357283052736e+01,1.399239746093750000e+03,1.516477584838867188e+00,6.225560000000000649e+00,8.993946313858032227e-01,5.546972751617431641e-01
2.658283486818256236e+01,3.277759943197035142e+01,1.270863769531250000e+03,1.589295387268066406e+00,6.225570000000000270e+00,8.683428764343261719e-01,5.196018815040588379e-01
2.658411782759970166e+01,3.279276349828059978e+01,1.301706909179687500e+03,1.167491197586059570e+00,6.225580000000000780e+00,1.107525229454040527e+00,6.679179072380065918e-01
2.658528520133996409e+01,3.280892467241393717e+01,1.417175781250000000e+03,1.333351850509643555e+00,6.225590000000000401e+00,1.064953088760375977e+00,6.592966318130493164e-01
2.657606275854105249e+01,3.282993979578579768e+01,1.129622924804687500e+03,1.734017848968505859e+00,6.225600000000000911e+00,1.030544400215148926e+00,5.917762517929077148e-01
2.658121638902849426e+01,3.283948174927961361e+01,1.133637695312500000e+03,1.515434503555297852e+00,6.225610000000000532e+00,1.130566120147705078e+00,6.500650644302368164e-01
2.658026011603732996e+01,3.284837532382029224e+01,1.124635864257812500e+03,1.647496938705444336e+00,6.225620000000000154e+00,1.177563428878784180e+00,6.750895380973815918e-01
2.657738159588585702e+01,3.286794242275953337e+01,1.302282836914062500e+03,1.767460823059082031e+00,6.225630000000000663e+00,8.455308675765991211e-01,5.099888443946838379e-01
2.657444363201310367e+01,3.288646701156906005e+01,1.279482666015625000e+03,1.909408092498779297e+00,6.225640000000000285e+00,8.494981527328491211e-01,5.094547867774963379e-01
2.658097835443497914e+01,3.289563395500641718e+01,1.465422363281250000e+03,1.235997200012207031e+00,6.225650000000000794e+00,8.771929740905761719e-01,5.483648180961608887e-01
2.656968090409328198e+01,3.291123949227659296e+01,1.331775512695312500e+03,1.268445968627929688e+00,6.225660000000000416e+00,9.440267086029052734e-01,5.734656453132629395e-01
2.657771306485169660e+01,3.292865651566243201e+01,1.567781005859375000e+03,1.203442335128784180e+00,6.225670000000000925e+00,1.100201010704040527e+00,7.007244229316711426e-01
2.657404567259103700e+01,3.294838605170404122e+01,1.350249023437500000e+03,1.435815811157226562e+00,6.225680000000000547e+00,1.184582471847534180e+00,7.226971387863159180e-01
2.657978822964485488e+01,3.295726406791060725e+01,1.404251953125000000e+03,1.882944822311401367e+00,6.225690000000000168e+00,1.030162930488586426e+00,6.360269188880920410e-01
2.657316368004133267e+01,3.297314790179678567e+01,1.070298583984375000e+03,1.797254800796508789e+00,6.225700000000000678e+00,8.289750218391418457e-01,4.663485288619995117e-01
2.657573856810079249e+01,3.299223954112426327e+01,1.178139038085937500e+03,1.240887165069580078e+00,6.225710000000000299e+00,1.018337368965148926e+00,5.937598943710327148e-01
2.657687942035779116e+01,3.300569748042491369e+01,1.233596557617187500e+03,1.274445772171020508e+00,6.225720000000000809e+00,9.730948209762573242e-01,5.765174031257629395e-01
2.657917498517137389e+01,3.301595151849335963e+01,1.083716308593750000e+03,1.303535223007202148e+00,6.225730000000000430e+00,9.386098384857177734e-01,5.305882692337036133e-01
2.657846001951168446e+01,3.302592058369889116e+01,1.129914184570312500e+03,1.296032190322875977e+00,6.225740000000000940e+00,9.003864526748657227e-01,5.170841813087463379e-01
2.658433977838171813e+01,3.305067878962177019e+01,1.156162963867187500e+03,1.150638580322265625e+00,6.225750000000000561e+00,9.656943082809448242e-01,5.592749118804931641e-01
2.657814021668349369e+01,3.306349175348712777e+01,1.440102783203125000e+03,1.295141696929931641e+00,6.225760000000000183e+00,1.020092129707336426e+00,6.345010399818420410e-01
2.658136684974937225e+01,3.308196718393697466e+01,1.787224731445312500e+03,1.236301183700561523e+00,6.225770000000000692e+00,1.840712904930114746e+00,1.211438059806823730e+00
2.657551831432455458e+01,3.309336992474328554e+01,1.666945312500000000e+03,2.168446302413940430e+00,6.225780000000000314e+00,1.376080989837646484e+00,8.904681801795959473e-01
2.658307231449074948e+01,3.311509808078649542e+01,2.043321044921875000e+03,3.285929679870605469e+00,6.225790000000000823e+00,1.385465145111083984e+00,9.389913082122802734e-01
2.657879887461295354e+01,3.312739344846362854e+01,1.123719482421875000e+03,2.610729455947875977e+00,6.225800000000000445e+00,1.318097352981567383e+00,7.554273605346679688e-01
2.658380390043400254e+01,3.313847975385771605e+01,1.781152465820312500e+03,2.398503541946411133e+00,6.225810000000000066e+00,1.540189862251281738e+00,1.012844085693359375e+00
2.659006033630204158e+01,3.315651437732930162e+01,1.303454223632812500e+03,2.483692884445190430e+00,6.225820000000000576e+00,1.323285341262817383e+00,7.983810305595397949e-01
2.658423219021532802e+01,3.316867348498366397e+01,1.367558593750000000e+03,3.153633594512939453e+00,6.225830000000000197e+00,9.826316237449645996e-01,6.018471121788024902e-01
2.657930359588829106e+01,3.318760002300319201e+01,1.228625732421875000e+03,2.081795454025268555e+00,6.225840000000000707e+00,8.510240316390991211e-01,5.035037994384765625e-01
2.658977953240485093e+01,3.319528467906413738e+01,1.408459472656250000e+03,1.561991691589355469e+00,6.225850000000000328e+00,8.507188558578491211e-01,5.257054567337036133e-01
2.658984643293165817e+01,3.320911868590202687e+01,1.257309936523437500e+03,1.390338659286499023e+00,6.225860000000000838e+00,8.205063939094543457e-01,4.892368018627166748e-01
2.658212029001883181e+01,3.322442342349513211e+01,1.113535278320312500e+03,1.102102518081665039e+00,6.225870000000000459e+00,8.219559788703918457e-01,4.694765806198120117e-01
2.659397942690319638e+01,3.324439467151923822e+01,1.448011840820312500e+03,1.154733419418334961e+00,6.225880000000000081e+00,8.620867133140563965e-01,5.370732545852661133e-01
2.658862142384859695e+01,3.325585714747798960e+01,1.301686889648437500e+03,1.064666032791137695e+00,6.225890000000000590e+00,1.168255448341369629e+00,7.045391201972961426e-01
2.659391474603074812e+01,3.327562068323133815e+01,1.007704833984375000e+03,1.432371854782104492e+00,6.225900000000000212e+00,1.036953091621398926e+00,5.693457126617431641e-01
2.658980759951710482e+01,3.328827375676458189e+01,1.135481811523437500e+03,1.643764495849609375e+00,6.225910000000000721e+00,1.320843935012817383e+00,7.599287629127502441e-01
2.659810374378147557e+01,3.330617900147085209e+01,1.569403808593750000e+03,1.462573528289794922e+00,6.225920000000000343e+00,1.207318186759948730e+00,7.691603302955627441e-01
2.659079630333359390e+01,3.331890427563453727e+01,1.851269531250000000e+03,1.930115938186645508e+00,6.225930000000000852e+00,1.509290695190429688e+00,1.001399993896484375e+00
2.659167580458070290e+01,3.333004927613938406e+01,1.385797119140625000e+03,2.472820997238159180e+00,6.225940000000000474e+00,1.656691193580627441e+00,1.018795132637023926e+00
2.659619925572782151e+01,3.334879484766833002e+01,1.535449096679687500e+03,2.943634510040283203e+00,6.225950000000000095e+00,1.199764966964721680e+00,7.598524689674377441e-01
2.659905227885964862e+01,3.336311737870433802e+01,1.496650024414062500e+03,2.975122451782226562e+00,6.225960000000000605e+00,1.685301542282104492e+00,1.059841394424438477e+00
2.658174698300786432e+01,3.337463314761946265e+01,1.485772583007812500e+03,2.173798799514770508e+00,6.225970000000000226e+00,1.458021044731140137e+00,9.150349497795104980e-01
2.659205025651561627e+01,3.338685817458166127e+01,1.650464355468750000e+03,3.181240081787109375e+00,6.225980000000000736e+00,1.156735062599182129e+00,7.466535568237304688e-01
2.659129240512576331e+01,3.340753608870655711e+01,1.193348632812500000e+03,2.543704032897949219e+00,6.225990000000000357e+00,1.111950397491455078e+00,6.512857675552368164e-01
2.658530510058730556e+01,3.341996844178387960e+01,1.026769653320312500e+03,1.786226749420166016e+00,6.226000000000000867e+00,1.007198333740234375e+00,5.572912693023681641e-01
2.658911116944988962e+01,3.344104686210479827e+01,9.077958984375000000e+02,1.669889211654663086e+00,6.226010000000000488e+00,9.250294566154479980e-01,4.851931929588317871e-01
2.658543972095705854e+01,3.344605389019371700e+01,1.470209350585937500e+03,1.268996715545654297e+00,6.226020000000000110e+00,9.766044020652770996e-01,6.110786795616149902e-01
2.658864122714786760e+01,3.346621541767233765e+01,1.056520141601562500e+03,1.407458305358886719e+00,6.226030000000000619e+00,1.035503506660461426e+00,5.795691609382629395e-01
2.658829713605441469e+01,3.348894311382234434e+01,1.460646972656250000e+03,1.359115362167358398e+00,6.226040000000000241e+00,1.096920371055603027e+00,6.850841045379638672e-01
2.658716113236860323e+01,3.349263892146263544e+01,1.371797973632812500e+03,1.495949745178222656e+00,6.226050000000000750e+00,9.600484967231750488e-01,5.885719060897827148e-01
2.658681778060042689e+01,3.351593810216957792e+01,1.255715087890625000e+03,1.556077718734741211e+00,6.226060000000000372e+00,9.025226831436157227e-01,5.379124879837036133e-01
2.658167102465877818e+01,3.353020968886552566e+01,1.452469604492187500e+03,1.441148042678833008e+00,6.226070000000000881e+00,9.079395532608032227e-01,5.661413669586181641e-01
2.658363332256078593e+01,3.354170369138659424e+01,1.514454101562500000e+03,1.240278005599975586e+00,6.226080000000000503e+00,1.048321008682250977e+00,6.614328622817993164e-01
2.658031170596894199e+01,3.355210739455259983e+01,1.340647827148437500e+03,1.239218235015869141e+00,6.226090000000000124e+00,1.118282794952392578e+00,6.807353496551513672e-01
2.657401437635870778e+01,3.357010878631496809e+01,9.700502319335937500e+02,1.764077663421630859e+00,6.226100000000000634e+00,8.586534857749938965e-01,4.639070928096771240e-01
2.658640301764377512e+01,3.358694541726502081e+01,1.049292114257812500e+03,1.637236595153808594e+00,6.226110000000000255e+00,9.492147564888000488e-01,5.298253297805786133e-01
2.658106091497205981e+01,3.359916851751402334e+01,1.474181152343750000e+03,1.221081733703613281e+00,6.226120000000000765e+00,8.398851156234741211e-01,5.259343385696411133e-01
2.658005510764347079e+01,3.360881271171222551e+01,1.123624511718750000e+03,1.355272054672241211e+00,6.226130000000000386e+00,9.348714351654052734e-01,5.357762575149536133e-01
2.658161408740960496e+01,3.363113409333044501e+01,1.060405883789062500e+03,1.163949489593505859e+00,6.226140000000000896e+00,1.029781460762023926e+00,5.772040486335754395e-01
2.658356110877328504e+01,3.365001428926942140e+01,1.375583618164062500e+03,1.304814338684082031e+00,6.226150000000000517e+00,1.029247403144836426e+00,6.315255165100097656e-01
2.657389158145178953e+01,3.366185841463406803e+01,1.252226806640625000e+03,1.636877775192260742e+00,6.226160000000000139e+00,1.068004846572875977e+00,6.359506249427795410e-01
2.657358196069290202e+01,3.366798312595931719e+01,1.177802368164062500e+03,1.631894826889038086e+00,6.226170000000000648e+00,9.303700923919677734e-01,5.424138903617858887e-01
2.658097524254972654e+01,3.368960716970277502e+01,1.308118286132812500e+03,1.333565235137939453e+00,6.226180000000000270e+00,9.290730357170104980e-01,5.611822605133056641e-01
2.658406717433901889e+01,3.370962516754875793e+01,1.094150512695312500e+03,1.288365840911865234e+00,6.226190000000000779e+00,9.135090112686157227e-01,5.183048844337463379e-01
2.657796828834282366e+01,3.371753280464827895e+01,1.352480102539062500e+03,1.256877899169921875e+00,6.226200000000000401e+00,8.115036487579345703e-01,4.953403174877166748e-01
2.658037599875782675e+01,3.373310249446475240e+01,1.168537719726562500e+03,1.121217727661132812e+00,6.226210000000000910e+00,7.780104875564575195e-01,4.523103833198547363e-01
2.657877302579418100e+01,3.375239047821686711e+01,1.151753417968750000e+03,1.020326137542724609e+00,6.226220000000000532e+00,8.270676732063293457e-01,4.783267080783843994e-01
2.657896165972112001e+01,3.377313212204166604e+01,1.176563720703125000e+03,9.601456522941589355e-01,6.226230000000000153e+00,8.024246096611022949e-01,4.676455259323120117e-01
2.658162591149285703e+01,3.377824301822212050e+01,1.242829589843750000e+03,1.047219753265380859e+00,6.226240000000000663e+00,8.504136800765991211e-01,5.051059722900390625e-01
2.659492795636011309e+01,3.379471364903412223e+01,1.021705627441406250e+03,1.037213325500488281e+00,6.226250000000000284e+00,9.096180200576782227e-01,5.022830963134765625e-01
2.658184872331471027e+01,3.381658181883361891e+01,1.310684814453125000e+03,1.094005823135375977e+00,6.226260000000000794e+00,1.095241904258728027e+00,6.619669198989868164e-01
2.657802567360382895e+01,3.382584946476765708e+01,1.369119873046875000e+03,1.111661911010742188e+00,6.226270000000000415e+00,1.264081001281738281e+00,7.745009660720825195e-01
2.658301531803605755e+01,3.384332754418044686e+01,1.671864379882812500e+03,1.586130380630493164e+00,6.226280000000000925e+00,1.353268980979919434e+00,8.763537406921386719e-01
2.658657227773698395e+01,3.385546536440731558e+01,1.540279785156250000e+03,2.163414478302001953e+00,6.226290000000000546e+00,1.126522541046142578e+00,7.140759229660034180e-01
2.658105375951860339e+01,3.387489783063627868e+01,1.205642211914062500e+03,2.381597280502319336e+00,6.226300000000000168e+00,9.528768658638000488e-01,5.601141452789306641e-01
2.658918620316821091e+01,3.388760898332684945e+01,1.025873413085937500e+03,1.771394729614257812e+00,6.226310000000000677e+00,9.814872145652770996e-01,5.428716540336608887e-01
2.659486990727846134e+01,3.390005678309066894e+01,9.906539306640625000e+02,1.642966985702514648e+00,6.226320000000000299e+00,8.826098442077636719e-01,4.811496138572692871e-01
2.658667217705893293e+01,3.391392812130975187e+01,1.239169921875000000e+03,1.411225318908691406e+00,6.226330000000000808e+00,9.632529020309448242e-01,5.715582966804504395e-01
2.658835219418525142e+01,3.393320740184022100e+01,1.145591308593750000e+03,1.270466566085815430e+00,6.226340000000000430e+00,9.434163570404052734e-01,5.445501208305358887e-01
2.659533656834578608e+01,3.395086244943291121e+01,1.181418334960937500e+03,1.315336942672729492e+00,6.226350000000000939e+00,9.944572448730468750e-01,5.804083943367004395e-01
2.659558062947061785e+01,3.396306585833111313e+01,1.079855834960937500e+03,1.176625013351440430e+00,6.226360000000000561e+00,9.020649194717407227e-01,5.092259049415588379e-01
2.658927561184155408e+01,3.397759283079429338e+01,2.697721191406250000e+03,1.437605142593383789e+00,6.226370000000000182e+00,9.296833872795104980e-01,6.621958017349243164e-01
2.659629635841908168e+01,3.399129135821706882e+01,1.224772827148437500e+03,1.217065572738647461e+00,6.226380000000000692e+00,9.726370573043823242e-01,5.748389363288879395e-01
2.659048955025606631e+01,3.401302644675750741e+01,1.353238159179687500e+03,1.559156894683837891e+00,6.226390000000000313e+00,9.878196120262145996e-01,6.030678153038024902e-01
2.658620919949306938e+01,3.402080177642696412e+01,1.018013244628906250e+03,1.313991069793701172e+00,6.226400000000000823e+00,8.832965493202209473e-01,4.870242476463317871e-01
2.659351283413433720e+01,3.403660902251717602e+01,1.272889770507812500e+03,1.367493391036987305e+00,6.226410000000000444e+00,8.783373832702636719e-01,5.258580446243286133e-01
2.660170997253431224e+01,3.405186126708256467e+01,1.287344848632812500e+03,1.166479110717773438e+00,6.226420000000000066e+00,8.696398735046386719e-01,5.225773453712463379e-01
2.658384414248799033e+01,3.406996804180201366e+01,1.204047607421875000e+03,1.182807207107543945e+00,6.226430000000000575e+00,7.558088302612304688e-01,4.440706074237823486e-01
2.658842803701279323e+01,3.408203950090770462e+01,1.625519165039062500e+03,9.105259776115417480e-01,6.226440000000000197e+00,8.958087563514709473e-01,5.759833455085754395e-01
2.658857997721543853e+01,3.409201635142643028e+01,1.180591186523437500e+03,1.097734689712524414e+00,6.226450000000000706e+00,8.276017308235168457e-01,4.829043745994567871e-01
2.658911815194764827e+01,3.411909576694485224e+01,1.137132080078125000e+03,1.117230176925659180e+00,6.226460000000000328e+00,7.511548995971679688e-01,4.323975741863250732e-01
2.658807350289485072e+01,3.412456827614786192e+01,1.552218017578125000e+03,1.057012796401977539e+00,6.226470000000000837e+00,8.604082465171813965e-01,5.465337634086608887e-01
2.659020603202626631e+01,3.414241068288595216e+01,1.440537353515625000e+03,7.789105772972106934e-01,6.226480000000000459e+00,1.256222724914550781e+00,7.814437150955200195e-01
2.659044804181344901e+01,3.416064659460139552e+01,1.126123413085937500e+03,1.455755949020385742e+00,6.226490000000000080e+00,1.033062100410461426e+00,5.925391912460327148e-01
2.659107187566986497e+01,3.417915802726034968e+01,1.357077026367187500e+03,1.916133880615234375e+00,6.226500000000000590e+00,9.054218530654907227e-01,5.532476305961608887e-01
2.659093438464221038e+01,3.419093267378472945e+01,1.270669921875000000e+03,1.551810026168823242e+00,6.226510000000000211e+00,8.895526528358459473e-01,5.322667360305786133e-01
2.658981597913503236e+01,3.419615896917471076e+01,1.171920166015625000e+03,1.324861764907836914e+00,6.226520000000000721e+00,9.672964811325073242e-01,5.629370212554931641e-01
2.658815124288975440e+01,3.422121537511324618e+01,1.285233520507812500e+03,1.393091201782226562e+00,6.226530000000000342e+00,8.515580892562866211e-01,5.114384293556213379e-01
2.658358995755350662e+01,3.423497385678582106e+01,1.507337280273437500e+03,1.316241741180419922e+00,6.226540000000000852e+00,1.015667080879211426e+00,6.399942040443420410e-01
2.659394265830095705e+01,3.425007832452656231e+01,1.216666381835937500e+03,1.324160814285278320e+00,6.226550000000000473e+00,9.110676050186157227e-01,5.372258424758911133e-01
2.658683131804932742e+01,3.426440574081062351e+01,1.131035888671875000e+03,1.465181827545166016e+00,6.226560000000000095e+00,9.910239577293395996e-01,5.693457126617431641e-01
2.659193840595124669e+01,3.428112965052974914e+01,1.086324584960937500e+03,1.284393787384033203e+00,6.226570000000000604e+00,1.036037564277648926e+00,5.862067937850952148e-01
2.658756161758753578e+01,3.429906776343610630e+01,1.159379516601562500e+03,1.417519569396972656e+00,6.226580000000000226e+00,1.006969451904296875e+00,5.837653279304504395e-01
2.658091656690900706e+01,3.431190109107384956e+01,1.073718505859375000e+03,1.237390756607055664e+00,6.226590000000000735e+00,1.010936737060546875e+00,5.694220066070556641e-01
2.658043125555071740e+01,3.431837478730502511e+01,1.661207275390625000e+03,1.507275819778442383e+00,6.226600000000000357e+00,1.053356409072875977e+00,6.810405254364013672e-01
2.658251842778363994e+01,3.433529657079952813e+01,1.513126464843750000e+03,1.352289438247680664e+00,6.226610000000000866e+00,9.821738600730895996e-01,6.195473670959472656e-01
2.658918211387945618e+01,3.435313399081363883e+01,1.093731689453125000e+03,1.538238048553466797e+00,6.226620000000000488e+00,7.712202668190002441e-01,4.375092983245849609e-01
2.658327400815661790e+01,3.437501176595083763e+01,1.093356933593750000e+03,1.285776615142822266e+00,6.226630000000000109e+00,9.207569956779479980e-01,5.222721695899963379e-01
2.658638294821890824e+01,3.438245913793200970e+01,1.071368164062500000e+03,1.136956930160522461e+00,6.226640000000000619e+00,9.785880446434020996e-01,5.507299304008483887e-01
2.658740857497872412e+01,3.440358747712731002e+01,1.201572998046875000e+03,1.230735301971435547e+00,6.226650000000000240e+00,1.131634235382080078e+00,6.644083857536315918e-01
2.657769025908213933e+01,3.441919027629013073e+01,1.340876708984375000e+03,1.443800449371337891e+00,6.226660000000000750e+00,8.356125950813293457e-01,5.086918473243713379e-01
2.658152430264119559e+01,3.442988746862466343e+01,1.193782104492187500e+03,1.440340995788574219e+00,6.226670000000000371e+00,9.073292016983032227e-01,5.315037965774536133e-01
2.658131812766271551e+01,3.444374256081914609e+01,1.554276855468750000e+03,1.188928604125976562e+00,6.226680000000000881e+00,9.952964782714843750e-01,6.324410438537597656e-01
2.658829907658164871e+01,3.445886943590983265e+01,1.141837158203125000e+03,1.287631511688232422e+00,6.226690000000000502e+00,9.733999967575073242e-01,5.611822605133056641e-01
2.658187031508632714e+01,3.447702531455891517e+01,1.295188110351562500e+03,1.437099695205688477e+00,6.226700000000000124e+00,7.568006515502929688e-01,4.556673169136047363e-01
2.658283814974117831e+01,3.448422368507072377e+01,1.185083374023437500e+03,1.175084829330444336e+00,6.226710000000000633e+00,9.067951440811157227e-01,5.298253297805786133e-01
2.658705306963052450e+01,3.449468290808331261e+01,1.301774291992187500e+03,1.100069999694824219e+00,6.226720000000000255e+00,1.004909515380859375e+00,6.060432791709899902e-01
2.658307892061594302e+01,3.452286779714270182e+01,1.249683837890625000e+03,1.222379922866821289e+00,6.226730000000000764e+00,1.008342742919921875e+00,6.000159978866577148e-01
2.658323085733252000e+01,3.453969161637823504e+01,1.207564086914062500e+03,1.239166975021362305e+00,6.226740000000000386e+00,9.995689392089843750e-01,5.878852605819702148e-01
2.658329239976028902e+01,3.454821477801041851e+01,1.282650268554687500e+03,1.280331134796142578e+00,6.226750000000000895e+00,9.272419810295104980e-01,5.565283298492431641e-01
2.659061451975796686e+01,3.456513726416370247e+01,1.600741333007812500e+03,1.863864183425903320e+00,6.226760000000000517e+00,7.784682512283325195e-01,4.985446929931640625e-01
2.658090450327500776e+01,3.458478386231070800e+01,1.424288574218750000e+03,1.478414058685302734e+00,6.226770000000000138e+00,8.705554008483886719e-01,5.397436022758483887e-01
2.659056823055818342e+01,3.459956413479093840e+01,1.163697265625000000e+03,9.153801798820495605e-01,6.226780000000000648e+00,8.005935549736022949e-01,4.647463262081146240e-01
2.659095204543146806e+01,3.460792164627619627e+01,1.016193725585937500e+03,1.198443889617919922e+00,6.226790000000000269e+00,8.476670980453491211e-01,4.670351743698120117e-01
2.658464854983482439e+01,3.462281258921356653e+01,1.303132202148437500e+03,8.606821894645690918e-01,6.226800000000000779e+00,1.128887653350830078e+00,6.810405254364013672e-01
2.659116124682985571e+01,3.463822893796356084e+01,1.338960937500000000e+03,1.371601343154907227e+00,6.226810000000000400e+00,1.007884979248046875e+00,6.132912039756774902e-01
2.659409689960094170e+01,3.465392323645021833e+01,1.284932617187500000e+03,1.652804136276245117e+00,6.226820000000000910e+00,9.228932261466979980e-01,5.542394518852233887e-01
2.658832962948075362e+01,3.466579052133315741e+01,1.251620849609375000e+03,1.294799566268920898e+00,6.226830000000000531e+00,9.142720103263854980e-01,5.443212389945983887e-01
2.658894183932482846e+01,3.467823027752631759e+01,1.478919067382812500e+03,1.271241426467895508e+00,6.226840000000000153e+00,9.143483042716979980e-01,5.730841755867004395e-01
2.659697390317631616e+01,3.469797337132479953e+01,9.676300659179687500e+02,1.375869035720825195e+00,6.226850000000000662e+00,9.029804468154907227e-01,4.873294234275817871e-01
2.658895766764387503e+01,3.471426566457666496e+01,1.276231323242187500e+03,1.408543109893798828e+00,6.226860000000000284e+00,8.918414711952209473e-01,5.344029664993286133e-01
2.658664211497876195e+01,3.472900907888435995e+01,1.341005981445312500e+03,1.114003181457519531e+00,6.226870000000000793e+00,8.877215981483459473e-01,5.404302477836608887e-01
2.659404004119770448e+01,3.474699928817673111e+01,1.526572753906250000e+03,1.183629751205444336e+00,6.226880000000000415e+00,1.107677817344665527e+00,7.004192471504211426e-01
2.658818934447267068e+01,3.476107517355804077e+01,1.306752685546875000e+03,1.362167119979858398e+00,6.226890000000000924e+00,7.905227541923522949e-01,4.773348867893218994e-01
2.658377821627460946e+01,3.477638836008312495e+01,1.310011840820312500e+03,1.679232835769653320e+00,6.226900000000000546e+00,9.715689420700073242e-01,5.871223211288452148e-01
2.658935924624323732e+01,3.478793052111628015e+01,1.288165283203125000e+03,1.106695652008056641e+00,6.226910000000000167e+00,1.133236408233642578e+00,6.811168193817138672e-01
2.659357641203466471e+01,3.480642167953179467e+01,1.695686157226562500e+03,1.572900533676147461e+00,6.226920000000000677e+00,1.031536221504211426e+00,6.703593134880065918e-01
2.659280468208318382e+01,3.482321874351475799e+01,1.101080322265625000e+03,1.565783739089965820e+00,6.226930000000000298e+00,1.135601520538330078e+00,6.458688378334045410e-01
2.658928578365202000e+01,3.483750008188577141e+01,1.369495483398437500e+03,1.453923702239990234e+00,6.226940000000000808e+00,1.126141071319580078e+00,6.900432109832763672e-01
2.658742100174325174e+01,3.485042712525350339e+01,1.059375854492187500e+03,1.740175008773803711e+00,6.226950000000000429e+00,1.087231040000915527e+00,6.091713309288024902e-01
2.658891590948235617e+01,3.486427619001428013e+01,1.160889160156250000e+03,1.551931619644165039e+00,6.226960000000000939e+00,8.299668431282043457e-01,4.813784956932067871e-01
2.658682882337395981e+01,3.489025699981519324e+01,1.074479980468750000e+03,1.325445890426635742e+00,6.226970000000000560e+00,1.083645224571228027e+00,6.105446219444274902e-01
2.658773565031339459e+01,3.489625659232236643e+01,1.138932983398437500e+03,1.092427492141723633e+00,6.226980000000000182e+00,1.285061955451965332e+00,7.401685118675231934e-01
2.659223699080251535e+01,3.491036590311211540e+01,1.199385009765625000e+03,1.609389305114746094e+00,6.226990000000000691e+00,9.109150171279907227e-01,5.344792604446411133e-01
2.658344301773730578e+01,3.492637864571585027e+01,1.406095458984375000e+03,1.591033458709716797e+00,6.227000000000000313e+00,7.618361115455627441e-01,4.705446958541870117e-01
2.659243562245899639e+01,3.494264860707659892e+01,1.255199462890625000e+03,1.355448484420776367e+00,6.227010000000000822e+00,8.619341254234313965e-01,5.136509537696838379e-01
2.658596820414248540e+01,3.495634108172416887e+01,1.002789672851562500e+03,1.023061990737915039e+00,6.227020000000000444e+00,8.192093372344970703e-01,4.488771259784698486e-01
2.658534339690731940e+01,3.496620743777129547e+01,1.097658935546875000e+03,1.017666578292846680e+00,6.227030000000000953e+00,8.946643471717834473e-01,5.082340836524963379e-01
2.659327422326729717e+01,3.499375913391481419e+01,1.076352539062500000e+03,9.647840857505798340e-01,6.227040000000000575e+00,9.521902203559875488e-01,5.368443727493286133e-01
2.658934267969952359e+01,3.499997457082290708e+01,1.131809326171875000e+03,1.229406118392944336e+00,6.227050000000000196e+00,9.936943054199218750e-01,5.710242390632629395e-01
2.658882971095136227e+01,3.502143643786917693e+01,1.133028564453125000e+03,1.233057498931884766e+00,6.227060000000000706e+00,9.814872145652770996e-01,5.642340183258056641e-01
2.658266800041986500e+01,3.503406531728016660e+01,1.056290039062500000e+03,1.516565799713134766e+00,6.227070000000000327e+00,9.711111783981323242e-01,5.434820055961608887e-01
2.659101585605660389e+01,3.504345846990254643e+01,1.141178344726562500e+03,1.439440965652465820e+00,6.227080000000000837e+00,8.985553979873657227e-01,5.179234147071838379e-01
2.658816514629389971e+01,3.506900619558046373e+01,1.193941894531250000e+03,1.188761711120605469e+00,6.227090000000000458e+00,9.510458111763000488e-01,5.571386814117431641e-01
2.659128610219361732e+01,3.508216845109139825e+01,1.373463623046875000e+03,1.243003129959106445e+00,6.227100000000000080e+00,8.426316976547241211e-01,5.167790055274963379e-01
2.658531476975825569e+01,3.508759568857003330e+01,1.451087280273437500e+03,1.177671670913696289e+00,6.227110000000000589e+00,9.589803814888000488e-01,5.978034734725952148e-01
2.659365965239758012e+01,3.510980616016698264e+01,1.250923828125000000e+03,1.210720062255859375e+00,6.227120000000000211e+00,1.053508996963500977e+00,6.271004676818847656e-01
2.659229773431646393e+01,3.512494925276742208e+01,1.009415405273437500e+03,1.430426359176635742e+00,6.227130000000000720e+00,1.188549757003784180e+00,6.530405282974243164e-01
2.658536394334210584e+01,3.513297628607841006e+01,1.856178833007812500e+03,1.553203582763671875e+00,6.227140000000000342e+00,9.653891324996948242e-01,6.409097313880920410e-01
2.659450821991293878e+01,3.515177237883932548e+01,1.630170288085937500e+03,1.530034065246582031e+00,6.227150000000000851e+00,1.009334564208984375e+00,6.494547128677368164e-01
2.659031124222230247e+01,3.517162836615268873e+01,1.340050781250000000e+03,1.425113201141357422e+00,6.227160000000000473e+00,1.011013031005859375e+00,6.153511404991149902e-01
2.659068827418019865e+01,3.518390288306790126e+01,1.111580078125000000e+03,1.487671852111816406e+00,6.227170000000000094e+00,8.651384711265563965e-01,4.938144385814666748e-01
2.658617465066820174e+01,3.519950392622195778e+01,1.132567504882812500e+03,1.274595975875854492e+00,6.227180000000000604e+00,1.013225555419921875e+00,5.823920369148254395e-01
2.659101398219050338e+01,3.520694556281937793e+01,1.210370483398437500e+03,1.160459041595458984e+00,6.227190000000000225e+00,9.955253601074218750e-01,5.859779119491577148e-01
2.658574738236024615e+01,3.522722079507809667e+01,1.161369628906250000e+03,1.498091936111450195e+00,6.227200000000000735e+00,9.009968042373657227e-01,5.226536393165588379e-01
2.658856695563637018e+01,3.524370113210522248e+01,1.149017822265625000e+03,1.313507080078125000e+00,6.227210000000000356e+00,8.559069037437438965e-01,4.945773780345916748e-01
2.659174149301366796e+01,3.524729106943081547e+01,1.196468139648437500e+03,1.156063795089721680e+00,6.227220000000000866e+00,8.989368677139282227e-01,5.270024538040161133e-01
2.658913478141404951e+01,3.527051569789463770e+01,1.137923828125000000e+03,1.116059541702270508e+00,6.227230000000000487e+00,9.656180143356323242e-01,5.559942722320556641e-01
2.658896143302467863e+01,3.529342812577240096e+01,1.096555297851562500e+03,1.283127784729003906e+00,6.227240000000000109e+00,8.126480579376220703e-01,4.614656865596771240e-01
2.659877550152171466e+01,3.530280873693030941e+01,9.773475952148437500e+02,1.146622419357299805e+00,6.227250000000000618e+00,8.221085667610168457e-01,4.455964863300323486e-01
2.659161488422444819e+01,3.531481454906322881e+01,1.004731567382812500e+03,9.631258845329284668e-01,6.227260000000000240e+00,9.276234507560729980e-01,5.086918473243713379e-01
2.658297010293627238e+01,3.532517535072788917e+01,1.109366821289062500e+03,1.033859968185424805e+00,6.227270000000000749e+00,8.340867161750793457e-01,4.757327139377593994e-01
2.658617480723691529e+01,3.534369869953503951e+01,1.160542236328125000e+03,1.150385856628417969e+00,6.227280000000000371e+00,8.296616673469543457e-01,4.811496138572692871e-01
2.658658576932961637e+01,3.536563980256504180e+01,9.934264526367187500e+02,1.070298671722412109e+00,6.227290000000000880e+00,8.435472249984741211e-01,4.603975713253021240e-01
2.658627424507162473e+01,3.537111212179600983e+01,1.107591552734375000e+03,1.057446718215942383e+00,6.227300000000000502e+00,8.774218559265136719e-01,5.001468658447265625e-01
2.659089677422209164e+01,3.538746408951462996e+01,1.327305908203125000e+03,1.048376083374023438e+00,6.227310000000000123e+00,8.182938098907470703e-01,4.965610504150390625e-01
2.658918366907814246e+01,3.540323115786576125e+01,1.258456176757812500e+03,1.183045625686645508e+00,6.227320000000000633e+00,8.450731039047241211e-01,5.040378570556640625e-01
2.658289569792667706e+01,3.541898397127347664e+01,1.168969116210937500e+03,9.587377905845642090e-01,6.227330000000000254e+00,9.679068326950073242e-01,5.627844333648681641e-01
2.658484617015862739e+01,3.542643173942884260e+01,1.267730224609375000e+03,1.134126901626586914e+00,6.227340000000000764e+00,8.340867161750793457e-01,4.986972808837890625e-01
2.659173105704809714e+01,3.544498798156814701e+01,1.404992065429687500e+03,1.163366556167602539e+00,6.227350000000000385e+00,8.387407064437866211e-01,5.179234147071838379e-01
2.658897950729550530e+01,3.546946135998348382e+01,9.952654418945312500e+02,1.046384096145629883e+00,6.227360000000000895e+00,8.919177651405334473e-01,4.871768355369567871e-01
2.658339215202587980e+01,3.548370353873634997e+01,1.152442749023437500e+03,9.895450472831726074e-01,6.227370000000000516e+00,1.018261075019836426e+00,5.890296697616577148e-01
2.659423739332885361e+01,3.548836533509939528e+01,1.161703369140625000e+03,1.059787988662719727e+00,6.227380000000000138e+00,8.960376381874084473e-01,5.198307633399963379e-01
2.659205044137384277e+01,3.550930873218773343e+01,1.334464721679687500e+03,1.379363059997558594e+00,6.227390000000000647e+00,9.502065777778625488e-01,5.775855183601379395e-01
2.658146333780730330e+01,3.553110805610497636e+01,1.328287353515625000e+03,1.212391376495361328e+00,6.227400000000000269e+00,1.149944901466369629e+00,6.979778409004211426e-01
2.659018083371470453e+01,3.554238866051485246e+01,1.243250732421875000e+03,1.318646192550659180e+00,6.227410000000000778e+00,1.112713336944580078e+00,6.609750986099243164e-01
2.658744331698859398e+01,3.555200090087939202e+01,1.540100708007812500e+03,1.677840471267700195e+00,6.227420000000000400e+00,1.228146433830261230e+00,7.784682512283325195e-01
2.658266016665495357e+01,3.556521173991351503e+01,1.730829345703125000e+03,1.780383110046386719e+00,6.227430000000000909e+00,1.237225532531738281e+00,8.080704212188720703e-01
2.658806513371161984e+01,3.558457973162049370e+01,1.084402832031250000e+03,2.225533246994018555e+00,6.227440000000000531e+00,1.171002030372619629e+00,6.621195077896118164e-01
2.658535682304228231e+01,3.560157976211577591e+01,1.347840576171875000e+03,2.315450429916381836e+00,6.227450000000000152e+00,1.155209183692932129e+00,7.043865323066711426e-01
2.658921392945089934e+01,3.560939932802499186e+01,1.220626220703125000e+03,1.875711202621459961e+00,6.227460000000000662e+00,9.052692651748657227e-01,5.344029664993286133e-01
2.658362909488969095e+01,3.562511507146734147e+01,1.202895507812500000e+03,1.488337039947509766e+00,6.227470000000000283e+00,9.937705993652343750e-01,5.836890339851379395e-01
2.659021198068059633e+01,3.564710235904901481e+01,1.376545288085937500e+03,1.267861843109130859e+00,6.227480000000000793e+00,9.727133512496948242e-01,5.969642400741577148e-01
2.658696267485847997e+01,3.565753841564437465e+01,1.145644287109375000e+03,1.479795694351196289e+00,6.227490000000000414e+00,8.533892035484313965e-01,4.925937354564666748e-01
2.658336066687163779e+01,3.566756433586259334e+01,1.439320922851562500e+03,1.242701530456542969e+00,6.227500000000000924e+00,9.445607662200927734e-01,5.874274969100952148e-01
2.658147276806032977e+01,3.568435361083112412e+01,1.475583374023437500e+03,1.071028232574462891e+00,6.227510000000000545e+00,1.629072666168212891e+00,1.020397305488586426e+00
2.658649485862941120e+01,3.570317648402844668e+01,2.114125000000000000e+03,1.700473546981811523e+00,6.227520000000000167e+00,1.658064484596252441e+00,1.131481647491455078e+00
2.658417931377591614e+01,3.571880167767655934e+01,1.499782836914062500e+03,3.202769279479980469e+00,6.227530000000000676e+00,1.323361635208129883e+00,8.327134251594543457e-01
2.658929807471183793e+01,3.573462715776287979e+01,1.629951416015625000e+03,3.015737056732177734e+00,6.227540000000000298e+00,1.345410704612731934e+00,8.656725287437438965e-01
2.658833148139686742e+01,3.574276323355840645e+01,1.485848876953125000e+03,2.410975217819213867e+00,6.227550000000000807e+00,1.192135572433471680e+00,7.481794357299804688e-01
2.658397716312378378e+01,3.576569444904355777e+01,1.230241699218750000e+03,2.319645404815673828e+00,6.227560000000000429e+00,1.197628736495971680e+00,7.088878750801086426e-01
2.658718781399182873e+01,3.577303221685254897e+01,1.292619018554687500e+03,1.886335134506225586e+00,6.227570000000000938e+00,1.034969449043273926e+00,6.227517127990722656e-01
2.658496226537928564e+01,3.578984894897673996e+01,1.020093322753906250e+03,1.908459186553955078e+00,6.227580000000000560e+00,8.518633246421813965e-01,4.700869321823120117e-01
2.659018051387104009e+01,3.581181945815485079e+01,1.161118652343750000e+03,1.414142370223999023e+00,6.227590000000000181e+00,8.095200061798095703e-01,4.695528745651245117e-01
2.658541428451377087e+01,3.581899246944430359e+01,1.020905700683593750e+03,1.094299077987670898e+00,6.227600000000000691e+00,1.002925872802734375e+00,5.536291003227233887e-01
2.658885864912300789e+01,3.583356626826099500e+01,1.206865600585937500e+03,1.154148101806640625e+00,6.227610000000000312e+00,8.470567464828491211e-01,4.980869293212890625e-01
2.659063690193047336e+01,3.585100435150367559e+01,1.047341674804687500e+03,1.194241762161254883e+00,6.227620000000000822e+00,9.315907955169677734e-01,5.196018815040588379e-01
2.658099966931568048e+01,3.586427953818691350e+01,1.165752441406250000e+03,1.127209186553955078e+00,6.227630000000000443e+00,9.228932261466979980e-01,5.360814332962036133e-01
2.658206966234295976e+01,3.587946960809652808e+01,1.276346923828125000e+03,1.276351928710937500e+00,6.227640000000000953e+00,9.720267057418823242e-01,5.824683308601379395e-01
2.658907309324882107e+01,3.589213376408329736e+01,1.356094482421875000e+03,1.243807792663574219e+00,6.227650000000000574e+00,1.023143887519836426e+00,6.250405311584472656e-01
2.658719301603378682e+01,3.590585891034886856e+01,1.148140380859375000e+03,1.562633037567138672e+00,6.227660000000000196e+00,9.721029996871948242e-01,5.615637302398681641e-01
2.658724173601325802e+01,3.593160459394939465e+01,1.323906860351562500e+03,1.528379440307617188e+00,6.227670000000000705e+00,1.011852264404296875e+00,6.135200858116149902e-01
2.658526927642145310e+01,3.595085362383309757e+01,1.099193969726562500e+03,1.501881599426269531e+00,6.227680000000000327e+00,1.036876797676086426e+00,5.893348455429077148e-01
2.659010057935974558e+01,3.595476096622716966e+01,1.045481201171875000e+03,1.421987533569335938e+00,6.227690000000000836e+00,9.766044020652770996e-01,5.443212389945983887e-01
2.658861513007581223e+01,3.597577385103033265e+01,1.046816406250000000e+03,1.359747171401977539e+00,6.227700000000000458e+00,9.611929655075073242e-01,5.360051393508911133e-01
2.659119459137448516e+01,3.599083331798391328e+01,1.372387451171875000e+03,1.290919303894042969e+00,6.227710000000000079e+00,9.971275329589843750e-01,6.113838553428649902e-01
2.659686048153758264e+01,3.600982847112330631e+01,1.517815551757812500e+03,1.362430572509765625e+00,6.227720000000000589e+00,9.165608286857604980e-01,5.786536335945129395e-01
2.659191147998260973e+01,3.602145423178622252e+01,1.361485839843750000e+03,1.460680484771728516e+00,6.227730000000000210e+00,1.177563428878784180e+00,7.202557325363159180e-01
2.658761122268708021e+01,3.603500540594077961e+01,1.226884277343750000e+03,1.344962835311889648e+00,6.227740000000000720e+00,1.377301692962646484e+00,8.144791126251220703e-01
2.659525144595395574e+01,3.605142557616002108e+01,1.621455322265625000e+03,2.123052597045898438e+00,6.227750000000000341e+00,1.351971983909606934e+00,8.687243461608886719e-01
2.659998879701488761e+01,3.606802682345118427e+01,2.036358032226562500e+03,2.111725330352783203e+00,6.227760000000000851e+00,1.365933895111083984e+00,9.251057505607604980e-01
2.659168820615468931e+01,3.608311615675980732e+01,1.536658447265625000e+03,2.470094680786132812e+00,6.227770000000000472e+00,1.141094803810119629e+00,7.228497266769409180e-01
2.659494214124995182e+01,3.609848366431055666e+01,1.008285888671875000e+03,2.131686925888061523e+00,6.227780000000000094e+00,9.558523297309875488e-01,5.249425172805786133e-01
2.659381318438778408e+01,3.611454842545143862e+01,1.562153930664062500e+03,1.713913202285766602e+00,6.227790000000000603e+00,8.896289467811584473e-01,5.660650730133056641e-01
2.659209233520171267e+01,3.612769595787252541e+01,1.771411132812500000e+03,1.398707151412963867e+00,6.227800000000000225e+00,9.973564147949218750e-01,6.550241708755493164e-01
2.659610338201337854e+01,3.614026895091729585e+01,1.169494873046875000e+03,1.386498928070068359e+00,6.227810000000000734e+00,1.004222869873046875e+00,5.839942097663879395e-01
2.659434550385495655e+01,3.615733251699049333e+01,1.475458740234375000e+03,1.445778131484985352e+00,6.227820000000000356e+00,1.047481775283813477e+00,6.560922861099243164e-01
2.659499746452179636e+01,3.617734057073454323e+01,1.295609741210937500e+03,1.462114572525024414e+00,6.227830000000000865e+00,8.829150795936584473e-01,5.316563844680786133e-01
2.659375352299768736e+01,3.619494962314269060e+01,2.168110107421875000e+03,1.430582523345947266e+00,6.227840000000000487e+00,1.010326385498046875e+00,6.928660869598388672e-01
2.659081129282989764e+01,3.620584208169217533e+01,1.311119750976562500e+03,1.213107824325561523e+00,6.227850000000000108e+00,1.253781318664550781e+00,7.578688263893127441e-01
2.658860464699830572e+01,3.621813130377191214e+01,1.059939331054687500e+03,1.714440107345581055e+00,6.227860000000000618e+00,1.043438076972961426e+00,5.847571492195129395e-01
2.658157284150279764e+01,3.623787942905707382e+01,1.286162353515625000e+03,1.734094142913818359e+00,6.227870000000000239e+00,1.311993837356567383e+00,7.881575822830200195e-01
2.659882528919200695e+01,3.625167877050014908e+01,1.856653564453125000e+03,1.700886011123657227e+00,6.227880000000000749e+00,1.108745932579040527e+00,7.361249327659606934e-01
2.659305462634281980e+01,3.626349738890338159e+01,1.358133911132812500e+03,1.862601757049560547e+00,6.227890000000000370e+00,1.001323699951171875e+00,6.119942069053649902e-01
2.658241963630161209e+01,3.628552502304930982e+01,1.176649291992187500e+03,1.950195550918579102e+00,6.227900000000000880e+00,8.856616616249084473e-01,5.161686539649963379e-01
2.659264709664405402e+01,3.629849327810780579e+01,1.191192138671875000e+03,1.426176548004150391e+00,6.227910000000000501e+00,8.494981527328491211e-01,4.972476959228515625e-01
2.658765047742458165e+01,3.630862821070634539e+01,1.274163330078125000e+03,1.106037616729736328e+00,6.227920000000000122e+00,1.089901328086853027e+00,6.527353525161743164e-01
2.658470473140695844e+01,3.632613203430733506e+01,1.063547607421875000e+03,1.267861843109130859e+00,6.227930000000000632e+00,9.021412134170532227e-01,5.062503814697265625e-01
2.658820729545681516e+01,3.634206355731507188e+01,1.247871215820312500e+03,1.332973957061767578e+00,6.227940000000000254e+00,1.040004849433898926e+00,6.185555458068847656e-01
2.658577205321247661e+01,3.635817118564758488e+01,1.306256713867187500e+03,1.216047525405883789e+00,6.227950000000000763e+00,9.973564147949218750e-01,6.021522879600524902e-01
2.658316059933854447e+01,3.636567389886397450e+01,1.114904174804687500e+03,1.500365257263183594e+00,6.227960000000000385e+00,1.046947717666625977e+00,5.982612371444702148e-01
2.657899455163630265e+01,3.638140308958519853e+01,1.185214599609375000e+03,1.406278133392333984e+00,6.227970000000000894e+00,9.965934753417968750e-01,5.823157429695129395e-01
2.659064203332798826e+01,3.640210912306745428e+01,1.330843505859375000e+03,1.511836767196655273e+00,6.227980000000000516e+00,9.341847896575927734e-01,5.673620700836181641e-01
2.658717828868697808e+01,3.641717765468525414e+01,1.734543090820312500e+03,1.276897907257080078e+00,6.227990000000000137e+00,1.024212002754211426e+00,6.692911982536315918e-01
2.658710963203150257e+01,3.642852459704679546e+01,1.220279174804687500e+03,1.470525979995727539e+00,6.228000000000000647e+00,1.034740567207336426e+00,6.107735037803649902e-01
2.658563829271118806e+01,3.644275138159789407e+01,1.173661010742187500e+03,1.576112031936645508e+00,6.228010000000000268e+00,9.307515621185302734e-01,5.419561266899108887e-01
2.658667152116701970e+01,3.645552233392805164e+01,1.403736328125000000e+03,1.429184198379516602e+00,6.228020000000000778e+00,9.215199351310729980e-01,5.688879489898681641e-01
2.657906108345940766e+01,3.647220918816059765e+01,9.175675048828125000e+02,1.272201061248779297e+00,6.228030000000000399e+00,8.537706732749938965e-01,4.500215649604797363e-01
2.658241996433977050e+01,3.648181830290013039e+01,1.097552856445312500e+03,1.189584255218505859e+00,6.228040000000000909e+00,8.310349583625793457e-01,4.720705747604370117e-01
2.659332474419793968e+01,3.649737098073796915e+01,1.295080932617187500e+03,9.945756793022155762e-01,6.228050000000000530e+00,1.041301846504211426e+00,6.269478797912597656e-01
2.658099332846247265e+01,3.651426779370763853e+01,9.630677490234375000e+02,1.164810180664062500e+00,6.228060000000000151e+00,8.566698431968688965e-01,4.613893926143646240e-01
2.658179481106581932e+01,3.652901513752026830e+01,1.355069824218750000e+03,1.446588754653930664e+00,6.228070000000000661e+00,8.253892064094543457e-01,5.041141510009765625e-01
2.659144889702434966e+01,3.654212477915115898e+01,1.251784423828125000e+03,1.097974300384521484e+00,6.228080000000000283e+00,9.624136686325073242e-01,5.730078816413879395e-01
2.658957917049949060e+01,3.655526637586429928e+01,1.131897216796875000e+03,1.091116189956665039e+00,6.228090000000000792e+00,1.042522549629211426e+00,5.991004705429077148e-01
2.658958412675195859e+01,3.657623281484556799e+01,1.104537719726562500e+03,1.391483068466186523e+00,6.228100000000000414e+00,9.267079234123229980e-01,5.276890993118286133e-01
2.658749729972837628e+01,3.659122874304272699e+01,1.907916503906250000e+03,1.389026165008544922e+00,6.228110000000000923e+00,1.208844065666198730e+00,8.074600696563720703e-01
2.658989277299435372e+01,3.660380102772843003e+01,1.685097656250000000e+03,1.420677423477172852e+00,6.228120000000000545e+00,8.832202553749084473e-01,5.730841755867004395e-01
2.659004572270518807e+01,3.661682020281575234e+01,1.860543334960937500e+03,1.711210727691650391e+00,6.228130000000000166e+00,1.063198328018188477e+00,7.062175869941711426e-01
2.658999935370748346e+01,3.663359859021134923e+01,1.203788696289062500e+03,1.393757581710815430e+00,6.228140000000000676e+00,1.253628730773925781e+00,7.365064024925231934e-01
2.659320334630762872e+01,3.664769464216594486e+01,1.182826049804687500e+03,1.733320474624633789e+00,6.228150000000000297e+00,1.000179290771484375e+00,5.839942097663879395e-01
2.658266775214810096e+01,3.666047016716665041e+01,1.149455078125000000e+03,1.808424711227416992e+00,6.228160000000000807e+00,9.460867047309875488e-01,5.467626452445983887e-01
2.658937299517178232e+01,3.668229493172998446e+01,1.331524047851562500e+03,1.481335878372192383e+00,6.228170000000000428e+00,9.013782739639282227e-01,5.475255846977233887e-01
2.659347189906770126e+01,3.669701070113670482e+01,1.438289428710937500e+03,1.275670051574707031e+00,6.228180000000000938e+00,8.562883734703063965e-01,5.324193239212036133e-01
2.659507636348254422e+01,3.671047714812566909e+01,1.594912597656250000e+03,1.296997785568237305e+00,6.228190000000000559e+00,8.402665853500366211e-01,5.376073122024536133e-01
2.659192449120259383e+01,3.672004652072865127e+01,1.421746093750000000e+03,1.154375791549682617e+00,6.228200000000000180e+00,1.016048550605773926e+00,6.296181678771972656e-01
2.659585175740328467e+01,3.673773520695979755e+01,1.098997314453125000e+03,1.285573959350585938e+00,6.228210000000000690e+00,9.040485620498657227e-01,5.138035416603088379e-01
2.659817891002551349e+01,3.675419032422897914e+01,1.369479370117187500e+03,1.315050840377807617e+00,6.228220000000000312e+00,9.671438932418823242e-01,5.926154851913452148e-01
2.659371417497044732e+01,3.677783121620498719e+01,1.206596191406250000e+03,1.330954551696777344e+00,6.228230000000000821e+00,1.026577115058898926e+00,6.036018729209899902e-01
2.659460811756211029e+01,3.678722026993184357e+01,1.275782470703125000e+03,1.368400573730468750e+00,6.228240000000000443e+00,9.267079234123229980e-01,5.552313327789306641e-01
2.659446733845193833e+01,3.680073893342751745e+01,1.324666625976562500e+03,1.471995830535888672e+00,6.228250000000000952e+00,1.022991299629211426e+00,6.203866004943847656e-01
2.659810734688213785e+01,3.682295011144534413e+01,1.622467529296875000e+03,1.399836063385009766e+00,6.228260000000000574e+00,9.753073453903198242e-01,6.267952919006347656e-01
2.659086692502360449e+01,3.683407043587753549e+01,1.226914794921875000e+03,1.496542215347290039e+00,6.228270000000000195e+00,1.003536224365234375e+00,5.934547185897827148e-01
2.659465325912998424e+01,3.684651884148480860e+01,1.153583251953125000e+03,1.727720022201538086e+00,6.228280000000000705e+00,8.521685004234313965e-01,4.931277930736541748e-01
2.659558729687435275e+01,3.686344502896633202e+01,1.374699340820312500e+03,1.382781982421875000e+00,6.228290000000000326e+00,9.772147536277770996e-01,5.994819402694702148e-01
2.658715508871721411e+01,3.688170676241066559e+01,1.125040405273437500e+03,1.086182117462158203e+00,6.228300000000000836e+00,9.626425504684448242e-01,5.519506335258483887e-01
2.659327408497581047e+01,3.689556469857414100e+01,9.437058105468750000e+02,1.479792118072509766e+00,6.228310000000000457e+00,9.485281109809875488e-01,5.063266754150390625e-01
2.658863291128192330e+01,3.689979404094758308e+01,9.608958740234375000e+02,1.297900199890136719e+00,6.228320000000000078e+00,9.838523268699645996e-01,5.293675661087036133e-01
2.658809770653594740e+01,3.692499778432340207e+01,1.025721313476562500e+03,1.188537597656250000e+00,6.228330000000000588e+00,9.066425561904907227e-01,5.014438629150390625e-01
2.659090024690362597e+01,3.693688226045184564e+01,1.281014160156250000e+03,1.230947494506835938e+00,6.228340000000000209e+00,8.696398735046386719e-01,5.217381119728088379e-01
2.659529272819230883e+01,3.695346782980414702e+01,1.698128417968750000e+03,1.070429801940917969e+00,6.228350000000000719e+00,8.955035805702209473e-01,5.821631550788879395e-01
2.659545819353879992e+01,3.696674852903756658e+01,1.335333496093750000e+03,1.213528633117675781e+00,6.228360000000000340e+00,9.296833872795104980e-01,5.652258396148681641e-01
2.659487119268096578e+01,3.698712159373526021e+01,1.362899047851562500e+03,1.251111745834350586e+00,6.228370000000000850e+00,1.066707849502563477e+00,6.526590585708618164e-01
2.660100034212703690e+01,3.700892995007574626e+01,1.286061767578125000e+03,1.310423135757446289e+00,6.228380000000000472e+00,1.020931363105773926e+00,6.132912039756774902e-01
2.659684577927783167e+01,3.701538566670542707e+01,1.273530639648437500e+03,1.624749422073364258e+00,6.228390000000000093e+00,1.077465295791625977e+00,6.451821923255920410e-01
2.658703530831751038e+01,3.703447396564702387e+01,1.224993408203125000e+03,1.618849754333496094e+00,6.228400000000000603e+00,9.169422984123229980e-01,5.419561266899108887e-01
2.660183227915943860e+01,3.704882462661475273e+01,1.031198852539062500e+03,1.478424787521362305e+00,6.228410000000000224e+00,9.955253601074218750e-01,5.517980456352233887e-01
2.660440272318830779e+01,3.706320236652707223e+01,1.549896240234375000e+03,1.181603193283081055e+00,6.228420000000000734e+00,8.317978978157043457e-01,5.281468629837036133e-01
2.659393943497583379e+01,3.707701901508270481e+01,1.252354736328125000e+03,1.301353693008422852e+00,6.228430000000000355e+00,7.793074846267700195e-01,4.640596807003021240e-01
2.659831135974613403e+01,3.709035436526469454e+01,1.077253662109375000e+03,1.125665426254272461e+00,6.228440000000000865e+00,9.566152691841125488e-01,5.395147204399108887e-01
2.659650000204735676e+01,3.710618818841192734e+01,1.211711669921875000e+03,1.041126966476440430e+00,6.228450000000000486e+00,7.941848635673522949e-01,4.676455259323120117e-01
2.659555577976823670e+01,3.712380074731252222e+01,1.293390869140625000e+03,1.170309305191040039e+00,6.228460000000000107e+00,7.685499787330627441e-01,4.625338017940521240e-01
2.659384956191772176e+01,3.713061144927700497e+01,1.283320556640625000e+03,9.368342757225036621e-01,6.228470000000000617e+00,8.650621771812438965e-01,5.192967057228088379e-01
2.660020756142092679e+01,3.714971501616843597e+01,1.009615905761718750e+03,8.831793665885925293e-01,6.228480000000000238e+00,7.866317033767700195e-01,4.322449862957000732e-01
2.659601843014721823e+01,3.716375818807163967e+01,1.122230346679687500e+03,1.104545116424560547e+00,6.228490000000000748e+00,7.858687639236450195e-01,4.501741528511047363e-01
2.659186331986473917e+01,3.718150573936577530e+01,2.269623535156250000e+03,9.055847525596618652e-01,6.228500000000000369e+00,8.375200033187866211e-01,5.793402791023254395e-01
2.659812320742114977e+01,3.719320127863390724e+01,1.175463867187500000e+03,1.057472944259643555e+00,6.228510000000000879e+00,8.758959770202636719e-01,5.102940201759338379e-01
2.659967200019217870e+01,3.720070694175262815e+01,1.391838256835937500e+03,1.066771268844604492e+00,6.228520000000000501e+00,1.042446255683898926e+00,6.419015526771545410e-01
2.659677432205860725e+01,3.722789430896780516e+01,1.405800781250000000e+03,1.320428371429443359e+00,6.228530000000000122e+00,1.094555258750915527e+00,6.760050654411315918e-01
2.659235637855721990e+01,3.724703732688811897e+01,1.411792602539062500e+03,1.542553424835205078e+00,6.228540000000000632e+00,1.145977616310119629e+00,7.086589932441711426e-01
2.659852667596855014e+01,3.725790470177250313e+01,1.282867675781250000e+03,1.610824584960937500e+00,6.228550000000000253e+00,7.937270998954772949e-01,4.764193594455718994e-01
2.659132523761301314e+01,3.726677513776257911e+01,9.150822143554687500e+02,1.603084325790405273e+00,6.228560000000000763e+00,8.474382162094116211e-01,4.461305439472198486e-01
2.658890641615434447e+01,3.729077902360369023e+01,1.304784667968750000e+03,9.916252493858337402e-01,6.228570000000000384e+00,9.250294566154479980e-01,5.582830905914306641e-01
2.659290446143458198e+01,3.729975291163623297e+01,1.339759033203125000e+03,1.089834690093994141e+00,6.228580000000000894e+00,9.875144362449645996e-01,6.010078191757202148e-01
2.659722751709791666e+01,3.731085768868268815e+01,1.209941528320312500e+03,1.220598936080932617e+00,6.228590000000000515e+00,1.010555267333984375e+00,5.947517156600952148e-01
2.659337599175843536e+01,3.732637855175675412e+01,1.011288085937500000e+03,1.377605915069580078e+00,6.228600000000000136e+00,1.005596160888671875e+00,5.529424548149108887e-01
2.659779269344187469e+01,3.734253662303329691e+01,1.067135375976562500e+03,1.319998025894165039e+00,6.228610000000000646e+00,9.634054899215698242e-01,5.413457751274108887e-01
2.659584687013458648e+01,3.735838128492574839e+01,1.295681640625000000e+03,1.491969347000122070e+00,6.228620000000000267e+00,8.996235132217407227e-01,5.417272448539733887e-01
2.659376688703119029e+01,3.737241654747799657e+01,1.171569335937500000e+03,1.202526807785034180e+00,6.228630000000000777e+00,1.067699670791625977e+00,6.213021278381347656e-01
2.659263652745400819e+01,3.738376240976029408e+01,1.166490112304687500e+03,1.192548990249633789e+00,6.228640000000000398e+00,8.987842798233032227e-01,5.221958756446838379e-01
2.659548880485218803e+01,3.740416153572120095e+01,1.123156982421875000e+03,1.239979982376098633e+00,6.228650000000000908e+00,8.910785317420959473e-01,5.105991959571838379e-01
2.659413133093592307e+01,3.742238057989082023e+01,1.154246704101562500e+03,9.689027667045593262e-01,6.228660000000000529e+00,1.052746057510375977e+00,6.093239188194274902e-01
2.659365418570952855e+01,3.742829689955255645e+01,1.573462768554687500e+03,1.136788845062255859e+00,6.228670000000000151e+00,1.013454437255859375e+00,6.460977196693420410e-01
2.659730574592372321e+01,3.744300707367301584e+01,1.430074707031250000e+03,1.479415416717529297e+00,6.228680000000000661e+00,8.623918890953063965e-01,5.353184938430786133e-01
2.660157840382503736e+01,3.746287023888405798e+01,1.192484252929687500e+03,1.450284242630004883e+00,6.228690000000000282e+00,8.330186009407043457e-01,4.877871870994567871e-01
2.659251146313945569e+01,3.748260618995647775e+01,1.848360473632812500e+03,1.142988920211791992e+00,6.228700000000000792e+00,8.160812854766845703e-01,5.412694811820983887e-01
2.659576153390794317e+01,3.749254532112745153e+01,1.117625000000000000e+03,1.078891277313232422e+00,6.228710000000000413e+00,8.776507377624511719e-01,5.019779205322265625e-01
2.659676387950560539e+01,3.751172357277985014e+01,1.227963745117187500e+03,1.075839519500732422e+00,6.228720000000000923e+00,9.320485591888427734e-01,5.513402819633483887e-01
2.659535772143543042e+01,3.752676152183965286e+01,1.407550903320312500e+03,1.003437757492065430e+00,6.228730000000000544e+00,1.052288293838500977e+00,6.501413583755493164e-01
2.659901790559960588e+01,3.753674222534186100e+01,1.459300659179687500e+03,1.227923154830932617e+00,6.228740000000000165e+00,1.143765091896057129e+00,7.141522169113159180e-01
2.659736472374654426e+01,3.755419510763752555e+01,1.224325195312500000e+03,1.724407196044921875e+00,6.228750000000000675e+00,1.059002161026000977e+00,6.258034706115722656e-01
2.659505767895383954e+01,3.756299564101991706e+01,1.717105590820312500e+03,1.643303155899047852e+00,6.228760000000000296e+00,1.068157434463500977e+00,6.962993741035461426e-01
2.659217874696036432e+01,3.758627388819536463e+01,1.189323852539062500e+03,1.635286331176757812e+00,6.228770000000000806e+00,8.576616644859313965e-01,5.017490386962890625e-01
2.660300378269004185e+01,3.759388794810716661e+01,1.361400878906250000e+03,1.627526998519897461e+00,6.228780000000000427e+00,1.026653409004211426e+00,6.279397010803222656e-01
2.659231887179010911e+01,3.760951175602492214e+01,1.266430908203125000e+03,1.105157852172851562e+00,6.228790000000000937e+00,9.990348815917968750e-01,5.971168279647827148e-01
2.659179774594052148e+01,3.763145158975206073e+01,1.590348754882812500e+03,1.456788301467895508e+00,6.228800000000000558e+00,1.040310025215148926e+00,6.650950312614440918e-01
2.659863115274311340e+01,3.765004003526025400e+01,1.404049438476562500e+03,1.308153390884399414e+00,6.228810000000000180e+00,1.120419025421142578e+00,6.917216777801513672e-01
2.660223663053322340e+01,3.766539884392613402e+01,1.362800537109375000e+03,1.403975009918212891e+00,6.228820000000000690e+00,1.122097492218017578e+00,6.865336894989013672e-01
2.659015521167853180e+01,3.767725227847143543e+01,1.402875488281250000e+03,1.761744737625122070e+00,6.228830000000000311e+00,1.412168145179748535e+00,8.716235160827636719e-01
2.660024432998442023e+01,3.769868195010963063e+01,1.603381591796875000e+03,1.905602931976318359e+00,6.228840000000000821e+00,1.489759445190429688e+00,9.544790387153625488e-01
2.660208389316728272e+01,3.770689868764603858e+01,1.613704223632812500e+03,2.690528154373168945e+00,6.228850000000000442e+00,1.199459791183471680e+00,7.697706818580627441e-01
2.659992817770086404e+01,3.772218085181563652e+01,1.347860351562500000e+03,2.543354749679565430e+00,6.228860000000000952e+00,1.057857751846313477e+00,6.450296044349670410e-01
2.659189692634122437e+01,3.773986924027284573e+01,1.585560302734375000e+03,1.966576099395751953e+00,6.228870000000000573e+00,1.029552578926086426e+00,6.576944589614868164e-01
2.659381643994724698e+01,3.775620067548405245e+01,1.115829589843750000e+03,1.614158868789672852e+00,6.228880000000000194e+00,1.041683316230773926e+00,5.954383611679077148e-01
2.659530863962431724e+01,3.777012377119183384e+01,1.057798828125000000e+03,1.478852748870849609e+00,6.228890000000000704e+00,9.437215328216552734e-01,5.284520387649536133e-01
2.659208031716425324e+01,3.778301463628177714e+01,1.119230102539062500e+03,1.425630569458007812e+00,6.228900000000000325e+00,1.037563443183898926e+00,5.937598943710327148e-01
2.659813094761672403e+01,3.779753147832843041e+01,1.182376831054687500e+03,1.210684299468994141e+00,6.228910000000000835e+00,1.324277162551879883e+00,7.731276154518127441e-01
2.660089972738920139e+01,3.781384648750337618e+01,1.169028320312500000e+03,1.683895111083984375e+00,6.228920000000000456e+00,1.210369944572448730e+00,7.037761807441711426e-01
2.659794606677772322e+01,3.782257693620371697e+01,1.133015747070312500e+03,2.189567804336547852e+00,6.228930000000000078e+00,1.023296475410461426e+00,5.882667303085327148e-01
2.659073798241308140e+01,3.784477517705838778e+01,1.083647949218750000e+03,1.678462743759155273e+00,6.228940000000000587e+00,9.329640865325927734e-01,5.273839235305786133e-01
2.659593312967302836e+01,3.785345714347711521e+01,1.390377929687500000e+03,1.303516149520874023e+00,6.228950000000000209e+00,1.218151926994323730e+00,7.498579025268554688e-01
2.659602062110751319e+01,3.787197234212460728e+01,1.332767944335937500e+03,1.474207162857055664e+00,6.228960000000000719e+00,1.070751428604125977e+00,6.505991220474243164e-01
2.659086119310863694e+01,3.789089023862718619e+01,1.657238037109375000e+03,1.838006496429443359e+00,6.228970000000000340e+00,9.415853023529052734e-01,6.084083914756774902e-01
2.659868164835851445e+01,3.790264350024573758e+01,1.110426635742187500e+03,1.584891796112060547e+00,6.228980000000000850e+00,8.305771946907043457e-01,4.739016592502593994e-01
2.659826497045483507e+01,3.791413008644418170e+01,1.221665527343750000e+03,1.415837526321411133e+00,6.228990000000000471e+00,7.450513839721679688e-01,4.399507045745849609e-01
2.659317732252645428e+01,3.793185351678757655e+01,1.667054809570312500e+03,1.076893329620361328e+00,6.229000000000000092e+00,7.967025637626647949e-01,5.155583024024963379e-01
2.659978553191605144e+01,3.795040744699554125e+01,1.382943481445312500e+03,9.236068129539489746e-01,6.229010000000000602e+00,1.032299160957336426e+00,6.344247460365295410e-01
2.659784324129272193e+01,3.796055975975392727e+01,1.338398925781250000e+03,1.092345237731933594e+00,6.229020000000000223e+00,1.004756927490234375e+00,6.113075613975524902e-01
2.659193256904335811e+01,3.797577309977444315e+01,1.387813964843750000e+03,1.554857015609741211e+00,6.229030000000000733e+00,1.104244589805603027e+00,6.793619990348815918e-01
2.659423205574964655e+01,3.799572034861804326e+01,1.108142333984375000e+03,1.492650032043457031e+00,6.229040000000000354e+00,1.058315515518188477e+00,6.033729910850524902e-01
2.660199242602536529e+01,3.800726342506673205e+01,1.591760498046875000e+03,1.696763753890991211e+00,6.229050000000000864e+00,1.028255581855773926e+00,6.575418710708618164e-01
2.660079560035677915e+01,3.801505498650325165e+01,1.328153564453125000e+03,1.529043436050415039e+00,6.229060000000000485e+00,1.287121891975402832e+00,7.812148332595825195e-01
2.659576124654686780e+01,3.802651746623210016e+01,1.550285156250000000e+03,1.521707296371459961e+00,6.229070000000000107e+00,1.226315379142761230e+00,7.786971330642700195e-01
2.659781361924248699e+01,3.805140940012866224e+01,1.394303344726562500e+03,2.070134401321411133e+00,6.229080000000000616e+00,1.787383198738098145e+00,1.101192831993103027e+00
2.659807188961966773e+01,3.806677154424530585e+01,1.389661376953125000e+03,2.498197078704833984e+00,6.229090000000000238e+00,1.076778650283813477e+00,6.627298593521118164e-01
2.659293270628501915e+01,3.807503541045079487e+01,1.224306030273437500e+03,2.869165658950805664e+00,6.229100000000000747e+00,1.053585290908813477e+00,6.225991249084472656e-01
2.659560999420941130e+01,3.809256205540207674e+01,1.283543334960937500e+03,1.723566770553588867e+00,6.229110000000000369e+00,1.005825042724609375e+00,6.038307547569274902e-01
2.659985638066176961e+01,3.811245148429311058e+01,1.524967407226562500e+03,1.651349782943725586e+00,6.229120000000000879e+00,9.198414683341979980e-01,5.814765095710754395e-01
2.659718297022351052e+01,3.812821794059186686e+01,1.767333862304687500e+03,1.652111530303955078e+00,6.229130000000000500e+00,7.742720842361450195e-01,5.082340836524963379e-01
2.659747066669715565e+01,3.814591379657683490e+01,1.180274169921875000e+03,1.391217231750488281e+00,6.229140000000000121e+00,7.252911329269409180e-01,4.231659770011901855e-01
2.659900026120103789e+01,3.815667553649935684e+01,1.341518066406250000e+03,9.691578745841979980e-01,6.229150000000000631e+00,8.787188529968261719e-01,5.350133180618286133e-01
2.659758653387156713e+01,3.817236649068841103e+01,1.476669189453125000e+03,9.860545992851257324e-01,6.229160000000000252e+00,1.047481775283813477e+00,6.562448740005493164e-01
2.659982104686275761e+01,3.818684053973149162e+01,1.278213134765625000e+03,1.269953966140747070e+00,6.229170000000000762e+00,1.170849442481994629e+00,7.019451260566711426e-01
2.660516092438206570e+01,3.819858991820782990e+01,1.260828735351562500e+03,1.779720306396484375e+00,6.229180000000000383e+00,1.035274624824523926e+00,6.178689002990722656e-01
2.660449308431773829e+01,3.821238596362262285e+01,1.907323242187500000e+03,1.744598865509033203e+00,6.229190000000000893e+00,1.069683313369750977e+00,7.144573926925659180e-01
2.659348204569593577e+01,3.823319727536475909e+01,1.309418212890625000e+03,1.604171514511108398e+00,6.229200000000000514e+00,9.881247878074645996e-01,5.970405340194702148e-01
2.660050585555921643e+01,3.824339617041167827e+01,9.513526000976562500e+02,1.669880867004394531e+00,6.229210000000000136e+00,8.380540609359741211e-01,4.489534199237823486e-01
2.659825399759910525e+01,3.825522998178694678e+01,1.222527465820312500e+03,1.197150468826293945e+00,6.229220000000000645e+00,8.949695229530334473e-01,5.286046266555786133e-01
2.659886167465985807e+01,3.827226018780997663e+01,1.578180664062500000e+03,1.109667539596557617e+00,6.229230000000000267e+00,8.378251791000366211e-01,5.345555543899536133e-01
2.659899999343664234e+01,3.828892828165251672e+01,1.447163208007812500e+03,1.123251438140869141e+00,6.229240000000000776e+00,9.047352075576782227e-01,5.635473728179931641e-01
2.660464873731545055e+01,3.830763962406297196e+01,1.099630737304687500e+03,1.169235229492187500e+00,6.229250000000000398e+00,7.547407150268554688e-01,4.290406405925750732e-01
2.659955428390923871e+01,3.832239623069816048e+01,1.131054931640625000e+03,1.097573757171630859e+00,6.229260000000000908e+00,8.128006458282470703e-01,4.669588804244995117e-01
2.659413775244466649e+01,3.833831429853211148e+01,1.680673461914062500e+03,8.634216189384460449e-01,6.229270000000000529e+00,1.087231040000915527e+00,7.049968838691711426e-01
2.660006224793532681e+01,3.835187758649828282e+01,1.247143798828125000e+03,1.193228483200073242e+00,6.229280000000000150e+00,9.461629986763000488e-01,5.626318454742431641e-01
2.659492325049302153e+01,3.836622309949859044e+01,1.304143798828125000e+03,1.421185255050659180e+00,6.229290000000000660e+00,1.035045742988586426e+00,6.245827674865722656e-01
2.659353620880955305e+01,3.838328184173925450e+01,1.264326538085937500e+03,1.463975429534912109e+00,6.229300000000000281e+00,9.843863844871520996e-01,5.880378484725952148e-01
2.659156184643691034e+01,3.839693511788095748e+01,1.552101196289062500e+03,1.381459951400756836e+00,6.229310000000000791e+00,1.045879483222961426e+00,6.643320918083190918e-01
2.659969864572682852e+01,3.841288366098589080e+01,1.055948242187500000e+03,1.533635377883911133e+00,6.229320000000000412e+00,8.493455648422241211e-01,4.752749502658843994e-01
2.659121859652963238e+01,3.842961748287871160e+01,1.469204223632812500e+03,1.474636316299438477e+00,6.229330000000000922e+00,1.016430020332336426e+00,6.358743309974670410e-01
2.659592404248625996e+01,3.843731349795261565e+01,1.561596679687500000e+03,1.187244176864624023e+00,6.229340000000000543e+00,1.111797809600830078e+00,7.073619961738586426e-01
2.659855090685226031e+01,3.845516337974495968e+01,1.299716064453125000e+03,1.504556655883789062e+00,6.229350000000000165e+00,1.275525212287902832e+00,7.688551545143127441e-01
2.659449420219449678e+01,3.846561658343183154e+01,1.186882568359375000e+03,1.873923063278198242e+00,6.229360000000000674e+00,1.019329190254211426e+00,5.958961248397827148e-01
2.659489339258855978e+01,3.848401484355882474e+01,1.715856567382812500e+03,1.918131828308105469e+00,6.229370000000000296e+00,1.145138382911682129e+00,7.463483810424804688e-01
2.660209079532207355e+01,3.850040110421615935e+01,1.541356323242187500e+03,1.510748386383056641e+00,6.229380000000000805e+00,1.385999202728271484e+00,8.787188529968261719e-01
2.659667131265516815e+01,3.851331849505135807e+01,1.400737304687500000e+03,2.019584894180297852e+00,6.229390000000000427e+00,1.071743249893188477e+00,6.612039804458618164e-01
2.658962594819092828e+01,3.853020794581873787e+01,1.270389526367187500e+03,2.011104345321655273e+00,6.229400000000000936e+00,1.002086639404296875e+00,5.995582342147827148e-01
2.659718789498848679e+01,3.854024409960403830e+01,1.461478515625000000e+03,1.742028713226318359e+00,6.229410000000000558e+00,9.512746930122375488e-01,5.942176580429077148e-01
2.660164459312743546e+01,3.856093855612686383e+01,1.729670166015625000e+03,1.439721107482910156e+00,6.229420000000000179e+00,7.559614181518554688e-01,4.936618506908416748e-01
2.659030471269830187e+01,3.857082293559304986e+01,1.245399169921875000e+03,1.280633926391601562e+00,6.229430000000000689e+00,7.448225021362304688e-01,4.426973164081573486e-01
2.659270945245182460e+01,3.859242977732892399e+01,1.055963867187500000e+03,9.279496073722839355e-01,6.229440000000000310e+00,7.686262726783752441e-01,4.301087558269500732e-01
2.660195583820772214e+01,3.860724022258989407e+01,1.142125732421875000e+03,9.182543158531188965e-01,6.229450000000000820e+00,8.043319582939147949e-01,4.637545049190521240e-01
2.659077660425532486e+01,3.862109799483994976e+01,1.166981689453125000e+03,7.489485144615173340e-01,6.229460000000000441e+00,1.064342737197875977e+00,6.184792518615722656e-01
2.659181660683935888e+01,3.864051012034049393e+01,1.354176391601562500e+03,1.227681159973144531e+00,6.229470000000000951e+00,8.766589164733886719e-01,5.353184938430786133e-01
2.659736920778648184e+01,3.865416262366416333e+01,1.485326538085937500e+03,1.273093938827514648e+00,6.229480000000000572e+00,1.183743238449096680e+00,7.428388595581054688e-01
2.660038706560160904e+01,3.866224883549700309e+01,1.261480834960937500e+03,1.540764093399047852e+00,6.229490000000000194e+00,1.049923181533813477e+00,6.267189979553222656e-01
2.658970311662869079e+01,3.867959578691223044e+01,1.500257934570312500e+03,1.575747251510620117e+00,6.229500000000000703e+00,1.323971986770629883e+00,8.331711888313293457e-01
2.659647025557399047e+01,3.869608855604759157e+01,1.253722412109375000e+03,2.065613985061645508e+00,6.229510000000000325e+00,9.816398024559020996e-01,5.847571492195129395e-01
2.659205614806543494e+01,3.871331392725793563e+01,1.390263061523437500e+03,1.984004497528076172e+00,6.229520000000000834e+00,1.189923048019409180e+00,7.324628233909606934e-01
2.659416508356949294e+01,3.871839170294656185e+01,1.213970458984375000e+03,1.762024879455566406e+00,6.229530000000000456e+00,7.895309329032897949e-01,4.652041196823120117e-01
2.658996986207804980e+01,3.873494882947742468e+01,1.075445068359375000e+03,1.753944873809814453e+00,6.229540000000000077e+00,8.877978920936584473e-01,5.003757476806640625e-01
2.659811088231936793e+01,3.875629229398605702e+01,1.407897949218750000e+03,9.575778841972351074e-01,6.229550000000000587e+00,9.156453013420104980e-01,5.657598972320556641e-01
2.658313119997987428e+01,3.876556371272717172e+01,1.518555175781250000e+03,1.119464159011840820e+00,6.229560000000000208e+00,9.995689392089843750e-01,6.311440467834472656e-01
2.658948980982927424e+01,3.876891463019951090e+01,1.337580200195312500e+03,1.376554489135742188e+00,6.229570000000000718e+00,9.526479840278625488e-01,5.794928669929504395e-01
2.659020122875472225e+01,3.878571530115363686e+01,1.479302001953125000e+03,1.445483684539794922e+00,6.229580000000000339e+00,5.599615573883056641e-01,3.509916365146636963e-01
2.657561113079706416e+01,3.880569291802277121e+01,6.850037109375000000e+03,1.270489215850830078e+00,6.229590000000000849e+00,7.297543436288833618e-02,5.710623413324356079e-02
2.657478637506070385e+01,3.881396643960673742e+01,-7.939816894531250000e+03,7.653648257255554199e-01,6.229600000000000470e+00,5.268117040395736694e-02,4.619615897536277771e-02
2.657409505447883191e+01,3.881893300591989515e+01,1.804390625000000000e+03,2.216047197580337524e-01,6.229610000000000092e+00,5.580923333764076233e-02,3.681197017431259155e-02
