# x_coordinates, y_coordinates, TEP, TED, times, high, low
2.918810495125688220e+01,3.096093777658371238e+01,1.504453247070312500e+03,1.939475722610950470e-02,6.435810000000000919e+00,7.381848692893981934e-01,4.648989439010620117e-01
2.920990590264319664e+01,3.096694793115545608e+01,1.200900878906250000e+03,5.734426379203796387e-01,6.435820000000000540e+00,8.139450550079345703e-01,4.777926504611968994e-01
2.922594949699839617e+01,3.096636988067689344e+01,1.035242919921875000e+03,1.198778867721557617e+00,6.435830000000000162e+00,8.316453099250793457e-01,4.616945683956146240e-01
2.923588931334798602e+01,3.097527447476676699e+01,1.132455932617187500e+03,9.279329180717468262e-01,6.435840000000000671e+00,8.140213489532470703e-01,4.678744077682495117e-01
2.924453648579835630e+01,3.098902211220806180e+01,1.132661865234375000e+03,1.063489437103271484e+00,6.435850000000000293e+00,1.046642422676086426e+00,6.016182303428649902e-01
2.926336725180809850e+01,3.100183892436047373e+01,1.501253540039062500e+03,1.176125526428222656e+00,6.435860000000000802e+00,1.122631549835205078e+00,7.065990567207336426e-01
2.926373330639683346e+01,3.101424485191559199e+01,1.106163574218750000e+03,1.458278417587280273e+00,6.435870000000000424e+00,1.042827725410461426e+00,5.941413640975952148e-01
2.925873823535892981e+01,3.102762900716682282e+01,1.219767089843750000e+03,1.860581159591674805e+00,6.435880000000000933e+00,8.517107367515563965e-01,5.026645660400390625e-01
2.927698648733218434e+01,3.104078552438658534e+01,1.817505004882812500e+03,1.531095027923583984e+00,6.435890000000000555e+00,8.643755316734313965e-01,5.711005330085754395e-01
2.927828411698385480e+01,3.106195455055973653e+01,1.181197021484375000e+03,1.152185916900634766e+00,6.435900000000000176e+00,1.089825034141540527e+00,6.360269188880920410e-01
2.927631568459933220e+01,3.107196418031693952e+01,9.706632690429687500e+02,1.276193380355834961e+00,6.435910000000000686e+00,9.499014019966125488e-01,5.133457779884338379e-01
2.928524064300377461e+01,3.108904481327844138e+01,1.115478881835937500e+03,1.427063465118408203e+00,6.435920000000000307e+00,8.949695229530334473e-01,5.115147233009338379e-01
2.928424206601287239e+01,3.110551936375559734e+01,1.020916931152343750e+03,1.279930591583251953e+00,6.435930000000000817e+00,8.503373861312866211e-01,4.694002866744995117e-01
2.927950800680271470e+01,3.112267458955738064e+01,1.062259643554687500e+03,1.056367874145507812e+00,6.435940000000000438e+00,7.632856965065002441e-01,4.281251132488250732e-01
2.928132384196426941e+01,3.114438218172279349e+01,1.077201904296875000e+03,1.036546945571899414e+00,6.435950000000000948e+00,8.792529106140136719e-01,4.958743751049041748e-01
2.928175119754830291e+01,3.116176239120517266e+01,1.541474609375000000e+03,1.008193016052246094e+00,6.435960000000000569e+00,8.515580892562866211e-01,5.398961901664733887e-01
2.928284072757892886e+01,3.118523154535743203e+01,1.297815185546875000e+03,1.206357002258300781e+00,6.435970000000000191e+00,9.433400630950927734e-01,5.683538913726806641e-01
2.927931854147406554e+01,3.120519743934788437e+01,1.184223754882812500e+03,1.182018041610717773e+00,6.435980000000000700e+00,7.905227541923522949e-01,4.617708623409271240e-01
2.928211433351850701e+01,3.122998974806509054e+01,1.070156250000000000e+03,1.322224855422973633e+00,6.435990000000000322e+00,8.409532308578491211e-01,4.730624258518218994e-01
2.928488477779550081e+01,3.125055266730653614e+01,1.405074707031250000e+03,1.141587018966674805e+00,6.436000000000000831e+00,1.187634229660034180e+00,7.333783507347106934e-01
2.928718822806903788e+01,3.127152437716956257e+01,1.718998657226562500e+03,1.135417938232421875e+00,6.436010000000000453e+00,1.308789491653442383e+00,8.533892035484313965e-01
2.928572184582251836e+01,3.130154085896741378e+01,1.271922363281250000e+03,2.024024248123168945e+00,6.436020000000000962e+00,1.187023878097534180e+00,7.104900479316711426e-01
2.928592478490472573e+01,3.132051339813684976e+01,1.240660888671875000e+03,2.198887586593627930e+00,6.436030000000000584e+00,1.376462459564208984e+00,8.170731067657470703e-01
2.927692432454142235e+01,3.134574309770690803e+01,2.180526123046875000e+03,2.250244140625000000e+00,6.436040000000000205e+00,1.346936583518981934e+00,9.247242808341979980e-01
2.927523062557846600e+01,3.136262845541383015e+01,1.529201904296875000e+03,2.497232675552368164e+00,6.436050000000000715e+00,1.316876649856567383e+00,8.330948948860168457e-01
2.928406649653375737e+01,3.138444681926037561e+01,1.888945068359375000e+03,2.473141670227050781e+00,6.436060000000000336e+00,1.223873972892761230e+00,8.156998157501220703e-01
2.928234346023909751e+01,3.141028374309071580e+01,1.609957031250000000e+03,2.343190431594848633e+00,6.436070000000000846e+00,1.180081129074096680e+00,7.568769454956054688e-01
2.927964236198609882e+01,3.143259082423632833e+01,1.234498535156250000e+03,2.147492885589599609e+00,6.436080000000000467e+00,1.066707849502563477e+00,6.321358680725097656e-01
2.927953561245743330e+01,3.144967428054533087e+01,1.342907104492187500e+03,1.866747856140136719e+00,6.436090000000000089e+00,9.523428082466125488e-01,5.800269246101379395e-01
2.928234036622303549e+01,3.146897753954776178e+01,1.431192016601562500e+03,1.634503126144409180e+00,6.436100000000000598e+00,9.939231872558593750e-01,6.171059012413024902e-01
2.927304405860993342e+01,3.149203998398120063e+01,1.404555786132812500e+03,1.513916969299316406e+00,6.436110000000000220e+00,1.044429898262023926e+00,6.448770165443420410e-01
2.927990989533758182e+01,3.150602771811477609e+01,1.464347045898437500e+03,1.716027975082397461e+00,6.436120000000000729e+00,1.014827728271484375e+00,6.342721581459045410e-01
2.928028309822230568e+01,3.153002417242073463e+01,1.181424194335937500e+03,1.482715129852294922e+00,6.436130000000000351e+00,1.134457111358642578e+00,6.621195077896118164e-01
2.927917287903866850e+01,3.155745808401701780e+01,1.447336181640625000e+03,1.620541334152221680e+00,6.436140000000000860e+00,1.242260932922363281e+00,7.738143205642700195e-01
2.927821577414477616e+01,3.158215305699551578e+01,1.689245483398437500e+03,1.572957754135131836e+00,6.436150000000000482e+00,1.341443419456481934e+00,8.709368705749511719e-01
2.927805739661306106e+01,3.159578882076163353e+01,1.396124633789062500e+03,2.170366764068603516e+00,6.436160000000000103e+00,9.678305387496948242e-01,5.965064764022827148e-01
2.928248302604976772e+01,3.162403868889182235e+01,1.305148071289062500e+03,1.817651510238647461e+00,6.436170000000000613e+00,1.294293522834777832e+00,7.812148332595825195e-01
2.927683958254467456e+01,3.164189031824428255e+01,1.280294555664062500e+03,1.684746265411376953e+00,6.436180000000000234e+00,9.367024898529052734e-01,5.618689060211181641e-01
2.928140346715330722e+01,3.165890927104721797e+01,1.227070434570312500e+03,1.858092069625854492e+00,6.436190000000000744e+00,8.488115072250366211e-01,5.019779205322265625e-01
2.928692275722641725e+01,3.168032247305895055e+01,1.290722045898437500e+03,1.385095834732055664e+00,6.436200000000000365e+00,7.716017365455627441e-01,4.640596807003021240e-01
2.928087725717367817e+01,3.170829825051671236e+01,1.354989990234375000e+03,1.206022024154663086e+00,6.436210000000000875e+00,8.234055638313293457e-01,5.028934478759765625e-01
2.928521283513420315e+01,3.173042428988147634e+01,1.300181762695312500e+03,1.010702371597290039e+00,6.436220000000000496e+00,8.796343803405761719e-01,5.302830934524536133e-01
2.928708825378000924e+01,3.174562746641114330e+01,1.518440673828125000e+03,1.072877168655395508e+00,6.436230000000000118e+00,9.703482389450073242e-01,6.126808524131774902e-01
2.928344770088136428e+01,3.177265164582225054e+01,1.192341674804687500e+03,1.199934005737304688e+00,6.436240000000000627e+00,9.920157790184020996e-01,5.808661580085754395e-01
2.927633936658360980e+01,3.179809508225118719e+01,1.057858520507812500e+03,1.393287897109985352e+00,6.436250000000000249e+00,9.276234507560729980e-01,5.194492936134338379e-01
2.928207626654675977e+01,3.181356903963529348e+01,1.129642456054687500e+03,1.334757328033447266e+00,6.436260000000000758e+00,8.121140003204345703e-01,4.663485288619995117e-01
2.927519604186759494e+01,3.183314335413358265e+01,1.311013793945312500e+03,1.437435865402221680e+00,6.436270000000000380e+00,8.639177680015563965e-01,5.221958756446838379e-01
2.927449758776542410e+01,3.186137114858393815e+01,1.082036254882812500e+03,1.214683771133422852e+00,6.436280000000000889e+00,7.767134904861450195e-01,4.388062953948974609e-01
2.927911916006262771e+01,3.188392532779841204e+01,1.611853393554687500e+03,1.196459054946899414e+00,6.436290000000000511e+00,8.680377006530761719e-01,5.569097995758056641e-01
2.928068720760792587e+01,3.190991364239394201e+01,1.122062622070312500e+03,8.899790644645690918e-01,6.436300000000000132e+00,9.229695200920104980e-01,5.286809206008911133e-01
2.927986529261992388e+01,3.192504251270150206e+01,1.113993652343750000e+03,1.307142496109008789e+00,6.436310000000000642e+00,9.285389780998229980e-01,5.304356813430786133e-01
2.928265770828439685e+01,3.195275957835267278e+01,1.349239379882812500e+03,1.246852397918701172e+00,6.436320000000000263e+00,9.682120084762573242e-01,5.905555486679077148e-01
2.927844327707475003e+01,3.197484925701354541e+01,9.958204956054687500e+02,1.281853437423706055e+00,6.436330000000000773e+00,8.647570013999938965e-01,4.724520444869995117e-01
2.927677654185590228e+01,3.199171180093626887e+01,1.410994140625000000e+03,1.239176511764526367e+00,6.436340000000000394e+00,8.854327797889709473e-01,5.474492907524108887e-01
2.927285170571639128e+01,3.202056769129131197e+01,1.132121826171875000e+03,1.180250167846679688e+00,6.436350000000000904e+00,7.830458879470825195e-01,4.500215649604797363e-01
2.927663293241694831e+01,3.203848665884479630e+01,1.123368530273437500e+03,1.071844816207885742e+00,6.436360000000000525e+00,7.616072297096252441e-01,4.364411830902099609e-01
2.927716270524274833e+01,3.205425021534382779e+01,1.399250488281250000e+03,8.844417929649353027e-01,6.436370000000000147e+00,9.457815289497375488e-01,5.833075642585754395e-01
2.927132221884534502e+01,3.207741479185840205e+01,1.514221313476562500e+03,1.039961099624633789e+00,6.436380000000000656e+00,8.903155922889709473e-01,5.617163181304931641e-01
2.927243236614736688e+01,3.209926587961069089e+01,1.385670166015625000e+03,1.431576728820800781e+00,6.436390000000000278e+00,1.064190149307250977e+00,6.544138193130493164e-01
2.927376689898575890e+01,3.211842446459979072e+01,1.330302612304687500e+03,1.403191804885864258e+00,6.436400000000000787e+00,9.736288785934448242e-01,5.912421941757202148e-01
2.927533675733054253e+01,3.214167180871368146e+01,1.108614868164062500e+03,1.672962427139282227e+00,6.436410000000000409e+00,8.325608372688293457e-01,4.747408926486968994e-01
2.927347799482967972e+01,3.216254465391894968e+01,1.196521484375000000e+03,1.440093040466308594e+00,6.436420000000000918e+00,7.940322756767272949e-01,4.655092954635620117e-01
2.928063363723425283e+01,3.218444896610859729e+01,9.693948974609375000e+02,1.129943847656250000e+00,6.436430000000000540e+00,8.411058187484741211e-01,4.542940258979797363e-01
2.927234236342100004e+01,3.220427649156182781e+01,1.303738891601562500e+03,1.008678197860717773e+00,6.436440000000000161e+00,8.861957192420959473e-01,5.347081422805786133e-01
2.927350982297232562e+01,3.223415780253545648e+01,1.382511962890625000e+03,1.074360132217407227e+00,6.436450000000000671e+00,6.590677499771118164e-01,4.050079584121704102e-01
2.928181571243125347e+01,3.224984718212910906e+01,1.171288940429687500e+03,1.220256805419921875e+00,6.436460000000000292e+00,7.947952151298522949e-01,4.624575078487396240e-01
2.927684219076009242e+01,3.227426672716217126e+01,1.053830444335937500e+03,8.350688815116882324e-01,6.436470000000000802e+00,7.015636563301086426e-01,3.922668099403381348e-01
2.926879872375026892e+01,3.229814870787910053e+01,9.566834716796875000e+02,9.146041274070739746e-01,6.436480000000000423e+00,8.536180853843688965e-01,4.584139287471771240e-01
2.927903513243863642e+01,3.231619377987743746e+01,9.168177490234375000e+02,8.244628310203552246e-01,6.436490000000000933e+00,8.798632621765136719e-01,4.636019170284271240e-01
2.927176835584980097e+01,3.234003894367104692e+01,1.021752746582031250e+03,1.094923734664916992e+00,6.436500000000000554e+00,8.897052407264709473e-01,4.912967383861541748e-01
2.927489737529695191e+01,3.235716368015795297e+01,1.154565307617187500e+03,1.125785827636718750e+00,6.436510000000000176e+00,9.329640865325927734e-01,5.400487780570983887e-01
2.927532677152090912e+01,3.238697151549600761e+01,1.236896850585937500e+03,1.274903535842895508e+00,6.436520000000000685e+00,8.124191761016845703e-01,4.817599654197692871e-01
2.927998581877422879e+01,3.239703585271897168e+01,1.320143798828125000e+03,1.111667871475219727e+00,6.436530000000000307e+00,7.487897872924804688e-01,4.536073803901672363e-01
2.927920872121504203e+01,3.242216575406445855e+01,1.134652343750000000e+03,1.008529186248779297e+00,6.436540000000000816e+00,8.816180229187011719e-01,5.070896148681640625e-01
2.927936351493941558e+01,3.244116755320882106e+01,1.091656616210937500e+03,9.288579821586608887e-01,6.436550000000000438e+00,1.044048428535461426e+00,5.918525457382202148e-01
2.928203097306808900e+01,3.246953885237057591e+01,1.058606323242187500e+03,1.172698259353637695e+00,6.436560000000000947e+00,8.015090823173522949e-01,4.489534199237823486e-01
2.928075332604371184e+01,3.249483214969252032e+01,1.324176513671875000e+03,1.223908185958862305e+00,6.436570000000000569e+00,8.332474827766418457e-01,5.052585601806640625e-01
2.927440384836388532e+01,3.251802972755207577e+01,1.685406127929687500e+03,1.011421203613281250e+00,6.436580000000000190e+00,6.701304316520690918e-01,4.348390102386474609e-01
2.927634489600425383e+01,3.253636133429137089e+01,1.215603515625000000e+03,1.088802337646484375e+00,6.436590000000000700e+00,7.142285108566284180e-01,4.210297465324401855e-01
2.927694673310014295e+01,3.255813879632015073e+01,9.901824951171875000e+02,7.767063975334167480e-01,6.436600000000000321e+00,7.678633332252502441e-01,4.185120463371276855e-01
2.927544973001984019e+01,3.258014847573988249e+01,1.013695495605468750e+03,8.885425925254821777e-01,6.436610000000000831e+00,7.654982209205627441e-01,4.213349223136901855e-01
2.928108646162656470e+01,3.259791861498729304e+01,1.156002929687500000e+03,7.744235396385192871e-01,6.436620000000000452e+00,8.204300999641418457e-01,4.751223623752593994e-01
2.927916744740627308e+01,3.262590053085092023e+01,1.187676025390625000e+03,9.268600344657897949e-01,6.436630000000000962e+00,8.646044135093688965e-01,5.055637359619140625e-01
2.927597247035144079e+01,3.265003329543940680e+01,1.103601806640625000e+03,1.122563600540161133e+00,6.436640000000000583e+00,8.591875433921813965e-01,4.890842139720916748e-01
2.927933247143752027e+01,3.266783014760017778e+01,9.933980712890625000e+02,1.066177606582641602e+00,6.436650000000000205e+00,7.753401994705200195e-01,4.231659770011901855e-01
2.927988628087151568e+01,3.268497375350650458e+01,1.038773193359375000e+03,1.015268087387084961e+00,6.436660000000000714e+00,7.643538117408752441e-01,4.249207377433776855e-01
2.927192185811236413e+01,3.270554642239240906e+01,1.405901855468750000e+03,8.876497149467468262e-01,6.436670000000000336e+00,7.967025637626647949e-01,4.920596778392791748e-01
2.927831822019211572e+01,3.273252241387915973e+01,1.163760986328125000e+03,9.796900153160095215e-01,6.436680000000000845e+00,7.204083204269409180e-01,4.182068705558776855e-01
2.928234406134489376e+01,3.275750185717585339e+01,1.100772949218750000e+03,9.350520968437194824e-01,6.436690000000000467e+00,7.967025637626647949e-01,4.530733227729797363e-01
2.928076512087927341e+01,3.277404697335987294e+01,1.233895141601562500e+03,7.913500666618347168e-01,6.436700000000000088e+00,9.000049829483032227e-01,5.332585573196411133e-01
2.927416468861031618e+01,3.280020157022025273e+01,1.180690917968750000e+03,1.087826013565063477e+00,6.436710000000000598e+00,8.182938098907470703e-01,4.774874746799468994e-01
2.927962453327393177e+01,3.282454452708392267e+01,1.224837158203125000e+03,1.229158163070678711e+00,6.436720000000000219e+00,9.109150171279907227e-01,5.383702516555786133e-01
2.928225955413591208e+01,3.284202527063614241e+01,1.030467407226562500e+03,1.117933511734008789e+00,6.436730000000000729e+00,8.553728461265563965e-01,4.739779531955718994e-01
2.927269149137577031e+01,3.286855197756941038e+01,1.519554687500000000e+03,9.882254004478454590e-01,6.436740000000000350e+00,7.922012209892272949e-01,5.002994537353515625e-01
2.927504409246797223e+01,3.289047022572355417e+01,1.140092895507812500e+03,1.051593542098999023e+00,6.436750000000000860e+00,8.999286890029907227e-01,5.185337662696838379e-01
2.928426751460459698e+01,3.291280100456434354e+01,1.171671020507812500e+03,1.081226587295532227e+00,6.436760000000000481e+00,9.775962233543395996e-01,5.688879489898681641e-01
2.927828027318881254e+01,3.294023892197245829e+01,1.659868652343750000e+03,1.209233522415161133e+00,6.436770000000000103e+00,8.117325305938720703e-01,5.247136354446411133e-01
2.927983169040964384e+01,3.295466370344821172e+01,1.268157592773437500e+03,1.309899806976318359e+00,6.436780000000000612e+00,7.490186691284179688e-01,4.478853046894073486e-01
2.928498561134509615e+01,3.297134497790241170e+01,1.226127929687500000e+03,1.141875505447387695e+00,6.436790000000000234e+00,8.163864612579345703e-01,4.826754927635192871e-01
2.928563032988969539e+01,3.299854503448101184e+01,9.068430175781250000e+02,9.509271979331970215e-01,6.436800000000000743e+00,8.985553979873657227e-01,4.710787534713745117e-01
2.927792873882975044e+01,3.301774907381697943e+01,1.000576110839843750e+03,1.026025533676147461e+00,6.436810000000000365e+00,1.004070281982421875e+00,5.496618151664733887e-01
2.927874348101520141e+01,3.303745029396275612e+01,1.411464599609375000e+03,1.128887653350830078e+00,6.436820000000000874e+00,8.176071643829345703e-01,5.055637359619140625e-01
2.928716098547575797e+01,3.306185941447945709e+01,1.021814147949218750e+03,1.438617229461669922e+00,6.436830000000000496e+00,7.740432024002075195e-01,4.274384677410125732e-01
2.927500399031671563e+01,3.308410186307938261e+01,1.596890747070312500e+03,1.019088745117187500e+00,6.436840000000000117e+00,9.975852966308593750e-01,6.384683251380920410e-01
2.928108600719920673e+01,3.310237594242917680e+01,1.277810668945312500e+03,1.222753047943115234e+00,6.436850000000000627e+00,8.133347034454345703e-01,4.875583052635192871e-01
2.928173977692441454e+01,3.312774266044829119e+01,9.993295898437500000e+02,1.479551315307617188e+00,6.436860000000000248e+00,8.580431342124938965e-01,4.694765806198120117e-01
2.927884814489577536e+01,3.315599151929185240e+01,1.273679565429687500e+03,1.053361415863037109e+00,6.436870000000000758e+00,8.529314398765563965e-01,5.107517838478088379e-01
2.928057653246874281e+01,3.317118571252247250e+01,1.201283447265625000e+03,1.101036787033081055e+00,6.436880000000000379e+00,9.136615991592407227e-01,5.363866090774536133e-01
2.928894855048453394e+01,3.319465231768771929e+01,1.304684082031250000e+03,1.120039939880371094e+00,6.436890000000000889e+00,8.551439642906188965e-01,5.160923600196838379e-01
2.928386035653948483e+01,3.321944623617681458e+01,1.087867675781250000e+03,1.053847789764404297e+00,6.436900000000000510e+00,9.094654321670532227e-01,5.148716568946838379e-01
2.928171988211690646e+01,3.324847900521512400e+01,1.009919311523437500e+03,9.974235892295837402e-01,6.436910000000000132e+00,9.425771236419677734e-01,5.179997086524963379e-01
2.928608562246629887e+01,3.326146301361274027e+01,9.576126708984375000e+02,1.165635108947753906e+00,6.436920000000000641e+00,9.466970562934875488e-01,5.086155533790588379e-01
2.928867880592484951e+01,3.328151040439787067e+01,1.115968627929687500e+03,1.129472970962524414e+00,6.436930000000000263e+00,9.608877301216125488e-01,5.492803454399108887e-01
2.928258631859928229e+01,3.330407485880276397e+01,1.025215087890625000e+03,1.107669591903686523e+00,6.436940000000000772e+00,8.905444741249084473e-01,4.924411475658416748e-01
2.928716620394075321e+01,3.333130372764080818e+01,9.610049438476562500e+02,1.147938489913940430e+00,6.436950000000000394e+00,1.006206512451171875e+00,5.414220690727233887e-01
2.929088911427945874e+01,3.335092634305470938e+01,1.142285278320312500e+03,1.192219972610473633e+00,6.436960000000000903e+00,7.596998810768127441e-01,4.380433559417724609e-01
2.928353942589689041e+01,3.337006745378990047e+01,1.461362060546875000e+03,1.222807884216308594e+00,6.436970000000000525e+00,7.282666563987731934e-01,4.549043774604797363e-01
2.928396976618406811e+01,3.338836599639447655e+01,1.028515502929687500e+03,9.242350459098815918e-01,6.436980000000000146e+00,8.003646731376647949e-01,4.431550800800323486e-01
2.928953447255840814e+01,3.341583212772267331e+01,1.070233154296875000e+03,9.757656455039978027e-01,6.436990000000000656e+00,7.614546418190002441e-01,4.283539950847625732e-01
2.928410936903785711e+01,3.343538728470841903e+01,1.448283203125000000e+03,8.301276564598083496e-01,6.437000000000000277e+00,8.575090765953063965e-01,5.342503786087036133e-01
2.927859220467436074e+01,3.345899921154511958e+01,1.557927246093750000e+03,1.065129756927490234e+00,6.437010000000000787e+00,8.853564858436584473e-01,5.629370212554931641e-01
2.928624414048764990e+01,3.348164680879654043e+01,1.545304199218750000e+03,1.125783443450927734e+00,6.437020000000000408e+00,1.137432575225830078e+00,7.216290235519409180e-01
2.928804150056337718e+01,3.350591341970342540e+01,1.490598876953125000e+03,1.519488811492919922e+00,6.437030000000000918e+00,1.024669766426086426e+00,6.436563134193420410e-01
2.928384230316174808e+01,3.352266212837585613e+01,1.996885498046875000e+03,1.822946786880493164e+00,6.437040000000000539e+00,9.695090055465698242e-01,6.539560556411743164e-01
2.928216181861038692e+01,3.354781695355089255e+01,1.770901977539062500e+03,1.641357660293579102e+00,6.437050000000000161e+00,8.881030678749084473e-01,5.832312703132629395e-01
2.928735306960406604e+01,3.357270426211456993e+01,1.143092041015625000e+03,1.374424219131469727e+00,6.437060000000000670e+00,9.227406382560729980e-01,5.321904420852661133e-01
2.928336238647622736e+01,3.359609569388973682e+01,1.223570312500000000e+03,1.201442003250122070e+00,6.437070000000000292e+00,1.092800498008728027e+00,6.456399559974670410e-01
2.928025822782252163e+01,3.362154684289325246e+01,1.335399169921875000e+03,1.370452165603637695e+00,6.437080000000000801e+00,9.840049147605895996e-01,5.982612371444702148e-01
2.928358902727564583e+01,3.363155708113188069e+01,9.847016601562500000e+02,1.672304391860961914e+00,6.437090000000000423e+00,9.071766138076782227e-01,4.932803809642791748e-01
2.928739297141498810e+01,3.365378147151344024e+01,1.309776123046875000e+03,1.421647787094116211e+00,6.437100000000000932e+00,8.972583413124084473e-01,5.421850085258483887e-01
2.928035720074668546e+01,3.368077069931948131e+01,1.164912597656250000e+03,1.254449605941772461e+00,6.437110000000000554e+00,8.697924613952636719e-01,5.051059722900390625e-01
2.928585995119164664e+01,3.370121669107534501e+01,1.055902343750000000e+03,1.215040206909179688e+00,6.437120000000000175e+00,9.929313659667968750e-01,5.556128025054931641e-01
2.928316344446542985e+01,3.371435477262983937e+01,9.444956665039062500e+02,1.187231063842773438e+00,6.437130000000000685e+00,9.643210172653198242e-01,5.149479508399963379e-01
2.928253283675322294e+01,3.374777513302493759e+01,1.157180297851562500e+03,1.328886270523071289e+00,6.437140000000000306e+00,9.196888804435729980e-01,5.328007936477661133e-01
2.927908069552429993e+01,3.376948022276917527e+01,1.170936523437500000e+03,1.243161678314208984e+00,6.437150000000000816e+00,9.814872145652770996e-01,5.710242390632629395e-01
2.928585027079705938e+01,3.378580586280959608e+01,1.202165893554687500e+03,1.296621084213256836e+00,6.437160000000000437e+00,8.718523979187011719e-01,5.119724869728088379e-01
2.927894629499126822e+01,3.380730245258330058e+01,1.245399169921875000e+03,1.303410053253173828e+00,6.437170000000000947e+00,9.344136714935302734e-01,5.553839206695556641e-01
2.928042908482238360e+01,3.382921452762152370e+01,1.461930419921875000e+03,1.175955057144165039e+00,6.437180000000000568e+00,1.001018524169921875e+00,6.253457069396972656e-01
2.928771933904403113e+01,3.385352813071939693e+01,1.094435791015625000e+03,1.293591976165771484e+00,6.437190000000000190e+00,8.063919544219970703e-01,4.575746953487396240e-01
2.928477577163640788e+01,3.387879494917324052e+01,8.951845703125000000e+02,1.240621328353881836e+00,6.437200000000000699e+00,7.468824386596679688e-01,3.892150521278381348e-01
2.928411567162459050e+01,3.390122144309190588e+01,1.371365356445312500e+03,9.275860190391540527e-01,6.437210000000000321e+00,7.684736847877502441e-01,4.710787534713745117e-01
2.927974077273745834e+01,3.391847473031794635e+01,8.764223022460937500e+02,8.869094252586364746e-01,6.437220000000000830e+00,8.514055013656616211e-01,4.392640590667724609e-01
2.928716329596472079e+01,3.394834113384192165e+01,9.430673217773437500e+02,9.154505133628845215e-01,6.437230000000000452e+00,8.317216038703918457e-01,4.438417255878448486e-01
2.927956378033728768e+01,3.397364935075520975e+01,1.220187622070312500e+03,1.073820114135742188e+00,6.437240000000000961e+00,8.578142523765563965e-01,5.063266754150390625e-01
2.928442555596928187e+01,3.398490299112129520e+01,1.229354370117187500e+03,9.136111140251159668e-01,6.437250000000000583e+00,9.226643443107604980e-01,5.459997057914733887e-01
2.928611055655562367e+01,3.400559723638735221e+01,1.135432128906250000e+03,1.231047630310058594e+00,6.437260000000000204e+00,7.507734298706054688e-01,4.319398105144500732e-01
2.927815713502178596e+01,3.403605524969363216e+01,1.009911926269531250e+03,1.131680727005004883e+00,6.437270000000000714e+00,7.332257628440856934e-01,4.029480218887329102e-01
2.927627080196665332e+01,3.405035027746093590e+01,1.148736328125000000e+03,9.227067828178405762e-01,6.437280000000000335e+00,8.628496527671813965e-01,4.985446929931640625e-01
2.928460150369404147e+01,3.407377348193663380e+01,1.104794189453125000e+03,8.996648192405700684e-01,6.437290000000000845e+00,8.222611546516418457e-01,4.682558774948120117e-01
2.928235542613101217e+01,3.409650247158612757e+01,1.158995849609375000e+03,1.127731323242187500e+00,6.437300000000000466e+00,8.617815375328063965e-01,4.995365142822265625e-01
2.928305527883481219e+01,3.412246998327820791e+01,1.272793457031250000e+03,1.085510969161987305e+00,6.437310000000000088e+00,8.800158500671386719e-01,5.268498659133911133e-01
2.928308645614460204e+01,3.414552745170026071e+01,1.617220092773437500e+03,1.022629261016845703e+00,6.437320000000000597e+00,8.316453099250793457e-01,5.340214967727661133e-01
2.928227404314496241e+01,3.416057803424517658e+01,1.128416748046875000e+03,1.051851034164428711e+00,6.437330000000000219e+00,7.497053146362304688e-01,4.303376376628875732e-01
2.928322822779486856e+01,3.418280033470148283e+01,1.291675659179687500e+03,1.007260799407958984e+00,6.437340000000000728e+00,8.272202610969543457e-01,4.976291656494140625e-01
2.928037102735995489e+01,3.420792015660579466e+01,1.021760253906250000e+03,9.643692374229431152e-01,6.437350000000000350e+00,9.634817838668823242e-01,5.320378541946411133e-01
2.928703338489584596e+01,3.422247482109564487e+01,1.259289306640625000e+03,1.067097902297973633e+00,6.437360000000000859e+00,8.952746987342834473e-01,5.340977907180786133e-01
2.927992064867720501e+01,3.424358502018552031e+01,1.159984252929687500e+03,1.234709739685058594e+00,6.437370000000000481e+00,9.057270288467407227e-01,5.251713991165161133e-01
2.928162057736553692e+01,3.427028376640203788e+01,1.415660400390625000e+03,1.240601062774658203e+00,6.437380000000000102e+00,9.871329665184020996e-01,6.109260916709899902e-01
2.928566655979133060e+01,3.429544649454284411e+01,1.477412597656250000e+03,1.291274547576904297e+00,6.437390000000000612e+00,1.072658777236938477e+00,6.721140742301940918e-01
2.928447541679656041e+01,3.431188897289788997e+01,1.173527587890625000e+03,1.525001049041748047e+00,6.437400000000000233e+00,1.022380948066711426e+00,5.952857732772827148e-01
2.928302740606385157e+01,3.433126350258829262e+01,1.429951782226562500e+03,1.580163955688476562e+00,6.437410000000000743e+00,8.726153373718261719e-01,5.416509509086608887e-01
2.928618230190581428e+01,3.436410568497195328e+01,9.929929199218750000e+02,1.456064701080322266e+00,6.437420000000000364e+00,8.796343803405761719e-01,4.800051748752593994e-01
2.928623811879023364e+01,3.438572931074186556e+01,1.068155761718750000e+03,1.125024080276489258e+00,6.437430000000000874e+00,9.828605055809020996e-01,5.524846911430358887e-01
2.928034655683807941e+01,3.439661734230480761e+01,1.067001586914062500e+03,1.180626869201660156e+00,6.437440000000000495e+00,9.434926509857177734e-01,5.301305055618286133e-01
2.928543047468826188e+01,3.441434346908262398e+01,1.353878784179687500e+03,1.275151491165161133e+00,6.437450000000000117e+00,9.290730357170104980e-01,5.672857761383056641e-01
2.928474447485996990e+01,3.444465064721833159e+01,1.158400024414062500e+03,1.301974773406982422e+00,6.437460000000000626e+00,8.557543158531188965e-01,4.959506690502166748e-01
2.928366906238294121e+01,3.446637848157555339e+01,1.354370483398437500e+03,1.202195405960083008e+00,6.437470000000000248e+00,8.443864583969116211e-01,5.156345963478088379e-01
2.928711270230462560e+01,3.448610252920627062e+01,1.157817382812500000e+03,1.063595533370971680e+00,6.437480000000000757e+00,9.649313688278198242e-01,5.591223239898681641e-01
2.929284302723747757e+01,3.450970226048748657e+01,1.370902587890625000e+03,1.184060096740722656e+00,6.437490000000000379e+00,9.384572505950927734e-01,5.752204060554504395e-01
2.928336405984353519e+01,3.453689111866707151e+01,1.243022949218750000e+03,1.417728185653686523e+00,6.437500000000000888e+00,9.714926481246948242e-01,5.770514607429504395e-01
2.928485202047562552e+01,3.455016885293842677e+01,1.444207031250000000e+03,1.314072132110595703e+00,6.437510000000000510e+00,9.778251051902770996e-01,6.087135672569274902e-01
2.928756151839359134e+01,3.457597529219648180e+01,1.270885253906250000e+03,1.291501045227050781e+00,6.437520000000000131e+00,8.795580863952636719e-01,5.263158082962036133e-01
2.928803115260924983e+01,3.459906095960882766e+01,1.529236328125000000e+03,1.401507377624511719e+00,6.437530000000000641e+00,9.463918805122375488e-01,5.987190008163452148e-01
2.928087072726645346e+01,3.461980898058104117e+01,1.063874389648437500e+03,1.333747625350952148e+00,6.437540000000000262e+00,9.391438961029052734e-01,5.270787477493286133e-01
2.929290812419732859e+01,3.463988081334174751e+01,1.051143554687500000e+03,1.479311704635620117e+00,6.437550000000000772e+00,8.451493978500366211e-01,4.720705747604370117e-01
2.928562775267511853e+01,3.465979044246881813e+01,1.045521728515625000e+03,1.225438833236694336e+00,6.437560000000000393e+00,9.252583384513854980e-01,5.157108902931213379e-01
2.927939263299833073e+01,3.468656614484142864e+01,1.401746337890625000e+03,1.132666587829589844e+00,6.437570000000000903e+00,9.320485591888427734e-01,5.751441121101379395e-01
2.928504538252898115e+01,3.470897569160699447e+01,1.196530151367187500e+03,1.152386188507080078e+00,6.437580000000000524e+00,1.206173777580261230e+00,7.071331143379211426e-01
2.928117093196895482e+01,3.472823313927753475e+01,1.245585937500000000e+03,1.734566211700439453e+00,6.437590000000000146e+00,9.611929655075073242e-01,5.713294148445129395e-01
2.929405715764116991e+01,3.474715287523537910e+01,1.036633666992187500e+03,1.767528772354125977e+00,6.437600000000000655e+00,8.807787895202636719e-01,4.892368018627166748e-01
2.928301273983267805e+01,3.477204660806906844e+01,1.306780883789062500e+03,1.307775497436523438e+00,6.437610000000000277e+00,8.933673501014709473e-01,5.394384264945983887e-01
2.928719062317216171e+01,3.479827089294489895e+01,9.700379028320312500e+02,1.294760227203369141e+00,6.437620000000000786e+00,8.795580863952636719e-01,4.751986563205718994e-01
2.928760889078699492e+01,3.481905722754662236e+01,1.461680908203125000e+03,1.204325675964355469e+00,6.437630000000000408e+00,9.651602506637573242e-01,6.029152274131774902e-01
2.927976130643948238e+01,3.483593220689971304e+01,1.535987060546875000e+03,1.276862144470214844e+00,6.437640000000000917e+00,1.011623382568359375e+00,6.407571434974670410e-01
2.928700870420097857e+01,3.486204186679709949e+01,1.380545532226562500e+03,1.254909753799438477e+00,6.437650000000000539e+00,1.033214688301086426e+00,6.346536278724670410e-01
2.928669911469288678e+01,3.488578797998417258e+01,1.471801147460937500e+03,1.484447240829467773e+00,6.437660000000000160e+00,8.851276040077209473e-01,5.540105700492858887e-01
2.928162353507017102e+01,3.490708835580453950e+01,1.222255981445312500e+03,1.652849435806274414e+00,6.437670000000000670e+00,7.560377120971679688e-01,4.465120136737823486e-01
2.928119281826780451e+01,3.492953594348858104e+01,1.337286743164062500e+03,1.123165607452392578e+00,6.437680000000000291e+00,9.149586558341979980e-01,5.565283298492431641e-01
2.928694520695703574e+01,3.494518997266278149e+01,1.091947753906250000e+03,1.105253219604492188e+00,6.437690000000000801e+00,9.434163570404052734e-01,5.348607301712036133e-01
2.928279605936419827e+01,3.497327319805461343e+01,1.062606689453125000e+03,1.320487976074218750e+00,6.437700000000000422e+00,9.550893902778625488e-01,5.357762575149536133e-01
2.928105496363247440e+01,3.498860695807134391e+01,1.132862670898437500e+03,1.252676963806152344e+00,6.437710000000000932e+00,8.947406411170959473e-01,5.143375992774963379e-01
2.928371197328953812e+01,3.501248565935726020e+01,1.305652954101562500e+03,1.222866296768188477e+00,6.437720000000000553e+00,8.966479897499084473e-01,5.412694811820983887e-01
2.928307493688261687e+01,3.503510578005477782e+01,1.209520874023437500e+03,1.185500144958496094e+00,6.437730000000000175e+00,8.746752738952636719e-01,5.147190690040588379e-01
2.927962130909815741e+01,3.505959428024405611e+01,1.572357666015625000e+03,1.173551797866821289e+00,6.437740000000000684e+00,8.624681830406188965e-01,5.497381091117858887e-01
2.928145492005602435e+01,3.507093726918826349e+01,1.176390136718750000e+03,1.286086559295654297e+00,6.437750000000000306e+00,8.594164252281188965e-01,5.008335113525390625e-01
2.929178092522500165e+01,3.509521573695170815e+01,1.392225097656250000e+03,1.112546443939208984e+00,6.437760000000000815e+00,9.589803814888000488e-01,5.905555486679077148e-01
2.928329285942379556e+01,3.511572470670926549e+01,1.080623413085937500e+03,1.159271717071533203e+00,6.437770000000000437e+00,8.857379555702209473e-01,5.001468658447265625e-01
2.928098687940536493e+01,3.514138818836018174e+01,1.434335937500000000e+03,1.225250482559204102e+00,6.437780000000000946e+00,1.005443572998046875e+00,6.246590614318847656e-01
2.928652553028006622e+01,3.516050651552966855e+01,1.273885742187500000e+03,1.236901998519897461e+00,6.437790000000000568e+00,8.765826225280761719e-01,5.249425172805786133e-01
2.928602093330471234e+01,3.518393579225275403e+01,1.426796630859375000e+03,1.451115131378173828e+00,6.437800000000000189e+00,8.425554037094116211e-01,5.226536393165588379e-01
2.928210668549479934e+01,3.520697288389325053e+01,1.064926025390625000e+03,1.107931852340698242e+00,6.437810000000000699e+00,1.020855069160461426e+00,5.731604695320129395e-01
2.928990709603339937e+01,3.522600800102568286e+01,1.050409790039062500e+03,1.438893795013427734e+00,6.437820000000000320e+00,1.010021209716796875e+00,5.640051364898681641e-01
2.929145553651517631e+01,3.524809566597897970e+01,1.160246337890625000e+03,1.506043195724487305e+00,6.437830000000000830e+00,9.199940562248229980e-01,5.334874391555786133e-01
2.927952635653950253e+01,3.526797252629636859e+01,1.044247192382812500e+03,1.301331043243408203e+00,6.437840000000000451e+00,8.742175102233886719e-01,4.870242476463317871e-01
2.929085079581174256e+01,3.529294614528581064e+01,1.269534912109375000e+03,1.145803451538085938e+00,6.437850000000000961e+00,8.872638344764709473e-01,5.307408571243286133e-01
2.928880783493715612e+01,3.531906144096307543e+01,1.002604919433593750e+03,1.328548908233642578e+00,6.437860000000000582e+00,8.191330432891845703e-01,4.488008320331573486e-01
2.928451197167386511e+01,3.534306792192570157e+01,1.223781372070312500e+03,1.133014678955078125e+00,6.437870000000000203e+00,8.118851184844970703e-01,4.796999990940093994e-01
2.928503039918966877e+01,3.535167303302696951e+01,1.189042846679687500e+03,1.088999032974243164e+00,6.437880000000000713e+00,9.452474117279052734e-01,5.529424548149108887e-01
2.928450064045281565e+01,3.537816530569386231e+01,1.444553344726562500e+03,1.018651247024536133e+00,6.437890000000000335e+00,1.288418889045715332e+00,8.021194338798522949e-01
2.929001886627767348e+01,3.540246683925573024e+01,1.263971923828125000e+03,1.580178260803222656e+00,6.437900000000000844e+00,1.100201010704040527e+00,6.571604013442993164e-01
2.928238535608012683e+01,3.542584917602221140e+01,1.607842773437500000e+03,1.956845045089721680e+00,6.437910000000000466e+00,1.066250085830688477e+00,6.836345195770263672e-01
2.928648968202504932e+01,3.544197992494108007e+01,1.184007690429687500e+03,1.762760400772094727e+00,6.437920000000000087e+00,1.013149261474609375e+00,5.917762517929077148e-01
2.928385341074344694e+01,3.546653540803294646e+01,1.390416259765625000e+03,1.779164791107177734e+00,6.437930000000000597e+00,8.464463949203491211e-01,5.210514664649963379e-01
2.928128911638292919e+01,3.549056641529779199e+01,1.142525634765625000e+03,1.537497758865356445e+00,6.437940000000000218e+00,1.260952949523925781e+00,7.271222472190856934e-01
2.928536881616084031e+01,3.550925643070378612e+01,1.384107666015625000e+03,1.390339851379394531e+00,6.437950000000000728e+00,1.396299004554748535e+00,8.583483099937438965e-01
2.928488038942157701e+01,3.552859791894454133e+01,1.372229003906250000e+03,2.075477361679077148e+00,6.437960000000000349e+00,1.262707710266113281e+00,7.741957902908325195e-01
2.927845964825120006e+01,3.555675986296716928e+01,1.533121093750000000e+03,2.405362844467163086e+00,6.437970000000000859e+00,1.407666802406311035e+00,8.911548256874084473e-01
2.928116255590421346e+01,3.557790657496608588e+01,1.470884643554687500e+03,2.182559490203857422e+00,6.437980000000000480e+00,9.125934839248657227e-01,5.711005330085754395e-01
2.928292829914608930e+01,3.560072924548885709e+01,1.172027221679687500e+03,2.214958190917968750e+00,6.437990000000000101e+00,8.675036430358886719e-01,5.048770904541015625e-01
2.928610885217266713e+01,3.561861533752603748e+01,1.063982910156250000e+03,1.392890930175781250e+00,6.438000000000000611e+00,8.833728432655334473e-01,4.957980811595916748e-01
2.928279915867918604e+01,3.564576583720635483e+01,1.071090087890625000e+03,1.237109422683715820e+00,6.438010000000000232e+00,8.444627523422241211e-01,4.751986563205718994e-01
2.927992272007690744e+01,3.566939736605333167e+01,1.274545898437500000e+03,1.029692411422729492e+00,6.438020000000000742e+00,1.020244717597961426e+00,6.110786795616149902e-01
2.928714056456934856e+01,3.568612999033970823e+01,1.297972900390625000e+03,1.058853387832641602e+00,6.438030000000000364e+00,1.037639737129211426e+00,6.251931190490722656e-01
2.927728204867189987e+01,3.570846256748392022e+01,1.379120361328125000e+03,1.614458084106445312e+00,6.438040000000000873e+00,8.964954018592834473e-01,5.505010485649108887e-01
2.928199482214084881e+01,3.572917136832380436e+01,1.311761718750000000e+03,1.758458137512207031e+00,6.438050000000000495e+00,8.163101673126220703e-01,4.935092628002166748e-01
2.928617613709249667e+01,3.575630500675473655e+01,1.238879638671875000e+03,1.235655069351196289e+00,6.438060000000000116e+00,9.085499048233032227e-01,5.390568971633911133e-01
2.928219707514691805e+01,3.577287485898981600e+01,1.201210693359375000e+03,1.178245067596435547e+00,6.438070000000000626e+00,8.314164280891418457e-01,4.880923628807067871e-01
2.928952020177931814e+01,3.579920694666130743e+01,1.992196044921875000e+03,1.016581773757934570e+00,6.438080000000000247e+00,9.785880446434020996e-01,6.597543954849243164e-01
2.929090274602090460e+01,3.582323091699703355e+01,1.261553100585937500e+03,1.274599552154541016e+00,6.438090000000000757e+00,8.797869682312011719e-01,5.251713991165161133e-01
2.928724433984723063e+01,3.583885992843963919e+01,1.398019287109375000e+03,1.504823684692382812e+00,6.438100000000000378e+00,9.320485591888427734e-01,5.746863484382629395e-01
2.928764578525069950e+01,3.586503678270389628e+01,1.289531127929687500e+03,1.237068891525268555e+00,6.438110000000000888e+00,9.078632593154907227e-01,5.458471179008483887e-01
2.929244563375998567e+01,3.588641613006445397e+01,1.210579467773437500e+03,1.242097139358520508e+00,6.438120000000000509e+00,8.668932318687438965e-01,5.102940201759338379e-01
2.929374526128806622e+01,3.591417541887410181e+01,1.314651245117187500e+03,1.183465242385864258e+00,6.438130000000000130e+00,7.621412873268127441e-01,4.610842168331146240e-01
2.928675865263768330e+01,3.593426413145898835e+01,1.772574462890625000e+03,1.210240840911865234e+00,6.438140000000000640e+00,7.768660783767700195e-01,5.102940201759338379e-01
2.929248849536265453e+01,3.595050706517972827e+01,1.341038208007812500e+03,1.015597105026245117e+00,6.438150000000000261e+00,8.073837757110595703e-01,4.915256202220916748e-01
2.929190709750940158e+01,3.597052653134843325e+01,1.174339721679687500e+03,1.087785482406616211e+00,6.438160000000000771e+00,9.414327144622802734e-01,5.482885241508483887e-01
2.929305257322624456e+01,3.599519835692193226e+01,1.401099609375000000e+03,1.224081039428710938e+00,6.438170000000000393e+00,7.840377092361450195e-01,4.837436079978942871e-01
2.928464568479605390e+01,3.601881718256698406e+01,1.073428588867187500e+03,1.229846000671386719e+00,6.438180000000000902e+00,8.247788548469543457e-01,4.645174443721771240e-01
2.929608871882116716e+01,3.602594325129792452e+01,1.265098388671875000e+03,1.037439823150634766e+00,6.438190000000000524e+00,6.979015469551086426e-01,4.169861376285552979e-01
2.928802788801919021e+01,3.606328391242805509e+01,1.158282958984375000e+03,9.231478571891784668e-01,6.438200000000000145e+00,7.207134962081909180e-01,4.176727831363677979e-01
2.928877798746341909e+01,3.608110421851350935e+01,1.185952026367187500e+03,8.622557520866394043e-01,6.438210000000000655e+00,8.861957192420959473e-01,5.179234147071838379e-01
2.929299415282502395e+01,3.609828750207304182e+01,1.160884887695312500e+03,9.059638381004333496e-01,6.438220000000000276e+00,1.067928552627563477e+00,6.193947792053222656e-01
2.929505494536461541e+01,3.611827851079559792e+01,1.109563476562500000e+03,1.175137281417846680e+00,6.438230000000000786e+00,9.712637662887573242e-01,5.540105700492858887e-01
2.929050023599593899e+01,3.614504019648424560e+01,1.154603149414062500e+03,1.533036947250366211e+00,6.438240000000000407e+00,8.235581517219543457e-01,4.767245352268218994e-01
2.929203393422220358e+01,3.616665281354719497e+01,1.189748291015625000e+03,1.137204885482788086e+00,6.438250000000000917e+00,7.748824357986450195e-01,4.533784985542297363e-01
2.929903667109076792e+01,3.618151855789687943e+01,1.127760986328125000e+03,9.448928236961364746e-01,6.438260000000000538e+00,7.519941329956054688e-01,4.315583407878875732e-01
2.929034198035540015e+01,3.621123810389086373e+01,1.206483764648437500e+03,9.458906054496765137e-01,6.438270000000000159e+00,8.121140003204345703e-01,4.774874746799468994e-01
2.928620967369286276e+01,3.623697519932548516e+01,1.161293579101562500e+03,8.922035098075866699e-01,6.438280000000000669e+00,9.907187819480895996e-01,5.746863484382629395e-01
2.928962484592954141e+01,3.626028428090478428e+01,1.316088867187500000e+03,1.152933359146118164e+00,6.438290000000000290e+00,8.781085014343261719e-01,5.314275026321411133e-01
2.929173405641416039e+01,3.627530510537786057e+01,1.062652832031250000e+03,1.312671422958374023e+00,6.438300000000000800e+00,9.830893874168395996e-01,5.514928698539733887e-01
2.928672358991227043e+01,3.629444765206953605e+01,1.358530639648437500e+03,1.257540702819824219e+00,6.438310000000000421e+00,9.027515649795532227e-01,5.517980456352233887e-01
2.929220769382619238e+01,3.632672794400124872e+01,1.312229003906250000e+03,1.368289709091186523e+00,6.438320000000000931e+00,7.844191789627075195e-01,4.742831289768218994e-01
2.928917741551603626e+01,3.634424272158423008e+01,9.081110229492187500e+02,1.275296926498413086e+00,6.438330000000000553e+00,7.947189211845397949e-01,4.169098436832427979e-01
2.928065425966730828e+01,3.636326741738518820e+01,1.105360229492187500e+03,1.019464254379272461e+00,6.438340000000000174e+00,8.774218559265136719e-01,4.997653961181640625e-01
2.928723481292472997e+01,3.638278788773958183e+01,1.416516845703125000e+03,9.102851748466491699e-01,6.438350000000000684e+00,9.942283630371093750e-01,6.154274344444274902e-01
2.929538409047858849e+01,3.641070184554224909e+01,2.281992187500000000e+03,1.285917282104492188e+00,6.438360000000000305e+00,8.012039065361022949e-01,5.547735691070556641e-01
2.928534967164173608e+01,3.643200225349240640e+01,1.247696899414062500e+03,1.347853660583496094e+00,6.438370000000000815e+00,8.490403890609741211e-01,5.049533843994140625e-01
2.928891826733422121e+01,3.645239062856131795e+01,1.044375122070312500e+03,1.146029949188232422e+00,6.438380000000000436e+00,8.103592395782470703e-01,4.514711499214172363e-01
2.928353224107536690e+01,3.647859410387981427e+01,1.800915283203125000e+03,1.075558185577392578e+00,6.438390000000000946e+00,9.452474117279052734e-01,6.232094764709472656e-01
2.928811472744185451e+01,3.649981394023252790e+01,1.409562377929687500e+03,1.119340181350708008e+00,6.438400000000000567e+00,9.029804468154907227e-01,5.581305027008056641e-01
2.927471747308836925e+01,3.652356859517708187e+01,1.163070190429687500e+03,1.350581169128417969e+00,6.438410000000000188e+00,8.909259438514709473e-01,5.170841813087463379e-01
2.929140334928094447e+01,3.654357873865460249e+01,1.381027832031250000e+03,1.156507253646850586e+00,6.438420000000000698e+00,9.038196802139282227e-01,5.552313327789306641e-01
2.928776168141499880e+01,3.656843510827575017e+01,1.506113403320312500e+03,1.235051870346069336e+00,6.438430000000000319e+00,1.000637054443359375e+00,6.303811073303222656e-01
2.928828797836671782e+01,3.659014921215061378e+01,1.466614013671875000e+03,1.423073530197143555e+00,6.438440000000000829e+00,8.655199408531188965e-01,5.411931872367858887e-01
2.928658433551740359e+01,3.661489130377127310e+01,1.537933959960937500e+03,1.455069303512573242e+00,6.438450000000000450e+00,9.936943054199218750e-01,6.296181678771972656e-01
2.929401739539575189e+01,3.662654759283821448e+01,1.498763916015625000e+03,1.245110750198364258e+00,6.438460000000000960e+00,9.289967417716979980e-01,5.844519734382629395e-01
2.928440687315413982e+01,3.664955601299087107e+01,1.128947998046875000e+03,1.656200408935546875e+00,6.438470000000000582e+00,7.826644182205200195e-01,4.493349194526672363e-01
2.928992643386741790e+01,3.668423344345649184e+01,1.285165649414062500e+03,1.175648689270019531e+00,6.438480000000000203e+00,8.402665853500366211e-01,5.046482086181640625e-01
2.929540620783244620e+01,3.669730152456107675e+01,1.266856323242187500e+03,1.115927219390869141e+00,6.438490000000000713e+00,8.106644153594970703e-01,4.845828413963317871e-01
2.929619104788562112e+01,3.671623086766789612e+01,1.109491455078125000e+03,9.813815951347351074e-01,6.438500000000000334e+00,8.744463920593261719e-01,4.987735748291015625e-01
2.929032668242239623e+01,3.674049814496435573e+01,1.184035400390625000e+03,9.624130129814147949e-01,6.438510000000000844e+00,8.243973851203918457e-01,4.815310835838317871e-01
2.929476368060470648e+01,3.676631177322019539e+01,1.442880859375000000e+03,1.199621677398681641e+00,6.438520000000000465e+00,7.905227541923522949e-01,4.919833838939666748e-01
2.929203894762665783e+01,3.678598896496274762e+01,1.222640258789062500e+03,1.102580547332763672e+00,6.438530000000000086e+00,8.787951469421386719e-01,5.190678238868713379e-01
2.928589829703376068e+01,3.679950078900611743e+01,1.072321289062500000e+03,9.393138289451599121e-01,6.438540000000000596e+00,7.368878722190856934e-01,4.148499071598052979e-01
2.928913572700414036e+01,3.682830185458708883e+01,1.188401000976562500e+03,1.098083972930908203e+00,6.438550000000000217e+00,1.101574301719665527e+00,6.442666649818420410e-01
2.929113234205275873e+01,3.685094396456851484e+01,1.042800537109375000e+03,8.655447363853454590e-01,6.438560000000000727e+00,1.259198188781738281e+00,7.011058926582336426e-01
2.929217469716267885e+01,3.687382358398050997e+01,1.054025390625000000e+03,1.782222509384155273e+00,6.438570000000000348e+00,8.951221108436584473e-01,5.005283355712890625e-01
2.928347009474340013e+01,3.689340419908255342e+01,1.321353271484375000e+03,1.624768495559692383e+00,6.438580000000000858e+00,1.151470780372619629e+00,6.977489590644836426e-01
2.930367313595525047e+01,3.691301705826848689e+01,9.615366821289062500e+02,1.335596561431884766e+00,6.438590000000000479e+00,8.939777016639709473e-01,4.811496138572692871e-01
2.928941543707989581e+01,3.693420879804470758e+01,1.146492919921875000e+03,1.321939945220947266e+00,6.438600000000000101e+00,1.122326374053955078e+00,6.480050683021545410e-01
2.928788500896604674e+01,3.695520246002945441e+01,1.470230102539062500e+03,1.426273107528686523e+00,6.438610000000000610e+00,8.276017308235168457e-01,5.178471207618713379e-01
2.929242620842430966e+01,3.697704857021883385e+01,1.618950805664062500e+03,1.407846927642822266e+00,6.438620000000000232e+00,1.404538750648498535e+00,9.021412134170532227e-01
2.929540697818699257e+01,3.699660186031881182e+01,1.897877441406250000e+03,1.427808523178100586e+00,6.438630000000000742e+00,1.347699522972106934e+00,8.991657495498657227e-01
2.928575222280717227e+01,3.701984791663121399e+01,1.658237304687500000e+03,2.507954359054565430e+00,6.438640000000000363e+00,1.423230886459350586e+00,9.197651743888854980e-01
2.929254243533306123e+01,3.704063066872650722e+01,1.255649536132812500e+03,2.566228628158569336e+00,6.438650000000000873e+00,9.650076627731323242e-01,5.751441121101379395e-01
2.929162353124923257e+01,3.705631421075705845e+01,1.086083129882812500e+03,2.296193361282348633e+00,6.438660000000000494e+00,8.981738686561584473e-01,5.081577897071838379e-01
2.928695762350407605e+01,3.708342275654572973e+01,1.178712646484375000e+03,1.463522434234619141e+00,6.438670000000000115e+00,7.923538088798522949e-01,4.620760381221771240e-01
2.928338345893100936e+01,3.710280765563600625e+01,1.399408813476562500e+03,1.151196479797363281e+00,6.438680000000000625e+00,9.145771861076354980e-01,5.640814304351806641e-01
2.929377966351857054e+01,3.712512148327861183e+01,1.190224243164062500e+03,1.299130439758300781e+00,6.438690000000000246e+00,8.852038979530334473e-01,5.179997086524963379e-01
2.928401508876106263e+01,3.714347508145799281e+01,1.187306274414062500e+03,1.250829219818115234e+00,6.438700000000000756e+00,1.044124722480773926e+00,6.104683279991149902e-01
2.928626962186426042e+01,3.716721752782581945e+01,1.610813964843750000e+03,1.242438077926635742e+00,6.438710000000000377e+00,7.422285079956054688e-01,4.761141836643218994e-01
2.928661034970898314e+01,3.718895069078355675e+01,1.050965820312500000e+03,1.322859048843383789e+00,6.438720000000000887e+00,7.303265929222106934e-01,4.079071283340454102e-01
2.928748777394355329e+01,3.721543711827894896e+01,1.287970092773437500e+03,8.446187376976013184e-01,6.438730000000000508e+00,8.635362982749938965e-01,5.189915299415588379e-01
2.928188211474842007e+01,3.723259207231739509e+01,1.231222900390625000e+03,9.226829409599304199e-01,6.438740000000000130e+00,9.005390405654907227e-01,5.331822633743286133e-01
2.928735663421781865e+01,3.725531167888926376e+01,1.129100585937500000e+03,1.075094461441040039e+00,6.438750000000000639e+00,8.507951498031616211e-01,4.884738624095916748e-01
2.929132775437981095e+01,3.727529113050575660e+01,1.175987182617187500e+03,1.361013174057006836e+00,6.438760000000000261e+00,8.435472249984741211e-01,4.915256202220916748e-01
2.928855226839092651e+01,3.729685832076850716e+01,2.444862792968750000e+03,1.239127635955810547e+00,6.438770000000000771e+00,8.485063314437866211e-01,5.947517156600952148e-01
2.928660779055737251e+01,3.732324813794139118e+01,1.214099731445312500e+03,1.142781496047973633e+00,6.438780000000000392e+00,8.038741946220397949e-01,4.736727774143218994e-01
2.928608967623237191e+01,3.734001493631358670e+01,1.269869628906250000e+03,1.247012138366699219e+00,6.438790000000000902e+00,8.099014759063720703e-01,4.845065474510192871e-01
2.928797229416434789e+01,3.736848957598631671e+01,1.248795532226562500e+03,1.027630090713500977e+00,6.438800000000000523e+00,8.993183374404907227e-01,5.350133180618286133e-01
2.927710079374783092e+01,3.738486758500565088e+01,1.150063720703125000e+03,1.031075239181518555e+00,6.438810000000000144e+00,7.980758547782897949e-01,4.613130986690521240e-01
2.929061034987909551e+01,3.740939695898316586e+01,1.190436523437500000e+03,1.154512882232666016e+00,6.438820000000000654e+00,7.088878750801086426e-01,4.148499071598052979e-01
2.928902857472297683e+01,3.743206844415380630e+01,1.071011840820312500e+03,8.296698927879333496e-01,6.438830000000000275e+00,8.179123401641845703e-01,4.602449834346771240e-01
2.928741335817444735e+01,3.745216104207300845e+01,1.531113281250000000e+03,8.317238688468933105e-01,6.438840000000000785e+00,8.004409670829772949e-01,5.065555572509765625e-01
2.928870980009581615e+01,3.747193738433952603e+01,1.096757690429687500e+03,9.063941836357116699e-01,6.438850000000000406e+00,7.509260177612304688e-01,4.264466464519500732e-01
2.929505329934999125e+01,3.750208017754333412e+01,1.436091430664062500e+03,1.073579311370849609e+00,6.438860000000000916e+00,8.566698431968688965e-01,5.324193239212036133e-01
2.928893067001484596e+01,3.752696500314371519e+01,1.375011230468750000e+03,9.195536971092224121e-01,6.438870000000000537e+00,1.220517039299011230e+00,7.487897872924804688e-01
2.929059164416934280e+01,3.754447051391925783e+01,1.427778564453125000e+03,1.300210475921630859e+00,6.438880000000000159e+00,1.058315515518188477e+00,6.566263437271118164e-01
2.929362069169775751e+01,3.756197977058763371e+01,1.138881225585937500e+03,1.679232835769653320e+00,6.438890000000000668e+00,8.845172524452209473e-01,5.094547867774963379e-01
2.929194568064042414e+01,3.758119657843925410e+01,1.480086547851562500e+03,1.187245368957519531e+00,6.438900000000000290e+00,8.222611546516418457e-01,5.154820084571838379e-01
2.928825882322368912e+01,3.761151896175115894e+01,1.728155639648437500e+03,1.166853427886962891e+00,6.438910000000000800e+00,9.679831266403198242e-01,6.319832801818847656e-01
2.929934822808510120e+01,3.762837416723006356e+01,1.197835327148437500e+03,1.091656208038330078e+00,6.438920000000000421e+00,7.474164962768554688e-01,4.383485317230224609e-01
2.929249799094328566e+01,3.764922127026352427e+01,1.348318969726562500e+03,1.196815490722656250e+00,6.438930000000000931e+00,7.244518995285034180e-01,4.417817890644073486e-01
2.928841698444630737e+01,3.767240449259251278e+01,1.528156494140625000e+03,8.836264014244079590e-01,6.438940000000000552e+00,7.777053117752075195e-01,4.919070899486541748e-01
2.929471851104784719e+01,3.769365473621240170e+01,1.231447875976562500e+03,7.989806532859802246e-01,6.438950000000000173e+00,9.047352075576782227e-01,5.356999635696411133e-01
2.929739894978166959e+01,3.771343426019672052e+01,1.271011352539062500e+03,1.127621650695800781e+00,6.438960000000000683e+00,8.041793704032897949e-01,4.812259078025817871e-01
2.929054396752489708e+01,3.773164305688378306e+01,1.260247680664062500e+03,1.043505191802978516e+00,6.438970000000000304e+00,1.113552570343017578e+00,6.644846796989440918e-01
2.929356328761458883e+01,3.776072185403279491e+01,1.364653686523437500e+03,1.303708076477050781e+00,6.438980000000000814e+00,8.282120823860168457e-01,5.069370269775390625e-01
2.930391459359645623e+01,3.778407033095937351e+01,1.300135864257812500e+03,1.492614269256591797e+00,6.438990000000000435e+00,9.193837046623229980e-01,5.542394518852233887e-01
2.929858584621196371e+01,3.780018387221124243e+01,1.496656372070312500e+03,1.160244464874267578e+00,6.439000000000000945e+00,8.603319525718688965e-01,5.410405993461608887e-01
2.929162593803735248e+01,3.781751769745049785e+01,1.333832519531250000e+03,1.236347675323486328e+00,6.439010000000000566e+00,8.688769340515136719e-01,5.280705690383911133e-01
2.929959154867717430e+01,3.784835299889820703e+01,1.362369384765625000e+03,1.083628654479980469e+00,6.439020000000000188e+00,1.037029385566711426e+00,6.344247460365295410e-01
2.930354158289694055e+01,3.787075236657904753e+01,1.146917358398437500e+03,1.451420307159423828e+00,6.439030000000000697e+00,8.473619222640991211e-01,4.893130958080291748e-01
2.929496930144895828e+01,3.789236762229442235e+01,1.207277709960937500e+03,1.299504756927490234e+00,6.439040000000000319e+00,9.442555904388427734e-01,5.553076267242431641e-01
2.929957414059864362e+01,3.791085964138142828e+01,1.227420776367187500e+03,1.055840969085693359e+00,6.439050000000000828e+00,8.545336127281188965e-01,5.054111480712890625e-01
2.930303128545238778e+01,3.792953340452631750e+01,1.100415283203125000e+03,1.171046018600463867e+00,6.439060000000000450e+00,9.859885573387145996e-01,5.606482028961181641e-01
2.930287585162846042e+01,3.795293331298588413e+01,1.120966430664062500e+03,1.130070209503173828e+00,6.439070000000000960e+00,9.387624263763427734e-01,5.375310182571411133e-01
2.929738248796207856e+01,3.797868306633012025e+01,1.265878295898437500e+03,1.393280744552612305e+00,6.439080000000000581e+00,7.716780304908752441e-01,4.611605107784271240e-01
2.930040768761414327e+01,3.799480124374413492e+01,1.237012451171875000e+03,1.102163314819335938e+00,6.439090000000000202e+00,1.004604339599609375e+00,5.957435369491577148e-01
2.930252374417488070e+01,3.802348375628136523e+01,1.346255615234375000e+03,1.176383018493652344e+00,6.439100000000000712e+00,8.218033909797668457e-01,5.009098052978515625e-01
2.930194099823616583e+01,3.804835371432250213e+01,1.968131469726562500e+03,1.173471927642822266e+00,6.439110000000000333e+00,1.068920373916625977e+00,7.188061475753784180e-01
2.929742613714919486e+01,3.806036083535021675e+01,1.735427856445312500e+03,1.358164072036743164e+00,6.439120000000000843e+00,1.014980316162109375e+00,6.633402109146118164e-01
2.930547596575080149e+01,3.808317441062938968e+01,1.626154052734375000e+03,1.703955650329589844e+00,6.439130000000000464e+00,9.962120056152343750e-01,6.406045556068420410e-01
2.929074771768221552e+01,3.810464063987787853e+01,1.190887207031250000e+03,1.591071605682373047e+00,6.439140000000000086e+00,8.236344456672668457e-01,4.820651412010192871e-01
2.929536071258031171e+01,3.813308369838541978e+01,1.414908935546875000e+03,1.447225332260131836e+00,6.439150000000000595e+00,8.533892035484313965e-01,5.280705690383911133e-01
2.929508666926670557e+01,3.814883818750475086e+01,1.457782348632812500e+03,1.002568721771240234e+00,6.439160000000000217e+00,9.722555875778198242e-01,6.068825125694274902e-01
2.929261192503465594e+01,3.816983831827548102e+01,1.321784667968750000e+03,1.260240793228149414e+00,6.439170000000000726e+00,8.989368677139282227e-01,5.447790026664733887e-01
2.929491945245648310e+01,3.819176395357596476e+01,1.378005981445312500e+03,1.424253702163696289e+00,6.439180000000000348e+00,1.055416345596313477e+00,6.479287743568420410e-01
2.929567128876206539e+01,3.821747306686150125e+01,1.565688964843750000e+03,1.505708217620849609e+00,6.439190000000000857e+00,1.035045742988586426e+00,6.589914560317993164e-01
2.929737282916333641e+01,3.823816804458180485e+01,1.235313720703125000e+03,1.523209333419799805e+00,6.439200000000000479e+00,1.182827711105346680e+00,7.011058926582336426e-01
2.929567830111531990e+01,3.824874579511526207e+01,1.160771362304687500e+03,1.556134939193725586e+00,6.439210000000000100e+00,8.588060736656188965e-01,4.980869293212890625e-01
2.929621428562759888e+01,3.828053646411553501e+01,1.263027465820312500e+03,1.619870185852050781e+00,6.439220000000000610e+00,8.117325305938720703e-01,4.847354292869567871e-01
2.929479876724078480e+01,3.830477254527657749e+01,9.227057495117187500e+02,1.075312614440917969e+00,6.439230000000000231e+00,7.249859571456909180e-01,3.831115067005157471e-01
2.929125688269579086e+01,3.832238322462745828e+01,1.260218872070312500e+03,9.413332343101501465e-01,6.439240000000000741e+00,7.909805178642272949e-01,4.719942808151245117e-01
2.929578459816026381e+01,3.834711020520290958e+01,1.148967407226562500e+03,8.325166106224060059e-01,6.439250000000000362e+00,8.775744438171386719e-01,5.070896148681640625e-01
2.930229802574181264e+01,3.837206277610067673e+01,1.525240600585937500e+03,9.189993739128112793e-01,6.439260000000000872e+00,1.026119351387023926e+00,6.486917734146118164e-01
2.929095786250555733e+01,3.839098330848092644e+01,9.976035766601562500e+02,1.373900890350341797e+00,6.439270000000000493e+00,7.674055695533752441e-01,4.195801615715026855e-01
2.928966445659929363e+01,3.840795485744222049e+01,9.864790649414062500e+02,1.575231075286865234e+00,6.439280000000000115e+00,8.234818577766418457e-01,4.481141865253448486e-01
2.929813047940329085e+01,3.843047857635357900e+01,1.018580505371093750e+03,9.132105708122253418e-01,6.439290000000000624e+00,8.877978920936584473e-01,4.896182715892791748e-01
2.929592971604994034e+01,3.845402318671923325e+01,9.558184814453125000e+02,9.624869227409362793e-01,6.439300000000000246e+00,8.005172610282897949e-01,4.297272861003875732e-01
2.928847595943048532e+01,3.847795076582352181e+01,1.284035156250000000e+03,8.706290125846862793e-01,6.439310000000000755e+00,8.211930394172668457e-01,4.930514991283416748e-01
2.929701507242485548e+01,3.850253004976013216e+01,1.137729614257812500e+03,9.383732676506042480e-01,6.439320000000000377e+00,8.880267739295959473e-01,5.112858414649963379e-01
2.929622086065243991e+01,3.852144819687094213e+01,1.320294921875000000e+03,9.818250536918640137e-01,6.439330000000000886e+00,9.245716929435729980e-01,5.601141452789306641e-01
2.928842741244205072e+01,3.854661262908854980e+01,1.148146362304687500e+03,1.226009845733642578e+00,6.439340000000000508e+00,7.574872970581054688e-01,4.375855922698974609e-01
2.929966741354765603e+01,3.856558010621651533e+01,1.369241455078125000e+03,1.184355735778808594e+00,6.439350000000000129e+00,8.784136772155761719e-01,5.382176637649536133e-01
2.930252020648376643e+01,3.858418653742502613e+01,1.074718261718750000e+03,9.669989943504333496e-01,6.439360000000000639e+00,9.451711177825927734e-01,5.325719118118286133e-01
2.929057438118499235e+01,3.860775140273398165e+01,1.027366699218750000e+03,1.136900901794433594e+00,6.439370000000000260e+00,8.212693333625793457e-01,4.545229077339172363e-01
2.929721127041438322e+01,3.863260759500296615e+01,1.169651367187500000e+03,1.162080287933349609e+00,6.439380000000000770e+00,9.444844722747802734e-01,5.492803454399108887e-01
2.930427019425751567e+01,3.865106359192700580e+01,1.218072021484375000e+03,1.148586988449096680e+00,6.439390000000000391e+00,7.856398820877075195e-01,4.634493291378021240e-01
2.929953908918681194e+01,3.866211630308323777e+01,1.087434082031250000e+03,1.103373289108276367e+00,6.439400000000000901e+00,7.835799455642700195e-01,4.435365498065948486e-01
2.929312543314460271e+01,3.869044364084356857e+01,9.806817016601562500e+02,9.660393595695495605e-01,6.439410000000000522e+00,8.604082465171813965e-01,4.670351743698120117e-01
2.930119887208618223e+01,3.871053937112279186e+01,1.276764770507812500e+03,1.068989753723144531e+00,6.439420000000000144e+00,8.442338705062866211e-01,5.059452056884765625e-01
2.929152437485124949e+01,3.872385019599575173e+01,1.063691650390625000e+03,1.157758951187133789e+00,6.439430000000000653e+00,8.131821155548095703e-01,4.563539624214172363e-01
2.928442358178996940e+01,3.873531252917707945e+01,1.825730346679687500e+03,1.101997613906860352e+00,6.439440000000000275e+00,1.471334397792816162e-01,9.731329977512359619e-02
2.928647789517168576e+01,3.875507570733783780e+01,3.376951600000000000e+07,8.641774058341979980e-01,6.439450000000000784e+00,3.856673464179039001e-02,3.208172693848609924e-02
2.927574619145077151e+01,3.877505947472891279e+01,-2.233203857421875000e+03,3.310042917728424072e-01,6.439460000000000406e+00,4.505174607038497925e-02,4.520433396100997925e-02
