# x_coordinates, y_coordinates, TEP, TED, times, high, low
-3.230590378777670679e+01,3.096464299313834445e+01,-6.546647949218750000e+02,8.771360665559768677e-02,6.330890000000000128e+00,1.613623090088367462e-02,2.544412761926651001e-02
-3.231695878786561593e+01,3.096436343019915327e+01,1.002501220703125000e+03,7.686794549226760864e-02,6.330900000000000638e+00,1.533895581960678101e-01,8.403810113668441772e-02
-3.232438754510738477e+01,3.097676628778104657e+01,6.975234985351562500e+02,8.965314179658889771e-02,6.330910000000000259e+00,1.650625765323638916e-01,7.534056156873703003e-02
-3.234749482364404827e+01,3.097436407338318531e+01,1.355317138671875000e+03,9.177745133638381958e-02,6.330920000000000769e+00,1.936729252338409424e-01,1.182942166924476624e-01
-3.235498214705415165e+01,3.098684827506144046e+01,1.114477050781250000e+03,1.217693164944648743e-01,6.330930000000000391e+00,2.119835317134857178e-01,1.211171001195907593e-01
-3.236029657980601826e+01,3.099395223195547544e+01,1.628726440429687500e+03,1.639801412820816040e-01,6.330940000000000900e+00,2.878963053226470947e-01,1.852042526006698608e-01
-3.237583437933948716e+01,3.100097371160652671e+01,2.441959472656250000e+03,2.253705412149429321e-01,6.330950000000000522e+00,3.781523704528808594e-01,2.650080323219299316e-01
-3.238312579319489259e+01,3.101277519672101590e+01,1.330489868164062500e+03,4.410153925418853760e-01,6.330960000000000143e+00,3.205502331256866455e-01,1.946647465229034424e-01
-3.238212395930264620e+01,3.102682053139393048e+01,1.669977905273437500e+03,4.669052660465240479e-01,6.330970000000000653e+00,2.633295655250549316e-01,1.704794764518737793e-01
-3.239458325724510246e+01,3.103729202726261605e+01,1.093107055664062500e+03,3.430897295475006104e-01,6.330980000000000274e+00,2.598200142383575439e-01,1.473623216152191162e-01
-3.239555664634854537e+01,3.104284745283194979e+01,2.207470703125000000e+03,2.812952101230621338e-01,6.330990000000000784e+00,3.119289875030517578e-01,2.146538347005844116e-01
-3.239708280421539399e+01,3.106110353751115838e+01,1.837571655273437500e+03,3.390580713748931885e-01,6.331000000000000405e+00,2.813349962234497070e-01,1.863486766815185547e-01
-3.239991246370593814e+01,3.106872437120567199e+01,1.254534301757812500e+03,4.002839624881744385e-01,6.331010000000000915e+00,2.593622505664825439e-01,1.545339822769165039e-01
-3.239685596344415330e+01,3.108863842510903197e+01,1.890043090820312500e+03,4.245215952396392822e-01,6.331020000000000536e+00,4.196564555168151855e-01,2.797328233718872070e-01
-3.239842419252826033e+01,3.109801419228885777e+01,1.901212158203125000e+03,4.724890291690826416e-01,6.331030000000000157e+00,3.108608722686767578e-01,2.074821740388870239e-01
-3.239420033463963478e+01,3.111401643376077075e+01,1.059439086914062500e+03,7.424837946891784668e-01,6.331040000000000667e+00,2.318200320005416870e-01,1.298909336328506470e-01
-3.239680471841379017e+01,3.113211278585894348e+01,1.257590942382812500e+03,4.106277525424957275e-01,6.331050000000000288e+00,3.511442244052886963e-01,2.093895375728607178e-01
-3.239604523289661842e+01,3.115706706330544051e+01,1.616559326171875000e+03,2.304512411355972290e-01,6.331060000000000798e+00,4.128662645816802979e-01,2.650843262672424316e-01
-3.239210622737984124e+01,3.116984703709183080e+01,2.098299804687500000e+03,4.736286699771881104e-01,6.331070000000000420e+00,3.790679275989532471e-01,2.582941353321075439e-01
-3.238989633285077474e+01,3.117865874727938547e+01,1.769218994140625000e+03,5.906540751457214355e-01,6.331080000000000929e+00,3.110134601593017578e-01,2.042015194892883301e-01
-3.239079942542434765e+01,3.120097565732101685e+01,1.994067138671875000e+03,5.297309756278991699e-01,6.331090000000000551e+00,2.972804903984069824e-01,2.004631012678146362e-01
-3.238766140178299935e+01,3.122259710417843337e+01,1.764380615234375000e+03,4.198247492313385010e-01,6.331100000000000172e+00,2.984248995780944824e-01,1.958091557025909424e-01
-3.238857099505872839e+01,3.122539473338319382e+01,1.383016967773437500e+03,3.969973623752593994e-01,6.331110000000000682e+00,3.703703582286834717e-01,2.276238501071929932e-01
-3.239400107658674699e+01,3.124721534897607000e+01,1.623283813476562500e+03,3.709954321384429932e-01,6.331120000000000303e+00,3.237545788288116455e-01,2.080925256013870239e-01
-3.239382141259427783e+01,3.126529124367562318e+01,1.239776000976562500e+03,5.061370730400085449e-01,6.331130000000000813e+00,3.336728513240814209e-01,1.980216950178146362e-01
-3.239156138794859885e+01,3.127569867127543546e+01,2.431034423828125000e+03,4.676074087619781494e-01,6.331140000000000434e+00,3.410733938217163086e-01,2.388391047716140747e-01
-3.239462029479242489e+01,3.129757431943543722e+01,2.034674316406250000e+03,4.387682974338531494e-01,6.331150000000000944e+00,4.182831645011901855e-01,2.832423448562622070e-01
-3.239698432412250639e+01,3.131359423618217974e+01,1.347836425781250000e+03,5.095250010490417480e-01,6.331160000000000565e+00,4.304902255535125732e-01,2.624903321266174316e-01
-3.239694685745376290e+01,3.133148680386479867e+01,1.934702758789062500e+03,5.795246958732604980e-01,6.331170000000000186e+00,3.708281219005584717e-01,2.484521865844726562e-01
-3.239326738115892113e+01,3.134672976806652400e+01,2.063500732421875000e+03,6.133264899253845215e-01,6.331180000000000696e+00,4.426973164081573486e-01,3.006374239921569824e-01
-3.238987546697537567e+01,3.135392331235281205e+01,2.410579589843750000e+03,6.149119734764099121e-01,6.331190000000000317e+00,3.837981522083282471e-01,2.683649659156799316e-01
-3.239500542877269140e+01,3.137577378972245157e+01,1.130067626953125000e+03,6.797975897789001465e-01,6.331200000000000827e+00,3.184902966022491455e-01,1.829154342412948608e-01
-3.239657577279407974e+01,3.138915152457530766e+01,1.589451660156250000e+03,5.860025286674499512e-01,6.331210000000000448e+00,2.711115777492523193e-01,1.733023524284362793e-01
-3.239685018843452013e+01,3.140097478665835240e+01,1.259255249023437500e+03,3.718501627445220947e-01,6.331220000000000958e+00,2.846156358718872070e-01,1.697928160429000854e-01
-3.240025134014526742e+01,3.141515638290443846e+01,1.770405151367187500e+03,3.409451544284820557e-01,6.331230000000000580e+00,3.473294973373413086e-01,2.280816137790679932e-01
-3.239347486555835332e+01,3.142609626011061152e+01,2.096721679687500000e+03,3.560740053653717041e-01,6.331240000000000201e+00,3.712859153747558594e-01,2.529535293579101562e-01
-3.239158068405569679e+01,3.144218543635627228e+01,2.428979492187500000e+03,4.903656542301177979e-01,6.331250000000000711e+00,3.193295300006866455e-01,2.235802561044692993e-01
-3.239229406774695974e+01,3.145942882759939252e+01,4.959435058593750000e+03,5.073232054710388184e-01,6.331260000000000332e+00,3.356564939022064209e-01,2.566156685352325439e-01
-3.239579189011936222e+01,3.147303791343070145e+01,2.042148803710937500e+03,4.870432913303375244e-01,6.331270000000000842e+00,3.711333274841308594e-01,2.515039443969726562e-01
-3.239319338864233799e+01,3.148379662353152142e+01,2.414759765625000000e+03,5.158931612968444824e-01,6.331280000000000463e+00,3.642668426036834717e-01,2.547846138477325439e-01
-3.239414407886640390e+01,3.150718696921145678e+01,1.549405639648437500e+03,5.316693186759948730e-01,6.331290000000000084e+00,3.157436847686767578e-01,2.004631012678146362e-01
-3.239441771230955425e+01,3.152210872570153910e+01,4.448455078125000000e+03,4.837185442447662354e-01,6.331300000000000594e+00,3.351987302303314209e-01,2.537927627563476562e-01
-3.239198635315084118e+01,3.153946846652133118e+01,2.764710205078125000e+03,4.428965151309967041e-01,6.331310000000000215e+00,2.730189263820648193e-01,1.951988041400909424e-01
-3.239342334241202082e+01,3.155624352320780801e+01,2.645401611328125000e+03,4.705828726291656494e-01,6.331320000000000725e+00,3.539671003818511963e-01,2.513513565063476562e-01
-3.239489894579589446e+01,3.157221291589827672e+01,2.466931396484375000e+03,4.029876291751861572e-01,6.331330000000000346e+00,3.579344153404235840e-01,2.512750625610351562e-01
-3.239122454918670257e+01,3.158435536876982042e+01,3.041706054687500000e+03,5.293697714805603027e-01,6.331340000000000856e+00,3.627409338951110840e-01,2.629480957984924316e-01
-3.239198096459390541e+01,3.160265374906725810e+01,1.411868530273437500e+03,5.352575182914733887e-01,6.331350000000000477e+00,4.138580858707427979e-01,2.559290230274200439e-01
-3.238977167499695753e+01,3.161841442649334155e+01,2.075787841796875000e+03,5.527443289756774902e-01,6.331360000000000099e+00,3.425229787826538086e-01,2.328881621360778809e-01
-3.239032983214292472e+01,3.163269503619456202e+01,1.241546020507812500e+03,5.589503645896911621e-01,6.331370000000000609e+00,3.318417668342590332e-01,1.970298588275909424e-01
-3.238680799734027715e+01,3.164908650847844740e+01,1.310985961914062500e+03,4.693872034549713135e-01,6.331380000000000230e+00,3.602995276451110840e-01,2.177819013595581055e-01
-3.239048361202507920e+01,3.166750205480628466e+01,3.126769531250000000e+03,3.716332018375396729e-01,6.331390000000000740e+00,4.809207320213317871e-01,3.499235212802886963e-01
-3.239531339718730152e+01,3.168333643692963619e+01,1.297241699218750000e+03,5.368394255638122559e-01,6.331400000000000361e+00,3.045284450054168701e-01,1.834494918584823608e-01
-3.238565622679961109e+01,3.170009267393577446e+01,2.004964233398437500e+03,7.210165858268737793e-01,6.331410000000000871e+00,2.972804903984069824e-01,2.006919831037521362e-01
-3.239156991696717824e+01,3.171396112896646713e+01,1.360658203125000000e+03,4.067892134189605713e-01,6.331420000000000492e+00,3.651060760021209717e-01,2.232750803232192993e-01
-3.238627562448471053e+01,3.172706334406894513e+01,1.592039306640625000e+03,4.714554846286773682e-01,6.331430000000000113e+00,3.159725666046142578e-01,2.020652890205383301e-01
-3.238916054678520595e+01,3.174307036320492870e+01,1.340421752929687500e+03,4.595810472965240479e-01,6.331440000000000623e+00,3.314602971076965332e-01,2.017601132392883301e-01
-3.239560426844851548e+01,3.176120104482056306e+01,1.196780395507812500e+03,3.845984041690826416e-01,6.331450000000000244e+00,3.242123425006866455e-01,1.900870949029922485e-01
-3.239861632365609267e+01,3.177673464218566579e+01,1.830740478515625000e+03,3.958005011081695557e-01,6.331460000000000754e+00,3.586973547935485840e-01,2.373895198106765747e-01
-3.239004818949978670e+01,3.179273097319546793e+01,1.716022216796875000e+03,3.252405226230621338e-01,6.331470000000000375e+00,3.525175154209136963e-01,2.297600954771041870e-01
-3.239994236626879598e+01,3.180929757915379952e+01,1.617186035156250000e+03,5.915672183036804199e-01,6.331480000000000885e+00,2.709589898586273193e-01,1.739890128374099731e-01
-3.239665529014080647e+01,3.182434476169797222e+01,1.213149536132812500e+03,4.275638163089752197e-01,6.331490000000000506e+00,2.528772354125976562e-01,1.489644944667816162e-01
-3.239657635181553275e+01,3.183232848840169282e+01,9.973601684570312500e+02,3.140706121921539307e-01,6.331500000000000128e+00,2.822505235671997070e-01,1.543051004409790039e-01
-3.239044959428101578e+01,3.185542545651060209e+01,1.184653808593750000e+03,3.299552500247955322e-01,6.331510000000000637e+00,3.014766871929168701e-01,1.761252433061599731e-01
-3.239469133822311164e+01,3.187580440442177832e+01,1.321701293945312500e+03,2.814752161502838135e-01,6.331520000000000259e+00,3.704466521739959717e-01,2.244957834482192993e-01
-3.239729086075828945e+01,3.188542036456021478e+01,1.237296020507812500e+03,3.495842516422271729e-01,6.331530000000000769e+00,4.330842196941375732e-01,2.568445503711700439e-01
-3.239276382431010148e+01,3.189809327756755764e+01,1.786437866210937500e+03,4.878467619419097900e-01,6.331540000000000390e+00,4.362123012542724609e-01,2.870570719242095947e-01
-3.239675188520857319e+01,3.191142946136184833e+01,1.709962158203125000e+03,6.419081091880798340e-01,6.331550000000000900e+00,4.317872226238250732e-01,2.811824083328247070e-01
-3.240233149563041337e+01,3.193482354684697100e+01,1.957390625000000000e+03,7.129628062248229980e-01,6.331560000000000521e+00,4.391877651214599609e-01,2.949916720390319824e-01
-3.239775321679555731e+01,3.194948054685811911e+01,1.614172363281250000e+03,7.205170989036560059e-01,6.331570000000000142e+00,3.156673908233642578e-01,2.025993466377258301e-01
-3.240061189035218803e+01,3.196221198857575274e+01,1.111715698242187500e+03,6.421250700950622559e-01,6.331580000000000652e+00,3.126919269561767578e-01,1.784903705120086670e-01
-3.239966173522021364e+01,3.197883917320223190e+01,2.055398925781250000e+03,3.914839327335357666e-01,6.331590000000000273e+00,3.880706429481506348e-01,2.633295655250549316e-01
-3.239598155763631127e+01,3.199904716056220977e+01,1.333678955078125000e+03,4.416257441043853760e-01,6.331600000000000783e+00,3.489316999912261963e-01,2.120598256587982178e-01
-3.239955476909111098e+01,3.201561107121214178e+01,2.009831787109375000e+03,4.832285940647125244e-01,6.331610000000000404e+00,4.017272889614105225e-01,2.713404595851898193e-01
-3.239464328176778452e+01,3.202799206311834013e+01,2.148175292968750000e+03,4.652971327304840088e-01,6.331620000000000914e+00,4.641359746456146240e-01,3.177273571491241455e-01
-3.239549222224786718e+01,3.204269280728885860e+01,1.673104736328125000e+03,5.805236697196960449e-01,6.331630000000000535e+00,3.761687278747558594e-01,2.436456382274627686e-01
-3.238941991170951695e+01,3.206768005190379967e+01,1.343981811523437500e+03,7.086581587791442871e-01,6.331640000000000157e+00,2.901088297367095947e-01,1.767355948686599731e-01
-3.239737043957285323e+01,3.208491457492332444e+01,2.693119873046875000e+03,4.909938871860504150e-01,6.331650000000000666e+00,3.776183128356933594e-01,2.688990235328674316e-01
-3.239475769108950942e+01,3.209222214930949946e+01,1.818464111328125000e+03,4.578918516635894775e-01,6.331660000000000288e+00,3.007137179374694824e-01,1.987083405256271362e-01
-3.239612494305141155e+01,3.210589615521571716e+01,2.174849609375000000e+03,4.420584738254547119e-01,6.331670000000000798e+00,4.694765806198120117e-01,3.221524059772491455e-01
-3.239167059192574527e+01,3.213145732888962414e+01,2.049747558593750000e+03,5.667037367820739746e-01,6.331680000000000419e+00,3.236019909381866455e-01,2.194603681564331055e-01
-3.239606505118991464e+01,3.214343919776976577e+01,1.774102661132812500e+03,7.888550162315368652e-01,6.331690000000000929e+00,2.669153809547424316e-01,1.753623038530349731e-01
-3.239449434000337646e+01,3.216036953183645153e+01,1.312888671875000000e+03,3.600937426090240479e-01,6.331700000000000550e+00,2.937709689140319824e-01,1.776511222124099731e-01
-3.239708660789384709e+01,3.217868028096761890e+01,1.609482055664062500e+03,3.708070814609527588e-01,6.331710000000000171e+00,2.654657959938049316e-01,1.702505946159362793e-01
-3.238908869577159777e+01,3.219016973750883182e+01,1.182367553710937500e+03,3.189868032932281494e-01,6.331720000000000681e+00,3.138363361358642578e-01,1.832206100225448608e-01
-3.239475935572692578e+01,3.220889508135581281e+01,1.345825805664062500e+03,3.511900007724761963e-01,6.331730000000000302e+00,3.127682209014892578e-01,1.906211525201797485e-01
-3.238926824936592652e+01,3.221974850011999791e+01,1.356677001953125000e+03,3.472060263156890869e-01,6.331740000000000812e+00,3.139889240264892578e-01,1.918418556451797485e-01
-3.239195076286639363e+01,3.223989988380863281e+01,1.049754760742187500e+03,3.641552031040191650e-01,6.331750000000000433e+00,2.779017686843872070e-01,1.551443338394165039e-01
-3.239281563801088737e+01,3.226227095708317449e+01,2.356427246093750000e+03,3.108126223087310791e-01,6.331760000000000943e+00,2.933132052421569824e-01,2.042778134346008301e-01
-3.239377077554469508e+01,3.227291320112917106e+01,2.649041992187500000e+03,2.734190523624420166e-01,6.331770000000000564e+00,3.702177703380584717e-01,2.629480957984924316e-01
-3.239327448771094708e+01,3.229471343494019919e+01,1.525615722656250000e+03,4.230279028415679932e-01,6.331780000000000186e+00,2.964412569999694824e-01,1.874167919158935547e-01
-3.239027007588003215e+01,3.231273820643402672e+01,2.749208984375000000e+03,4.706186354160308838e-01,6.331790000000000695e+00,3.181088268756866455e-01,2.272423803806304932e-01
-3.238782771151807083e+01,3.232888076557613033e+01,1.243511108398437500e+03,3.303855955600738525e-01,6.331800000000000317e+00,3.238308727741241455e-01,1.923759132623672485e-01
-3.238998462342625118e+01,3.233747995163118105e+01,9.997656250000000000e+02,4.786402285099029541e-01,6.331810000000000827e+00,2.765284478664398193e-01,1.513296216726303101e-01
-3.239146596352102137e+01,3.235878927284899476e+01,2.074893798828125000e+03,3.245491087436676025e-01,6.331820000000000448e+00,2.631006836891174316e-01,1.788718402385711670e-01
-3.239331213723960445e+01,3.237589518716752934e+01,1.687010986328125000e+03,3.446430265903472900e-01,6.331830000000000958e+00,2.762995660305023193e-01,1.793296039104461670e-01
-3.239129767094161849e+01,3.239480772880160231e+01,2.439324951171875000e+03,2.885598242282867432e-01,6.331840000000000579e+00,3.601469397544860840e-01,2.523431777954101562e-01
-3.239150667764725000e+01,3.240646278886661236e+01,7.438945800781250000e+03,3.823250830173492432e-01,6.331850000000000200e+00,3.199398815631866455e-01,2.515802383422851562e-01
-3.240044970659898382e+01,3.241772787126719635e+01,3.404569091796875000e+03,4.401475489139556885e-01,6.331860000000000710e+00,3.358853757381439209e-01,2.470788806676864624e-01
-3.239685711584943562e+01,3.243709067347528219e+01,1.802170043945312500e+03,4.537540972232818604e-01,6.331870000000000331e+00,3.664793670177459717e-01,2.416619956493377686e-01
-3.239042611852157449e+01,3.245378931494668961e+01,2.353125488281250000e+03,5.640859007835388184e-01,6.331880000000000841e+00,2.898799479007720947e-01,2.018364071846008301e-01
-3.239133806184212006e+01,3.246818765623736880e+01,1.166641967773437500e+03,5.195969939231872559e-01,6.331890000000000462e+00,3.104794025421142578e-01,1.803977191448211670e-01
-3.239860979805764885e+01,3.248358735816445630e+01,2.005646362304687500e+03,2.932173311710357666e-01,6.331900000000000084e+00,3.856292068958282471e-01,2.603540718555450439e-01
-3.239069492622404312e+01,3.250386876392727942e+01,1.516191528320312500e+03,5.460173487663269043e-01,6.331910000000000593e+00,3.561796545982360840e-01,2.248009741306304932e-01
-3.239760391805583595e+01,3.251506198097098377e+01,6.311907226562500000e+03,5.298489928245544434e-01,6.331920000000000215e+00,3.533567488193511963e-01,2.750788629055023193e-01
-3.238757258794352367e+01,3.252946403338822989e+01,1.132064086914062500e+03,5.327553153038024902e-01,6.331930000000000724e+00,3.352750241756439209e-01,1.926810890436172485e-01
-3.239264308284884208e+01,3.254818533920641244e+01,4.391447753906250000e+03,5.134136080741882324e-01,6.331940000000000346e+00,4.372041225433349609e-01,3.306210637092590332e-01
-3.239661191484517389e+01,3.257162520621427149e+01,5.349500488281250000e+03,5.046672224998474121e-01,6.331950000000000855e+00,3.494657576084136963e-01,2.688227295875549316e-01
-3.240543685989360512e+01,3.258859505940370127e+01,2.907474365234375000e+03,7.248837351799011230e-01,6.331960000000000477e+00,3.606047034263610840e-01,2.597437202930450439e-01
-3.239676103339860447e+01,3.259782227682173783e+01,1.974411621093750000e+03,5.439609885215759277e-01,6.331970000000000098e+00,2.584467232227325439e-01,1.739127188920974731e-01
-3.239657791002708365e+01,3.261042374272131639e+01,2.228417724609375000e+03,5.181891322135925293e-01,6.331980000000000608e+00,3.364957273006439209e-01,2.319726198911666870e-01
-3.239699670365730100e+01,3.262629313327622071e+01,1.083416015625000000e+03,4.142862856388092041e-01,6.331990000000000229e+00,2.435693442821502686e-01,1.376729458570480347e-01
-3.240119537398339133e+01,3.264526811004909490e+01,1.085469970703125000e+03,3.838223516941070557e-01,6.332000000000000739e+00,2.873622477054595947e-01,1.625448763370513916e-01
-3.240072705695414612e+01,3.265472483009241955e+01,1.596213867187500000e+03,2.541035711765289307e-01,6.332010000000000360e+00,2.926265299320220947e-01,1.872642040252685547e-01
-3.239802141868135266e+01,3.267149724485381057e+01,2.002897094726562500e+03,3.586870729923248291e-01,6.332020000000000870e+00,3.454984426498413086e-01,2.331933379173278809e-01
-3.240419992762109302e+01,3.269252464277748516e+01,1.447844116210937500e+03,3.583115637302398682e-01,6.332030000000000491e+00,2.750025689601898193e-01,1.713187098503112793e-01
-3.239535194039919475e+01,3.271093946691747334e+01,1.197576782226562500e+03,4.351574480533599854e-01,6.332040000000000113e+00,3.263486027717590332e-01,1.913840919733047485e-01
-3.239709611352440533e+01,3.272039245669755303e+01,1.523120117187500000e+03,3.661114275455474854e-01,6.332050000000000622e+00,2.962123751640319824e-01,1.871879100799560547e-01
-3.239938394999423110e+01,3.273567144999925915e+01,1.629605590820312500e+03,4.380268156528472900e-01,6.332060000000000244e+00,2.704249322414398193e-01,1.739890128374099731e-01
-3.239534458671978001e+01,3.275646055617512786e+01,1.447519775390625000e+03,3.494030535221099854e-01,6.332070000000000753e+00,4.079071283340454102e-01,2.540979683399200439e-01
-3.238680948405473004e+01,3.277518686421341698e+01,1.823310913085937500e+03,3.552943766117095947e-01,6.332080000000000375e+00,3.879943490028381348e-01,2.565393745899200439e-01
-3.239492266024528533e+01,3.278538843332685815e+01,1.877549438476562500e+03,5.418307185173034668e-01,6.332090000000000884e+00,2.963649630546569824e-01,1.972587406635284424e-01
-3.239161819921416452e+01,3.280109761821713477e+01,1.609326782226562500e+03,5.584020018577575684e-01,6.332100000000000506e+00,2.803431749343872070e-01,1.797873675823211670e-01
-3.239704679262088405e+01,3.281408579875277809e+01,1.910093139648437500e+03,3.249460756778717041e-01,6.332110000000000127e+00,3.220761120319366455e-01,2.151878923177719116e-01
-3.239035590518390251e+01,3.283121138596721522e+01,2.258977050781250000e+03,3.967267572879791260e-01,6.332120000000000637e+00,2.894984781742095947e-01,2.000816315412521362e-01
-3.239807114577730829e+01,3.285016783250944172e+01,1.778329467773437500e+03,5.089742541313171387e-01,6.332130000000000258e+00,2.556238472461700439e-01,1.680380553007125854e-01
-3.239226468940468351e+01,3.287087753154400360e+01,1.416385864257812500e+03,3.557640612125396729e-01,6.332140000000000768e+00,4.509370923042297363e-01,2.791224718093872070e-01
-3.238645580078600261e+01,3.288935373822160102e+01,1.334031372070312500e+03,3.592461645603179932e-01,6.332150000000000389e+00,3.133785724639892578e-01,1.904685646295547485e-01
-3.238625022665699760e+01,3.289347781912798752e+01,8.532437133789062500e+02,6.388038992881774902e-01,6.332160000000000899e+00,2.282342016696929932e-01,1.162342727184295654e-01
-3.238892484006208150e+01,3.291357597209374575e+01,2.621435302734375000e+03,3.484040796756744385e-01,6.332170000000000520e+00,2.132042497396469116e-01,1.511770337820053101e-01
-3.238774984302609283e+01,3.292831659840351932e+01,9.020328979492187500e+02,1.716703325510025024e-01,6.332180000000000142e+00,2.432641685009002686e-01,1.272206455469131470e-01
-3.238346464788528323e+01,3.294614568469916094e+01,1.484296142578125000e+03,2.337402254343032837e-01,6.332190000000000651e+00,2.432641685009002686e-01,1.526266187429428101e-01
-3.238266540670775839e+01,3.296056140708717663e+01,1.265494628906250000e+03,1.930564790964126587e-01,6.332200000000000273e+00,2.426538169384002686e-01,1.449971944093704224e-01
-3.238283261956916448e+01,3.298381951717777838e+01,1.228641967773437500e+03,2.783614695072174072e-01,6.332210000000000782e+00,2.466211169958114624e-01,1.459127217531204224e-01
-3.238374187103752888e+01,3.299254724995922317e+01,2.301685302734375000e+03,2.458101660013198853e-01,6.332220000000000404e+00,2.240380197763442993e-01,1.553732156753540039e-01
-3.238311036230497564e+01,3.300857623202903568e+01,2.615392578125000000e+03,2.531439363956451416e-01,6.332230000000000913e+00,2.368554621934890747e-01,1.678854674100875854e-01
-3.238541451435428797e+01,3.303029360216176968e+01,3.406528564453125000e+03,2.861267626285552979e-01,6.332240000000000535e+00,2.320489138364791870e-01,1.707083582878112793e-01
-3.238567499427345808e+01,3.304151796869783908e+01,2.140294433593750000e+03,2.704364359378814697e-01,6.332250000000000156e+00,2.492151260375976562e-01,1.704794764518737793e-01
-3.237953701627450442e+01,3.305882160038799356e+01,2.839310791015625000e+03,2.540999948978424072e-01,6.332260000000000666e+00,2.408990561962127686e-01,1.729208827018737793e-01
-3.238091744757880974e+01,3.307836584126820867e+01,1.196415893554687500e+03,3.437060415744781494e-01,6.332270000000000287e+00,2.262505590915679932e-01,1.326375305652618408e-01
-3.238348002479742149e+01,3.308835677840205847e+01,2.245227294921875000e+03,2.736205160617828369e-01,6.332280000000000797e+00,2.904902994632720947e-01,2.005393952131271362e-01
-3.238572577731829938e+01,3.310321834721143830e+01,2.054374023437500000e+03,2.478271871805191040e-01,6.332290000000000418e+00,3.946319520473480225e-01,2.677546143531799316e-01
-3.239012683342131282e+01,3.312536119288454017e+01,1.664608398437500000e+03,4.076451361179351807e-01,6.332300000000000928e+00,2.705012261867523193e-01,1.749808341264724731e-01
-3.238579638273634487e+01,3.313796685597048253e+01,1.187032714843750000e+03,4.639059603214263916e-01,6.332310000000000549e+00,2.490625381469726562e-01,1.456075459718704224e-01
-3.239072155749326498e+01,3.315201412699661887e+01,1.012269409179687500e+03,2.686494886875152588e-01,6.332320000000000171e+00,2.882777750492095947e-01,1.585775762796401978e-01
-3.238775350794885810e+01,3.316109362638540148e+01,1.367747192382812500e+03,2.979272902011871338e-01,6.332330000000000680e+00,3.073513209819793701e-01,1.882560253143310547e-01
-3.239438943917848235e+01,3.318356165047539008e+01,1.916382202148437500e+03,3.024131357669830322e-01,6.332340000000000302e+00,4.388062953948974609e-01,2.933894991874694824e-01
-3.239256423797623086e+01,3.320565310989268681e+01,1.803891723632812500e+03,4.052919447422027588e-01,6.332350000000000811e+00,4.921359717845916748e-01,3.245938420295715332e-01
-3.240370272461981926e+01,3.321691208958491615e+01,1.886044067382812500e+03,7.534677386283874512e-01,6.332360000000000433e+00,3.463376760482788086e-01,2.307519167661666870e-01
-3.239413301910666121e+01,3.323264081217516974e+01,2.806016845703125000e+03,7.306570410728454590e-01,6.332370000000000942e+00,2.204521894454956055e-01,1.579672098159790039e-01
-3.240056410118571506e+01,3.325147944874111516e+01,2.122577636718750000e+03,3.691178858280181885e-01,6.332380000000000564e+00,2.865993082523345947e-01,1.957328617572784424e-01
-3.239418756056896598e+01,3.326167661546980270e+01,2.427665283203125000e+03,3.200310766696929932e-01,6.332390000000000185e+00,2.971279025077819824e-01,2.080162316560745239e-01
-3.239602732197319312e+01,3.327858714499181758e+01,2.766209228515625000e+03,4.003125727176666260e-01,6.332400000000000695e+00,3.547300398349761963e-01,2.536401748657226562e-01
-3.239730226499813170e+01,3.329376832208377834e+01,3.446959228515625000e+03,4.207557737827301025e-01,6.332410000000000316e+00,3.396237790584564209e-01,2.502069473266601562e-01
-3.239697199815963558e+01,3.330879691442264345e+01,2.768089111328125000e+03,4.914075434207916260e-01,6.332420000000000826e+00,3.494657576084136963e-01,2.499017715454101562e-01
-3.239758458002635422e+01,3.332950809374013090e+01,2.332516845703125000e+03,5.783182978630065918e-01,6.332430000000000447e+00,2.858363687992095947e-01,1.987083405256271362e-01
-3.239880247285321246e+01,3.334003877023310736e+01,1.464163085937500000e+03,4.826563894748687744e-01,6.332440000000000957e+00,2.699671685695648193e-01,1.687247008085250854e-01
-3.239845708521758638e+01,3.336002639588562602e+01,1.168884521484375000e+03,3.971880972385406494e-01,6.332450000000000578e+00,3.089535236358642578e-01,1.796347796916961670e-01
-3.240253021908726794e+01,3.337661305410341583e+01,1.811607543945312500e+03,3.296059668064117432e-01,6.332460000000000200e+00,3.251278996467590332e-01,2.146538347005844116e-01
-3.239316038092115946e+01,3.339523345247418717e+01,1.167707397460937500e+03,4.104632437229156494e-01,6.332470000000000709e+00,2.933132052421569824e-01,1.704794764518737793e-01
-3.239584796953051438e+01,3.340777186505821561e+01,1.398513549804687500e+03,4.795605242252349854e-01,6.332480000000000331e+00,2.575311958789825439e-01,1.588064581155776978e-01
-3.239811600857808571e+01,3.342405967805038358e+01,1.801636596679687500e+03,3.805774748325347900e-01,6.332490000000000840e+00,2.457055896520614624e-01,1.620108038187026978e-01
-3.239277034281868595e+01,3.344397992603295222e+01,1.394619506835937500e+03,3.233725130558013916e-01,6.332500000000000462e+00,3.092586994171142578e-01,1.905448585748672485e-01
-3.239490467915327088e+01,3.346176947042650340e+01,3.440685302734375000e+03,2.713376581668853760e-01,6.332510000000000083e+00,3.425992727279663086e-01,2.523431777954101562e-01
-3.239310500140106797e+01,3.346798211127678968e+01,2.719759277343750000e+03,3.600949347019195557e-01,6.332520000000000593e+00,2.753077447414398193e-01,1.963432133197784424e-01
-3.239064415031303668e+01,3.348532911772745280e+01,1.326790161132812500e+03,4.686194956302642822e-01,6.332530000000000214e+00,2.396020442247390747e-01,1.453786641359329224e-01
-3.238703238371440563e+01,3.350206745703169986e+01,4.087293212890625000e+03,2.907234728336334229e-01,6.332540000000000724e+00,2.299889773130416870e-01,1.726920008659362793e-01
-3.238877736786850647e+01,3.351951865182384438e+01,1.172777832031250000e+03,3.673190176486968994e-01,6.332550000000000345e+00,2.492151260375976562e-01,1.450734883546829224e-01
-3.238350293318828932e+01,3.353089194230523162e+01,8.874931030273437500e+02,2.849263250827789307e-01,6.332560000000000855e+00,2.377709895372390747e-01,1.234059259295463562e-01
-3.239338836628584772e+01,3.355203435558553338e+01,8.117739868164062500e+02,2.467018514871597290e-01,6.332570000000000476e+00,2.347955107688903809e-01,1.166157424449920654e-01
-3.238391761384605161e+01,3.357620045263467290e+01,1.596709228515625000e+03,2.123087793588638306e-01,6.332580000000000098e+00,2.884303629398345947e-01,1.845939010381698608e-01
-3.238845878611358131e+01,3.358775408786722494e+01,1.812218139648437500e+03,3.125900328159332275e-01,6.332590000000000607e+00,2.562341988086700439e-01,1.691824644804000854e-01
-3.238449706827756103e+01,3.359458504726315908e+01,1.751539672851562500e+03,3.150946199893951416e-01,6.332600000000000229e+00,3.237545788288116455e-01,2.120598256587982178e-01
-3.238397553112575622e+01,3.362148541532128121e+01,4.959016601562500000e+03,3.881031572818756104e-01,6.332610000000000738e+00,3.029262721538543701e-01,2.315911501646041870e-01
-3.238009054832786404e+01,3.363840793436029486e+01,1.658689941406250000e+03,4.503351747989654541e-01,6.332620000000000360e+00,3.589262366294860840e-01,2.319726198911666870e-01
-3.238628612523537953e+01,3.364931597411275277e+01,9.621967163085937500e+02,4.272955954074859619e-01,6.332630000000000869e+00,2.649317383766174316e-01,1.426320821046829224e-01
-3.237989943929278525e+01,3.366701621762810959e+01,1.098608154296875000e+03,4.474288523197174072e-01,6.332640000000000491e+00,2.562341988086700439e-01,1.456075459718704224e-01
-3.238655813270113271e+01,3.367905501656863265e+01,1.028941894531250000e+03,2.568573057651519775e-01,6.332650000000000112e+00,3.542722761631011963e-01,1.961906254291534424e-01
-3.238089464548784235e+01,3.369881991468717075e+01,1.974976684570312500e+03,2.931100428104400635e-01,6.332660000000000622e+00,4.185120463371276855e-01,2.816401720046997070e-01
-3.238338085184255988e+01,3.370835017563374691e+01,9.636918334960937500e+02,5.089265704154968262e-01,6.332670000000000243e+00,2.988826632499694824e-01,1.610189825296401978e-01
-3.238480883019593648e+01,3.372517544190040439e+01,2.160202636718750000e+03,4.669755995273590088e-01,6.332680000000000753e+00,3.391660153865814209e-01,2.324303984642028809e-01
-3.238236182187186074e+01,3.374805298052173441e+01,1.928020019531250000e+03,3.657704889774322510e-01,6.332690000000000374e+00,3.377164304256439209e-01,2.260979712009429932e-01
-3.238093581940732690e+01,3.376599785467347203e+01,1.597113647460937500e+03,4.842084944248199463e-01,6.332700000000000884e+00,2.869807779788970947e-01,1.836783736944198608e-01
-3.238535900757151609e+01,3.377664993855307785e+01,2.593470703125000000e+03,4.093486368656158447e-01,6.332710000000000505e+00,2.473077625036239624e-01,1.750571280717849731e-01
-3.238596447174331416e+01,3.378890419195240469e+01,1.634432006835937500e+03,3.334242403507232666e-01,6.332720000000000127e+00,3.811278641223907471e-01,2.454004138708114624e-01
-3.238781205397828700e+01,3.380550774356048294e+01,1.615703491210937500e+03,3.330606520175933838e-01,6.332730000000000636e+00,2.919398844242095947e-01,1.874167919158935547e-01
-3.238591298635989091e+01,3.382878698138004125e+01,1.347328979492187500e+03,4.912740290164947510e-01,6.332740000000000258e+00,2.791224718093872070e-01,1.701743006706237793e-01
-3.238851077727517946e+01,3.383853857933833353e+01,1.686508422851562500e+03,3.051334917545318604e-01,6.332750000000000767e+00,3.388608396053314209e-01,2.199181318283081055e-01
-3.239220324182397803e+01,3.385287213926685013e+01,1.516780883789062500e+03,4.330402910709381104e-01,6.332760000000000389e+00,2.356347441673278809e-01,1.487356126308441162e-01
-3.239047692172375292e+01,3.387148387031145091e+01,1.556460815429687500e+03,4.274648725986480713e-01,6.332770000000000898e+00,2.399835139513015747e-01,1.525503247976303101e-01
-3.238933543462410825e+01,3.388527388022814790e+01,2.489016357421875000e+03,2.610534727573394775e-01,6.332780000000000520e+00,2.595148384571075439e-01,1.824576705694198608e-01
-3.238821562093647088e+01,3.389682354854375745e+01,1.292977783203125000e+03,2.206057459115982056e-01,6.332790000000000141e+00,3.026973903179168701e-01,1.821524947881698608e-01
-3.239519550734934228e+01,3.391414036504579599e+01,9.560683593750000000e+02,3.835100233554840088e-01,6.332800000000000651e+00,3.584684729576110840e-01,1.924522072076797485e-01
-3.238967584938480115e+01,3.393488961329133247e+01,1.975498779296875000e+03,4.008204042911529541e-01,6.332810000000000272e+00,3.436673879623413086e-01,2.312859743833541870e-01
-3.239667419651925684e+01,3.395048004911427597e+01,2.058956787109375000e+03,4.692942202091217041e-01,6.332820000000000782e+00,2.923976480960845947e-01,1.984794586896896362e-01
-3.239052928705347512e+01,3.396182652346580255e+01,1.330038818359375000e+03,4.055661261081695557e-01,6.332830000000000403e+00,2.346429228782653809e-01,1.424794793128967285e-01
-3.239308240643757841e+01,3.397863174542577980e+01,1.414435180664062500e+03,2.784961760044097900e-01,6.332840000000000913e+00,2.867518961429595947e-01,1.774222403764724731e-01
-3.239141919918618129e+01,3.399807374386281111e+01,2.057926269531250000e+03,2.781921923160552979e-01,6.332850000000000534e+00,3.678526580333709717e-01,2.496728897094726562e-01
-3.239890836497020388e+01,3.401427754632883449e+01,1.210279296875000000e+03,3.756493628025054932e-01,6.332860000000000156e+00,3.666319549083709717e-01,2.157982438802719116e-01
-3.239243661644051286e+01,3.402278283325355801e+01,1.851376098632812500e+03,5.076438784599304199e-01,6.332870000000000665e+00,3.412259817123413086e-01,2.264031469821929932e-01
-3.240134705629344580e+01,3.404117497837466999e+01,1.504592407226562500e+03,4.162043631076812744e-01,6.332880000000000287e+00,4.080597162246704102e-01,2.569971382617950439e-01
-3.239977841372324718e+01,3.406169165149910327e+01,1.894496826171875000e+03,5.229825377464294434e-01,6.332890000000000796e+00,4.464357197284698486e-01,2.977382540702819824e-01
-3.239383329745070483e+01,3.407718425023892195e+01,1.518554199218750000e+03,6.132370829582214355e-01,6.332900000000000418e+00,3.574766516685485840e-01,2.257165014743804932e-01
-3.239359438394060930e+01,3.408962620341321781e+01,1.490136718750000000e+03,5.965406298637390137e-01,6.332910000000000927e+00,3.762450218200683594e-01,2.363213896751403809e-01
-3.239577239982610024e+01,3.410004356354794197e+01,2.039170288085937500e+03,5.149621367454528809e-01,6.332920000000000549e+00,3.474820852279663086e-01,2.354058623313903809e-01
-3.239769906513896558e+01,3.412199924838422049e+01,1.979574218750000000e+03,5.335623621940612793e-01,6.332930000000000170e+00,2.823268175125122070e-01,1.900870949029922485e-01
-3.239606664448780293e+01,3.413563167467579262e+01,2.204664794921875000e+03,5.316979289054870605e-01,6.332940000000000680e+00,2.415857017040252686e-01,1.662070006132125854e-01
-3.239326954690442051e+01,3.415539493039762675e+01,9.820137939453125000e+02,3.239673674106597900e-01,6.332950000000000301e+00,2.808772325515747070e-01,1.525503247976303101e-01
-3.239114727707529084e+01,3.416717463359648121e+01,1.746695312500000000e+03,2.721482813358306885e-01,6.332960000000000811e+00,3.436673879623413086e-01,2.249535620212554932e-01
-3.238964140152939564e+01,3.418852925975851775e+01,1.214374511718750000e+03,3.772813379764556885e-01,6.332970000000000432e+00,2.975856661796569824e-01,1.753623038530349731e-01
-3.238994235620322115e+01,3.420705591286498759e+01,1.278829711914062500e+03,4.530138075351715088e-01,6.332980000000000942e+00,3.149807453155517578e-01,1.888663768768310547e-01
-3.239587128403265126e+01,3.421361820225875761e+01,2.701775146484375000e+03,2.855140268802642822e-01,6.332990000000000563e+00,3.496946394443511963e-01,2.491388320922851562e-01
-3.238941079019591740e+01,3.423556437963997467e+01,1.452933471679687500e+03,4.401642382144927979e-01,6.333000000000000185e+00,2.695856988430023193e-01,1.681143492460250854e-01
-3.239305226161494744e+01,3.425425981219419924e+01,1.208426391601562500e+03,5.141741633415222168e-01,6.333010000000000694e+00,2.292260378599166870e-01,1.348500698804855347e-01
-3.238540980888840437e+01,3.426569252526148546e+01,2.640014648437500000e+03,3.345626890659332275e-01,6.333020000000000316e+00,2.122124135494232178e-01,1.506429761648178101e-01
-3.239094659115971098e+01,3.428141579729906141e+01,1.480370117187500000e+03,2.044040113687515259e-01,6.333030000000000825e+00,3.511442244052886963e-01,2.201470136642456055e-01
-3.238320159851490843e+01,3.429277310054901307e+01,1.764184204101562500e+03,3.821033537387847900e-01,6.333040000000000447e+00,2.762232720851898193e-01,1.812369525432586670e-01
-3.238661561676826750e+01,3.431921296820108580e+01,1.563899414062500000e+03,4.250532686710357666e-01,6.333050000000000956e+00,2.885829508304595947e-01,1.836783736944198608e-01
-3.237816645273856153e+01,3.433110060312313294e+01,1.389993408203125000e+03,3.404027521610260010e-01,6.333060000000000578e+00,2.841578722000122070e-01,1.749045401811599731e-01
-3.238276208538440670e+01,3.433822660740749910e+01,1.618422363281250000e+03,3.634232580661773682e-01,6.333070000000000199e+00,3.994384706020355225e-01,2.565393745899200439e-01
-3.238337796887351061e+01,3.435982009661592684e+01,1.686731567382812500e+03,4.505867063999176025e-01,6.333080000000000709e+00,3.191006481647491455e-01,2.071007043123245239e-01
-3.238461925161529109e+01,3.437231919017804671e+01,2.063110839843750000e+03,6.340271830558776855e-01,6.333090000000000330e+00,2.878963053226470947e-01,1.955039799213409424e-01
-3.237958209128520082e+01,3.438797324894434126e+01,1.931304077148437500e+03,4.410177767276763916e-01,6.333100000000000840e+00,2.691279053688049316e-01,1.802451312541961670e-01
-3.238015041591440024e+01,3.440059741413303840e+01,1.957968505859375000e+03,3.924888670444488525e-01,6.333110000000000461e+00,2.995693087577819824e-01,2.012260556221008301e-01
-3.237375213680476804e+01,3.442287717847903394e+01,9.913571777343750000e+02,3.877753317356109619e-01,6.333120000000000083e+00,3.068935573101043701e-01,1.673514097929000854e-01
-3.238110908992849346e+01,3.443837697745466642e+01,1.107296386718750000e+03,3.021127283573150635e-01,6.333130000000000592e+00,2.859889566898345947e-01,1.630026400089263916e-01
-3.237941508915439215e+01,3.445058461266945926e+01,1.486285888671875000e+03,2.727002203464508057e-01,6.333140000000000214e+00,3.151333332061767578e-01,1.977928131818771362e-01
-3.238003184795067568e+01,3.446789273199012626e+01,2.297918212890625000e+03,2.856916487216949463e-01,6.333150000000000723e+00,3.527463972568511963e-01,2.445611804723739624e-01
-3.238275950585244090e+01,3.448628484850890175e+01,1.571850830078125000e+03,4.359656870365142822e-01,6.333160000000000345e+00,2.823268175125122070e-01,1.799399554729461670e-01
-3.238011344263048130e+01,3.449887425529507823e+01,2.214633056640625000e+03,4.619664251804351807e-01,6.333170000000000854e+00,2.246483862400054932e-01,1.546865701675415039e-01
-3.238145126375450644e+01,3.452053645672189219e+01,1.226789306640625000e+03,2.897268831729888916e-01,6.333180000000000476e+00,2.837764024734497070e-01,1.678091734647750854e-01
-3.238062784468112199e+01,3.453339547591178160e+01,8.966766357421875000e+02,2.557474672794342041e-01,6.333190000000000097e+00,3.181088268756866455e-01,1.659018099308013916e-01
-3.238622003607306254e+01,3.455064250235648160e+01,1.025458129882812500e+03,3.751546442508697510e-01,6.333200000000000607e+00,2.507410049438476562e-01,1.386647671461105347e-01
-3.238003110071897339e+01,3.456774993459056589e+01,2.127306396484375000e+03,2.889067232608795166e-01,6.333210000000000228e+00,2.338799834251403809e-01,1.597982794046401978e-01
-3.238747035965636911e+01,3.458325623579908381e+01,1.591058593750000000e+03,2.448707967996597290e-01,6.333220000000000738e+00,2.056511193513870239e-01,1.314931213855743408e-01
-3.238274983995739831e+01,3.459565739468693124e+01,1.395744018554687500e+03,2.354675680398941040e-01,6.333230000000000359e+00,3.232968151569366455e-01,1.992423981428146362e-01
-3.238657509537424062e+01,3.461256058852835338e+01,1.792628051757812500e+03,2.257937341928482056e-01,6.333240000000000869e+00,3.515256941318511963e-01,2.315148562192916870e-01
-3.238696909816361824e+01,3.463227112142824637e+01,2.735907714843750000e+03,4.320770800113677979e-01,6.333250000000000490e+00,4.262940585613250732e-01,3.042995631694793701e-01
-3.239140973551028679e+01,3.464013019566778695e+01,2.277779541015625000e+03,6.321675181388854980e-01,6.333260000000000112e+00,2.994167208671569824e-01,2.072532922029495239e-01
-3.238599288849221125e+01,3.465978333528237698e+01,1.238395507812500000e+03,6.360632777214050293e-01,6.333270000000000621e+00,3.046047389507293701e-01,1.807028949260711670e-01
-3.239105848378147812e+01,3.467911849017649928e+01,1.393281616210937500e+03,3.952449858188629150e-01,6.333280000000000243e+00,3.232205212116241455e-01,1.990898102521896362e-01
-3.238416810981192384e+01,3.469286516961121691e+01,1.604579101562500000e+03,4.036397039890289307e-01,6.333290000000000752e+00,3.300870060920715332e-01,2.115257680416107178e-01
-3.239100999146898374e+01,3.470467039627787642e+01,2.184389404296875000e+03,3.996557295322418213e-01,6.333300000000000374e+00,3.307736515998840332e-01,2.271660864353179932e-01
-3.238909008333409645e+01,3.473323755888472419e+01,5.669047851562500000e+03,4.434401094913482666e-01,6.333310000000000883e+00,3.778471946716308594e-01,2.919398844242095947e-01
-3.239511874030298344e+01,3.473868243955486435e+01,1.512060058593750000e+03,5.481500029563903809e-01,6.333320000000000505e+00,3.507627546787261963e-01,2.212151437997817993e-01
-3.239281943188176172e+01,3.475887650947226604e+01,4.610466308593750000e+03,6.230706572532653809e-01,6.333330000000000126e+00,2.698145806789398193e-01,2.049644589424133301e-01
-3.239627521267828314e+01,3.477561729538318502e+01,1.880621337890625000e+03,4.036754667758941650e-01,6.333340000000000636e+00,3.522886335849761963e-01,2.345666289329528809e-01
-3.238996589294998074e+01,3.479213605288857991e+01,1.254590698242187500e+03,4.256135523319244385e-01,6.333350000000000257e+00,3.258145451545715332e-01,1.941306889057159424e-01
-3.239704634215572554e+01,3.480789505046133314e+01,1.815533691406250000e+03,5.126113295555114746e-01,6.333360000000000767e+00,3.551115095615386963e-01,2.345666289329528809e-01
-3.239018239769499985e+01,3.482424025429909875e+01,1.108788085937500000e+03,4.311460554599761963e-01,6.333370000000000388e+00,3.749480247497558594e-01,2.138146013021469116e-01
-3.239554493360474652e+01,3.483901877613886455e+01,1.711827148437500000e+03,4.999321997165679932e-01,6.333380000000000898e+00,3.884521126747131348e-01,2.530298233032226562e-01
-3.239254981217462870e+01,3.485252969645808463e+01,2.657253173828125000e+03,4.989403784275054932e-01,6.333390000000000519e+00,4.257599711418151855e-01,3.025448024272918701e-01
-3.238833157310139654e+01,3.486802893907260881e+01,1.644686035156250000e+03,5.502445101737976074e-01,6.333400000000000141e+00,3.652586638927459717e-01,2.355584502220153809e-01
-3.239048086266099347e+01,3.487777091203454916e+01,1.946611450195312500e+03,6.373292803764343262e-01,6.333410000000000650e+00,3.409970998764038086e-01,2.287682741880416870e-01
-3.239228593245383081e+01,3.489926758105016802e+01,1.706369140625000000e+03,5.402511954307556152e-01,6.333420000000000272e+00,3.002559542655944824e-01,1.954276859760284424e-01
-3.239057014549645430e+01,3.490834699490288529e+01,2.778562988281250000e+03,4.533821642398834229e-01,6.333430000000000781e+00,3.309262394905090332e-01,2.367791682481765747e-01
-3.238864891947756774e+01,3.493289132338883007e+01,1.057982299804687500e+03,4.805821478366851807e-01,6.333440000000000403e+00,3.391660153865814209e-01,1.899345070123672485e-01
-3.238903132693357634e+01,3.494509513387514943e+01,1.406756591796875000e+03,4.839712679386138916e-01,6.333450000000000912e+00,3.562559485435485840e-01,2.200707197189331055e-01
-3.238249321130339808e+01,3.495999862620693222e+01,7.895094604492187500e+02,3.866261541843414307e-01,6.333460000000000534e+00,3.214657604694366455e-01,1.573568582534790039e-01
-3.239099808862768271e+01,3.497356829971769088e+01,1.565274414062500000e+03,4.316252768039703369e-01,6.333470000000000155e+00,3.340543210506439209e-01,2.126701772212982178e-01
-3.237893600355331358e+01,3.499441016830137130e+01,1.469098388671875000e+03,3.473204672336578369e-01,6.333480000000000665e+00,2.862941324710845947e-01,1.791007220745086670e-01
-3.238308917130635933e+01,3.500814607731100381e+01,1.971286132812500000e+03,4.877561628818511963e-01,6.333490000000000286e+00,2.174767255783081055e-01,1.462941914796829224e-01
-3.237789422837018805e+01,3.502277062053718737e+01,-1.471403437500000000e+05,2.228206545114517212e-01,6.333500000000000796e+00,6.024574637413024902e-01,5.025882720947265625e-01
-3.238078140545897554e+01,3.504068492707813220e+01,1.936357666015625000e+03,5.585629343986511230e-01,6.333510000000000417e+00,4.017272889614105225e-01,2.692041993141174316e-01
-3.237982452109712028e+01,3.505933625895078620e+01,1.552826660156250000e+03,9.495598673820495605e-01,6.333520000000000927e+00,2.790461778640747070e-01,1.772696524858474731e-01
-3.238386278987562150e+01,3.506762281696774863e+01,1.139857299804687500e+03,5.403954386711120605e-01,6.333530000000000548e+00,2.412042319774627686e-01,1.389699578285217285e-01
-3.236989332008437970e+01,3.507731720923298013e+01,2.046126464843750000e+03,2.994603216648101807e-01,6.333540000000000170e+00,3.103268146514892578e-01,2.103813588619232178e-01
-3.237837210097486462e+01,3.509980746840624022e+01,1.375092651367187500e+03,2.952176630496978760e-01,6.333550000000000679e+00,3.026210963726043701e-01,1.856620311737060547e-01
-3.237125334159133416e+01,3.512088352390049550e+01,1.649859130859375000e+03,4.008168280124664307e-01,6.333560000000000301e+00,3.238308727741241455e-01,2.090080678462982178e-01
-3.237397109051126876e+01,3.512775625888765063e+01,3.572846923828125000e+03,3.978079855442047119e-01,6.333570000000000810e+00,2.930080294609069824e-01,2.167900651693344116e-01
-3.236876766536997252e+01,3.515061703414115613e+01,3.246085937500000000e+03,4.367941915988922119e-01,6.333580000000000432e+00,3.292477726936340332e-01,2.407464683055877686e-01
-3.236848326214901306e+01,3.516383823333293179e+01,1.664317626953125000e+03,4.227334558963775635e-01,6.333590000000000941e+00,2.765284478664398193e-01,1.788718402385711670e-01
-3.237637079937459106e+01,3.518233128019795686e+01,1.279581787109375000e+03,4.756683409214019775e-01,6.333600000000000563e+00,3.364194333553314209e-01,2.017601132392883301e-01
-3.237386398161739720e+01,3.519843365470913454e+01,2.350493408203125000e+03,3.387326300144195557e-01,6.333610000000000184e+00,3.248990178108215332e-01,2.261742651462554932e-01
-3.237221450206720874e+01,3.520797134633896519e+01,2.201045166015625000e+03,4.321235716342926025e-01,6.333620000000000694e+00,3.814330399036407471e-01,2.623377442359924316e-01
-3.237071696735287674e+01,3.523554700274731033e+01,1.363574218750000000e+03,4.937249720096588135e-01,6.333630000000000315e+00,3.821959793567657471e-01,2.338799834251403809e-01
-3.237569326900005962e+01,3.524768769228112575e+01,1.524278320312500000e+03,5.345255732536315918e-01,6.333640000000000825e+00,3.392423093318939209e-01,2.144249528646469116e-01
-3.237685288726281385e+01,3.526321959271292883e+01,1.282179687500000000e+03,4.673499166965484619e-01,6.333650000000000446e+00,3.644194304943084717e-01,2.186974287033081055e-01
-3.237421364153921388e+01,3.528395012004840225e+01,2.164610595703125000e+03,5.064875483512878418e-01,6.333660000000000956e+00,2.952968478202819824e-01,2.024467587471008301e-01
-3.237389439560646309e+01,3.530009362410223162e+01,1.196619628906250000e+03,4.334050714969635010e-01,6.333670000000000577e+00,3.769316673278808594e-01,2.209862619638442993e-01
-3.237867064064870704e+01,3.531608873367989077e+01,1.056125976562500000e+03,4.361921846866607666e-01,6.333680000000000199e+00,3.132259845733642578e-01,1.752860099077224731e-01
-3.237386716938024733e+01,3.532086303216098599e+01,1.644176025390625000e+03,5.186969637870788574e-01,6.333690000000000708e+00,3.364194333553314209e-01,2.169426679611206055e-01
-3.238364999487500739e+01,3.534157255014257970e+01,1.296303833007812500e+03,4.390007555484771729e-01,6.333700000000000330e+00,2.627955079078674316e-01,1.582724004983901978e-01
-3.237842256224349313e+01,3.536503496128229074e+01,2.419506591796875000e+03,3.575748503208160400e-01,6.333710000000000839e+00,3.007900416851043701e-01,2.104576528072357178e-01
-3.238203471226676555e+01,3.537331182004137986e+01,1.916838623046875000e+03,3.111559450626373291e-01,6.333720000000000461e+00,2.251824438571929932e-01,1.505666822195053101e-01
-3.238116165004269931e+01,3.538907761274397501e+01,1.445273681640625000e+03,3.812367022037506104e-01,6.333730000000000082e+00,3.024685084819793701e-01,1.883323192596435547e-01
-3.239327770752242230e+01,3.540534514322817472e+01,1.763480590820312500e+03,2.614635527133941650e-01,6.333740000000000592e+00,2.482233047485351562e-01,1.628500521183013916e-01
-3.238338015523065394e+01,3.542837536153306388e+01,1.282390747070312500e+03,3.356093466281890869e-01,6.333750000000000213e+00,2.900325357913970947e-01,1.740653067827224731e-01
-3.239442918469369204e+01,3.543788265528239378e+01,8.266392211914062500e+02,3.182000219821929932e-01,6.333760000000000723e+00,2.499780654907226562e-01,1.253132820129394531e-01
-3.238533396296949007e+01,3.545401729077956077e+01,8.925078735351562500e+02,2.653795778751373291e-01,6.333770000000000344e+00,2.666102051734924316e-01,1.387410759925842285e-01
-3.238838562210659688e+01,3.546767476680290798e+01,1.634367187500000000e+03,2.363330274820327759e-01,6.333780000000000854e+00,3.084957301616668701e-01,1.986320465803146362e-01
-3.238898253941464134e+01,3.549306501218541143e+01,1.945836547851562500e+03,3.214484751224517822e-01,6.333790000000000475e+00,2.906428873538970947e-01,1.949699223041534424e-01
-3.238930315514813429e+01,3.550682803465966941e+01,1.342730102539062500e+03,3.677875101566314697e-01,6.333800000000000097e+00,2.248009741306304932e-01,1.369100064039230347e-01
-3.239010010369118930e+01,3.551913918785655966e+01,2.205929199218750000e+03,3.018802702426910400e-01,6.333810000000000606e+00,2.347955107688903809e-01,1.615530401468276978e-01
-3.239359004619333149e+01,3.552809862377053207e+01,1.645833251953125000e+03,2.298790365457534790e-01,6.333820000000000228e+00,2.402887046337127686e-01,1.549917459487915039e-01
-3.239283689514991238e+01,3.554759308256389261e+01,1.509891357421875000e+03,2.587241232395172119e-01,6.333830000000000737e+00,3.476346731185913086e-01,2.191551923751831055e-01
-3.238871391265277566e+01,3.556665011045446789e+01,1.411234252929687500e+03,2.696937620639801025e-01,6.333840000000000359e+00,4.715365171432495117e-01,2.915584146976470947e-01
-3.239092999129240980e+01,3.557841034402497371e+01,1.432318725585937500e+03,4.740196764469146729e-01,6.333850000000000868e+00,4.159180223941802979e-01,2.582941353321075439e-01
-3.238644279885578214e+01,3.560177794941171925e+01,1.695241210937500000e+03,7.030481696128845215e-01,6.333860000000000490e+00,3.555693030357360840e-01,2.310570925474166870e-01
-3.238359237818446701e+01,3.561807689011948241e+01,1.265526367187500000e+03,5.662733912467956543e-01,6.333870000000000111e+00,2.743159234523773193e-01,1.639181673526763916e-01
-3.238616948872131474e+01,3.563038936728663231e+01,2.198008056640625000e+03,4.227513372898101807e-01,6.333880000000000621e+00,2.437219321727752686e-01,1.675802916288375854e-01
-3.238516939732823374e+01,3.564273819028502999e+01,2.380015869140625000e+03,3.051358759403228760e-01,6.333890000000000242e+00,3.497709333896636963e-01,2.440271079540252686e-01
-3.238094526520393401e+01,3.565916629789204251e+01,1.329002929687500000e+03,3.334933817386627197e-01,6.333900000000000752e+00,3.151333332061767578e-01,1.913077980279922485e-01
-3.238004447053936019e+01,3.567862567528873541e+01,1.407756591796875000e+03,4.634911119937896729e-01,6.333910000000000373e+00,2.759180963039398193e-01,1.704794764518737793e-01
-3.237689939464293332e+01,3.569295369431123532e+01,1.693047973632812500e+03,3.624123632907867432e-01,6.333920000000000883e+00,5.302067995071411133e-01,3.444303274154663086e-01
-3.238561533627442657e+01,3.569969092567492197e+01,1.360104614257812500e+03,4.360133707523345947e-01,6.333930000000000504e+00,3.236019909381866455e-01,1.978691071271896362e-01
-3.237529062491881859e+01,3.572234730609399378e+01,1.212661010742187500e+03,7.938546538352966309e-01,6.333940000000000126e+00,3.744139671325683594e-01,2.205284833908081055e-01
-3.238453467852215084e+01,3.574205936328496591e+01,1.962658813476562500e+03,4.663759768009185791e-01,6.333950000000000635e+00,3.040706813335418701e-01,2.043541073799133301e-01
-3.237122027752625542e+01,3.575964080760160613e+01,1.748669799804687500e+03,5.163950324058532715e-01,6.333960000000000257e+00,2.399835139513015747e-01,1.571279764175415039e-01
-3.237326236312768657e+01,3.576882227839773520e+01,1.411617187500000000e+03,3.517347872257232666e-01,6.333970000000000766e+00,3.514494001865386963e-01,2.173241376876831055e-01
-3.237401703807935149e+01,3.578946379848056836e+01,5.129621582031250000e+03,3.078240454196929932e-01,6.333980000000000388e+00,3.485502302646636963e-01,2.672205567359924316e-01
-3.237132063454118480e+01,3.581087021844147245e+01,3.903188476562500000e+03,4.758936464786529541e-01,6.333990000000000897e+00,3.851714432239532471e-01,2.878200113773345947e-01
-3.236929735493194471e+01,3.582097091821376722e+01,1.166422729492187500e+03,6.369609236717224121e-01,6.334000000000000519e+00,3.242886662483215332e-01,1.884086132049560547e-01
-3.237381354360412189e+01,3.583577006391104192e+01,2.962501464843750000e+03,5.574089884757995605e-01,6.334010000000000140e+00,2.867518961429595947e-01,2.071007043123245239e-01
-3.236610674199894788e+01,3.585080198703364118e+01,2.345696289062500000e+03,4.133564531803131104e-01,6.334020000000000650e+00,2.937709689140319824e-01,2.044304013252258301e-01
-3.236817734618804820e+01,3.587106899287650918e+01,2.110567138671875000e+03,3.998500406742095947e-01,6.334030000000000271e+00,2.991115450859069824e-01,2.040489315986633301e-01
-3.236781447975145909e+01,3.587955210798196504e+01,2.548540771484375000e+03,3.648776113986968994e-01,6.334040000000000781e+00,2.632532715797424316e-01,1.858146190643310547e-01
-3.237519525870664694e+01,3.589833228140995658e+01,2.682620849609375000e+03,4.093176424503326416e-01,6.334050000000000402e+00,2.738581597805023193e-01,1.948936283588409424e-01
-3.236714625622134633e+01,3.590544199174303941e+01,1.316356201171875000e+03,3.743285238742828369e-01,6.334060000000000912e+00,2.477655261754989624e-01,1.499563157558441162e-01
-3.236777654610263255e+01,3.592706793684315869e+01,1.084493041992187500e+03,3.752655088901519775e-01,6.334070000000000533e+00,2.013786435127258301e-01,1.138691455125808716e-01
-3.237035512431673112e+01,3.593896073779168887e+01,1.119639892578125000e+03,1.974338442087173462e-01,6.334080000000000155e+00,2.565393745899200439e-01,1.468282639980316162e-01
-3.236495062558567781e+01,3.595677243686242264e+01,1.422080932617187500e+03,1.831692606210708618e-01,6.334090000000000664e+00,2.662287354469299316e-01,1.649862825870513916e-01
-3.237134937762633058e+01,3.598048849243451031e+01,1.898539062500000000e+03,2.543002665042877197e-01,6.334100000000000286e+00,3.345120847225189209e-01,2.231987863779067993e-01
-3.236572950730539588e+01,3.599113077661203164e+01,2.987381103515625000e+03,3.287178575992584229e-01,6.334110000000000795e+00,3.680815398693084717e-01,2.661524415016174316e-01
-3.237473499926849030e+01,3.601153486557202399e+01,1.517163208007812500e+03,5.544013381004333496e-01,6.334120000000000417e+00,2.553186714649200439e-01,1.611715704202651978e-01
-3.237154544747699703e+01,3.602342000309014480e+01,1.848319335937500000e+03,5.479366183280944824e-01,6.334130000000000926e+00,3.015529811382293701e-01,2.000053375959396362e-01
-3.236984894228360332e+01,3.604133686165350525e+01,1.311378662109375000e+03,2.695125639438629150e-01,6.334140000000000548e+00,2.845393419265747070e-01,1.720053553581237793e-01
-3.237409364781168364e+01,3.605959320951151170e+01,1.543554809570312500e+03,3.996330797672271729e-01,6.334150000000000169e+00,4.184357523918151855e-01,2.653895020484924316e-01
-3.237646901178619174e+01,3.607348947875293277e+01,4.113810058593750000e+03,3.388804495334625244e-01,6.334160000000000679e+00,5.093784928321838379e-01,3.827300369739532471e-01
-3.236874289188754261e+01,3.608457546112864378e+01,1.041093017578125000e+03,9.237462878227233887e-01,6.334170000000000300e+00,3.722014427185058594e-01,2.071007043123245239e-01
-3.238236609617196393e+01,3.610896918797907773e+01,1.282584106445312500e+03,7.980174422264099121e-01,6.334180000000000810e+00,3.257382512092590332e-01,1.955039799213409424e-01
-3.237511136616526386e+01,3.611943513199206279e+01,2.106032714843750000e+03,4.033917486667633057e-01,6.334190000000000431e+00,2.580652534961700439e-01,1.759726554155349731e-01
-3.238114870462363371e+01,3.613388211147372431e+01,3.468293457031250000e+03,5.017096400260925293e-01,6.334200000000000941e+00,2.494440078735351562e-01,1.839072555303573608e-01
-3.237555695736441663e+01,3.614898982862008836e+01,3.564497558593750000e+03,2.630001604557037354e-01,6.334210000000000562e+00,3.352750241756439209e-01,2.479944080114364624e-01
-3.238216517610301537e+01,3.617422612375185054e+01,1.625713012695312500e+03,3.382975161075592041e-01,6.334220000000000184e+00,3.346646726131439209e-01,2.151878923177719116e-01
-3.237644430232118253e+01,3.618458495496316374e+01,3.481851806640625000e+03,4.858726561069488525e-01,6.334230000000000693e+00,3.349698483943939209e-01,2.470788806676864624e-01
-3.238082913769352444e+01,3.619502540408860369e+01,1.171325805664062500e+03,4.707747995853424072e-01,6.334240000000000315e+00,2.877437174320220947e-01,1.674277037382125854e-01
-3.238664239636097619e+01,3.621906952083097764e+01,2.044837280273437500e+03,4.831606447696685791e-01,6.334250000000000824e+00,3.104794025421142578e-01,2.104576528072357178e-01
-3.238334137434753046e+01,3.623010339909419031e+01,1.059339721679687500e+03,3.227740824222564697e-01,6.334260000000000446e+00,3.331387937068939209e-01,1.866538524627685547e-01
-3.238562550567292675e+01,3.624900402456514570e+01,1.477719360351562500e+03,4.478711187839508057e-01,6.334270000000000955e+00,2.378472834825515747e-01,1.490407884120941162e-01
-3.238549201743670380e+01,3.626029957650200686e+01,4.233705566406250000e+03,3.699487745761871338e-01,6.334280000000000577e+00,2.454767078161239624e-01,1.849753707647323608e-01
-3.238361341088685919e+01,3.628365894811989278e+01,1.463525024414062500e+03,2.999407351016998291e-01,6.334290000000000198e+00,2.493677139282226562e-01,1.558309793472290039e-01
-3.238171143179771860e+01,3.630394440757915930e+01,3.311321533203125000e+03,3.916472494602203369e-01,6.334300000000000708e+00,3.372586667537689209e-01,2.472314685583114624e-01
-3.237994053189539301e+01,3.631768766180280039e+01,3.570352783203125000e+03,2.475792318582534790e-01,6.334310000000000329e+00,3.961578309535980225e-01,2.930843234062194824e-01
-3.238308380366332528e+01,3.632824543013492047e+01,1.574672363281250000e+03,6.709534525871276855e-01,6.334320000000000839e+00,3.071987330913543701e-01,1.958854496479034424e-01
-3.238691220968643592e+01,3.634563190005613365e+01,1.117043334960937500e+03,5.589944720268249512e-01,6.334330000000000460e+00,3.273404240608215332e-01,1.871879100799560547e-01
-3.237670270802378525e+01,3.636542084612838011e+01,1.138245483398437500e+03,3.837400972843170166e-01,6.334340000000000082e+00,3.216183483600616455e-01,1.852042526006698608e-01
-3.238341132292384827e+01,3.637802777993920245e+01,1.788270874023437500e+03,4.119509756565093994e-01,6.334350000000000591e+00,2.093895375728607178e-01,1.378255337476730347e-01
-3.238412173211888501e+01,3.639208393178530088e+01,2.750895507812500000e+03,3.241092264652252197e-01,6.334360000000000213e+00,3.224575817584991455e-01,2.303704470396041870e-01
-3.238500835443998227e+01,3.640601266974375960e+01,1.219449707031250000e+03,2.441007047891616821e-01,6.334370000000000722e+00,3.091824054718017578e-01,1.824576705694198608e-01
-3.237386244135412028e+01,3.642600151838350797e+01,1.045372558593750000e+03,4.826122820377349854e-01,6.334380000000000344e+00,2.711115777492523193e-01,1.511007398366928101e-01
-3.238106404378865477e+01,3.643483520246911667e+01,1.571316284179687500e+03,3.237957060337066650e-01,6.334390000000000853e+00,3.224575817584991455e-01,2.054985314607620239e-01
-3.237758833799372127e+01,3.645020104369712044e+01,1.725968994140625000e+03,3.220683634281158447e-01,6.334400000000000475e+00,3.301633000373840332e-01,2.154930680990219116e-01
-3.237967363846237134e+01,3.646848655140760087e+01,1.236750976562500000e+03,4.378730356693267822e-01,6.334410000000000096e+00,3.625120520591735840e-01,2.149590104818344116e-01
-3.237270900211933622e+01,3.648793087235928567e+01,1.384868774414062500e+03,4.515880644321441650e-01,6.334420000000000606e+00,3.991332948207855225e-01,2.454004138708114624e-01
-3.237342727334820580e+01,3.650754898184604968e+01,1.365986816406250000e+03,5.097824931144714355e-01,6.334430000000000227e+00,2.872859537601470947e-01,1.758963614702224731e-01
-3.236352061129052515e+01,3.651893759626484837e+01,3.761265136718750000e+03,4.998261034488677979e-01,6.334440000000000737e+00,2.431115806102752686e-01,1.809317767620086670e-01
-3.237725553872866158e+01,3.653637452285677512e+01,2.764790527343750000e+03,3.322571814060211182e-01,6.334450000000000358e+00,2.877437174320220947e-01,2.057274132966995239e-01
-3.236868819925987140e+01,3.655294656251751917e+01,1.634692138671875000e+03,3.478306829929351807e-01,6.334460000000000868e+00,2.832423448562622070e-01,1.823813766241073608e-01
-3.237221333061834372e+01,3.656792149924022794e+01,8.759489135742187500e+02,3.315908014774322510e-01,6.334470000000000489e+00,2.910243570804595947e-01,1.501089036464691162e-01
-3.236913501053188469e+01,3.657843033349737283e+01,7.908462524414062500e+02,3.454286158084869385e-01,6.334480000000000111e+00,2.482995986938476562e-01,1.216511577367782593e-01
-3.237432308324013519e+01,3.659609171065420696e+01,1.358822631835937500e+03,3.240853846073150635e-01,6.334490000000000620e+00,2.624140381813049316e-01,1.604086309671401978e-01
-3.237195869814036797e+01,3.661364883440354134e+01,1.581911010742187500e+03,2.688664495944976807e-01,6.334500000000000242e+00,2.454004138708114624e-01,1.566702127456665039e-01
-3.236671329877845693e+01,3.662714840777316283e+01,3.647542236328125000e+03,3.164857923984527588e-01,6.334510000000000751e+00,3.599943518638610840e-01,2.669916749000549316e-01
-3.237147543113823644e+01,3.663403013821015008e+01,2.145329345703125000e+03,3.135568201541900635e-01,6.334520000000000373e+00,2.849971055984497070e-01,1.950462162494659424e-01
-3.236633920623182803e+01,3.665322541829738157e+01,8.954709472656250000e+02,4.672760069370269775e-01,6.334530000000000882e+00,3.338254392147064209e-01,1.739890128374099731e-01
-3.237009654466593389e+01,3.667767059530643792e+01,1.190498168945312500e+03,3.783792555332183838e-01,6.334540000000000504e+00,2.540216743946075439e-01,1.486593186855316162e-01
-3.236552387333281899e+01,3.669110863286881141e+01,8.449301757812500000e+02,3.966456949710845947e-01,6.334550000000000125e+00,2.431878745555877686e-01,1.232533380389213562e-01
-3.236792442538251180e+01,3.671081803486630690e+01,1.048717041015625000e+03,2.460771948099136353e-01,6.334560000000000635e+00,2.480707168579101562e-01,1.384358853101730347e-01
-3.236382073177863106e+01,3.671952555913013327e+01,7.043057250976562500e+02,2.479893118143081665e-01,6.334570000000000256e+00,2.568445503711700439e-01,1.179127395153045654e-01
-3.237265035681959091e+01,3.674164182338397211e+01,8.827992553710937500e+02,2.010816484689712524e-01,6.334580000000000766e+00,2.853786051273345947e-01,1.477437913417816162e-01
-3.237672409209961444e+01,3.675580075053358797e+01,2.793948974609375000e+03,2.056712061166763306e-01,6.334590000000000387e+00,2.405175864696502686e-01,1.722342371940612793e-01
-3.237134332925093361e+01,3.676773222278188058e+01,1.460949951171875000e+03,2.831250727176666260e-01,6.334600000000000897e+00,2.438745200634002686e-01,1.523214429616928101e-01
-3.237296105450484163e+01,3.679356896796251419e+01,1.749160766601562500e+03,3.021091520786285400e-01,6.334610000000000518e+00,2.194603681564331055e-01,1.437001973390579224e-01
-3.237730766271332783e+01,3.680631912101496539e+01,1.515296752929687500e+03,2.117997556924819946e-01,6.334620000000000140e+00,2.280816137790679932e-01,1.439290791749954224e-01
-3.237117359014954587e+01,3.681954672317512944e+01,2.163709472656250000e+03,2.705365717411041260e-01,6.334630000000000649e+00,2.462396472692489624e-01,1.688009947538375854e-01
-3.237708695107952650e+01,3.683418320905195742e+01,1.451941528320312500e+03,2.652424871921539307e-01,6.334640000000000271e+00,2.352532744407653809e-01,1.466756761074066162e-01
-3.237588260126283757e+01,3.685592519159470726e+01,1.063247436523437500e+03,2.881056368350982666e-01,6.334650000000000780e+00,2.338036894798278809e-01,1.311879456043243408e-01
-3.237528745541517594e+01,3.687149982130741677e+01,2.784042968750000000e+03,1.723200231790542603e-01,6.334660000000000402e+00,2.589807808399200439e-01,1.853568404912948608e-01
-3.237320150407695252e+01,3.688015652875741068e+01,1.154558227539062500e+03,2.876550257205963135e-01,6.334670000000000911e+00,2.092369496822357178e-01,1.211171001195907593e-01
-3.237753872921643961e+01,3.689696873757199569e+01,1.028017456054687500e+03,2.620142996311187744e-01,6.334680000000000533e+00,1.890189647674560547e-01,1.046375483274459839e-01
-3.238185838035887798e+01,3.691432333368813801e+01,2.475241455078125000e+03,1.497322469949722290e-01,6.334690000000000154e+00,2.038200497627258301e-01,1.431661397218704224e-01
-3.237936222255844854e+01,3.693022051662414640e+01,1.854104248046875000e+03,1.650184541940689087e-01,6.334700000000000664e+00,2.200707197189331055e-01,1.460653096437454224e-01
-3.237225922323654004e+01,3.693722288389737685e+01,1.579053588867187500e+03,2.083665281534194946e-01,6.334710000000000285e+00,2.525720596313476562e-01,1.611715704202651978e-01
-3.237740473742130831e+01,3.696059285398295202e+01,1.130443725585937500e+03,2.795046865940093994e-01,6.334720000000000795e+00,2.740870416164398193e-01,1.574331521987915039e-01
-3.237745980030048543e+01,3.697764996979812224e+01,1.060577392578125000e+03,2.625769674777984619e-01,6.334730000000000416e+00,3.430570363998413086e-01,1.922996193170547485e-01
-3.237925714994438664e+01,3.699428892994084350e+01,1.749153808593750000e+03,2.558857500553131104e-01,6.334740000000000926e+00,3.971496522426605225e-01,2.600488960742950439e-01
-3.237359717230658873e+01,3.700667758936130269e+01,1.941771118164062500e+03,4.715818464756011963e-01,6.334750000000000547e+00,3.332150876522064209e-01,2.234276682138442993e-01
-3.237650349712387055e+01,3.703087258169621521e+01,1.283157104492187500e+03,5.302328467369079590e-01,6.334760000000000169e+00,3.330624997615814209e-01,1.999290436506271362e-01
-3.237547529358232623e+01,3.704601632453379523e+01,1.928331909179687500e+03,4.746777117252349854e-01,6.334770000000000678e+00,2.724085748195648193e-01,1.823813766241073608e-01
-3.237447710097509201e+01,3.706347031362624023e+01,1.406137329101562500e+03,3.821200430393218994e-01,6.334780000000000300e+00,2.835475206375122070e-01,1.751334220170974731e-01
-3.237841994909042143e+01,3.707134116371634036e+01,7.583983764648437500e+02,3.614741861820220947e-01,6.334790000000000809e+00,2.874385416507720947e-01,1.376729458570480347e-01
-3.237714365627940083e+01,3.708653676967670521e+01,1.664272949218750000e+03,2.900487482547760010e-01,6.334800000000000431e+00,3.752532005310058594e-01,2.427301108837127686e-01
-3.237774875217802872e+01,3.711219855663636480e+01,1.547169433593750000e+03,3.367287218570709229e-01,6.334810000000000940e+00,2.823268175125122070e-01,1.791770160198211670e-01
-3.237262125056214046e+01,3.712370303023455165e+01,1.698166259765625000e+03,4.568320810794830322e-01,6.334820000000000562e+00,3.645720183849334717e-01,2.370080500841140747e-01
-3.237776422639978335e+01,3.713881819410401874e+01,1.574536376953125000e+03,3.430837690830230713e-01,6.334830000000000183e+00,5.015201568603515625e-01,3.197872936725616455e-01
-3.237126266116495543e+01,3.715032466326232452e+01,1.442103149414062500e+03,5.794996619224548340e-01,6.334840000000000693e+00,4.463594257831573486e-01,2.777491807937622070e-01
-3.237248928315028706e+01,3.717506893267185575e+01,1.594307250976562500e+03,7.115775942802429199e-01,6.334850000000000314e+00,4.434602558612823486e-01,2.837001085281372070e-01
-3.237302400899972099e+01,3.719088933707818967e+01,1.536756713867187500e+03,6.190747618675231934e-01,6.334860000000000824e+00,4.379670619964599609e-01,2.774440050125122070e-01
-3.237068943457398262e+01,3.720490452593303843e+01,1.764197509765625000e+03,7.631224989891052246e-01,6.334870000000000445e+00,3.558744788169860840e-01,2.334985136985778809e-01
-3.236890478479655542e+01,3.721991432202398897e+01,1.818284545898437500e+03,6.176943182945251465e-01,6.334880000000000955e+00,3.992095887660980225e-01,2.637873291969299316e-01
-3.236801946354392356e+01,3.723868583166465385e+01,1.569287719726562500e+03,5.781275629997253418e-01,6.334890000000000576e+00,2.556238472461700439e-01,1.628500521183013916e-01
-3.236922689974198164e+01,3.724972495395182648e+01,3.210834960937500000e+03,4.390925467014312744e-01,6.334900000000000198e+00,3.678526580333709717e-01,2.685938477516174316e-01
-3.236377966821664387e+01,3.726607141059552220e+01,5.188767578125000000e+03,2.704185545444488525e-01,6.334910000000000707e+00,3.528989851474761963e-01,2.708064019680023193e-01
-3.236537490550751528e+01,3.728846757547493951e+01,2.202435302734375000e+03,5.484110713005065918e-01,6.334920000000000329e+00,4.003539979457855225e-01,2.753840386867523193e-01
-3.236733066267883885e+01,3.730428277906902679e+01,1.331449951171875000e+03,7.115322947502136230e-01,6.334930000000000838e+00,3.968444764614105225e-01,2.410516440868377686e-01
-3.236378955980730154e+01,3.731735732686034623e+01,1.915853637695312500e+03,5.395788550376892090e-01,6.334940000000000460e+00,5.015964508056640625e-01,3.353513181209564209e-01
-3.237056455770267149e+01,3.733446453116471275e+01,1.573593017578125000e+03,7.799810767173767090e-01,6.334950000000000081e+00,3.199398815631866455e-01,2.039726376533508301e-01
-3.237001201561602670e+01,3.734671616082069789e+01,2.524016113281250000e+03,7.130593657493591309e-01,6.334960000000000591e+00,3.860106766223907471e-01,2.720271050930023193e-01
-3.236483009627390572e+01,3.736814566047242181e+01,3.569081298828125000e+03,4.583877623081207275e-01,6.334970000000000212e+00,3.389371335506439209e-01,2.507410049438476562e-01
-3.236397755204399118e+01,3.738181645119781393e+01,4.748488281250000000e+03,5.965430140495300293e-01,6.334980000000000722e+00,4.033294916152954102e-01,3.071987330913543701e-01
-3.236816962691695920e+01,3.739313354166206693e+01,2.603109375000000000e+03,4.387921392917633057e-01,6.334990000000000343e+00,3.517545759677886963e-01,2.491388320922851562e-01
-3.236781106205840075e+01,3.741010939747490482e+01,4.215815429687500000e+03,6.507963538169860840e-01,6.335000000000000853e+00,2.695856988430023193e-01,2.030571103096008301e-01
-3.236754947306094010e+01,3.743339419309993588e+01,2.154448730468750000e+03,4.631799757480621338e-01,6.335010000000000474e+00,4.208771586418151855e-01,2.882777750492095947e-01
-3.236860929360252470e+01,3.744271768189486949e+01,5.221275390625000000e+03,4.544490873813629150e-01,6.335020000000000095e+00,3.656401336193084717e-01,2.807246446609497070e-01
-3.236737922861264138e+01,3.745884347166556694e+01,2.360526611328125000e+03,7.155699133872985840e-01,6.335030000000000605e+00,3.785338401794433594e-01,2.637110352516174316e-01
-3.236778878013382155e+01,3.748012164730310047e+01,1.717478027343750000e+03,6.162161231040954590e-01,6.335040000000000227e+00,4.056946039199829102e-01,2.644739747047424316e-01
-3.237419927304575396e+01,3.749282151279255970e+01,1.222099853515625000e+03,5.841559767723083496e-01,6.335050000000000736e+00,4.028717279434204102e-01,2.379235774278640747e-01
-3.236741215594374665e+01,3.750893938843056219e+01,2.181723388671875000e+03,5.926603674888610840e-01,6.335060000000000358e+00,4.265229403972625732e-01,2.928554117679595947e-01
-3.236391907968835824e+01,3.752457411639168328e+01,2.736769287109375000e+03,5.440730452537536621e-01,6.335070000000000867e+00,4.351441860198974609e-01,3.106319904327392578e-01
-3.237140654664161588e+01,3.753585058834699595e+01,2.558650634765625000e+03,7.187909483909606934e-01,6.335080000000000489e+00,3.725066184997558594e-01,2.631006836891174316e-01
-3.237283555037068083e+01,3.756132244781436214e+01,4.103110839843750000e+03,7.077962756156921387e-01,6.335090000000000110e+00,4.166809618473052979e-01,3.129971027374267578e-01
-3.237276115181359160e+01,3.757256871987118529e+01,3.105608398437500000e+03,7.176060080528259277e-01,6.335100000000000620e+00,4.166046679019927979e-01,3.028499782085418701e-01
-3.237195144279770176e+01,3.758458476960127115e+01,1.521342041015625000e+03,7.436937689781188965e-01,6.335110000000000241e+00,4.495638012886047363e-01,2.840052843093872070e-01
-3.237488047349093989e+01,3.759788626168152348e+01,1.145135742187500000e+03,6.885988116264343262e-01,6.335120000000000751e+00,3.815856277942657471e-01,2.202233076095581055e-01
-3.237420482307607728e+01,3.761796281778697448e+01,5.770299316406250000e+03,6.817693114280700684e-01,6.335130000000000372e+00,4.037872552871704102e-01,3.123867511749267578e-01
-3.236932314658556464e+01,3.763387958118888577e+01,2.090451660156250000e+03,4.711908400058746338e-01,6.335140000000000882e+00,3.873077034950256348e-01,2.637110352516174316e-01
-3.236695811134016054e+01,3.764982563973461538e+01,2.175875488281250000e+03,8.413154482841491699e-01,6.335150000000000503e+00,4.316346347332000732e-01,2.962123751640319824e-01
-3.236967550096842672e+01,3.766768212392628357e+01,2.787512939453125000e+03,6.148416399955749512e-01,6.335160000000000124e+00,5.850623250007629395e-01,4.188172221183776855e-01
-3.237031825844938737e+01,3.768220527973841882e+01,2.412758300781250000e+03,7.834345698356628418e-01,6.335170000000000634e+00,4.829043745994567871e-01,3.377164304256439209e-01
-3.237285369712984107e+01,3.769581215069511870e+01,2.669349853515625000e+03,1.178987741470336914e+00,6.335180000000000256e+00,6.137489676475524902e-01,4.364411830902099609e-01
-3.237032390630331946e+01,3.771578963067700130e+01,1.551276855468750000e+03,1.019054174423217773e+00,6.335190000000000765e+00,3.838744461536407471e-01,2.437982261180877686e-01
-3.237097795151805713e+01,3.773421676158817917e+01,2.164355468750000000e+03,9.767622351646423340e-01,6.335200000000000387e+00,3.345883786678314209e-01,2.293786257505416870e-01
-3.237065727367193801e+01,3.775163491816297778e+01,9.624255981445312500e+02,5.451125502586364746e-01,6.335210000000000896e+00,3.568663001060485840e-01,1.921470314264297485e-01
-3.236906275383101672e+01,3.775743489902588834e+01,1.349059326171875000e+03,5.077189803123474121e-01,6.335220000000000518e+00,4.107300341129302979e-01,2.505121231079101562e-01
-3.236669192199852318e+01,3.778125336799206480e+01,1.652955322265625000e+03,4.998535215854644775e-01,6.335230000000000139e+00,2.702723443508148193e-01,1.745230704545974731e-01
-3.237111659141871911e+01,3.779826610799818809e+01,2.098248291015625000e+03,5.197972655296325684e-01,6.335240000000000649e+00,2.547846138477325439e-01,1.736075282096862793e-01
-3.237272812653475995e+01,3.780699608992729566e+01,2.121110595703125000e+03,3.512150347232818604e-01,6.335250000000000270e+00,4.092041254043579102e-01,2.794276475906372070e-01
-3.237003846685617958e+01,3.782762168474111775e+01,2.361472900390625000e+03,3.868681490421295166e-01,6.335260000000000780e+00,4.608553349971771240e-01,3.210842907428741455e-01
-3.237173584626555112e+01,3.784613667061570652e+01,1.907705932617187500e+03,7.413453459739685059e-01,6.335270000000000401e+00,4.080597162246704102e-01,2.725611627101898193e-01
-3.237108337643730493e+01,3.786964826573395726e+01,3.314813964843750000e+03,7.097548842430114746e-01,6.335280000000000911e+00,4.388825893402099609e-01,3.217709362506866455e-01
-3.236965861471212946e+01,3.787382933660714457e+01,1.573099731445312500e+03,6.495434641838073730e-01,6.335290000000000532e+00,4.282777011394500732e-01,2.730189263820648193e-01
-3.236975646903048442e+01,3.789050333074921184e+01,2.622189208984375000e+03,8.096272349357604980e-01,6.335300000000000153e+00,4.227845072746276855e-01,2.997981905937194824e-01
-3.237176771300688216e+01,3.790822870921046928e+01,1.790831298828125000e+03,7.668740153312683105e-01,6.335310000000000663e+00,4.098907709121704102e-01,2.698908746242523193e-01
-3.236990702414885135e+01,3.792775459492293777e+01,1.686265991210937500e+03,7.539767622947692871e-01,6.335320000000000285e+00,4.533784985542297363e-01,2.942287325859069824e-01
-3.236474059971414619e+01,3.794038180763958934e+01,2.119778076171875000e+03,6.393784880638122559e-01,6.335330000000000794e+00,4.855746626853942871e-01,3.315365910530090332e-01
-3.236733265073166166e+01,3.795638150661100951e+01,2.633951660156250000e+03,7.533163428306579590e-01,6.335340000000000416e+00,4.545229077339172363e-01,3.225338757038116455e-01
-3.236914190604701247e+01,3.797738759115379992e+01,1.507990356445312500e+03,7.558316588401794434e-01,6.335350000000000925e+00,4.724520444869995117e-01,2.977382540702819824e-01
-3.236663068216345351e+01,3.799567883180593242e+01,2.324424804687500000e+03,6.644386649131774902e-01,6.335360000000000547e+00,5.411168932914733887e-01,3.759398460388183594e-01
-3.236937452573269525e+01,3.800096636565155706e+01,2.298399414062500000e+03,6.549198031425476074e-01,6.335370000000000168e+00,5.498144030570983887e-01,3.812041580677032471e-01
-3.237081943104699633e+01,3.802554504863155671e+01,1.585594482421875000e+03,1.010608196258544922e+00,6.335380000000000678e+00,5.337926149368286133e-01,3.409970998764038086e-01
-3.237160990947974426e+01,3.804260218438373187e+01,5.313243164062500000e+03,8.493978381156921387e-01,6.335390000000000299e+00,6.782175898551940918e-01,5.214329361915588379e-01
-3.236665922942022888e+01,3.805671311268243073e+01,5.042993652343750000e+03,1.039957523345947266e+00,6.335400000000000809e+00,3.456510305404663086e-01,2.646265625953674316e-01
-3.236522112872452794e+01,3.806780632098528372e+01,1.150855712890625000e+03,1.112787246704101562e+00,6.335410000000000430e+00,3.125393390655517578e-01,1.807028949260711670e-01
-3.236631939647190137e+01,3.808170385415329662e+01,1.619850219726562500e+03,4.970664083957672119e-01,6.335420000000000940e+00,3.253567814826965332e-01,2.090080678462982178e-01
-3.236461856639388657e+01,3.809978379234433277e+01,1.056708984375000000e+03,4.263574182987213135e-01,6.335430000000000561e+00,3.081142604351043701e-01,1.724631190299987793e-01
-3.236080173369891355e+01,3.811623315312115068e+01,1.018770080566406250e+03,4.031616747379302979e-01,6.335440000000000182e+00,3.208554089069366455e-01,1.769644767045974731e-01
-3.236026273126658026e+01,3.813342485135898841e+01,1.765214477539062500e+03,3.684002459049224854e-01,6.335450000000000692e+00,3.126919269561767578e-01,2.051933556795120239e-01
-3.236427316322670578e+01,3.814482404954728878e+01,1.195469360351562500e+03,3.835791647434234619e-01,6.335460000000000313e+00,3.715910911560058594e-01,2.177819013595581055e-01
-3.236092891890199752e+01,3.816434824743852516e+01,1.519915771484375000e+03,4.572600424289703369e-01,6.335470000000000823e+00,2.923976480960845947e-01,1.846701949834823608e-01
-3.236118830129947099e+01,3.818389388140447949e+01,1.987330200195312500e+03,4.737466871738433838e-01,6.335480000000000445e+00,2.498254776000976562e-01,1.683432310819625854e-01
-3.236736441366544170e+01,3.819630753241492016e+01,4.030721679687500000e+03,3.294509947299957275e-01,6.335490000000000954e+00,3.210842907428741455e-01,2.407464683055877686e-01
-3.236072976955448866e+01,3.821132233979196258e+01,1.940275268554687500e+03,3.563446104526519775e-01,6.335500000000000576e+00,3.363431394100189209e-01,2.254876196384429932e-01
-3.235882858055965272e+01,3.822960869259478045e+01,1.967633300781250000e+03,5.329901576042175293e-01,6.335510000000000197e+00,3.290951848030090332e-01,2.212914377450942993e-01
-3.236597719025053266e+01,3.824883986118653922e+01,1.338876953125000000e+03,5.039317011833190918e-01,6.335520000000000707e+00,4.101959764957427979e-01,2.495965957641601562e-01
-3.236432132431158237e+01,3.825683044862498150e+01,1.135958496093750000e+03,4.912287294864654541e-01,6.335530000000000328e+00,2.986537814140319824e-01,1.718527674674987793e-01
-3.236519950530297507e+01,3.826885335712555047e+01,1.296384887695312500e+03,4.962414801120758057e-01,6.335540000000000838e+00,3.351224362850189209e-01,2.018364071846008301e-01
-3.236743712472648582e+01,3.829386778458746932e+01,1.118593505859375000e+03,3.437620699405670166e-01,6.335550000000000459e+00,2.979671359062194824e-01,1.704794764518737793e-01
-3.236069156184398565e+01,3.830788142173945943e+01,1.407837646484375000e+03,3.818029463291168213e-01,6.335560000000000080e+00,2.629480957984924316e-01,1.624685823917388916e-01
-3.236789269570160599e+01,3.832208348500552830e+01,1.737339599609375000e+03,3.081602156162261963e-01,6.335570000000000590e+00,3.703703582286834717e-01,2.421197593212127686e-01
-3.236255312434087017e+01,3.833644705277126974e+01,1.023457336425781250e+03,3.540081083774566650e-01,6.335580000000000211e+00,2.847682237625122070e-01,1.573568582534790039e-01
-3.236535939846925913e+01,3.835520484361506277e+01,1.161304809570312500e+03,4.393416941165924072e-01,6.335590000000000721e+00,3.070461452007293701e-01,1.781089007854461670e-01
-3.236537918315232076e+01,3.837079476618617946e+01,1.685594848632812500e+03,2.696878015995025635e-01,6.335600000000000342e+00,3.014003932476043701e-01,1.955802738666534424e-01
-3.237007541607705008e+01,3.838155461279091440e+01,1.016515563964843750e+03,3.883880674839019775e-01,6.335610000000000852e+00,2.776728868484497070e-01,1.530080884695053101e-01
-3.237118410830045434e+01,3.839625502896895881e+01,1.432387207031250000e+03,3.383952677249908447e-01,6.335620000000000474e+00,2.894984781742095947e-01,1.797873675823211670e-01
-3.236405464415540223e+01,3.842145659201461427e+01,2.307299072265625000e+03,3.259867727756500244e-01,6.335630000000000095e+00,2.561579048633575439e-01,1.777274161577224731e-01
-3.236444725630708064e+01,3.843632234635442302e+01,1.655174926757812500e+03,3.406960070133209229e-01,6.335640000000000605e+00,2.387628108263015747e-01,1.542287915945053101e-01
-3.237035137175029575e+01,3.844607994929687322e+01,1.466819335937500000e+03,2.906745970249176025e-01,6.335650000000000226e+00,2.960597872734069824e-01,1.851279586553573608e-01
-3.236770644900826710e+01,3.846293990115420058e+01,2.240696533203125000e+03,3.050202429294586182e-01,6.335660000000000736e+00,3.436673879623413086e-01,2.371606379747390747e-01
-3.236462758663974881e+01,3.847826467356026114e+01,1.712049316406250000e+03,3.375989496707916260e-01,6.335670000000000357e+00,3.173458874225616455e-01,2.067192345857620239e-01
-3.236579448155123373e+01,3.850036083954790911e+01,1.197885131835937500e+03,4.516703188419342041e-01,6.335680000000000867e+00,3.671660125255584717e-01,2.153404802083969116e-01
-3.236846461848760015e+01,3.851486897598049097e+01,1.248835083007812500e+03,3.491694033145904541e-01,6.335690000000000488e+00,3.301633000373840332e-01,1.964195072650909424e-01
-3.237326857298714344e+01,3.852644887869221435e+01,1.612305908203125000e+03,4.810065329074859619e-01,6.335700000000000109e+00,2.797328233718872070e-01,1.794821918010711670e-01
-3.236578327516933484e+01,3.854720242588102508e+01,1.188822387695312500e+03,3.712410032749176025e-01,6.335710000000000619e+00,2.643213868141174316e-01,1.546102762222290039e-01
-3.236925857687445784e+01,3.855758943572824649e+01,1.917584838867187500e+03,2.811152040958404541e-01,6.335720000000000240e+00,3.189480602741241455e-01,2.132805436849594116e-01
-3.236581467811120660e+01,3.856906308609372758e+01,1.586282592773437500e+03,3.318006098270416260e-01,6.335730000000000750e+00,2.824794054031372070e-01,1.804740130901336670e-01
-3.236600857309221624e+01,3.859130580128754673e+01,1.221212280273437500e+03,4.779726564884185791e-01,6.335740000000000371e+00,2.883540689945220947e-01,1.702505946159362793e-01
-3.236326065190895918e+01,3.860662624734813164e+01,2.105347656250000000e+03,2.915126383304595947e-01,6.335750000000000881e+00,4.079071283340454102e-01,2.781306505203247070e-01
-3.236222627219257220e+01,3.861652855550634911e+01,1.740104858398437500e+03,3.655582964420318604e-01,6.335760000000000502e+00,3.335965573787689209e-01,2.181633710861206055e-01
-3.236429994507064123e+01,3.863925986062844231e+01,2.530760253906250000e+03,5.815274119377136230e-01,6.335770000000000124e+00,3.954711854457855225e-01,2.788172960281372070e-01
-3.237027398742033313e+01,3.865537312354274491e+01,1.747631591796875000e+03,5.527812838554382324e-01,6.335780000000000634e+00,2.677546143531799316e-01,1.752860099077224731e-01
-3.236559693565829576e+01,3.867026411409048592e+01,2.498213378906250000e+03,4.083782732486724854e-01,6.335790000000000255e+00,5.187626481056213379e-01,3.649534881114959717e-01
-3.236801149380610809e+01,3.868669312131699911e+01,2.815356689453125000e+03,8.106583952903747559e-01,6.335800000000000765e+00,3.358090817928314209e-01,2.407464683055877686e-01
-3.236490031857440641e+01,3.869627221341499279e+01,3.192969482421875000e+03,9.409529566764831543e-01,6.335810000000000386e+00,3.245175480842590332e-01,2.367791682481765747e-01
-3.235889116111144403e+01,3.871173723261391331e+01,1.415183837890625000e+03,4.616231024265289307e-01,6.335820000000000896e+00,2.974330782890319824e-01,1.840598434209823608e-01
-3.235291599226604831e+01,3.872514757373581062e+01,1.719395751953125000e+03,5.386394858360290527e-01,6.335830000000000517e+00,2.868281900882720947e-01,1.870353221893310547e-01
-3.235193942859334726e+01,3.873870818589923459e+01,3.113546875000000000e+03,2.788144648075103760e-01,6.335840000000000138e+00,4.178253710269927979e-01,3.038417994976043701e-01
-3.235584770886844552e+01,3.875045479160463202e+01,1.685274902343750000e+03,5.266720652580261230e-01,6.335850000000000648e+00,5.931876972317695618e-02,3.849044069647789001e-02
-3.234963291832908538e+01,3.875939490224705963e+01,2.097564697265625000e+03,4.499799311161041260e-01,6.335860000000000269e+00,4.764575138688087463e-02,3.246319666504859924e-02
-3.234360658387245735e+01,3.876984487556048009e+01,-5.176282348632812500e+02,1.497477442026138306e-01,6.335870000000000779e+00,2.162941545248031616e-02,4.039779677987098694e-02
