# x_coordinates, y_coordinates, TEP, TED, times, high, low
-3.410503349194569012e+01,3.095982312543677395e+01,1.517420288085937500e+03,6.845057755708694458e-02,6.188360000000000305e+00,3.906646370887756348e-01,2.466211169958114624e-01
-3.411607679655804048e+01,3.096069793672820936e+01,1.741299438476562500e+03,1.553744226694107056e-01,6.188370000000000815e+00,4.920596778392791748e-01,3.218472301959991455e-01
-3.413156310403741145e+01,3.096284338126930535e+01,1.530825195312500000e+03,3.878683149814605713e-01,6.188380000000000436e+00,5.157108902931213379e-01,3.263486027717590332e-01
-3.414600379755277260e+01,3.097143798587795516e+01,1.514126220703125000e+03,5.261439681053161621e-01,6.188390000000000946e+00,5.529424548149108887e-01,3.488554060459136963e-01
-3.415943250058620606e+01,3.097909886005977143e+01,1.723633789062500000e+03,6.337434649467468262e-01,6.188400000000000567e+00,7.014110684394836426e-01,4.576509892940521240e-01
-3.416143608043032742e+01,3.098465949866431401e+01,2.920433105468750000e+03,7.017058730125427246e-01,6.188410000000000188e+00,6.598306894302368164e-01,4.755801260471343994e-01
-3.416759020470352937e+01,3.099619821595562996e+01,1.360503295898437500e+03,1.078856706619262695e+00,6.188420000000000698e+00,6.480813622474670410e-01,3.963104188442230225e-01
-3.417939513904160265e+01,3.100839790594633172e+01,1.216399902343750000e+03,9.872943758964538574e-01,6.188430000000000319e+00,6.425119042396545410e-01,3.788390159606933594e-01
-3.417863310521110520e+01,3.102168258771594367e+01,2.847096191406250000e+03,9.068030714988708496e-01,6.188440000000000829e+00,6.479287743568420410e-01,4.652804136276245117e-01
-3.418523542732177134e+01,3.102785799263418198e+01,3.207064941406250000e+03,8.778554797172546387e-01,6.188450000000000450e+00,8.812365531921386719e-01,6.433511376380920410e-01
-3.418833754678662018e+01,3.103521678503641823e+01,6.837091308593750000e+03,1.230012893676757812e+00,6.188460000000000072e+00,9.507406353950500488e-01,7.439069747924804688e-01
-3.419013022333125917e+01,3.105404481892692203e+01,2.755271972656250000e+03,1.829324483871459961e+00,6.188470000000000582e+00,8.142502307891845703e-01,5.818579792976379395e-01
-3.419686807325702205e+01,3.106730779484132299e+01,2.824432373046875000e+03,1.886584281921386719e+00,6.188480000000000203e+00,6.748606562614440918e-01,4.840487837791442871e-01
-3.418831659703574388e+01,3.107290015593818566e+01,1.826923583984375000e+03,1.473553895950317383e+00,6.188490000000000713e+00,6.317543983459472656e-01,4.179016649723052979e-01
-3.418883369295877372e+01,3.109051310823400271e+01,1.776458740234375000e+03,1.075652360916137695e+00,6.188500000000000334e+00,5.199070572853088379e-01,3.416837453842163086e-01
-3.419533465832264341e+01,3.110331492575728873e+01,2.183245849609375000e+03,9.522766470909118652e-01,6.188510000000000844e+00,4.816836714744567871e-01,3.307736515998840332e-01
-3.418240703773468425e+01,3.112024752607464961e+01,1.438952758789062500e+03,6.636435389518737793e-01,6.188520000000000465e+00,4.600161015987396240e-01,2.860652506351470947e-01
-3.418993529427679334e+01,3.113572630043142198e+01,2.093630615234375000e+03,5.905861258506774902e-01,6.188530000000000086e+00,4.593294560909271240e-01,3.128445148468017578e-01
-3.418409231678293025e+01,3.114453970787640458e+01,1.303525512695312500e+03,4.842704832553863525e-01,6.188540000000000596e+00,4.564302563667297363e-01,2.753840386867523193e-01
-3.418856231058003914e+01,3.116876327548387593e+01,1.544717407226562500e+03,4.670864641666412354e-01,6.188550000000000217e+00,5.744574666023254395e-01,3.644194304943084717e-01
-3.418677365424420600e+01,3.118266990545271256e+01,2.085016357421875000e+03,4.939061701297760010e-01,6.188560000000000727e+00,6.137489676475524902e-01,4.176727831363677979e-01
-3.418901904976805639e+01,3.119371064860984077e+01,1.118692382812500000e+03,6.796163916587829590e-01,6.188570000000000348e+00,6.177163124084472656e-01,3.534330427646636963e-01
-3.418460935741062201e+01,3.121622483137594628e+01,1.598047485351562500e+03,8.074397444725036621e-01,6.188580000000000858e+00,6.657053828239440918e-01,4.261414706707000732e-01
-3.418143625286539589e+01,3.122544011508078299e+01,1.325910034179687500e+03,8.156711459159851074e-01,6.188590000000000479e+00,5.114384293556213379e-01,3.102505207061767578e-01
-3.417929625970166541e+01,3.124599774208771308e+01,2.285804199218750000e+03,8.409101366996765137e-01,6.188600000000000101e+00,5.704138875007629395e-01,3.950897157192230225e-01
-3.418216608744030083e+01,3.125685339507001004e+01,2.256080322265625000e+03,6.114191412925720215e-01,6.188610000000000610e+00,6.305336952209472656e-01,4.356782436370849609e-01
-3.418270383307837790e+01,3.126887861286784442e+01,3.478323486328125000e+03,7.940692305564880371e-01,6.188620000000000232e+00,6.964519619941711426e-01,5.136509537696838379e-01
-3.418430122246869018e+01,3.128542786634690387e+01,1.355954589843750000e+03,9.949082732200622559e-01,6.188630000000000742e+00,5.468389391899108887e-01,3.340543210506439209e-01
-3.418031730233499843e+01,3.129819139690406971e+01,1.567753540039062500e+03,8.726209998130798340e-01,6.188640000000000363e+00,5.788825154304504395e-01,3.686918914318084717e-01
-3.418123068906058393e+01,3.130931361171938931e+01,1.394541503906250000e+03,6.017214655876159668e-01,6.188650000000000873e+00,6.312203407287597656e-01,3.889098763465881348e-01
-3.418391185386975195e+01,3.132208015224450293e+01,1.148714233398437500e+03,7.950956225395202637e-01,6.188660000000000494e+00,6.319069862365722656e-01,3.651060760021209717e-01
-3.418771324343172324e+01,3.134863734987349915e+01,2.466850830078125000e+03,8.525568842887878418e-01,6.188670000000000115e+00,5.673620700836181641e-01,3.982940614223480225e-01
-3.418304493178811043e+01,3.135550022245398694e+01,2.035753662109375000e+03,8.368677496910095215e-01,6.188680000000000625e+00,5.285283327102661133e-01,3.579344153404235840e-01
-3.418065080594608673e+01,3.136955167873998462e+01,2.116967773437500000e+03,7.451719641685485840e-01,6.188690000000000246e+00,7.545118331909179688e-01,5.150242447853088379e-01
-3.418517374312578738e+01,3.138640105459190721e+01,1.255155761718750000e+03,8.767730593681335449e-01,6.188700000000000756e+00,5.649206638336181641e-01,3.366483151912689209e-01
-3.418180128358139314e+01,3.140051058346794832e+01,1.501500244140625000e+03,9.647006392478942871e-01,6.188710000000000377e+00,5.571386814117431641e-01,3.506864607334136963e-01
-3.418531296081929582e+01,3.141574411199067285e+01,1.486422607421875000e+03,6.625623106956481934e-01,6.188720000000000887e+00,6.139015555381774902e-01,3.853240311145782471e-01
-3.418289456785397817e+01,3.142561580582765401e+01,2.086909912109375000e+03,7.661325335502624512e-01,6.188730000000000508e+00,6.374002099037170410e-01,4.338471889495849609e-01
-3.419042834142127418e+01,3.144979982433942212e+01,1.736898071289062500e+03,7.965893149375915527e-01,6.188740000000000130e+00,6.395364403724670410e-01,4.180542826652526855e-01
-3.418402159110968341e+01,3.146458629227713999e+01,1.653734863281250000e+03,1.014911651611328125e+00,6.188750000000000639e+00,6.455636620521545410e-01,4.169098436832427979e-01
-3.419104549980983876e+01,3.147205303997417758e+01,1.969929809570312500e+03,9.139711260795593262e-01,6.188760000000000261e+00,7.405499815940856934e-01,4.980869293212890625e-01
-3.418688063288212220e+01,3.148516585596205175e+01,1.805093750000000000e+03,9.352559447288513184e-01,6.188770000000000771e+00,7.680159211158752441e-01,5.066318511962890625e-01
-3.418454361662306695e+01,3.150253616948267776e+01,4.191104980468750000e+03,1.218344688415527344e+00,6.188780000000000392e+00,7.792311906814575195e-01,5.865882635116577148e-01
-3.418665458429191517e+01,3.152207525649304998e+01,1.364294555664062500e+03,1.381040334701538086e+00,6.188790000000000902e+00,6.389260888099670410e-01,3.910461068153381348e-01
-3.418960968030425818e+01,3.153029734286759123e+01,1.580167602539062500e+03,1.273712635040283203e+00,6.188800000000000523e+00,6.651713252067565918e-01,4.245392680168151855e-01
-3.418901078957528483e+01,3.155299379921031999e+01,1.641313476562500000e+03,8.284265398979187012e-01,6.188810000000000144e+00,8.281357884407043457e-01,5.337926149368286133e-01
-3.418739590279485441e+01,3.156810999912974225e+01,2.254241210937500000e+03,1.072941541671752930e+00,6.188820000000000654e+00,5.849097371101379395e-01,4.040924310684204102e-01
-3.419353537472662907e+01,3.158488950638757942e+01,3.151218750000000000e+03,1.050806760787963867e+00,6.188830000000000275e+00,5.920814275741577148e-01,4.312531650066375732e-01
-3.418635158144778785e+01,3.159994808267228450e+01,2.027807617187500000e+03,8.673447966575622559e-01,6.188840000000000785e+00,5.547735691070556641e-01,3.754057884216308594e-01
-3.418466992289290118e+01,3.160879853232123793e+01,2.183260498046875000e+03,9.118301272392272949e-01,6.188850000000000406e+00,6.618906259536743164e-01,4.545229077339172363e-01
-3.419140493194912978e+01,3.162705396764179255e+01,2.155940673828125000e+03,8.643013834953308105e-01,6.188860000000000916e+00,5.779669880867004395e-01,3.959289491176605225e-01
-3.418748834840450712e+01,3.164772767287513489e+01,1.586840698242187500e+03,9.895581603050231934e-01,6.188870000000000537e+00,6.216835975646972656e-01,3.972259461879730225e-01
-3.418653346094225753e+01,3.165614596228059696e+01,1.770148071289062500e+03,9.178513884544372559e-01,6.188880000000000159e+00,6.055092215538024902e-01,3.976074159145355225e-01
-3.418712633224302522e+01,3.166929494748706730e+01,3.715166748046875000e+03,8.133298754692077637e-01,6.188890000000000668e+00,7.397870421409606934e-01,5.498144030570983887e-01
-3.418935678368078612e+01,3.169240438016846539e+01,2.871298339843750000e+03,9.278864264488220215e-01,6.188900000000000290e+00,7.059124112129211426e-01,5.075473785400390625e-01
-3.418564912325781791e+01,3.170425572574124118e+01,2.333518066406250000e+03,1.260352849960327148e+00,6.188910000000000800e+00,6.013129949569702148e-01,4.180542826652526855e-01
-3.418607861374284340e+01,3.171640575628549286e+01,2.058149414062500000e+03,1.054825305938720703e+00,6.188920000000000421e+00,5.863593816757202148e-01,3.979888856410980225e-01
-3.419272770560922936e+01,3.172875456215334111e+01,1.879728759765625000e+03,8.424002528190612793e-01,6.188930000000000931e+00,6.918742656707763672e-01,4.606264531612396240e-01
-3.418486960011370712e+01,3.174603543233900282e+01,2.288407470703125000e+03,8.990020155906677246e-01,6.188940000000000552e+00,5.701849460601806641e-01,3.950134217739105225e-01
-3.418344797052497341e+01,3.176037860403415891e+01,1.341668945312500000e+03,1.109053611755371094e+00,6.188950000000000173e+00,5.929969549179077148e-01,3.610624670982360840e-01
-3.418524301835732615e+01,3.177007074117383567e+01,1.163141967773437500e+03,8.122677206993103027e-01,6.188960000000000683e+00,5.933021306991577148e-01,3.443540334701538086e-01
-3.418677817093649907e+01,3.179012594029553185e+01,1.476043823242187500e+03,6.813616156578063965e-01,6.188970000000000304e+00,6.872203350067138672e-01,4.304902255535125732e-01
-3.418615439580501203e+01,3.180108476928332806e+01,1.789081909179687500e+03,7.793099284172058105e-01,6.188980000000000814e+00,5.939124822616577148e-01,3.909698128700256348e-01
-3.418545825468335408e+01,3.181814963148824660e+01,2.593646484375000000e+03,8.481234908103942871e-01,6.188990000000000435e+00,7.072094082832336426e-01,5.006046295166015625e-01
-3.418311523326207180e+01,3.182977841982836154e+01,1.299139038085937500e+03,8.286148905754089355e-01,6.189000000000000945e+00,6.922557353973388672e-01,4.172150194644927979e-01
-3.418512753398004378e+01,3.184465610233650779e+01,1.187883911132812500e+03,1.020090103149414062e+00,6.189010000000000566e+00,5.420324206352233887e-01,3.169644176959991455e-01
-3.418216092096161418e+01,3.186644434456769659e+01,1.527352050781250000e+03,8.601636290550231934e-01,6.189020000000000188e+00,5.803321003913879395e-01,3.670134246349334717e-01
-3.418415946284350326e+01,3.187923150464439104e+01,1.653674926757812500e+03,6.644398570060729980e-01,6.189030000000000697e+00,5.746863484382629395e-01,3.711333274841308594e-01
-3.418084205613722304e+01,3.189244800180829031e+01,1.303789794921875000e+03,8.326131701469421387e-01,6.189040000000000319e+00,5.684301853179931641e-01,3.429807424545288086e-01
-3.417691222982703891e+01,3.190303805245437374e+01,1.714634521484375000e+03,7.592803835868835449e-01,6.189050000000000828e+00,6.219887733459472656e-01,4.053131341934204102e-01
-3.418105500354942450e+01,3.192150636239562189e+01,1.710174682617187500e+03,7.770044207572937012e-01,6.189060000000000450e+00,6.332803368568420410e-01,4.124085009098052979e-01
-3.417900435761270472e+01,3.193110479954449943e+01,1.339835693359375000e+03,9.408611655235290527e-01,6.189070000000000071e+00,5.311986207962036133e-01,3.232968151569366455e-01
-3.418022088184498131e+01,3.195067489249130332e+01,2.100919921875000000e+03,7.745451331138610840e-01,6.189080000000000581e+00,5.352421998977661133e-01,3.648009002208709717e-01
-3.417608870379698516e+01,3.196365821909990146e+01,1.372485107421875000e+03,6.518978476524353027e-01,6.189090000000000202e+00,5.786536335945129395e-01,3.548063337802886963e-01
-3.418005936163220326e+01,3.198154943409907602e+01,1.652148437500000000e+03,7.314092516899108887e-01,6.189100000000000712e+00,4.652804136276245117e-01,3.004085421562194824e-01
-3.418182895902640439e+01,3.199542291109275283e+01,1.311487304687500000e+03,6.292588114738464355e-01,6.189110000000000333e+00,5.366917848587036133e-01,3.244412541389465332e-01
-3.417656230977976151e+01,3.201101015124687876e+01,1.697467041015625000e+03,5.279511809349060059e-01,6.189120000000000843e+00,6.276345252990722656e-01,4.079834222793579102e-01
-3.418307123747916876e+01,3.202990887921946239e+01,1.128206665039062500e+03,7.582003474235534668e-01,6.189130000000000464e+00,5.469152331352233887e-01,3.139126300811767578e-01
-3.418044217838674825e+01,3.204452477370261221e+01,1.504305419921875000e+03,7.350987792015075684e-01,6.189140000000000086e+00,6.268715858459472656e-01,3.947845399379730225e-01
-3.418170329968128129e+01,3.205761527697742963e+01,3.012642822265625000e+03,6.484300494194030762e-01,6.189150000000000595e+00,6.588388681411743164e-01,4.769534170627593994e-01
-3.418184221934885869e+01,3.206994503124385432e+01,1.585854614257812500e+03,8.232182860374450684e-01,6.189160000000000217e+00,6.339669823646545410e-01,4.050079584121704102e-01
-3.418083995313244827e+01,3.209680742574863643e+01,2.522369873046875000e+03,9.718877673149108887e-01,6.189170000000000726e+00,7.049205899238586426e-01,4.967136383056640625e-01
-3.418135491623541355e+01,3.210377740270024560e+01,1.663823486328125000e+03,1.024763107299804688e+00,6.189180000000000348e+00,6.061195731163024902e-01,3.920379281044006348e-01
-3.417953237619990148e+01,3.212305710274469561e+01,1.776489990234375000e+03,9.443373084068298340e-01,6.189190000000000857e+00,6.383157372474670410e-01,4.195038676261901855e-01
-3.418438106492778417e+01,3.213582354447746781e+01,1.334076904296875000e+03,8.026248812675476074e-01,6.189200000000000479e+00,7.808333635330200195e-01,4.745883047580718994e-01
-3.417501567106155136e+01,3.214477964169232393e+01,2.118051025390625000e+03,9.393448233604431152e-01,6.189210000000000100e+00,6.351876854896545410e-01,4.336183071136474609e-01
-3.418039920450358693e+01,3.216922217840140519e+01,2.118691894531250000e+03,9.706181883811950684e-01,6.189220000000000610e+00,6.097816824913024902e-01,4.162994921207427979e-01
-3.418164134827253520e+01,3.217295932418097948e+01,2.075319580078125000e+03,9.130651354789733887e-01,6.189230000000000231e+00,6.318306922912597656e-01,4.295746982097625732e-01
-3.417886013243821708e+01,3.219379423331862000e+01,1.715081298828125000e+03,9.639400839805603027e-01,6.189240000000000741e+00,6.338906884193420410e-01,4.130951464176177979e-01
-3.418147877005345947e+01,3.220425414533566766e+01,1.523048339843750000e+03,8.561319708824157715e-01,6.189250000000000362e+00,5.662939548492431641e-01,3.578581213951110840e-01
-3.418226508783392603e+01,3.221938105512766981e+01,1.297523559570312500e+03,8.480591177940368652e-01,6.189260000000000872e+00,5.237218141555786133e-01,3.155148029327392578e-01
-3.418666074854230175e+01,3.222729690867568308e+01,1.524071655273437500e+03,7.115775942802429199e-01,6.189270000000000493e+00,5.366154909133911133e-01,3.391660153865814209e-01
-3.418488901058143625e+01,3.224978549159030194e+01,1.780923217773437500e+03,6.693763136863708496e-01,6.189280000000000115e+00,6.094002127647399902e-01,4.007354676723480225e-01
-3.418908836990766531e+01,3.226466772012306450e+01,1.376563598632812500e+03,7.900351881980895996e-01,6.189290000000000624e+00,6.687571406364440918e-01,4.104248583316802979e-01
-3.418196193189864118e+01,3.228258096295150636e+01,3.870057373046875000e+03,7.442564368247985840e-01,6.189300000000000246e+00,1.074718713760375977e+00,8.023483157157897949e-01
-3.418219705743341308e+01,3.229839430344276252e+01,2.909441406250000000e+03,1.194459915161132812e+00,6.189310000000000755e+00,8.275254368782043457e-01,5.961250066757202148e-01
-3.417979945425278032e+01,3.230637508743978970e+01,2.047151977539062500e+03,1.999562501907348633e+00,6.189320000000000377e+00,8.288224339485168457e-01,5.619451999664306641e-01
-3.418386689442917259e+01,3.233227370886037733e+01,2.451852783203125000e+03,1.482986927032470703e+00,6.189330000000000886e+00,7.409314513206481934e-01,5.196018815040588379e-01
-3.418694575777215761e+01,3.234681479486231126e+01,4.317128906250000000e+03,1.549107551574707031e+00,6.189340000000000508e+00,7.569532394409179688e-01,5.714820027351379395e-01
-3.418483166626195668e+01,3.236000130934212393e+01,2.437502685546875000e+03,1.212687015533447266e+00,6.189350000000000129e+00,8.920703530311584473e-01,6.249642372131347656e-01
-3.418580182058851591e+01,3.236653671693382961e+01,1.614682617187500000e+03,1.647344350814819336e+00,6.189360000000000639e+00,5.521795153617858887e-01,3.544248640537261963e-01
-3.418660544861128159e+01,3.239227896853968502e+01,3.042978759765625000e+03,1.415674209594726562e+00,6.189370000000000260e+00,7.072857022285461426e-01,5.127354264259338379e-01
-3.417988281745050472e+01,3.240531316366089953e+01,7.958152343750000000e+03,6.768316626548767090e-01,6.189380000000000770e+00,1.031993985176086426e+00,8.144791126251220703e-01
-3.418295999294432619e+01,3.241696497369514418e+01,2.552944335937500000e+03,1.503754377365112305e+00,6.189390000000000391e+00,1.239819526672363281e+00,8.753619194030761719e-01
-3.417899317597466791e+01,3.242965814382818479e+01,3.331622802734375000e+03,2.254192352294921875e+00,6.189400000000000901e+00,8.836017251014709473e-01,6.482339501380920410e-01
-3.418537651831037749e+01,3.245048491201041685e+01,2.480676757812500000e+03,2.361537933349609375e+00,6.189410000000000522e+00,7.744246721267700195e-01,5.441686511039733887e-01
-3.418201967790015772e+01,3.246179401905584427e+01,2.646917968750000000e+03,1.474813938140869141e+00,6.189420000000000144e+00,6.317543983459472656e-01,4.486482441425323486e-01
-3.418046946179434542e+01,3.247151833523697917e+01,2.964414550781250000e+03,1.408924579620361328e+00,6.189430000000000653e+00,5.497381091117858887e-01,3.970733582973480225e-01
-3.418410737592448356e+01,3.249128830673635804e+01,1.966873413085937500e+03,9.078437685966491699e-01,6.189440000000000275e+00,6.534219980239868164e-01,4.393403530120849609e-01
-3.418096311459451897e+01,3.251254173960288796e+01,2.731719238281250000e+03,8.759910464286804199e-01,6.189450000000000784e+00,5.208988785743713379e-01,3.717436790466308594e-01
-3.418374969154583454e+01,3.252878022240687272e+01,2.042548461914062500e+03,7.410997748374938965e-01,6.189460000000000406e+00,8.038741946220397949e-01,5.447790026664733887e-01
-3.418487484472198190e+01,3.254746788639101851e+01,1.334943969726562500e+03,8.613342642784118652e-01,6.189470000000000915e+00,6.145119071006774902e-01,3.735747337341308594e-01
-3.417976178866456394e+01,3.255546359008784663e+01,2.158448486328125000e+03,9.872669577598571777e-01,6.189480000000000537e+00,5.319615602493286133e-01,3.644957244396209717e-01
-3.418205282028845460e+01,3.257460597465651375e+01,3.163869384765625000e+03,8.157963156700134277e-01,6.189490000000000158e+00,5.076999664306640625e-01,3.699888885021209717e-01
-3.417933543632466353e+01,3.258808947421303515e+01,1.793048339843750000e+03,6.458026766777038574e-01,6.189500000000000668e+00,6.729533076286315918e-01,4.432313740253448486e-01
-3.418313833569045102e+01,3.260236172956396672e+01,1.501823364257812500e+03,8.950251936912536621e-01,6.189510000000000289e+00,5.843756794929504395e-01,3.678526580333709717e-01
-3.418233263585493376e+01,3.261872963066149822e+01,3.367528076171875000e+03,8.483785986900329590e-01,6.189520000000000799e+00,9.797324538230895996e-01,7.197216749191284180e-01
-3.418444113450311050e+01,3.263121444082928946e+01,1.807608764648437500e+03,1.034017324447631836e+00,6.189530000000000420e+00,5.973457098007202148e-01,3.941741585731506348e-01
-3.418892870898552871e+01,3.264686046492587224e+01,2.154969970703125000e+03,1.448397159576416016e+00,6.189540000000000930e+00,8.534654974937438965e-01,5.846045613288879395e-01
-3.418183225089163102e+01,3.266020837498746943e+01,2.232034423828125000e+03,1.062936305999755859e+00,6.189550000000000551e+00,5.630896091461181641e-01,3.882995247840881348e-01
-3.418382069852740557e+01,3.266903315645598838e+01,1.953547851562500000e+03,1.298692941665649414e+00,6.189560000000000173e+00,5.353947877883911133e-01,3.594602942466735840e-01
-3.418318630751818432e+01,3.268436683383001196e+01,1.739161254882812500e+03,8.505720496177673340e-01,6.189570000000000682e+00,5.224247574806213379e-01,3.416074514389038086e-01
-3.418345732139730586e+01,3.270391094366936358e+01,1.552736816406250000e+03,7.522935271263122559e-01,6.189580000000000304e+00,5.405065417289733887e-01,3.433622121810913086e-01
-3.417774603709211334e+01,3.272261628224752883e+01,1.533096435546875000e+03,7.097966074943542480e-01,6.189590000000000813e+00,5.832312703132629395e-01,3.692259490489959717e-01
-3.418737817756722563e+01,3.273639936816817908e+01,1.865816650390625000e+03,7.262462973594665527e-01,6.189600000000000435e+00,6.404519677162170410e-01,4.256836771965026855e-01
-3.418313897132314594e+01,3.275801963345613643e+01,1.620478759765625000e+03,7.837945818901062012e-01,6.189610000000000944e+00,6.119942069053649902e-01,3.931823372840881348e-01
-3.418325714056211950e+01,3.276467223699001607e+01,1.668425659179687500e+03,8.156473040580749512e-01,6.189620000000000566e+00,7.327679991722106934e-01,4.742831289768218994e-01
-3.418626493116340015e+01,3.277927557572864004e+01,1.686456054687500000e+03,8.890027403831481934e-01,6.189630000000000187e+00,6.724955439567565918e-01,4.364411830902099609e-01
-3.418720132175123894e+01,3.280076228644539071e+01,2.185509521484375000e+03,1.032913446426391602e+00,6.189640000000000697e+00,5.666754245758056641e-01,3.892150521278381348e-01
-3.417871161845613415e+01,3.280571403584929158e+01,1.634029907226562500e+03,9.138709902763366699e-01,6.189650000000000318e+00,6.355691552162170410e-01,4.092041254043579102e-01
-3.418667744261928476e+01,3.282367422529399192e+01,2.279741943359375000e+03,8.046419024467468262e-01,6.189660000000000828e+00,7.316998839378356934e-01,5.065555572509765625e-01
-3.418424126261315621e+01,3.283338396302738005e+01,1.528470092773437500e+03,9.865254759788513184e-01,6.189670000000000449e+00,8.031112551689147949e-01,5.080052018165588379e-01
-3.418300069145652742e+01,3.284796732456864987e+01,1.436231079101562500e+03,1.103077650070190430e+00,6.189680000000000071e+00,6.857707500457763672e-01,4.262177646160125732e-01
-3.418556565309658168e+01,3.287210481032985143e+01,1.985575561523437500e+03,1.139361381530761719e+00,6.189690000000000580e+00,6.077217459678649902e-01,4.094330072402954102e-01
-3.419256786433608397e+01,3.287301087864036475e+01,2.458060302734375000e+03,9.986132979393005371e-01,6.189700000000000202e+00,6.813457012176513672e-01,4.780215322971343994e-01
-3.418144855804509064e+01,3.289007886781691070e+01,2.154945068359375000e+03,9.921020865440368652e-01,6.189710000000000711e+00,7.188061475753784180e-01,4.923648536205291748e-01
-3.418053991485290766e+01,3.290739581307558836e+01,1.439743164062500000e+03,1.136415719985961914e+00,6.189720000000000333e+00,5.753729939460754395e-01,3.578581213951110840e-01
-3.418431355794870541e+01,3.292337175916909331e+01,2.178176757812500000e+03,1.051687717437744141e+00,6.189730000000000842e+00,5.510351061820983887e-01,3.782286643981933594e-01
-3.417968327506554260e+01,3.293946024286717744e+01,1.885538818359375000e+03,7.403082251548767090e-01,6.189740000000000464e+00,6.594492197036743164e-01,4.393403530120849609e-01
-3.417786771862296291e+01,3.295533810342477210e+01,1.699550903320312500e+03,8.423859477043151855e-01,6.189750000000000085e+00,6.552530527114868164e-01,4.260651767253875732e-01
-3.418138674418257494e+01,3.297896765658367713e+01,1.811032836914062500e+03,9.431189894676208496e-01,6.189760000000000595e+00,5.221958756446838379e-01,3.447355031967163086e-01
-3.417792344257224357e+01,3.298948142966377617e+01,1.298731201171875000e+03,8.281702399253845215e-01,6.189770000000000216e+00,5.573675632476806641e-01,3.358853757381439209e-01
-3.417772648706976213e+01,3.300183617318835161e+01,1.552218017578125000e+03,7.046288847923278809e-01,6.189780000000000726e+00,5.556890964508056641e-01,3.529752790927886963e-01
-3.417499813048182489e+01,3.302376051890624353e+01,1.976970825195312500e+03,6.270331740379333496e-01,6.189790000000000347e+00,5.435582995414733887e-01,3.658690154552459717e-01
-3.417790702130218961e+01,3.303550753358408087e+01,1.957380004882812500e+03,7.477921843528747559e-01,6.189800000000000857e+00,6.576181650161743164e-01,4.417054951190948486e-01
-3.417281809332958886e+01,3.304992216047278930e+01,1.718961791992187500e+03,7.831973433494567871e-01,6.189810000000000478e+00,6.251168251037597656e-01,4.076019525527954102e-01
-3.417304166952077793e+01,3.306099496190462617e+01,1.548264526367187500e+03,8.666521906852722168e-01,6.189820000000000100e+00,6.206154823303222656e-01,3.939452767372131348e-01
-3.417740123356784920e+01,3.307893884766716042e+01,1.590025024414062500e+03,8.885855078697204590e-01,6.189830000000000609e+00,6.637216806411743164e-01,4.243103861808776855e-01
-3.416880609528942614e+01,3.309481216552995164e+01,1.756950927734375000e+03,9.348780512809753418e-01,6.189840000000000231e+00,6.583811044692993164e-01,4.315583407878875732e-01
-3.417308225313064440e+01,3.310664410404470459e+01,1.081314819335937500e+03,1.004931449890136719e+00,6.189850000000000740e+00,5.736182332038879395e-01,3.239834606647491455e-01
-3.417150165782204141e+01,3.312318999336837066e+01,2.029630371093750000e+03,7.845992445945739746e-01,6.189860000000000362e+00,7.008770108222961426e-01,4.743594229221343994e-01
-3.417819662712737738e+01,3.313622038920793500e+01,2.375920654296875000e+03,7.844931483268737793e-01,6.189870000000000871e+00,5.643866062164306641e-01,3.936401009559631348e-01
-3.416852837237443907e+01,3.315467648458315608e+01,1.928160644531250000e+03,9.417325854301452637e-01,6.189880000000000493e+00,5.069370269775390625e-01,3.393948972225189209e-01
-3.417293115613419019e+01,3.316750445545336135e+01,2.178815673828125000e+03,7.656092047691345215e-01,6.189890000000000114e+00,5.486699938774108887e-01,3.766264915466308594e-01
-3.417481421940136244e+01,3.318668179381746342e+01,1.332120361328125000e+03,6.758756041526794434e-01,6.189900000000000624e+00,5.643103122711181641e-01,3.428281545639038086e-01
-3.417578281086186109e+01,3.320186287529677571e+01,2.185763183593750000e+03,6.802172064781188965e-01,6.189910000000000245e+00,5.801032185554504395e-01,3.984466493129730225e-01
-3.417110630621865397e+01,3.321562888153805915e+01,1.634065185546875000e+03,7.299370169639587402e-01,6.189920000000000755e+00,6.111549735069274902e-01,3.934875130653381348e-01
-3.417666025003943986e+01,3.322728128104564149e+01,1.269674804687500000e+03,8.132643103599548340e-01,6.189930000000000376e+00,5.929969549179077148e-01,3.547300398349761963e-01
-3.417862294677554047e+01,3.323977583338196240e+01,1.811780273437500000e+03,8.096081614494323730e-01,6.189940000000000886e+00,6.457925438880920410e-01,4.263703525066375732e-01
-3.417736617510549735e+01,3.325716093835136888e+01,1.371942504882812500e+03,7.542592883110046387e-01,6.189950000000000507e+00,6.518961191177368164e-01,3.996673524379730225e-01
-3.417670283220341787e+01,3.327633757597675412e+01,2.021485229492187500e+03,9.187347292900085449e-01,6.189960000000000129e+00,5.747626423835754395e-01,3.886809945106506348e-01
-3.417589841140762275e+01,3.328487705556173637e+01,2.169456054687500000e+03,9.739930033683776855e-01,6.189970000000000638e+00,5.940650701522827148e-01,4.074493646621704102e-01
-3.417594560033452211e+01,3.329787054441580807e+01,2.022567871093750000e+03,8.825094103813171387e-01,6.189980000000000260e+00,6.229805946350097656e-01,4.213349223136901855e-01
-3.417764000305152905e+01,3.331826119263365626e+01,2.052508789062500000e+03,8.065862059593200684e-01,6.189990000000000769e+00,6.575418710708618164e-01,4.460542500019073486e-01
-3.417897898947479973e+01,3.333354320257392089e+01,1.239497436523437500e+03,1.080877304077148438e+00,6.190000000000000391e+00,6.025337576866149902e-01,3.575529456138610840e-01
-3.418197254094914683e+01,3.334578006992198596e+01,2.113988281250000000e+03,8.114368319511413574e-01,6.190010000000000900e+00,6.262612342834472656e-01,4.273621737957000732e-01
-3.418256009330798406e+01,3.336350160113088492e+01,1.326372680664062500e+03,8.481771349906921387e-01,6.190020000000000522e+00,6.591440439224243164e-01,3.998962342739105225e-01
-3.418417595709741619e+01,3.337772542257104647e+01,1.350986206054687500e+03,9.771961569786071777e-01,6.190030000000000143e+00,7.562665939331054688e-01,4.614656865596771240e-01
-3.418169466772483389e+01,3.339036903508777954e+01,1.548601562500000000e+03,1.003388881683349609e+00,6.190040000000000653e+00,5.910133123397827148e-01,3.751769065856933594e-01
-3.418435892330035841e+01,3.340484986344392837e+01,1.900720092773437500e+03,1.034271240234375000e+00,6.190050000000000274e+00,6.021522879600524902e-01,4.018798768520355225e-01
-3.418953077692418674e+01,3.342563169971441539e+01,1.808825073242187500e+03,7.810432314872741699e-01,6.190060000000000784e+00,7.586317658424377441e-01,5.006809234619140625e-01
-3.418094141552303711e+01,3.342940049263461333e+01,1.802995239257812500e+03,9.746403098106384277e-01,6.190070000000000405e+00,7.454328536987304688e-01,4.916019141674041748e-01
-3.418671477773150968e+01,3.345371563823491812e+01,1.656881591796875000e+03,1.047386646270751953e+00,6.190080000000000915e+00,6.392312645912170410e-01,4.130188524723052979e-01
-3.418170718250512863e+01,3.346563206609184249e+01,2.031182495117187500e+03,9.562117457389831543e-01,6.190090000000000536e+00,8.002883791923522949e-01,5.417272448539733887e-01
-3.419313862209014587e+01,3.347947280419814575e+01,2.198040039062500000e+03,9.946174025535583496e-01,6.190100000000000158e+00,7.687788605690002441e-01,5.286046266555786133e-01
-3.418303692880405720e+01,3.349671038587986516e+01,2.010331542968750000e+03,1.240195751190185547e+00,6.190110000000000667e+00,8.999286890029907227e-01,6.078743338584899902e-01
-3.418666939211721001e+01,3.350733137665149997e+01,2.385250976562500000e+03,1.365358352661132812e+00,6.190120000000000289e+00,8.191330432891845703e-01,5.717108845710754395e-01
-3.418379148610096507e+01,3.352364072874053136e+01,1.351072753906250000e+03,1.409298896789550781e+00,6.190130000000000798e+00,5.893348455429077148e-01,3.596128821372985840e-01
-3.418256492749612363e+01,3.353386193436701035e+01,2.632777587890625000e+03,1.172832965850830078e+00,6.190140000000000420e+00,7.402448058128356934e-01,5.252476930618286133e-01
-3.418162164954753734e+01,3.355646718775374637e+01,1.544151367187500000e+03,1.026663303375244141e+00,6.190150000000000929e+00,7.289533019065856934e-01,4.623812139034271240e-01
-3.418563781274833957e+01,3.356969458675463613e+01,3.686159423828125000e+03,1.084576368331909180e+00,6.190160000000000551e+00,9.047352075576782227e-01,6.718088984489440918e-01
-3.418432477013230653e+01,3.358368178754213318e+01,1.520978393554687500e+03,1.223946332931518555e+00,6.190170000000000172e+00,8.227952122688293457e-01,5.197544693946838379e-01
-3.417915813286108317e+01,3.359322130160470721e+01,1.838341308593750000e+03,1.683228731155395508e+00,6.190180000000000682e+00,6.642557978630065918e-01,4.400269985198974609e-01
-3.418198373109820665e+01,3.361758904057726483e+01,1.842594360351562500e+03,1.106251001358032227e+00,6.190190000000000303e+00,7.696943879127502441e-01,5.101414322853088379e-01
-3.417752729765995667e+01,3.363264344877386236e+01,1.563648071289062500e+03,1.055551290512084961e+00,6.190200000000000813e+00,5.981086492538452148e-01,3.806701004505157471e-01
-3.417940353801753162e+01,3.364328364860303822e+01,2.703909423828125000e+03,1.067133665084838867e+00,6.190210000000000434e+00,6.595255136489868164e-01,4.699343442916870117e-01
-3.417608418738113585e+01,3.365826992373385451e+01,2.578359863281250000e+03,9.051031470298767090e-01,6.190220000000000944e+00,6.750895380973815918e-01,4.774111807346343994e-01
-3.417891375381702090e+01,3.367149908146461712e+01,1.511098266601562500e+03,1.007331132888793945e+00,6.190230000000000565e+00,8.159286975860595703e-01,5.144901871681213379e-01
-3.417505263164652263e+01,3.369075603285816811e+01,3.159085449218750000e+03,1.060305356979370117e+00,6.190240000000000187e+00,8.279069066047668457e-01,6.032204031944274902e-01
-3.417633509699241046e+01,3.370365454688701590e+01,2.359535644531250000e+03,1.350372552871704102e+00,6.190250000000000696e+00,7.443647384643554688e-01,5.185337662696838379e-01
-3.417735148492442221e+01,3.372140560321640379e+01,1.201718750000000000e+03,1.648125171661376953e+00,6.190260000000000318e+00,5.508825182914733887e-01,3.234494030475616455e-01
-3.417525450168356826e+01,3.373625204258501498e+01,1.814494018554687500e+03,1.096505641937255859e+00,6.190270000000000827e+00,5.835364460945129395e-01,3.854003250598907471e-01
-3.416635983939847421e+01,3.374616530352629695e+01,2.017507934570312500e+03,7.673198580741882324e-01,6.190280000000000449e+00,5.535528063774108887e-01,3.741850852966308594e-01
-3.418071284806790544e+01,3.375987608235703874e+01,1.986385986328125000e+03,7.484728693962097168e-01,6.190290000000000070e+00,7.315472960472106934e-01,4.928989112377166748e-01
-3.417190588210740287e+01,3.377727576756503680e+01,1.968374877929687500e+03,9.029263854026794434e-01,6.190300000000000580e+00,7.724409699440002441e-01,5.194492936134338379e-01
-3.417453635365350806e+01,3.379547668289613682e+01,1.651241699218750000e+03,1.083123207092285156e+00,6.190310000000000201e+00,7.548933029174804688e-01,4.873294234275817871e-01
-3.416977923272769857e+01,3.380292849303133806e+01,1.077788452148437500e+03,1.280513525009155273e+00,6.190320000000000711e+00,6.306099891662597656e-01,3.557218909263610840e-01
-3.417572893186700611e+01,3.381914266267845903e+01,1.330318359375000000e+03,1.020515680313110352e+00,6.190330000000000332e+00,6.243538856506347656e-01,3.791442215442657471e-01
-3.416909871877373206e+01,3.383512345896699003e+01,2.797175048828125000e+03,7.244259715080261230e-01,6.190340000000000842e+00,6.135200858116149902e-01,4.394166469573974609e-01
-3.417462826700902667e+01,3.385020558204114138e+01,2.069465332031250000e+03,8.676607012748718262e-01,6.190350000000000463e+00,5.994056463241577148e-01,4.072967767715454102e-01
-3.416931419621265320e+01,3.386514981972229776e+01,1.631792114257812500e+03,9.306508898735046387e-01,6.190360000000000085e+00,5.157108902931213379e-01,3.319180607795715332e-01
-3.417415183223861419e+01,3.388139623266049227e+01,3.632895507812500000e+03,7.236916422843933105e-01,6.190370000000000594e+00,6.750895380973815918e-01,5.004520416259765625e-01
-3.417157659944791703e+01,3.390072393538104478e+01,1.851742065429687500e+03,7.300609946250915527e-01,6.190380000000000216e+00,6.605173349380493164e-01,4.382722377777099609e-01
-3.417225990116013179e+01,3.391537941048491689e+01,1.304328247070312500e+03,9.957248568534851074e-01,6.190390000000000725e+00,7.007244229316711426e-01,4.228608012199401855e-01
-3.417804892825999730e+01,3.392702020635336169e+01,1.609914428710937500e+03,9.848791956901550293e-01,6.190400000000000347e+00,5.524846911430358887e-01,3.543485701084136963e-01
-3.416759552861234539e+01,3.393820075573962924e+01,1.388306640625000000e+03,9.120041728019714355e-01,6.190410000000000856e+00,5.487462878227233887e-01,3.376401364803314209e-01
-3.417136947744157993e+01,3.395672553472454069e+01,1.179745361328125000e+03,7.278317809104919434e-01,6.190420000000000478e+00,5.672857761383056641e-01,3.309262394905090332e-01
-3.418087017378758219e+01,3.397380090927494223e+01,1.418085083007812500e+03,7.989770770072937012e-01,6.190430000000000099e+00,5.633947849273681641e-01,3.488554060459136963e-01
-3.418132358498523615e+01,3.398030287600823129e+01,1.593313842773437500e+03,6.299585700035095215e-01,6.190440000000000609e+00,5.508825182914733887e-01,3.523649275302886963e-01
-3.417585750292504798e+01,3.399537234623195303e+01,1.678017456054687500e+03,7.496733069419860840e-01,6.190450000000000230e+00,5.976508855819702148e-01,3.873839974403381348e-01
-3.418225534453559078e+01,3.401077356738283441e+01,1.979099487304687500e+03,7.632357478141784668e-01,6.190460000000000740e+00,5.617926120758056641e-01,3.782286643981933594e-01
-3.417481883623295147e+01,3.403536046684515526e+01,1.500283081054687500e+03,8.575267195701599121e-01,6.190470000000000361e+00,5.223484635353088379e-01,3.287137150764465332e-01
-3.418312353556316197e+01,3.404189668533535951e+01,1.568115966796875000e+03,7.051641345024108887e-01,6.190480000000000871e+00,4.795474112033843994e-01,3.054439723491668701e-01
-3.417637778691158701e+01,3.406181241900640799e+01,1.223779052734375000e+03,6.208831667900085449e-01,6.190490000000000492e+00,5.834601521492004395e-01,3.447355031967163086e-01
-3.418432927617885042e+01,3.407849677914878583e+01,1.432542480468750000e+03,5.890292525291442871e-01,6.190500000000000114e+00,6.313729286193847656e-01,3.921142220497131348e-01
-3.417938109747223763e+01,3.409753880226824663e+01,2.108964843750000000e+03,7.566172480583190918e-01,6.190510000000000623e+00,5.353947877883911133e-01,3.651823699474334717e-01
-3.418184489264625370e+01,3.411074364822582794e+01,1.519127685546875000e+03,8.768493533134460449e-01,6.190520000000000245e+00,5.995582342147827148e-01,3.786101341247558594e-01
-3.418435615113725135e+01,3.411684734100628447e+01,3.259446777343750000e+03,7.099372744560241699e-01,6.190530000000000754e+00,5.858252644538879395e-01,4.285828769207000732e-01
-3.418675244447064898e+01,3.413498854201789356e+01,2.279886230468750000e+03,6.973189711570739746e-01,6.190540000000000376e+00,5.727789998054504395e-01,3.965393006801605225e-01
-3.418005051500345814e+01,3.414781941699082068e+01,1.392247924804687500e+03,9.451372027397155762e-01,6.190550000000000885e+00,5.739234089851379395e-01,3.534330427646636963e-01
-3.418080953735456262e+01,3.416928189076926969e+01,1.416536865234375000e+03,8.451277613639831543e-01,6.190560000000000507e+00,5.653021335601806641e-01,3.499235212802886963e-01
-3.418044375943424740e+01,3.418164029006710791e+01,1.511098754882812500e+03,8.212537169456481934e-01,6.190570000000000128e+00,5.997108221054077148e-01,3.781523704528808594e-01
-3.418447022998023499e+01,3.419725145487079487e+01,1.747861572265625000e+03,6.995648741722106934e-01,6.190580000000000638e+00,7.049968838691711426e-01,4.615419805049896240e-01
-3.417801546728857431e+01,3.421599353383655284e+01,2.176094482421875000e+03,9.322172999382019043e-01,6.190590000000000259e+00,7.232311964035034180e-01,4.963321685791015625e-01
-3.418524387250750607e+01,3.422136410651286553e+01,1.352074462890625000e+03,1.110634326934814453e+00,6.190600000000000769e+00,6.580759286880493164e-01,4.016509950160980225e-01
-3.417596801076038560e+01,3.424379376976838074e+01,2.198810058593750000e+03,1.178285598754882812e+00,6.190610000000000390e+00,5.791113972663879395e-01,3.982177674770355225e-01
-3.417680801727016160e+01,3.426302078159345399e+01,1.396148925781250000e+03,9.606868624687194824e-01,6.190620000000000900e+00,5.454656481742858887e-01,3.361905515193939209e-01
-3.418158434763112297e+01,3.427422450891336325e+01,3.455237792968750000e+03,8.721739649772644043e-01,6.190630000000000521e+00,6.444192528724670410e-01,4.748934805393218994e-01
-3.417391205365290574e+01,3.428496932981620660e+01,1.622009521484375000e+03,9.075409770011901855e-01,6.190640000000000143e+00,5.800269246101379395e-01,3.727355003356933594e-01
-3.417203163499603846e+01,3.429627283348983724e+01,1.233660156250000000e+03,9.147674441337585449e-01,6.190650000000000652e+00,5.328007936477661133e-01,3.156673908233642578e-01
-3.417338012918598622e+01,3.432159593498595029e+01,1.619843261718750000e+03,7.255524992942810059e-01,6.190660000000000274e+00,5.611059665679931641e-01,3.604521155357360840e-01
-3.417137523220992534e+01,3.433142205709744132e+01,1.433411743164062500e+03,6.844026446342468262e-01,6.190670000000000783e+00,5.451604723930358887e-01,3.386319577693939209e-01
-3.416499429705389446e+01,3.435231666422828312e+01,1.796558959960937500e+03,6.740743517875671387e-01,6.190680000000000405e+00,6.464791893959045410e-01,4.259888827800750732e-01
-3.416925547529418594e+01,3.436702740079153529e+01,1.977704101562500000e+03,7.174736857414245605e-01,6.190690000000000914e+00,5.900977849960327148e-01,3.972259461879730225e-01
-3.416694582544627679e+01,3.437929784330573568e+01,1.432572998046875000e+03,8.628863692283630371e-01,6.190700000000000536e+00,5.884956121444702148e-01,3.654875457286834717e-01
-3.417386054711901267e+01,3.439162619581345126e+01,1.532429199218750000e+03,7.696897387504577637e-01,6.190710000000000157e+00,5.887244939804077148e-01,3.726592063903808594e-01
-3.416479947571918530e+01,3.440252219905427467e+01,1.647201660156250000e+03,7.418698668479919434e-01,6.190720000000000667e+00,6.497598886489868164e-01,4.191986918449401855e-01
-3.417426251959187056e+01,3.441884249328722234e+01,1.889316406250000000e+03,7.633513808250427246e-01,6.190730000000000288e+00,6.028389334678649902e-01,4.018035829067230225e-01
-3.416916105891754540e+01,3.443174708124026040e+01,1.123097290039062500e+03,7.987458109855651855e-01,6.190740000000000798e+00,6.341195702552795410e-01,3.633513152599334717e-01
-3.416800115745361666e+01,3.445021176797101958e+01,1.816588134765625000e+03,8.259803652763366699e-01,6.190750000000000419e+00,5.878852605819702148e-01,3.883758187294006348e-01
-3.417122286523793662e+01,3.446523629317498916e+01,2.505021728515625000e+03,7.605237364768981934e-01,6.190760000000000929e+00,7.941848635673522949e-01,5.589697360992431641e-01
-3.417596839175739376e+01,3.448192716958968163e+01,2.276330078125000000e+03,7.985705733299255371e-01,6.190770000000000550e+00,7.681685090065002441e-01,5.316563844680786133e-01
-3.416175855522681815e+01,3.449755807420228138e+01,2.807354003906250000e+03,1.404407739639282227e+00,6.190780000000000172e+00,7.172039747238159180e-01,5.139561295509338379e-01
-3.417045707993829495e+01,3.451182723469357683e+01,2.061719970703125000e+03,1.285053014755249023e+00,6.190790000000000681e+00,7.876235246658325195e-01,5.347844362258911133e-01
-3.416397420252079087e+01,3.452911696889376003e+01,1.797960083007812500e+03,1.284049272537231445e+00,6.190800000000000303e+00,6.800487041473388672e-01,4.481904804706573486e-01
-3.417026873096907735e+01,3.453686035330036219e+01,1.539107666015625000e+03,1.185975790023803711e+00,6.190810000000000812e+00,6.515909433364868164e-01,4.129425585269927979e-01
-3.416655482830034174e+01,3.456049166908210424e+01,1.504903320312500000e+03,1.037659168243408203e+00,6.190820000000000434e+00,4.858035445213317871e-01,3.059780299663543701e-01
-3.417332082089074419e+01,3.457015325420905327e+01,2.027873291015625000e+03,7.998628020286560059e-01,6.190830000000000943e+00,5.951331853866577148e-01,4.027191400527954102e-01
-3.416970306034943405e+01,3.458646022992323310e+01,2.232662353515625000e+03,6.233603358268737793e-01,6.190840000000000565e+00,6.297707557678222656e-01,4.343049526214599609e-01
-3.417494983865292824e+01,3.460464357902816346e+01,4.597851074218750000e+03,8.440214991569519043e-01,6.190850000000000186e+00,7.913619875907897949e-01,6.010078191757202148e-01
-3.417755567840680442e+01,3.461981964918371091e+01,1.924214721679687500e+03,1.145212173461914062e+00,6.190860000000000696e+00,6.467080712318420410e-01,4.327790439128875732e-01
-3.417671702121468513e+01,3.462938115160468300e+01,3.086499511718750000e+03,1.252679347991943359e+00,6.190870000000000317e+00,6.518198251724243164e-01,4.734438955783843994e-01
-3.417523554599638658e+01,3.463903665349224781e+01,1.698380004882812500e+03,1.038689136505126953e+00,6.190880000000000827e+00,6.539560556411743164e-01,4.251496195793151855e-01
-3.417953590129027930e+01,3.465664759952804985e+01,1.541508544921875000e+03,1.038836956024169922e+00,6.190890000000000448e+00,6.522775888442993164e-01,4.135529100894927979e-01
-3.418182333694689845e+01,3.467395402935017756e+01,2.782881347656250000e+03,9.789211153984069824e-01,6.190900000000000070e+00,7.470350265502929688e-01,5.346318483352661133e-01
-3.417572986248301703e+01,3.468618748636685467e+01,1.436704589843750000e+03,1.020769596099853516e+00,6.190910000000000579e+00,5.891059637069702148e-01,3.661741912364959717e-01
-3.417910369734061504e+01,3.470225524562794561e+01,1.933245605468750000e+03,1.081121683120727539e+00,6.190920000000000201e+00,6.126808524131774902e-01,4.104248583316802979e-01
-3.417807655967403235e+01,3.471693574739124699e+01,1.152088745117187500e+03,7.879394888877868652e-01,6.190930000000000710e+00,6.916453838348388672e-01,4.000488221645355225e-01
-3.418363368661259472e+01,3.473684160770254437e+01,1.913545043945312500e+03,8.695144057273864746e-01,6.190940000000000332e+00,5.823157429695129395e-01,3.892150521278381348e-01
-3.418187884961142942e+01,3.474833910139127369e+01,1.622928100585937500e+03,7.877416014671325684e-01,6.190950000000000841e+00,6.173348426818847656e-01,3.967681825160980225e-01
-3.418764938670497600e+01,3.476106312740994753e+01,1.513223266601562500e+03,7.945496439933776855e-01,6.190960000000000463e+00,5.875037908554077148e-01,3.705992400646209717e-01
-3.417717783867685455e+01,3.477838422078583136e+01,2.230255615234375000e+03,7.564968466758728027e-01,6.190970000000000084e+00,4.697817564010620117e-01,3.239071667194366455e-01
-3.418604254968471423e+01,3.479114465938757661e+01,2.127923583984375000e+03,7.003003954887390137e-01,6.190980000000000594e+00,6.877543926239013672e-01,4.699343442916870117e-01
-3.417783064712727992e+01,3.480893553595926448e+01,3.361843750000000000e+03,6.249625086784362793e-01,6.190990000000000215e+00,6.840922832489013672e-01,5.024356842041015625e-01
-3.418891690269540362e+01,3.481845594021199730e+01,2.683366210937500000e+03,1.081341028213500977e+00,6.191000000000000725e+00,7.221630811691284180e-01,5.139561295509338379e-01
-3.417765400376621443e+01,3.483622051071419179e+01,1.932661254882812500e+03,1.066110849380493164e+00,6.191010000000000346e+00,7.734327912330627441e-01,5.180760025978088379e-01
-3.418099588654808940e+01,3.485256003092375465e+01,2.201834716796875000e+03,1.359672069549560547e+00,6.191020000000000856e+00,5.513402819633483887e-01,3.792205154895782471e-01
-3.418287228131290334e+01,3.486456068766163696e+01,2.250768310546875000e+03,1.148705005645751953e+00,6.191030000000000477e+00,5.823157429695129395e-01,4.021850526332855225e-01
-3.418170526186650449e+01,3.488055659633347005e+01,2.203897216796875000e+03,8.276600241661071777e-01,6.191040000000000099e+00,6.258797645568847656e-01,4.305665194988250732e-01
-3.416916174125199746e+01,3.488941670656684124e+01,2.286369140625000000e+03,8.110768198966979980e-01,6.191050000000000608e+00,8.465226888656616211e-01,5.863593816757202148e-01
-3.417617183534265735e+01,3.491026438998975578e+01,1.300941650390625000e+03,9.755212664604187012e-01,6.191060000000000230e+00,6.859996318817138672e-01,4.136292040348052979e-01
-3.417157690952779348e+01,3.491769942808864613e+01,2.351606201171875000e+03,1.285758733749389648e+00,6.191070000000000739e+00,7.230023145675659180e-01,5.033512115478515625e-01
-3.417094396663321021e+01,3.493739825922425268e+01,1.357816284179687500e+03,9.185940623283386230e-01,6.191080000000000361e+00,6.354928612709045410e-01,3.883758187294006348e-01
-3.417646624081057638e+01,3.495798836466828874e+01,1.608649536132812500e+03,1.122419357299804688e+00,6.191090000000000870e+00,5.076236724853515625e-01,3.255093693733215332e-01
-3.416908552818637901e+01,3.497295696470165183e+01,1.182536376953125000e+03,7.562190890312194824e-01,6.191100000000000492e+00,6.099342703819274902e-01,3.561033606529235840e-01
-3.417083768179565340e+01,3.498621794602180302e+01,1.669991455078125000e+03,6.731910109519958496e-01,6.191110000000000113e+00,5.379124879837036133e-01,3.482450544834136963e-01
-3.416188492543907529e+01,3.499765981584472030e+01,1.986961303710937500e+03,7.716626524925231934e-01,6.191120000000000623e+00,5.957435369491577148e-01,4.014221131801605225e-01
-3.416683908157079230e+01,3.501796053178422596e+01,1.644728393554687500e+03,7.413858771324157715e-01,6.191130000000000244e+00,6.587625741958618164e-01,4.248444437980651855e-01
-3.416601671175882160e+01,3.502949216437485092e+01,1.697990478515625000e+03,8.191508650779724121e-01,6.191140000000000754e+00,5.758307576179504395e-01,3.743376731872558594e-01
-3.416461808959989099e+01,3.503961938685107924e+01,1.584896118164062500e+03,8.982331156730651855e-01,6.191150000000000375e+00,5.970405340194702148e-01,3.813567459583282471e-01
-3.416412803944533039e+01,3.505707516123502643e+01,2.178519042968750000e+03,7.358819842338562012e-01,6.191160000000000885e+00,5.968116521835327148e-01,4.096618890762329102e-01
-3.416258913821042853e+01,3.507942041242213804e+01,2.339469482421875000e+03,8.735401034355163574e-01,6.191170000000000506e+00,5.859015583992004395e-01,4.075256586074829102e-01
-3.416086198176906663e+01,3.509616311826490431e+01,1.847950927734375000e+03,8.625358939170837402e-01,6.191180000000000128e+00,5.720160603523254395e-01,3.793731033802032471e-01
-3.416832823369639982e+01,3.510825553734215987e+01,1.458135253906250000e+03,7.638711333274841309e-01,6.191190000000000637e+00,5.865882635116577148e-01,3.661741912364959717e-01
-3.416080992768759472e+01,3.512151923073255233e+01,1.382859375000000000e+03,7.630128264427185059e-01,6.191200000000000259e+00,6.894328594207763672e-01,4.237000346183776855e-01
-3.416413598137236107e+01,3.513785933498326131e+01,1.714354003906250000e+03,7.889849543571472168e-01,6.191210000000000768e+00,5.989478826522827148e-01,3.902831673622131348e-01
-3.415907757981948123e+01,3.515506301905015363e+01,1.642396606445312500e+03,1.000571966171264648e+00,6.191220000000000390e+00,6.772257685661315918e-01,4.365937709808349609e-01
-3.416432771255564660e+01,3.516134674783097580e+01,2.542630126953125000e+03,8.850926756858825684e-01,6.191230000000000899e+00,7.690840363502502441e-01,5.426427721977233887e-01
-3.415856025137932761e+01,3.517739339946658106e+01,2.067590576171875000e+03,1.148427248001098633e+00,6.191240000000000521e+00,6.312966346740722656e-01,4.288880527019500732e-01
-3.416649310041508159e+01,3.520020965640425459e+01,2.059302490234375000e+03,1.255342483520507812e+00,6.191250000000000142e+00,7.311658263206481934e-01,4.963321685791015625e-01
-3.416442899406476386e+01,3.520652362610678665e+01,1.610842407226562500e+03,1.107282161712646484e+00,6.191260000000000652e+00,5.475255846977233887e-01,3.512205183506011963e-01
-3.416393453250008605e+01,3.522470625379586551e+01,4.725956542968750000e+03,1.016603231430053711e+00,6.191270000000000273e+00,5.661413669586181641e-01,4.310242831707000732e-01
-3.416194785408978163e+01,3.524079698190939069e+01,2.498564941406250000e+03,7.213742136955261230e-01,6.191280000000000783e+00,8.345444798469543457e-01,5.871223211288452148e-01
-3.417119678471444644e+01,3.525798998741147727e+01,2.018808593750000000e+03,9.758145213127136230e-01,6.191290000000000404e+00,6.646372675895690918e-01,4.493349194526672363e-01
-3.417032801457306590e+01,3.527522570635363763e+01,1.191804077148437500e+03,1.223152399063110352e+00,6.191300000000000914e+00,5.966590642929077148e-01,3.493131697177886963e-01
-3.416444546710550867e+01,3.528295734565119091e+01,2.385244384765625000e+03,8.888215422630310059e-01,6.191310000000000535e+00,6.110023856163024902e-01,4.264466464519500732e-01
-3.417094714355158658e+01,3.530064899941441325e+01,1.822525024414062500e+03,7.333535552024841309e-01,6.191320000000000157e+00,5.579016208648681641e-01,3.688444793224334717e-01
-3.417527007752677548e+01,3.531632429443811105e+01,1.855775756835937500e+03,8.391923308372497559e-01,6.191330000000000666e+00,5.381413698196411133e-01,3.572477698326110840e-01
-3.417676792478933834e+01,3.533333274630800247e+01,1.571834106445312500e+03,7.964116930961608887e-01,6.191340000000000288e+00,5.797980427742004395e-01,3.695311248302459717e-01
-3.417556542720594592e+01,3.534225243753247270e+01,2.039940185546875000e+03,7.176858782768249512e-01,6.191350000000000797e+00,6.482339501380920410e-01,4.391877651214599609e-01
-3.418260174060168310e+01,3.536106024170746309e+01,1.174680297851562500e+03,8.410806059837341309e-01,6.191360000000000419e+00,5.775855183601379395e-01,3.364194333553314209e-01
-3.417570831283663324e+01,3.537734815642603081e+01,2.499578613281250000e+03,8.600909113883972168e-01,6.191370000000000928e+00,6.225991249084472656e-01,4.380433559417724609e-01
-3.417613291383599972e+01,3.538510809166050564e+01,1.608236083984375000e+03,7.158452868461608887e-01,6.191380000000000550e+00,5.996345281600952148e-01,3.844847977161407471e-01
-3.418217426393118785e+01,3.540968799810875822e+01,2.249903808593750000e+03,8.316881060600280762e-01,6.191390000000000171e+00,6.971386075019836426e-01,4.814547896385192871e-01
-3.418382717873198118e+01,3.542246644453648230e+01,3.328556884765625000e+03,8.283383250236511230e-01,6.191400000000000681e+00,7.805281877517700195e-01,5.725501179695129395e-01
-3.417965026214076119e+01,3.543596372235302283e+01,4.212084472656250000e+03,1.056931734085083008e+00,6.191410000000000302e+00,7.229260206222534180e-01,5.444738268852233887e-01
-3.418026016742594209e+01,3.545257904106796332e+01,1.593205078125000000e+03,1.497040510177612305e+00,6.191420000000000812e+00,6.399942040443420410e-01,4.093567132949829102e-01
-3.418197224169275472e+01,3.546258303661770839e+01,1.393643310546875000e+03,1.227358102798461914e+00,6.191430000000000433e+00,5.253239870071411133e-01,3.236019909381866455e-01
-3.418299245055919044e+01,3.547629172857095625e+01,1.623483764648437500e+03,8.304423689842224121e-01,6.191440000000000943e+00,6.432748436927795410e-01,4.134766161441802979e-01
-3.417739883471580242e+01,3.548985850711531498e+01,1.318923706054687500e+03,7.076079249382019043e-01,6.191450000000000564e+00,6.229043006896972656e-01,3.772368431091308594e-01
-3.418791436943445206e+01,3.550554091098157983e+01,1.331084350585937500e+03,7.506734728813171387e-01,6.191460000000000186e+00,5.736182332038879395e-01,3.483976423740386963e-01
-3.417909798680895506e+01,3.552100188651161972e+01,1.725521118164062500e+03,7.663900256156921387e-01,6.191470000000000695e+00,4.996891021728515625e-01,3.261197209358215332e-01
-3.418267329328255499e+01,3.553751047482892744e+01,1.812575195312500000e+03,6.653637290000915527e-01,6.191480000000000317e+00,5.767462849617004395e-01,3.808226883411407471e-01
-3.417482946373811359e+01,3.555672120526244129e+01,2.872451171875000000e+03,6.406444907188415527e-01,6.191490000000000826e+00,5.276128053665161133e-01,3.793731033802032471e-01
-3.417962289149317456e+01,3.556677998878764413e+01,1.630457641601562500e+03,6.823129057884216309e-01,6.191500000000000448e+00,4.787081778049468994e-01,3.080379664897918701e-01
-3.416814097036731113e+01,3.558098822918166348e+01,1.860478759765625000e+03,7.186002135276794434e-01,6.191510000000000069e+00,6.428170800209045410e-01,4.269807040691375732e-01
-3.417273279342756354e+01,3.559862585058244377e+01,1.865657470703125000e+03,6.985778212547302246e-01,6.191520000000000579e+00,6.238198280334472656e-01,4.146210253238677979e-01
-3.417230020774170640e+01,3.561648277282758102e+01,1.476890502929687500e+03,8.805913329124450684e-01,6.191530000000000200e+00,5.787299275398254395e-01,3.625883460044860840e-01
-3.417647441002460340e+01,3.562501663479086744e+01,1.648022949218750000e+03,8.192593455314636230e-01,6.191540000000000710e+00,5.703375935554504395e-01,3.680052459239959717e-01
-3.416742909589698485e+01,3.564230689720247369e+01,1.439219970703125000e+03,7.134193778038024902e-01,6.191550000000000331e+00,5.171604752540588379e-01,3.216183483600616455e-01
-3.416119662138142132e+01,3.565793523231558027e+01,1.760902221679687500e+03,6.537062525749206543e-01,6.191560000000000841e+00,5.482122302055358887e-01,3.595365881919860840e-01
-3.416309061131103419e+01,3.566688603893010168e+01,2.047955688476562500e+03,6.185860037803649902e-01,6.191570000000000462e+00,6.351113915443420410e-01,4.306428134441375732e-01
-3.416401711639145589e+01,3.568466404676292569e+01,1.380041381835937500e+03,8.176810145378112793e-01,6.191580000000000084e+00,6.229043006896972656e-01,3.825774490833282471e-01
-3.415847530687960187e+01,3.570224004030361442e+01,1.430210449218750000e+03,8.746570944786071777e-01,6.191590000000000593e+00,6.322884559631347656e-01,3.924956917762756348e-01
-3.416396183354203941e+01,3.571943231664842955e+01,1.465037353515625000e+03,8.242923617362976074e-01,6.191600000000000215e+00,5.893348455429077148e-01,3.683867156505584717e-01
-3.416360657344532825e+01,3.573122689288631193e+01,1.823700683593750000e+03,8.636850714683532715e-01,6.191610000000000724e+00,6.801249980926513672e-01,4.497163891792297363e-01
-3.415759756664522229e+01,3.574063862226539356e+01,1.073639770507812500e+03,8.238393664360046387e-01,6.191620000000000346e+00,5.467626452445983887e-01,3.079616725444793701e-01
-3.416577217132864774e+01,3.576053351031291072e+01,2.398703613281250000e+03,7.607430815696716309e-01,6.191630000000000855e+00,5.891059637069702148e-01,4.115692675113677979e-01
-3.415678944973353737e+01,3.577984905580472486e+01,1.974588623046875000e+03,6.669861674308776855e-01,6.191640000000000477e+00,6.843974590301513672e-01,4.605501592159271240e-01
-3.416042681206773324e+01,3.579895088490456345e+01,3.372311767578125000e+03,9.478158354759216309e-01,6.191650000000000098e+00,6.255745887756347656e-01,4.596346318721771240e-01
-3.415505045947073626e+01,3.580200393242129309e+01,1.616412841796875000e+03,1.031896591186523438e+00,6.191660000000000608e+00,5.592749118804931641e-01,3.590788245201110840e-01
-3.416275458437458212e+01,3.582272296515278498e+01,1.229922241210937500e+03,8.248097300529479980e-01,6.191670000000000229e+00,6.090187430381774902e-01,3.604521155357360840e-01
-3.415248314060958990e+01,3.583722514495561740e+01,1.689667480468750000e+03,7.402855753898620605e-01,6.191680000000000739e+00,5.482122302055358887e-01,3.559507727622985840e-01
-3.416598281178067964e+01,3.585589716976701169e+01,1.887736328125000000e+03,6.887072920799255371e-01,6.191690000000000360e+00,5.157108902931213379e-01,3.436673879623413086e-01
-3.415736312835088739e+01,3.586739672263723833e+01,1.174036499023437500e+03,6.665558218955993652e-01,6.191700000000000870e+00,5.496618151664733887e-01,3.200924694538116455e-01
-3.415771507334318358e+01,3.588103751375782480e+01,1.940244262695312500e+03,5.806524157524108887e-01,6.191710000000000491e+00,7.036998867988586426e-01,4.717653989791870117e-01
-3.415831293610978037e+01,3.590075246795665720e+01,2.455703613281250000e+03,9.704501032829284668e-01,6.191720000000000113e+00,5.995582342147827148e-01,4.205719828605651855e-01
-3.416097863927851108e+01,3.591054667657292043e+01,1.717187133789062500e+03,9.864575266838073730e-01,6.191730000000000622e+00,7.041576504707336426e-01,4.590242803096771240e-01
-3.416158048578025586e+01,3.592680096715791649e+01,2.050908691406250000e+03,9.926576018333435059e-01,6.191740000000000244e+00,6.834056377410888672e-01,4.635256230831146240e-01
-3.417007618883270936e+01,3.594479306419184894e+01,1.552068359375000000e+03,1.093812704086303711e+00,6.191750000000000753e+00,5.949805974960327148e-01,3.779234886169433594e-01
-3.416522075565411143e+01,3.596002082070494765e+01,1.625217041015625000e+03,8.514267802238464355e-01,6.191760000000000375e+00,6.512857675552368164e-01,4.187409281730651855e-01
-3.416524118815845412e+01,3.597871285871165270e+01,1.760855712890625000e+03,8.078998923301696777e-01,6.191770000000000884e+00,8.554491400718688965e-01,5.610296726226806641e-01
-3.416206168077103200e+01,3.598625055140491469e+01,2.119019042968750000e+03,1.034603834152221680e+00,6.191780000000000506e+00,7.452039718627929688e-01,5.087681412696838379e-01
-3.416773807236707228e+01,3.600452654499054717e+01,1.750938110351562500e+03,1.405558109283447266e+00,6.191790000000000127e+00,5.392858386039733887e-01,3.532041609287261963e-01
-3.416904595156806579e+01,3.602588483103014028e+01,1.830391357421875000e+03,1.007492065429687500e+00,6.191800000000000637e+00,7.157543897628784180e-01,4.736727774143218994e-01
-3.417087894850830310e+01,3.603026322544082660e+01,2.234763916015625000e+03,7.733184695243835449e-01,6.191810000000000258e+00,7.719069123268127441e-01,5.324193239212036133e-01
-3.416815676719040340e+01,3.605423420491985809e+01,3.042725830078125000e+03,1.194228649139404297e+00,6.191820000000000768e+00,8.850513100624084473e-01,6.415963768959045410e-01
-3.416734076916375074e+01,3.606824508139037988e+01,1.899795410156250000e+03,1.478733539581298828e+00,6.191830000000000389e+00,6.286263465881347656e-01,4.195038676261901855e-01
-3.417673823085472407e+01,3.609074477265463798e+01,1.240519531250000000e+03,1.376378059387207031e+00,6.191840000000000899e+00,7.820540666580200195e-01,4.642122685909271240e-01
-3.417252971605887524e+01,3.609965639562069128e+01,2.365409912109375000e+03,1.072974920272827148e+00,6.191850000000000520e+00,7.368115782737731934e-01,5.134983658790588379e-01
-3.418284017477309078e+01,3.611218595363470740e+01,1.801565551757812500e+03,1.149631261825561523e+00,6.191860000000000142e+00,7.852584123611450195e-01,5.177708268165588379e-01
-3.417949704173208403e+01,3.612045172279988492e+01,2.798570068359375000e+03,1.293286800384521484e+00,6.191870000000000651e+00,8.435472249984741211e-01,6.042122244834899902e-01
-3.418110764463943241e+01,3.614328122745314431e+01,2.228260742187500000e+03,1.329990148544311523e+00,6.191880000000000273e+00,6.928660869598388672e-01,4.776400625705718994e-01
-3.417344524135082651e+01,3.615046987888510444e+01,1.415861328125000000e+03,1.286544322967529297e+00,6.191890000000000782e+00,5.493566393852233887e-01,3.400052785873413086e-01
-3.418154615066469404e+01,3.616097807042058321e+01,1.847947998046875000e+03,9.332591891288757324e-01,6.191900000000000404e+00,5.867408514022827148e-01,3.891387581825256348e-01
-3.417361810813788026e+01,3.618651680083657851e+01,1.627126708984375000e+03,8.149868845939636230e-01,6.191910000000000913e+00,6.274819374084472656e-01,4.035583734512329102e-01
-3.417726232901289052e+01,3.620619238182072763e+01,1.529656250000000000e+03,8.814067244529724121e-01,6.191920000000000535e+00,6.723429560661315918e-01,4.253785014152526855e-01
-3.417814273855465501e+01,3.621142464998956001e+01,1.647241333007812500e+03,9.896261096000671387e-01,6.191930000000000156e+00,6.061195731163024902e-01,3.910461068153381348e-01
-3.418181198257462938e+01,3.622009337836291820e+01,1.764698730468750000e+03,8.677667975425720215e-01,6.191940000000000666e+00,5.826972126960754395e-01,3.823485672473907471e-01
-3.417002725484253034e+01,3.623968489274056992e+01,2.253116943359375000e+03,8.332187533378601074e-01,6.191950000000000287e+00,5.601141452789306641e-01,3.869262337684631348e-01
-3.418237281381325232e+01,3.625521229827190695e+01,1.705664306640625000e+03,7.762295603752136230e-01,6.191960000000000797e+00,5.667517185211181641e-01,3.688444793224334717e-01
-3.416633586280919843e+01,3.627183399829904431e+01,1.972711791992187500e+03,7.779890894889831543e-01,6.191970000000000418e+00,5.127354264259338379e-01,3.449643850326538086e-01
-3.417168277279524347e+01,3.628430999571302351e+01,1.698202758789062500e+03,6.997234225273132324e-01,6.191980000000000928e+00,5.749915242195129395e-01,3.738036155700683594e-01
-3.416756635538757791e+01,3.630787404246219552e+01,1.701157958984375000e+03,6.714565157890319824e-01,6.191990000000000549e+00,5.551550388336181641e-01,3.610624670982360840e-01
-3.417334499706409900e+01,3.631886067366072268e+01,1.588773803710937500e+03,7.639748454093933105e-01,6.192000000000000171e+00,5.412694811820983887e-01,3.459562063217163086e-01
-3.416719919807668049e+01,3.633292607848085964e+01,1.992149291992187500e+03,6.234080195426940918e-01,6.192010000000000680e+00,7.118633985519409180e-01,4.799288809299468994e-01
-3.416490638769577970e+01,3.634809898780962101e+01,1.720944091796875000e+03,7.476562857627868652e-01,6.192020000000000302e+00,6.594492197036743164e-01,4.301087558269500732e-01
-3.416514352637636165e+01,3.635984694211006030e+01,1.476852050781250000e+03,1.120538234710693359e+00,6.192030000000000811e+00,6.432748436927795410e-01,4.030243158340454102e-01
-3.415578952777052280e+01,3.638190054144745034e+01,2.101579101562500000e+03,8.651906847953796387e-01,6.192040000000000433e+00,5.933021306991577148e-01,4.043976068496704102e-01
-3.416287812146688196e+01,3.638807144638121827e+01,2.607645751953125000e+03,8.416909575462341309e-01,6.192050000000000942e+00,4.443757832050323486e-01,3.148281574249267578e-01
-3.415978944257725658e+01,3.640174298504365424e+01,1.308539916992187500e+03,6.238204836845397949e-01,6.192060000000000564e+00,6.609750986099243164e-01,3.992858827114105225e-01
-3.416057080888638353e+01,3.641610136736979086e+01,1.796064819335937500e+03,6.410104632377624512e-01,6.192070000000000185e+00,7.018688321113586426e-01,4.624575078487396240e-01
-3.415180198083221086e+01,3.643190930603364563e+01,1.514084716796875000e+03,1.008029699325561523e+00,6.192080000000000695e+00,5.905555486679077148e-01,3.725829124450683594e-01
-3.415572468597373756e+01,3.644981747045245157e+01,2.030984741210937500e+03,1.052917957305908203e+00,6.192090000000000316e+00,5.702612400054931641e-01,3.860106766223907471e-01
-3.414692994268887105e+01,3.646177065613591850e+01,2.127376220703125000e+03,7.442016005516052246e-01,6.192100000000000826e+00,6.125282645225524902e-01,4.185120463371276855e-01
-3.415293345334596609e+01,3.648517758200645034e+01,1.227832641601562500e+03,8.051640391349792480e-01,6.192110000000000447e+00,5.700323581695556641e-01,3.371823728084564209e-01
-3.414727711773684149e+01,3.649161283578278159e+01,1.613215332031250000e+03,8.288998007774353027e-01,6.192120000000000068e+00,5.172367691993713379e-01,3.319180607795715332e-01
-3.415869859392367403e+01,3.650988562132996407e+01,1.629675170898437500e+03,6.519359946250915527e-01,6.192130000000000578e+00,4.683321714401245117e-01,3.013240993022918701e-01
-3.414548972284790551e+01,3.652189452481616883e+01,2.557879882812500000e+03,5.460602641105651855e-01,6.192140000000000200e+00,6.657053828239440918e-01,4.701632261276245117e-01
-3.416021769182025736e+01,3.653649285069622721e+01,3.708102050781250000e+03,6.570166945457458496e-01,6.192150000000000709e+00,6.953838467597961426e-01,5.167027115821838379e-01
-3.414807888739379393e+01,3.655115583426292858e+01,1.859508300781250000e+03,9.753686785697937012e-01,6.192160000000000331e+00,7.139996290206909180e-01,4.742068350315093994e-01
-3.415721489123985322e+01,3.656452335811884069e+01,2.084566894531250000e+03,1.050554037094116211e+00,6.192170000000000840e+00,6.683756709098815918e-01,4.548280835151672363e-01
-3.415328292480917582e+01,3.658458536402721251e+01,1.718080444335937500e+03,1.250203371047973633e+00,6.192180000000000462e+00,6.043648123741149902e-01,3.940215706825256348e-01
-3.415871514628934591e+01,3.659947870985232754e+01,3.572352050781250000e+03,1.100672006607055664e+00,6.192190000000000083e+00,5.505010485649108887e-01,4.072967767715454102e-01
-3.416030819718199041e+01,3.661661655499783308e+01,1.777955322265625000e+03,8.913976550102233887e-01,6.192200000000000593e+00,6.225228309631347656e-01,4.092041254043579102e-01
-3.415970798050995683e+01,3.662709471101867820e+01,1.849425292968750000e+03,8.317953944206237793e-01,6.192210000000000214e+00,6.232094764709472656e-01,4.134003221988677979e-01
-3.416263500214985527e+01,3.664014994374409184e+01,2.284275390625000000e+03,9.616453051567077637e-01,6.192220000000000724e+00,5.526372790336608887e-01,3.827300369739532471e-01
-3.416274371192030657e+01,3.666296482391696543e+01,1.187454711914062500e+03,8.062941431999206543e-01,6.192230000000000345e+00,6.650187373161315918e-01,3.888335824012756348e-01
-3.415765919905813774e+01,3.667616179275645294e+01,1.500739501953125000e+03,8.382982611656188965e-01,6.192240000000000855e+00,6.232857704162597656e-01,3.922668099403381348e-01
-3.416331015327391896e+01,3.668846440276194443e+01,1.709124511718750000e+03,7.054752707481384277e-01,6.192250000000000476e+00,6.849315166473388672e-01,4.459779560565948486e-01
-3.417226978868740161e+01,3.669985551618202635e+01,1.602007934570312500e+03,9.311587214469909668e-01,6.192260000000000097e+00,8.018905520439147949e-01,5.136509537696838379e-01
-3.417084710019464922e+01,3.672244389539127241e+01,2.121859619140625000e+03,9.592098593711853027e-01,6.192270000000000607e+00,9.342610836029052734e-01,6.380105614662170410e-01
-3.417353780121494111e+01,3.672959793999333300e+01,1.576460571289062500e+03,1.425072669982910156e+00,6.192280000000000229e+00,6.048225760459899902e-01,3.857817947864532471e-01
-3.417158900926131793e+01,3.675244158581854492e+01,2.061860107421875000e+03,1.404764175415039062e+00,6.192290000000000738e+00,5.188389420509338379e-01,3.522886335849761963e-01
-3.417543674844278456e+01,3.676664810422897745e+01,1.582802368164062500e+03,8.273894190788269043e-01,6.192300000000000360e+00,6.266427040100097656e-01,4.001251161098480225e-01
-3.417119201033389686e+01,3.678621540696315151e+01,1.334210205078125000e+03,8.331078886985778809e-01,6.192310000000000869e+00,5.563757419586181641e-01,3.381741940975189209e-01
-3.417825152292445523e+01,3.679837313100939866e+01,2.259778808593750000e+03,7.621211409568786621e-01,6.192320000000000491e+00,6.126808524131774902e-01,4.234711527824401855e-01
-3.416843453820580834e+01,3.681080906782347739e+01,1.652074707031250000e+03,7.859212756156921387e-01,6.192330000000000112e+00,6.816508769989013672e-01,4.401032924652099609e-01
-3.417958048159714224e+01,3.682920132892295584e+01,1.064361206054687500e+03,9.076792597770690918e-01,6.192340000000000622e+00,6.278634071350097656e-01,3.524412214756011963e-01
-3.416898978890004202e+01,3.684135275149508004e+01,1.134497192382812500e+03,8.411473631858825684e-01,6.192350000000000243e+00,5.723212361335754395e-01,3.291714787483215332e-01
-3.418528660005998887e+01,3.685171563366409941e+01,1.902938964843750000e+03,7.388431429862976074e-01,6.192360000000000753e+00,7.401685118675231934e-01,4.941196143627166748e-01
-3.417454807547389350e+01,3.686824784289683521e+01,1.782634887695312500e+03,8.198935389518737793e-01,6.192370000000000374e+00,8.417161703109741211e-01,5.536291003227233887e-01
-3.418111208876053553e+01,3.688873701140920502e+01,1.625480834960937500e+03,1.262201786041259766e+00,6.192380000000000884e+00,6.412912011146545410e-01,4.123322069644927979e-01
-3.417690732905352036e+01,3.690259532758906857e+01,1.568816406250000000e+03,1.283285140991210938e+00,6.192390000000000505e+00,7.312421202659606934e-01,4.658144712448120117e-01
-3.418024933486457684e+01,3.691670386573715490e+01,1.453907592773437500e+03,1.013733863830566406e+00,6.192400000000000126e+00,6.534982919692993164e-01,4.076019525527954102e-01
-3.417291322228192740e+01,3.692700992016637684e+01,2.023478515625000000e+03,1.098626375198364258e+00,6.192410000000000636e+00,6.608225107192993164e-01,4.469697773456573486e-01
-3.418116590067529614e+01,3.695076322954556503e+01,1.663123779296875000e+03,8.973640799522399902e-01,6.192420000000000258e+00,8.081467151641845703e-01,5.226536393165588379e-01
-3.417191775127634656e+01,3.696412021724843555e+01,1.621433959960937500e+03,1.105305671691894531e+00,6.192430000000000767e+00,6.482339501380920410e-01,4.165283739566802979e-01
-3.417177426452401079e+01,3.697581931793253318e+01,3.105728027343750000e+03,1.095069169998168945e+00,6.192440000000000389e+00,5.945991277694702148e-01,4.322449862957000732e-01
-3.416803104015168202e+01,3.699214291958620038e+01,2.267031250000000000e+03,8.466703295707702637e-01,6.192450000000000898e+00,6.679179072380065918e-01,4.619234502315521240e-01
-3.417066631373826624e+01,3.701282014725556024e+01,4.663595214843750000e+03,8.953220248222351074e-01,6.192460000000000520e+00,7.356671690940856934e-01,5.594274997711181641e-01
-3.417448604715254135e+01,3.702101353446187204e+01,2.065128417968750000e+03,1.056102037429809570e+00,6.192470000000000141e+00,8.098251819610595703e-01,5.500432848930358887e-01
-3.416674311994914603e+01,3.703080100367605354e+01,1.561566894531250000e+03,1.205857515335083008e+00,6.192480000000000651e+00,6.713511347770690918e-01,4.271332919597625732e-01
-3.416965171192954642e+01,3.704471872488509376e+01,1.888110351562500000e+03,1.103268384933471680e+00,6.192490000000000272e+00,6.831767559051513672e-01,4.552858471870422363e-01
-3.416093225401672839e+01,3.706226966934250555e+01,1.290546142578125000e+03,1.096395969390869141e+00,6.192500000000000782e+00,6.115364432334899902e-01,3.677763640880584717e-01
-3.416141579243463866e+01,3.708436974880422810e+01,2.492392333984375000e+03,9.224147200584411621e-01,6.192510000000000403e+00,5.936073064804077148e-01,4.174439013004302979e-01
-3.416034581355294364e+01,3.708495460105131514e+01,2.653069580078125000e+03,7.092017531394958496e-01,6.192520000000000913e+00,5.925391912460327148e-01,4.209534525871276855e-01
-3.416413531457143193e+01,3.710313864283647689e+01,1.736836547851562500e+03,9.374863505363464355e-01,6.192530000000000534e+00,5.139561295509338379e-01,3.359616696834564209e-01
-3.415113702576046251e+01,3.712312817079194360e+01,2.010506347656250000e+03,7.708103060722351074e-01,6.192540000000000155e+00,5.207462906837463379e-01,3.517545759677886963e-01
-3.416093314039000006e+01,3.713956141462916349e+01,1.483937622070312500e+03,7.134575247764587402e-01,6.192550000000000665e+00,6.060432791709899902e-01,3.802123367786407471e-01
-3.416145614190604363e+01,3.715025603510137842e+01,1.624085571289062500e+03,6.550413966178894043e-01,6.192560000000000286e+00,6.918742656707763672e-01,4.447572529315948486e-01
-3.416362532579261568e+01,3.716349986940009842e+01,9.518963623046875000e+02,8.780974745750427246e-01,6.192570000000000796e+00,5.986427068710327148e-01,3.207791149616241455e-01
-3.415270310735549941e+01,3.718465466649009699e+01,1.728470092773437500e+03,9.050077795982360840e-01,6.192580000000000418e+00,5.501958727836608887e-01,3.592314124107360840e-01
-3.415910236211286133e+01,3.719805031106390203e+01,2.093360839843750000e+03,7.459110617637634277e-01,6.192590000000000927e+00,6.576181650161743164e-01,4.478853046894073486e-01
-3.415405077807491807e+01,3.720887593718649811e+01,1.853584350585937500e+03,7.635301947593688965e-01,6.192600000000000549e+00,6.764628291130065918e-01,4.489534199237823486e-01
-3.415615510821651668e+01,3.723014203121515919e+01,1.915197875976562500e+03,9.463793635368347168e-01,6.192610000000000170e+00,6.113075613975524902e-01,4.086700677871704102e-01
-3.415066479005998445e+01,3.725136816008178187e+01,1.567255371093750000e+03,7.893068194389343262e-01,6.192620000000000680e+00,5.718634724617004395e-01,3.641905486583709717e-01
-3.416026497326127753e+01,3.726232947926222749e+01,1.714433227539062500e+03,7.792932391166687012e-01,6.192630000000000301e+00,5.468389391899108887e-01,3.563322424888610840e-01
-3.414772463187190965e+01,3.727167274384316187e+01,1.424650268554687500e+03,8.672720789909362793e-01,6.192640000000000811e+00,6.554056406021118164e-01,4.063812494277954102e-01
-3.415481881848285184e+01,3.728948645795217232e+01,2.479253906250000000e+03,6.713051199913024902e-01,6.192650000000000432e+00,6.980541348457336426e-01,4.904575049877166748e-01
-3.415765847156476553e+01,3.730593422646244051e+01,1.573573974609375000e+03,8.866674304008483887e-01,6.192660000000000942e+00,6.053566336631774902e-01,3.859343826770782471e-01
-3.416258171866495985e+01,3.732089919641352793e+01,1.963945556640625000e+03,8.960992693901062012e-01,6.192670000000000563e+00,5.722449421882629395e-01,3.846373856067657471e-01
-3.415759360532908318e+01,3.732510002838169072e+01,1.405894409179687500e+03,7.895118594169616699e-01,6.192680000000000184e+00,6.053566336631774902e-01,3.738799095153808594e-01
-3.415671864588526319e+01,3.734663351392217123e+01,1.456057983398437500e+03,7.265228629112243652e-01,6.192690000000000694e+00,5.985664129257202148e-01,3.734984397888183594e-01
-3.415898828312203506e+01,3.736995060636405697e+01,2.633484863281250000e+03,8.398813605308532715e-01,6.192700000000000315e+00,6.591440439224243164e-01,4.677218198776245117e-01
-3.415677808854015751e+01,3.738172779104751697e+01,1.579700317382812500e+03,8.344799876213073730e-01,6.192710000000000825e+00,6.568552255630493164e-01,4.191986918449401855e-01
-3.416302263962559493e+01,3.739698659558520433e+01,2.020728881835937500e+03,9.114796519279479980e-01,6.192720000000000447e+00,6.847026348114013672e-01,4.629915654659271240e-01
-3.416212863404864208e+01,3.740984389316511027e+01,1.830552978515625000e+03,8.698505759239196777e-01,6.192730000000000068e+00,9.212910532951354980e-01,6.097053885459899902e-01
-3.416350169970706219e+01,3.743046141882634714e+01,3.651860839843750000e+03,1.186128377914428711e+00,6.192740000000000578e+00,8.086044788360595703e-01,5.997871160507202148e-01
-3.415947004203733428e+01,3.743913194512672504e+01,1.929210937500000000e+03,1.620841741561889648e+00,6.192750000000000199e+00,6.589914560317993164e-01,4.412477016448974609e-01
-3.416599618451549958e+01,3.745457225759950859e+01,2.621765380859375000e+03,1.324134588241577148e+00,6.192760000000000709e+00,7.838851213455200195e-01,5.558416843414306641e-01
-3.416395542660036000e+01,3.747060986172263597e+01,1.377239868164062500e+03,1.289926290512084961e+00,6.192770000000000330e+00,7.372693419456481934e-01,4.525392651557922363e-01
-3.416284422741799887e+01,3.748364325071019465e+01,2.227584960937500000e+03,1.316912889480590820e+00,6.192780000000000840e+00,6.738688349723815918e-01,4.645174443721771240e-01
-3.416520587190774449e+01,3.750317566502399558e+01,2.696736816406250000e+03,1.143664836883544922e+00,6.192790000000000461e+00,8.473619222640991211e-01,6.035255789756774902e-01
-3.416575980656801903e+01,3.751916781363542697e+01,2.051877929687500000e+03,1.063283205032348633e+00,6.192800000000000082e+00,7.428388595581054688e-01,5.038852691650390625e-01
-3.416669124532609914e+01,3.752972423051005535e+01,1.417185058593750000e+03,1.581619501113891602e+00,6.192810000000000592e+00,6.571604013442993164e-01,4.068390130996704102e-01
-3.417232225792317024e+01,3.754165808354495937e+01,1.537106445312500000e+03,1.037765264511108398e+00,6.192820000000000213e+00,5.904029607772827148e-01,3.740324974060058594e-01
-3.416987533485661999e+01,3.755788932226802501e+01,1.705674682617187500e+03,8.976942896842956543e-01,6.192830000000000723e+00,6.229043006896972656e-01,4.053894281387329102e-01
-3.417236216525937920e+01,3.756783536994788619e+01,1.365903198242187500e+03,8.782870173454284668e-01,6.192840000000000344e+00,5.414983630180358887e-01,3.315365910530090332e-01
-3.416641428108331269e+01,3.758472503234686002e+01,1.690389160156250000e+03,7.751578688621520996e-01,6.192850000000000854e+00,4.636782109737396240e-01,3.010952174663543701e-01
-3.417280251510250366e+01,3.760998332335493899e+01,1.616871093750000000e+03,6.082910895347595215e-01,6.192860000000000475e+00,5.510351061820983887e-01,3.538145124912261963e-01
-3.416250572096384275e+01,3.761758588869807340e+01,1.212638793945312500e+03,5.821902155876159668e-01,6.192870000000000097e+00,5.184574723243713379e-01,3.053676784038543701e-01
-3.416802650789064444e+01,3.763735327484623383e+01,1.987356689453125000e+03,6.892639994621276855e-01,6.192880000000000607e+00,5.012912750244140625e-01,3.377927243709564209e-01
-3.416738799909724378e+01,3.765240917892692352e+01,2.104230957031250000e+03,5.624396204948425293e-01,6.192890000000000228e+00,6.168770194053649902e-01,4.205719828605651855e-01
-3.416758219452263745e+01,3.766966860181379673e+01,1.899848999023437500e+03,6.579620242118835449e-01,6.192900000000000738e+00,6.247353553771972656e-01,4.169098436832427979e-01
-3.416265507588565242e+01,3.768259613948601583e+01,1.917961914062500000e+03,7.829839587211608887e-01,6.192910000000000359e+00,6.351876854896545410e-01,4.247681498527526855e-01
-3.416773435910670997e+01,3.769697863238179281e+01,1.644915771484375000e+03,8.902341723442077637e-01,6.192920000000000869e+00,7.447462081909179688e-01,4.803103506565093994e-01
-3.416688536343146154e+01,3.771852573727075963e+01,3.414223632812500000e+03,8.877975344657897949e-01,6.192930000000000490e+00,6.238961219787597656e-01,4.591005742549896240e-01
-3.416394630521677556e+01,3.773674868996963738e+01,1.872355590820312500e+03,1.118269681930541992e+00,6.192940000000000111e+00,5.739997029304504395e-01,3.818145096302032471e-01
-3.415826776292962563e+01,3.774256448738442060e+01,1.181996826171875000e+03,9.700936675071716309e-01,6.192950000000000621e+00,6.261086463928222656e-01,3.654875457286834717e-01
-3.415772331170275322e+01,3.775670223299628958e+01,2.353706298828125000e+03,6.774432063102722168e-01,6.192960000000000242e+00,6.413674950599670410e-01,4.465883076190948486e-01
-3.416285057967692751e+01,3.777166652940673686e+01,1.631470703125000000e+03,9.350330233573913574e-01,6.192970000000000752e+00,6.670023798942565918e-01,4.292695224285125732e-01
-3.416169091489503273e+01,3.778701440098512876e+01,2.185981201171875000e+03,8.851308226585388184e-01,6.192980000000000373e+00,5.394384264945983887e-01,3.705229461193084717e-01
-3.416237011881825936e+01,3.779644697111616125e+01,1.467203613281250000e+03,9.370190501213073730e-01,6.192990000000000883e+00,5.001468658447265625e-01,3.127682209014892578e-01
-3.415854447220604584e+01,3.781132009983844000e+01,2.762739990234375000e+03,6.835705637931823730e-01,6.193000000000000504e+00,5.798743367195129395e-01,4.145447313785552979e-01
-3.415573772607030634e+01,3.783476273646611787e+01,2.716158447265625000e+03,6.493396162986755371e-01,6.193010000000000126e+00,7.040050625801086426e-01,5.019779205322265625e-01
-3.415234003619924863e+01,3.784802260352654457e+01,2.883648437500000000e+03,8.268136382102966309e-01,6.193020000000000636e+00,7.162884473800659180e-01,5.153294205665588379e-01
-3.415995484451508446e+01,3.785735315088997766e+01,1.455909912109375000e+03,1.160176515579223633e+00,6.193030000000000257e+00,6.620432138442993164e-01,4.130951464176177979e-01
-3.415337460879013776e+01,3.787263670259509496e+01,1.378125610351562500e+03,1.181917905807495117e+00,6.193040000000000767e+00,6.169533133506774902e-01,3.787627220153808594e-01
-3.415864711844555757e+01,3.789492541191071950e+01,1.361963745117187500e+03,9.075314402580261230e-01,6.193050000000000388e+00,6.069588065147399902e-01,3.712859153747558594e-01
-3.415724398974837328e+01,3.790707658057643670e+01,1.443570068359375000e+03,8.860105872154235840e-01,6.193060000000000898e+00,6.868388652801513672e-01,4.275147616863250732e-01
-3.415396195602803431e+01,3.792226906322461844e+01,1.095381347656250000e+03,8.230454325675964355e-01,6.193070000000000519e+00,6.055855154991149902e-01,3.437436819076538086e-01
-3.414894893610902216e+01,3.793903847793358608e+01,1.638779296875000000e+03,8.786506056785583496e-01,6.193080000000000140e+00,5.729315876960754395e-01,3.691496551036834717e-01
-3.416130943963045752e+01,3.795074468432618886e+01,1.557363891601562500e+03,6.953341364860534668e-01,6.193090000000000650e+00,5.716345906257629395e-01,3.634276092052459717e-01
-3.415169436791613577e+01,3.796706253321414692e+01,1.707737182617187500e+03,7.589620947837829590e-01,6.193100000000000271e+00,6.094765067100524902e-01,3.967681825160980225e-01
-3.415718275253360758e+01,3.797595597417684843e+01,1.751626342773437500e+03,7.149857878684997559e-01,6.193110000000000781e+00,5.006809234619140625e-01,3.279507756233215332e-01
-3.415895266832302468e+01,3.799597558939075270e+01,1.310060913085937500e+03,7.499963641166687012e-01,6.193120000000000402e+00,5.911659002304077148e-01,3.572477698326110840e-01
-3.416202708416380318e+01,3.801559817600211488e+01,2.393736572265625000e+03,6.927782893180847168e-01,6.193130000000000912e+00,7.373456358909606934e-01,5.149479508399963379e-01
-3.415653462084952707e+01,3.802760912370762725e+01,3.154264892578125000e+03,7.163125872611999512e-01,6.193140000000000533e+00,8.372911214828491211e-01,6.099342703819274902e-01
-3.415774211731611842e+01,3.803725144127395907e+01,3.477117431640625000e+03,1.390100240707397461e+00,6.193150000000000155e+00,6.184792518615722656e-01,4.561250805854797363e-01
-3.416093739442149513e+01,3.805254553940128659e+01,1.953120727539062500e+03,1.417848587036132812e+00,6.193160000000000664e+00,6.256508827209472656e-01,4.200379252433776855e-01
-3.415709072446562544e+01,3.807551650768404983e+01,1.434990722656250000e+03,9.318322539329528809e-01,6.193170000000000286e+00,6.065010428428649902e-01,3.768553733825683594e-01
-3.415861463601166292e+01,3.809117855067685809e+01,2.901661865234375000e+03,8.942968249320983887e-01,6.193180000000000796e+00,5.762122273445129395e-01,4.149262011051177979e-01
-3.416458448597327902e+01,3.810082904949983629e+01,9.864436645507812500e+02,7.446581721305847168e-01,6.193190000000000417e+00,5.714057087898254395e-01,3.109371662139892578e-01
-3.416569252381128052e+01,3.812183458659072244e+01,2.190787597656250000e+03,9.001523852348327637e-01,6.193200000000000927e+00,6.733347773551940918e-01,4.626863896846771240e-01
-3.416221621661605212e+01,3.814026590859904786e+01,1.673764160156250000e+03,7.861334681510925293e-01,6.193210000000000548e+00,5.577490329742431641e-01,3.612913489341735840e-01
-3.416774101108770623e+01,3.815481676990253845e+01,2.643110839843750000e+03,9.255523085594177246e-01,6.193220000000000169e+00,5.672094821929931641e-01,4.027191400527954102e-01
-3.416931809860316349e+01,3.816035231640636027e+01,1.665668579101562500e+03,8.066958785057067871e-01,6.193230000000000679e+00,5.122013688087463379e-01,3.313840031623840332e-01
-3.416742312104944546e+01,3.817981406231353958e+01,1.272875854492187500e+03,9.904391169548034668e-01,6.193240000000000300e+00,4.910678565502166748e-01,2.939998507499694824e-01
-3.416539880265639795e+01,3.819668761456899375e+01,1.840640258789062500e+03,5.862671732902526855e-01,6.193250000000000810e+00,6.700541377067565918e-01,4.439943134784698486e-01
-3.416881319026075658e+01,3.821092969887380519e+01,1.978141357421875000e+03,6.767291426658630371e-01,6.193260000000000431e+00,5.677435398101806641e-01,3.821959793567657471e-01
-3.416308276193199589e+01,3.822675600366668647e+01,1.441811279296875000e+03,1.020569324493408203e+00,6.193270000000000941e+00,5.981849431991577148e-01,3.722014427185058594e-01
-3.417093439962489043e+01,3.824301000075706725e+01,1.238325439453125000e+03,7.055277228355407715e-01,6.193280000000000562e+00,6.937816143035888672e-01,4.115692675113677979e-01
-3.416995099817984283e+01,3.825895577754251775e+01,1.791634033203125000e+03,8.063418269157409668e-01,6.193290000000000184e+00,5.974220037460327148e-01,3.934112191200256348e-01
-3.416901741442232066e+01,3.826917389961169391e+01,2.605046386718750000e+03,8.017963767051696777e-01,6.193300000000000693e+00,6.731058955192565918e-01,4.768008291721343994e-01
-3.416485595664957486e+01,3.828381647146495226e+01,1.918086669921875000e+03,7.746703028678894043e-01,6.193310000000000315e+00,7.796126604080200195e-01,5.213566422462463379e-01
-3.416914074307653237e+01,3.830558803524347411e+01,3.638836669921875000e+03,1.095221757888793945e+00,6.193320000000000825e+00,7.374219298362731934e-01,5.467626452445983887e-01
-3.416732030234106787e+01,3.832316011117710275e+01,2.132727539062500000e+03,1.227964878082275391e+00,6.193330000000000446e+00,7.971603274345397949e-01,5.449315905570983887e-01
-3.417116924064686856e+01,3.832709184580581763e+01,2.708552246093750000e+03,1.292116165161132812e+00,6.193340000000000067e+00,7.114819288253784180e-01,5.070896148681640625e-01
-3.416897042778899873e+01,3.834215617366658080e+01,1.250073608398437500e+03,1.294729232788085938e+00,6.193350000000000577e+00,6.651713252067565918e-01,3.958526551723480225e-01
-3.416669455898269803e+01,3.836080300878779781e+01,1.457893188476562500e+03,9.601075053215026855e-01,6.193360000000000198e+00,8.192093372344970703e-01,5.113621354103088379e-01
-3.416066758602113396e+01,3.838017579541498492e+01,1.935160522460937500e+03,9.392530322074890137e-01,6.193370000000000708e+00,7.151440382003784180e-01,4.791659414768218994e-01
-3.416000025400951756e+01,3.838780355654249377e+01,2.031474121093750000e+03,1.086699485778808594e+00,6.193380000000000329e+00,6.352639794349670410e-01,4.300324618816375732e-01
-3.416520198030160316e+01,3.840040561181583456e+01,1.762519531250000000e+03,1.005099534988403320e+00,6.193390000000000839e+00,5.912421941757202148e-01,3.878417611122131348e-01
-3.416003011151329360e+01,3.841473336124172988e+01,2.002640380859375000e+03,8.128685355186462402e-01,6.193400000000000460e+00,6.078743338584899902e-01,4.102722704410552979e-01
-3.415931944444559321e+01,3.843554128021889227e+01,1.490571655273437500e+03,8.740014433860778809e-01,6.193410000000000082e+00,6.541086435317993164e-01,4.108826220035552979e-01
-3.415523614870362223e+01,3.844601505180625622e+01,3.411805908203125000e+03,8.311814665794372559e-01,6.193420000000000591e+00,6.586862802505493164e-01,4.846591353416442871e-01
-3.416004294266807051e+01,3.845847145873598549e+01,1.745408447265625000e+03,8.892292380332946777e-01,6.193430000000000213e+00,6.901957988739013672e-01,4.517000317573547363e-01
-3.415409403081310558e+01,3.847469012835497892e+01,2.236676757812500000e+03,1.008717536926269531e+00,6.193440000000000722e+00,5.960487127304077148e-01,4.111877977848052979e-01
-3.415739085675283349e+01,3.848899775552370528e+01,1.751041870117187500e+03,9.393305182456970215e-01,6.193450000000000344e+00,6.113838553428649902e-01,4.004302918910980225e-01
-3.416612051674228212e+01,3.850567800677539054e+01,1.861184326171875000e+03,9.065694212913513184e-01,6.193460000000000854e+00,6.581522226333618164e-01,4.372041225433349609e-01
-3.416363172280441773e+01,3.852014688447438573e+01,2.005196655273437500e+03,8.821994662284851074e-01,6.193470000000000475e+00,7.937270998954772949e-01,5.358525514602661133e-01
-3.416203314795213686e+01,3.853895320605112573e+01,2.168181640625000000e+03,1.024949073791503906e+00,6.193480000000000096e+00,6.004737615585327148e-01,4.117981493473052979e-01
-3.415503376597064999e+01,3.855309116139796544e+01,1.944842407226562500e+03,1.042845964431762695e+00,6.193490000000000606e+00,5.575201511383056641e-01,3.739562034606933594e-01
-3.415928318866508562e+01,3.856941252828221423e+01,2.541281982421875000e+03,7.690758109092712402e-01,6.193500000000000227e+00,6.184029579162597656e-01,4.362885951995849609e-01
-3.415493534764799932e+01,3.858448439803913743e+01,1.537931884765625000e+03,7.997578978538513184e-01,6.193510000000000737e+00,6.859233379364013672e-01,4.346101284027099609e-01
-3.415489460532298693e+01,3.859961313214233769e+01,1.330243408203125000e+03,9.624678492546081543e-01,6.193520000000000358e+00,5.326482057571411133e-01,3.234494030475616455e-01
-3.415793297309004117e+01,3.861129067708008478e+01,2.054510253906250000e+03,9.030384421348571777e-01,6.193530000000000868e+00,5.232639908790588379e-01,3.550352156162261963e-01
-3.415489370234609368e+01,3.862120852886191358e+01,2.159774658203125000e+03,5.822677016258239746e-01,6.193540000000000489e+00,7.442121505737304688e-01,5.099888443946838379e-01
-3.415675619551328879e+01,3.863960269877615872e+01,1.932321411132812500e+03,7.629484534263610840e-01,6.193550000000000111e+00,6.180977821350097656e-01,4.140106737613677979e-01
-3.415867463691494521e+01,3.866335518209744038e+01,2.170698730468750000e+03,1.012408256530761719e+00,6.193560000000000620e+00,6.260323524475097656e-01,4.294221103191375732e-01
-3.415308843291551000e+01,3.867191860297695172e+01,2.148982421875000000e+03,8.009368777275085449e-01,6.193570000000000242e+00,6.386209130287170410e-01,4.372041225433349609e-01
-3.415729119951762982e+01,3.867413554105511508e+01,1.586053100585937500e+03,9.190327525138854980e-01,6.193580000000000751e+00,7.671003937721252441e-01,4.900760352611541748e-01
-3.415818377381799564e+01,3.870192728361556789e+01,2.042621948242187500e+03,8.657128214836120605e-01,6.193590000000000373e+00,8.334763646125793457e-01,5.648443698883056641e-01
-3.415449948232525657e+01,3.871658790957577168e+01,1.484285766601562500e+03,1.171921014785766602e+00,6.193600000000000882e+00,6.351876854896545410e-01,3.985229432582855225e-01
-3.415859511841770058e+01,3.872858489708328733e+01,1.096366699218750000e+03,1.156271219253540039e+00,6.193610000000000504e+00,5.537816882133483887e-01,3.144466876983642578e-01
-3.415554301004458182e+01,3.873999064019746186e+01,1.898635375976562500e+03,9.153217673301696777e-01,6.193620000000000125e+00,6.383157372474670410e-01,4.259125888347625732e-01
-3.415178448985651016e+01,3.876001749780101591e+01,1.743952148437500000e+03,8.132392764091491699e-01,6.193630000000000635e+00,5.407354235649108887e-01,3.538145124912261963e-01
-3.414653660697545234e+01,3.876972388161913585e+01,1.805997070312500000e+03,7.787532210350036621e-01,6.193640000000000256e+00,1.964195072650909424e-01,1.295857578516006470e-01
-3.414631338579400222e+01,3.877907735967120573e+01,-1.405051391601562500e+03,5.955368876457214355e-01,6.193650000000000766e+00,2.719889581203460693e-02,3.047954663634300232e-02
-3.414374726237296187e+01,3.878667216069759149e+01,-1.463202026367187500e+03,2.683085501194000244e-01,6.193660000000000387e+00,2.414712496101856232e-02,2.674113027751445770e-02
-3.413422171442059749e+01,3.879943297378715528e+01,-2.501401855468750000e+03,1.623398214578628540e-01,6.193670000000000897e+00,3.681197017431259155e-02,3.620161488652229309e-02
