# x_coordinates, y_coordinates, TEP, TED, times, high, low
-2.961525150001394024e+01,3.099853051234217460e+01,7.885228271484375000e+02,8.418262749910354614e-02,6.537300000000000111e+00,2.413568198680877686e-01,1.180653274059295654e-01
-2.963308790553992011e+01,3.100916416525665298e+01,1.230998413085937500e+03,9.423197060823440552e-02,6.537310000000000620e+00,3.562559485435485840e-01,2.109154164791107178e-01
-2.963906720306296450e+01,3.101548755823657899e+01,1.209415649414062500e+03,1.981502920389175415e-01,6.537320000000000242e+00,4.056183099746704102e-01,2.386865168809890747e-01
-2.965421107989589444e+01,3.102556537632163725e+01,3.607367431640625000e+03,3.567296564579010010e-01,6.537330000000000751e+00,3.848662674427032471e-01,2.850733995437622070e-01
-2.966467703584867266e+01,3.103592566624838867e+01,2.015594360351562500e+03,4.316050112247467041e-01,6.537340000000000373e+00,4.478853046894073486e-01,3.026973903179168701e-01
-2.967260587066552446e+01,3.105205353059824347e+01,1.250628051757812500e+03,5.125481486320495605e-01,6.537350000000000882e+00,4.802340567111968994e-01,2.858363687992095947e-01
-2.968091759184761003e+01,3.106558430601426224e+01,1.398514892578125000e+03,5.578667521476745605e-01,6.537360000000000504e+00,4.105774462223052979e-01,2.531824111938476562e-01
-2.968370025234618836e+01,3.107929459784856618e+01,1.634434204101562500e+03,5.350775122642517090e-01,6.537370000000000125e+00,4.503267407417297363e-01,2.899562418460845947e-01
-2.969356963615580014e+01,3.110317629229826863e+01,2.061547119140625000e+03,4.178864061832427979e-01,6.537380000000000635e+00,5.052585601806640625e-01,3.430570363998413086e-01
-2.969464382394044577e+01,3.112204692260536731e+01,1.466101440429687500e+03,6.820577979087829590e-01,6.537390000000000256e+00,5.015964508056640625e-01,3.136074542999267578e-01
-2.969794209931867712e+01,3.113615833686668566e+01,1.571919311523437500e+03,6.383997797966003418e-01,6.537400000000000766e+00,5.183811783790588379e-01,3.303921818733215332e-01
-2.970310848952007277e+01,3.115515558085182590e+01,1.516523925781250000e+03,7.036907076835632324e-01,6.537410000000000387e+00,4.311005771160125732e-01,2.721033990383148193e-01
-2.969969558611683169e+01,3.118010692718052468e+01,1.645832641601562500e+03,5.534297823905944824e-01,6.537420000000000897e+00,5.070133209228515625e-01,3.270352482795715332e-01
-2.970606070926485742e+01,3.120615259345014536e+01,1.469232788085937500e+03,5.464727282524108887e-01,6.537430000000000518e+00,5.012912750244140625e-01,3.136074542999267578e-01
-2.970238631681717933e+01,3.122720392939000433e+01,2.168935791015625000e+03,5.429024100303649902e-01,6.537440000000000140e+00,6.056618094444274902e-01,4.153839647769927979e-01
-2.970261879185887466e+01,3.125182194815320003e+01,2.014108764648437500e+03,7.766968607902526855e-01,6.537450000000000649e+00,5.006809234619140625e-01,3.383267819881439209e-01
-2.969738066772622886e+01,3.127800016930009974e+01,1.550841186523437500e+03,7.590419650077819824e-01,6.537460000000000271e+00,6.656290888786315918e-01,4.227082133293151855e-01
-2.970038051791867773e+01,3.129796911101734125e+01,1.382918823242187500e+03,9.440142512321472168e-01,6.537470000000000780e+00,6.241250038146972656e-01,3.835692703723907471e-01
-2.970451126290618049e+01,3.132858901273851870e+01,1.467887207031250000e+03,9.304065108299255371e-01,6.537480000000000402e+00,5.141087174415588379e-01,3.215420544147491455e-01
-2.970067737445233647e+01,3.134878626046604566e+01,1.369435668945312500e+03,9.270305037498474121e-01,6.537490000000000911e+00,4.275147616863250732e-01,2.619562745094299316e-01
-2.970092048978095178e+01,3.138256851049597529e+01,1.544455932617187500e+03,7.620031237602233887e-01,6.537500000000000533e+00,5.078526139259338379e-01,3.221524059772491455e-01
-2.969581590639746693e+01,3.140498910099237762e+01,1.854752807617187500e+03,5.361194014549255371e-01,6.537510000000000154e+00,5.228062272071838379e-01,3.470243215560913086e-01
-2.970215234068792398e+01,3.143235760096296971e+01,1.705383056640625000e+03,7.937902808189392090e-01,6.537520000000000664e+00,5.418035387992858887e-01,3.525938093662261963e-01
-2.969921283648437438e+01,3.145748973611411614e+01,1.824396484375000000e+03,7.823938727378845215e-01,6.537530000000000285e+00,4.890079200267791748e-01,3.233731091022491455e-01
-2.970485971274715453e+01,3.148208220007050429e+01,1.246189208984375000e+03,7.718223929405212402e-01,6.537540000000000795e+00,4.765719473361968994e-01,2.833186388015747070e-01
-2.970246083732942566e+01,3.150879645320142330e+01,2.126395751953125000e+03,5.546039938926696777e-01,6.537550000000000416e+00,4.255310893058776855e-01,2.907191812992095947e-01
-2.970119231507912616e+01,3.152650966698332624e+01,1.605581054687500000e+03,6.103641390800476074e-01,6.537560000000000926e+00,3.985992372035980225e-01,2.554712593555450439e-01
-2.969840535495947265e+01,3.155272432715198505e+01,1.641752319335937500e+03,4.878419935703277588e-01,6.537570000000000547e+00,5.160923600196838379e-01,3.326810300350189209e-01
-2.970378084764859139e+01,3.158172839639611240e+01,1.560367675781250000e+03,5.671603083610534668e-01,6.537580000000000169e+00,6.010841131210327148e-01,3.823485672473907471e-01
-2.970513195414570617e+01,3.160232269753207390e+01,1.241489379882812500e+03,7.550699114799499512e-01,6.537590000000000678e+00,4.677981138229370117e-01,2.777491807937622070e-01
-2.969977358291710701e+01,3.162360218816853674e+01,1.178652709960937500e+03,8.114332556724548340e-01,6.537600000000000300e+00,4.901523292064666748e-01,2.858363687992095947e-01
-2.969670444630770589e+01,3.164835050459613441e+01,1.075266235351562500e+03,4.339200556278228760e-01,6.537610000000000809e+00,6.171059012413024902e-01,3.477872908115386963e-01
-2.969592581515248852e+01,3.167517314346556034e+01,1.979269897460937500e+03,6.905502676963806152e-01,6.537620000000000431e+00,6.185555458068847656e-01,4.164520800113677979e-01
-2.970117254111244876e+01,3.168935391233036469e+01,1.557644165039062500e+03,7.523292899131774902e-01,6.537630000000000940e+00,6.397653222084045410e-01,4.067627191543579102e-01
-2.970217094299185234e+01,3.171696483238224928e+01,4.183497558593750000e+03,9.658498167991638184e-01,6.537640000000000562e+00,4.657381772994995117e-01,3.505338728427886963e-01
-2.970758870404524998e+01,3.174243354603806111e+01,1.810729125976562500e+03,9.549004435539245605e-01,6.537650000000000183e+00,5.084629654884338379e-01,3.356564939022064209e-01
-2.970155684316984690e+01,3.177311315345631115e+01,1.407734863281250000e+03,7.243711352348327637e-01,6.537660000000000693e+00,4.587953984737396240e-01,2.834712266921997070e-01
-2.970391134623643126e+01,3.179092773651616710e+01,1.005833007812500000e+03,6.715280413627624512e-01,6.537670000000000314e+00,4.420106709003448486e-01,2.425012290477752686e-01
-2.970804282073521208e+01,3.181614015072144852e+01,1.348224487304687500e+03,5.483037829399108887e-01,6.537680000000000824e+00,4.872531294822692871e-01,2.971279025077819824e-01
-2.970327112774151246e+01,3.183922124070366877e+01,1.149135009765625000e+03,4.891306459903717041e-01,6.537690000000000445e+00,4.549043774604797363e-01,2.628718018531799316e-01
-2.970102468114476579e+01,3.186307621522445999e+01,1.342461059570312500e+03,5.360526442527770996e-01,6.537700000000000955e+00,4.684847593307495117e-01,2.853023111820220947e-01
-2.970204815208235161e+01,3.189454525663640183e+01,1.849875854492187500e+03,5.204719901084899902e-01,6.537710000000000576e+00,5.450841784477233887e-01,3.615965247154235840e-01
-2.970521576554784815e+01,3.191271015494140073e+01,1.965991577148437500e+03,6.244284510612487793e-01,6.537720000000000198e+00,6.067299246788024902e-01,4.079071283340454102e-01
-2.970212537502495920e+01,3.194015149232756912e+01,1.569686279296875000e+03,8.000618815422058105e-01,6.537730000000000707e+00,5.373784303665161133e-01,3.423703908920288086e-01
-2.970952510540285374e+01,3.196780316732595395e+01,1.362947998046875000e+03,8.404154181480407715e-01,6.537740000000000329e+00,5.871223211288452148e-01,3.592314124107360840e-01
-2.970724473187354420e+01,3.199294073597011590e+01,1.467165771484375000e+03,7.092029452323913574e-01,6.537750000000000838e+00,5.068607330322265625e-01,3.169644176959991455e-01
-2.970352478281909825e+01,3.201992570409863959e+01,1.199637084960937500e+03,7.454616427421569824e-01,6.537760000000000460e+00,4.713839292526245117e-01,2.766047418117523193e-01
-2.970798706054574723e+01,3.204827061750303585e+01,1.765474243164062500e+03,5.721551775932312012e-01,6.537770000000000969e+00,5.231114029884338379e-01,3.432859182357788086e-01
-2.970653004084795867e+01,3.207319216699474396e+01,1.289169555664062500e+03,5.936390757560729980e-01,6.537780000000000591e+00,4.491823017597198486e-01,2.700434625148773193e-01
-2.970427571106983677e+01,3.209362954416054237e+01,1.349276000976562500e+03,6.165093779563903809e-01,6.537790000000000212e+00,5.674383640289306641e-01,3.461087942123413086e-01
-2.970414189480766254e+01,3.211590868084049077e+01,1.986791137695312500e+03,6.072587370872497559e-01,6.537800000000000722e+00,4.827517867088317871e-01,3.252804875373840332e-01
-2.970932003603665805e+01,3.214833694890468507e+01,1.358914184570312500e+03,6.483251452445983887e-01,6.537810000000000343e+00,4.999179840087890625e-01,3.055965602397918701e-01
-2.971070185305473998e+01,3.217266427267435347e+01,1.241527343750000000e+03,6.976038813591003418e-01,6.537820000000000853e+00,5.414220690727233887e-01,3.214657604694366455e-01
-2.970949114118833023e+01,3.219754031953553408e+01,1.500804443359375000e+03,7.311779856681823730e-01,6.537830000000000474e+00,5.041141510009765625e-01,3.172695934772491455e-01
-2.971273960150205440e+01,3.221266234102753856e+01,1.176200439453125000e+03,6.340665221214294434e-01,6.537840000000000096e+00,5.291386842727661133e-01,3.083431422710418701e-01
-2.971150136960417854e+01,3.224797891665326688e+01,1.187423950195312500e+03,6.960315108299255371e-01,6.537850000000000605e+00,5.083103775978088379e-01,2.972041964530944824e-01
-2.970927907358785092e+01,3.227209449592767498e+01,1.409044311523437500e+03,6.498343348503112793e-01,6.537860000000000227e+00,4.358308315277099609e-01,2.693567872047424316e-01
-2.971115873666861873e+01,3.229211591091934963e+01,1.296158691406250000e+03,6.224591135978698730e-01,6.537870000000000736e+00,4.762667715549468994e-01,2.868281900882720947e-01
-2.971097980288386964e+01,3.231365088327108026e+01,1.059440185546875000e+03,5.325288176536560059e-01,6.537880000000000358e+00,4.386537075042724609e-01,2.457818835973739624e-01
-2.970781984900267503e+01,3.234702550621570083e+01,9.458310546875000000e+02,5.335087180137634277e-01,6.537890000000000867e+00,4.494112133979797363e-01,2.401361018419265747e-01
-2.971610896909246335e+01,3.236796443908492193e+01,1.508110961914062500e+03,4.187316000461578369e-01,6.537900000000000489e+00,3.979888856410980225e-01,2.508172988891601562e-01
-2.971290896517878721e+01,3.238788835868460581e+01,1.289660278320312500e+03,4.398519098758697510e-01,6.537910000000000110e+00,4.831332564353942871e-01,2.904902994632720947e-01
-2.971377316891512876e+01,3.241258684113059729e+01,1.794557373046875000e+03,4.424864351749420166e-01,6.537920000000000620e+00,4.715365171432495117e-01,3.106319904327392578e-01
-2.971147070058608364e+01,3.244596146708943962e+01,1.393922607421875000e+03,5.224770903587341309e-01,6.537930000000000241e+00,4.689425230026245117e-01,2.888881266117095947e-01
-2.971177877094270769e+01,3.246370028883749370e+01,1.214396484375000000e+03,5.935901999473571777e-01,6.537940000000000751e+00,5.056400299072265625e-01,2.979671359062194824e-01
-2.970842223582388186e+01,3.248403913080866090e+01,1.377749511718750000e+03,6.107336878776550293e-01,6.537950000000000372e+00,4.058471918106079102e-01,2.491388320922851562e-01
-2.970754632408055329e+01,3.250947444035076472e+01,1.468561645507812500e+03,4.612893164157867432e-01,6.537960000000000882e+00,4.143921434879302979e-01,2.592096626758575439e-01
-2.971142296661400195e+01,3.253798833480039576e+01,1.144232788085937500e+03,4.383927881717681885e-01,6.537970000000000503e+00,5.112858414649963379e-01,2.949916720390319824e-01
-2.971023802512427991e+01,3.256532659804952345e+01,9.263748779296875000e+02,4.289609491825103760e-01,6.537980000000000125e+00,4.198853373527526855e-01,2.222832590341567993e-01
-2.971208641662395067e+01,3.258389191120351569e+01,1.119760375976562500e+03,5.699939131736755371e-01,6.537990000000000634e+00,3.782286643981933594e-01,2.164848893880844116e-01
-2.971327048313728625e+01,3.261292763801684913e+01,1.500151733398437500e+03,3.703528940677642822e-01,6.538000000000000256e+00,4.663485288619995117e-01,2.934657931327819824e-01
-2.970599615036566377e+01,3.264027182868632337e+01,1.046892456054687500e+03,4.656178057193756104e-01,6.538010000000000765e+00,4.105011522769927979e-01,2.289208620786666870e-01
-2.971144157835116673e+01,3.266908561226860286e+01,1.652558105468750000e+03,4.718071520328521729e-01,6.538020000000000387e+00,5.086155533790588379e-01,3.284085392951965332e-01
-2.970953740471035331e+01,3.269035222972949128e+01,1.104145141601562500e+03,4.332799017429351807e-01,6.538030000000000896e+00,3.952423036098480225e-01,2.250298559665679932e-01
-2.971068623416682897e+01,3.271078376711370339e+01,1.142160400390625000e+03,5.296856760978698730e-01,6.538040000000000518e+00,3.778471946716308594e-01,2.178581953048706055e-01
-2.970859215348929894e+01,3.274443487585612900e+01,2.124074218750000000e+03,3.625077307224273682e-01,6.538050000000000139e+00,3.718962669372558594e-01,2.540216743946075439e-01
-2.970607420526156872e+01,3.276508831943879585e+01,1.359435302734375000e+03,4.815072119235992432e-01,6.538060000000000649e+00,4.081360101699829102e-01,2.495203018188476562e-01
-2.970539551260785061e+01,3.278515966156890471e+01,1.537894042968750000e+03,4.529172480106353760e-01,6.538070000000000270e+00,4.935092628002166748e-01,3.126919269561767578e-01
-2.970709354192844387e+01,3.280906316256519517e+01,9.121112670898437500e+02,5.054408907890319824e-01,6.538080000000000780e+00,5.314275026321411133e-01,2.793513536453247070e-01
-2.970809844507293818e+01,3.283948781976555864e+01,1.146937377929687500e+03,5.665583014488220215e-01,6.538090000000000401e+00,5.015964508056640625e-01,2.896510660648345947e-01
-2.970800047135276856e+01,3.286337997006079092e+01,2.454392333984375000e+03,6.059712767601013184e-01,6.538100000000000911e+00,6.702067255973815918e-01,4.700869321823120117e-01
-2.970992947059914968e+01,3.288598477133665199e+01,3.621097900390625000e+03,6.418401598930358887e-01,6.538110000000000532e+00,6.605173349380493164e-01,4.894656836986541748e-01
-2.970035223358670251e+01,3.291751803723155945e+01,1.495784667968750000e+03,1.121044874191284180e+00,6.538120000000000154e+00,6.258034706115722656e-01,3.934875130653381348e-01
-2.970531716424106605e+01,3.294225285692476035e+01,1.988526245117187500e+03,1.156202077865600586e+00,6.538130000000000663e+00,4.780215322971343994e-01,3.221524059772491455e-01
-2.970208306929211162e+01,3.296688265437331467e+01,1.278271850585937500e+03,9.064192175865173340e-01,6.538140000000000285e+00,6.126808524131774902e-01,3.673186004161834717e-01
-2.970718248391401417e+01,3.299055487313857071e+01,2.644721435546875000e+03,5.983812212944030762e-01,6.538150000000000794e+00,6.126045584678649902e-01,4.349915981292724609e-01
-2.970395221298284838e+01,3.301417751588506633e+01,1.372116699218750000e+03,1.018278121948242188e+00,6.538160000000000416e+00,5.762122273445129395e-01,3.532804548740386963e-01
-2.971148513680870451e+01,3.303965516744587205e+01,1.351944946289062500e+03,9.235197901725769043e-01,6.538170000000000925e+00,5.084629654884338379e-01,3.103268146514892578e-01
-2.970985463997279652e+01,3.306825429978725595e+01,8.668881225585937500e+02,7.145375609397888184e-01,6.538180000000000547e+00,4.283539950847625732e-01,2.198418378829956055e-01
-2.970018654414866788e+01,3.308775897604048311e+01,1.342202514648437500e+03,5.589968562126159668e-01,6.538190000000000168e+00,5.607244968414306641e-01,3.414548635482788086e-01
-2.970740893957692563e+01,3.311635345118148166e+01,1.964239257812500000e+03,5.166215300559997559e-01,6.538200000000000678e+00,4.130951464176177979e-01,2.776728868484497070e-01
-2.970719418393190381e+01,3.314258710130657448e+01,1.312305664062500000e+03,6.179041266441345215e-01,6.538210000000000299e+00,4.339997768402099609e-01,2.624140381813049316e-01
-2.970131871159793135e+01,3.316026569760666831e+01,1.304575683593750000e+03,5.808050036430358887e-01,6.538220000000000809e+00,4.535310864448547363e-01,2.737055718898773193e-01
-2.970205038742988890e+01,3.318007700863885390e+01,1.969936035156250000e+03,5.357450842857360840e-01,6.538230000000000430e+00,5.601904392242431641e-01,3.767790794372558594e-01
-2.970408216864456108e+01,3.321241126590891923e+01,2.171313964843750000e+03,6.058544516563415527e-01,6.538240000000000940e+00,4.720705747604370117e-01,3.238308727741241455e-01
-2.970630870149147640e+01,3.323439446365993888e+01,1.112409667968750000e+03,7.168979048728942871e-01,6.538250000000000561e+00,5.153294205665588379e-01,2.942287325859069824e-01
-2.970578327848540923e+01,3.325520910323923829e+01,1.238365600585937500e+03,5.928487181663513184e-01,6.538260000000000183e+00,5.321141481399536133e-01,3.156673908233642578e-01
-2.970855869602508648e+01,3.328535288570925132e+01,1.958572631835937500e+03,7.020742297172546387e-01,6.538270000000000692e+00,4.916019141674041748e-01,3.302395939826965332e-01
-2.970732625414400729e+01,3.331202225540732798e+01,1.891546630859375000e+03,6.317753195762634277e-01,6.538280000000000314e+00,4.790896475315093994e-01,3.194058239459991455e-01
-2.970357989629302153e+01,3.334230901726059670e+01,1.418930908203125000e+03,6.805056929588317871e-01,6.538290000000000823e+00,4.132477343082427979e-01,2.559290230274200439e-01
-2.970552437208310792e+01,3.336225868351063895e+01,1.088527954101562500e+03,5.851716399192810059e-01,6.538300000000000445e+00,5.006046295166015625e-01,2.834712266921997070e-01
-2.970678908099233340e+01,3.339541934721042793e+01,1.655279907226562500e+03,5.221993327140808105e-01,6.538310000000000954e+00,4.452150166034698486e-01,2.875911295413970947e-01
-2.970620812899945662e+01,3.342143289284546626e+01,1.913912109375000000e+03,5.451590418815612793e-01,6.538320000000000576e+00,4.569643139839172363e-01,3.054439723491668701e-01
-2.970525462463341881e+01,3.344311054306373876e+01,1.547785034179687500e+03,5.220336318016052246e-01,6.538330000000000197e+00,4.619997441768646240e-01,2.932369112968444824e-01
-2.970725380524587678e+01,3.346860686779633909e+01,1.016912353515625000e+03,5.059105753898620605e-01,6.538340000000000707e+00,4.726809561252593994e-01,2.605066597461700439e-01
-2.970556944473522520e+01,3.348337504701498091e+01,1.568986083984375000e+03,5.756134390830993652e-01,6.538350000000000328e+00,4.536073803901672363e-01,2.889644205570220947e-01
-2.970622272876206438e+01,3.351955971797864464e+01,1.525407592773437500e+03,4.364568293094635010e-01,6.538360000000000838e+00,5.345555543899536133e-01,3.379453122615814209e-01
-2.970592608290759529e+01,3.354519966708139833e+01,1.465144409179687500e+03,6.030661463737487793e-01,6.538370000000000459e+00,5.142613053321838379e-01,3.214657604694366455e-01
-2.970870208445270677e+01,3.356127687168830676e+01,1.072815429687500000e+03,6.955689787864685059e-01,6.538380000000000969e+00,4.587191045284271240e-01,2.582941353321075439e-01
-2.970183956580543949e+01,3.358548878925882519e+01,1.742096191406250000e+03,5.829412341117858887e-01,6.538390000000000590e+00,4.725283384323120117e-01,3.091061115264892578e-01
-2.970602777490041646e+01,3.361598580777752687e+01,1.587577392578125000e+03,5.046719908714294434e-01,6.538400000000000212e+00,5.176182389259338379e-01,3.307736515998840332e-01
-2.971064712377772565e+01,3.363655700077222122e+01,1.524992553710937500e+03,5.879802107810974121e-01,6.538410000000000721e+00,4.874057173728942871e-01,3.081142604351043701e-01
-2.970408385591649747e+01,3.365978251589417880e+01,1.698804321289062500e+03,6.517881751060485840e-01,6.538420000000000343e+00,4.182831645011901855e-01,2.719508111476898193e-01
-2.970801891239437253e+01,3.369094482031167814e+01,1.702896850585937500e+03,5.663127303123474121e-01,6.538430000000000852e+00,4.866427779197692871e-01,3.165829479694366455e-01
-2.970467957890500443e+01,3.371980520095814171e+01,1.412574462890625000e+03,4.871946871280670166e-01,6.538440000000000474e+00,4.753512442111968994e-01,2.939998507499694824e-01
-2.970330256929342028e+01,3.373815892619498413e+01,1.898307006835937500e+03,6.848341822624206543e-01,6.538450000000000095e+00,4.835147261619567871e-01,3.226101696491241455e-01
-2.970053436061852636e+01,3.376795168939887049e+01,1.550286132812500000e+03,6.181866526603698730e-01,6.538460000000000605e+00,4.845065474510192871e-01,3.076564967632293701e-01
-2.970261093679939535e+01,3.379264510368727059e+01,9.252517700195312500e+02,6.053251624107360840e-01,6.538470000000000226e+00,4.463594257831573486e-01,2.361688017845153809e-01
-2.970753712141675251e+01,3.381929140124658772e+01,9.359476318359375000e+02,5.859345793724060059e-01,6.538480000000000736e+00,4.522340893745422363e-01,2.405175864696502686e-01
-2.970334493561044908e+01,3.383982047470043852e+01,2.191224853515625000e+03,3.670257627964019775e-01,6.538490000000000357e+00,4.282777011394500732e-01,2.943050265312194824e-01
-2.970509809444418181e+01,3.386035068387645453e+01,1.090937255859375000e+03,5.662721991539001465e-01,6.538500000000000867e+00,5.101414322853088379e-01,2.891170084476470947e-01
-2.970317469770596475e+01,3.389172452483759912e+01,1.190314453125000000e+03,4.673403799533843994e-01,6.538510000000000488e+00,4.739779531955718994e-01,2.773677110671997070e-01
-2.970365630273873947e+01,3.391121511136019251e+01,1.456703979492187500e+03,5.654150843620300293e-01,6.538520000000000110e+00,4.450624287128448486e-01,2.777491807937622070e-01
-2.970480149858246222e+01,3.393407039195157893e+01,1.308374877929687500e+03,4.695457518100738525e-01,6.538530000000000619e+00,5.071659088134765625e-01,3.063594996929168701e-01
-2.970537079175274187e+01,3.395738285991627237e+01,1.169441528320312500e+03,6.360525488853454590e-01,6.538540000000000241e+00,3.717436790466308594e-01,2.161797136068344116e-01
-2.970708596706505134e+01,3.398150327447402930e+01,8.931411132812500000e+02,5.356306433677673340e-01,6.538550000000000750e+00,4.016509950160980225e-01,2.090843617916107178e-01
-2.970453623042216407e+01,3.401147236883673486e+01,1.015977600097656250e+03,2.931124269962310791e-01,6.538560000000000372e+00,3.764739036560058594e-01,2.074058800935745239e-01
-2.970529470895116120e+01,3.403767517512748952e+01,1.316284790039062500e+03,4.076117575168609619e-01,6.538570000000000881e+00,3.884521126747131348e-01,2.351006865501403809e-01
-2.970509249166077481e+01,3.405437782914641787e+01,1.798340820312500000e+03,3.113466799259185791e-01,6.538580000000000503e+00,4.346101284027099609e-01,2.864467203617095947e-01
-2.969863021795962865e+01,3.408226560756662593e+01,2.175759765625000000e+03,3.768056929111480713e-01,6.538590000000000124e+00,4.291932284832000732e-01,2.945339083671569824e-01
-2.969971132601884989e+01,3.410691733620218002e+01,2.872107910156250000e+03,4.948062002658843994e-01,6.538600000000000634e+00,3.519071638584136963e-01,2.530298233032226562e-01
-2.969939254576515353e+01,3.413675933397923501e+01,2.102735839843750000e+03,4.929489195346832275e-01,6.538610000000000255e+00,4.378907680511474609e-01,2.985011935234069824e-01
-2.969688990639049564e+01,3.416108344652978701e+01,1.831186279296875000e+03,4.578250944614410400e-01,6.538620000000000765e+00,4.300324618816375732e-01,2.846156358718872070e-01
-2.970314433617461347e+01,3.418799434763797507e+01,1.737516601562500000e+03,5.913526415824890137e-01,6.538630000000000386e+00,4.259125888347625732e-01,2.784358263015747070e-01
-2.969604711260766550e+01,3.421062344652286669e+01,1.439340209960937500e+03,4.771060049533843994e-01,6.538640000000000896e+00,5.690405368804931641e-01,3.538908064365386963e-01
-2.969724177759093564e+01,3.423550759099620677e+01,1.397669189453125000e+03,5.022270083427429199e-01,6.538650000000000517e+00,5.674383640289306641e-01,3.498472273349761963e-01
-2.969812907527174417e+01,3.425270957048100229e+01,1.550874267578125000e+03,7.579833865165710449e-01,6.538660000000000139e+00,5.297490358352661133e-01,3.364194333553314209e-01
-2.969032213070863691e+01,3.428107434286611266e+01,1.136929809570312500e+03,7.258588671684265137e-01,6.538670000000000648e+00,5.335637331008911133e-01,3.071224391460418701e-01
-2.968853099979413557e+01,3.431465500054386553e+01,1.273669921875000000e+03,6.593841910362243652e-01,6.538680000000000270e+00,4.904575049877166748e-01,2.936946749687194824e-01
-2.969275487314232365e+01,3.433033529419552110e+01,1.180629272460937500e+03,6.330222487449645996e-01,6.538690000000000779e+00,5.365391969680786133e-01,3.130733966827392578e-01
-2.970001846164007375e+01,3.434740740841708373e+01,1.199869384765625000e+03,5.945104956626892090e-01,6.538700000000000401e+00,4.751223623752593994e-01,2.788172960281372070e-01
-2.969196204003863571e+01,3.437111197512799521e+01,1.598103515625000000e+03,5.456728339195251465e-01,6.538710000000000910e+00,5.728552937507629395e-01,3.667082488536834717e-01
-2.969103488598228680e+01,3.440288887921671090e+01,1.248702392578125000e+03,5.683726668357849121e-01,6.538720000000000532e+00,5.320378541946411133e-01,3.165066540241241455e-01
-2.969103124191136445e+01,3.443042843806167497e+01,1.628885498046875000e+03,6.969911456108093262e-01,6.538730000000000153e+00,5.614874362945556641e-01,3.612150549888610840e-01
-2.969012904174192968e+01,3.445183432753852770e+01,1.144923339843750000e+03,6.842905879020690918e-01,6.538740000000000663e+00,5.614111423492431641e-01,3.239834606647491455e-01
-2.969548541588351398e+01,3.447706564292970910e+01,2.147563476562500000e+03,7.548696398735046387e-01,6.538750000000000284e+00,4.822177290916442871e-01,3.300870060920715332e-01
-2.969631954808133756e+01,3.450633687568065255e+01,1.564209716796875000e+03,6.711048483848571777e-01,6.538760000000000794e+00,4.955691993236541748e-01,3.154385089874267578e-01
-2.969773554502647173e+01,3.452421741012858547e+01,1.203425415039062500e+03,6.357187628746032715e-01,6.538770000000000415e+00,4.530733227729797363e-01,2.661524415016174316e-01
-2.969778147010426039e+01,3.454808196370065332e+01,2.218094238281250000e+03,6.708640456199645996e-01,6.538780000000000925e+00,4.169861376285552979e-01,2.872096598148345947e-01
-2.969149953440464174e+01,3.457860508998517446e+01,1.342180908203125000e+03,5.421347022056579590e-01,6.538790000000000546e+00,4.500978589057922363e-01,2.740870416164398193e-01
-2.969696616666053401e+01,3.460005131737108286e+01,1.611706176757812500e+03,5.486077666282653809e-01,6.538800000000000168e+00,5.768225789070129395e-01,3.700651824474334717e-01
-2.969613864900070865e+01,3.462139882317278960e+01,1.834036132812500000e+03,5.931479334831237793e-01,6.538810000000000677e+00,5.852149128913879395e-01,3.874602913856506348e-01
-2.969774388157100020e+01,3.464626859220509658e+01,1.526959472656250000e+03,7.487911581993103027e-01,6.538820000000000299e+00,4.312531650066375732e-01,2.727137506008148193e-01
-2.969788826827459260e+01,3.467712737098740661e+01,1.315165649414062500e+03,7.887179255485534668e-01,6.538830000000000808e+00,5.005283355712890625e-01,3.028499782085418701e-01
-2.969683959250194860e+01,3.469214616386561545e+01,1.954625488281250000e+03,4.811519682407379150e-01,6.538840000000000430e+00,5.106754899024963379e-01,3.429044485092163086e-01
-2.969949111480012860e+01,3.471717303272212263e+01,1.313006103515625000e+03,7.024664282798767090e-01,6.538850000000000939e+00,3.731169700622558594e-01,2.256402075290679932e-01
-2.969201445667528816e+01,3.474163187017033039e+01,1.197613037109375000e+03,6.473082900047302246e-01,6.538860000000000561e+00,4.604738652706146240e-01,2.700434625148773193e-01
-2.969822805960190237e+01,3.476662109647623566e+01,9.987354125976562500e+02,4.319030344486236572e-01,6.538870000000000182e+00,5.278416872024536133e-01,2.887355387210845947e-01
-2.969937326395383081e+01,3.479327523799255317e+01,1.061068481445312500e+03,6.367225050926208496e-01,6.538880000000000692e+00,4.393403530120849609e-01,2.463159412145614624e-01
-2.969805240492650000e+01,3.481366947205145124e+01,1.117636474609375000e+03,6.045967936515808105e-01,6.538890000000000313e+00,5.038852691650390625e-01,2.882014811038970947e-01
-2.970187884490010077e+01,3.483780314523998811e+01,1.417700439453125000e+03,4.264325201511383057e-01,6.538900000000000823e+00,4.835910201072692871e-01,2.994167208671569824e-01
-2.970220744450643835e+01,3.486728605003492731e+01,1.038641357421875000e+03,7.187253832817077637e-01,6.538910000000000444e+00,4.269044101238250732e-01,2.373132258653640747e-01
-2.970054377709491433e+01,3.489589155817694888e+01,1.115910522460937500e+03,5.212790369987487793e-01,6.538920000000000954e+00,4.662722349166870117e-01,2.665339112281799316e-01
-2.969631571669408032e+01,3.491935643644538345e+01,2.246999023437500000e+03,4.627055227756500244e-01,6.538930000000000575e+00,4.421632587909698486e-01,3.052913844585418701e-01
-2.969753439236538384e+01,3.494131070399842542e+01,1.520739257812500000e+03,5.163306593894958496e-01,6.538940000000000197e+00,5.286046266555786133e-01,3.339017331600189209e-01
-2.969572963250217157e+01,3.497087052833018106e+01,1.633110351562500000e+03,5.587202906608581543e-01,6.538950000000000706e+00,4.199616312980651855e-01,2.703486382961273193e-01
-2.969266579240209936e+01,3.498716724721364102e+01,9.386580200195312500e+02,6.410927176475524902e-01,6.538960000000000328e+00,4.719942808151245117e-01,2.513513565063476562e-01
-2.969764572750705511e+01,3.501284167168621764e+01,1.079444702148437500e+03,4.253393709659576416e-01,6.538970000000000837e+00,4.958743751049041748e-01,2.798854112625122070e-01
-2.970025136543322475e+01,3.504245542763111843e+01,9.087598876953125000e+02,5.329710841178894043e-01,6.538980000000000459e+00,4.750460684299468994e-01,2.492914199829101562e-01
-2.969646525479369359e+01,3.506398991254308584e+01,1.281358764648437500e+03,5.486184954643249512e-01,6.538990000000000968e+00,4.251496195793151855e-01,2.550897896289825439e-01
-2.969423511132671223e+01,3.509077715220993099e+01,1.206616210937500000e+03,4.794365465641021729e-01,6.539000000000000590e+00,4.632967412471771240e-01,2.724085748195648193e-01
-2.969610315594833949e+01,3.510913034679466449e+01,1.157564086914062500e+03,5.396909117698669434e-01,6.539010000000000211e+00,4.110352098941802979e-01,2.381524592638015747e-01
-2.969041924832945156e+01,3.513361286035276265e+01,1.370881713867187500e+03,4.221087992191314697e-01,6.539020000000000721e+00,4.044739007949829102e-01,2.479181140661239624e-01
-2.969169357121331387e+01,3.515756560309218770e+01,1.357294311523437500e+03,4.629952013492584229e-01,6.539030000000000342e+00,4.494112133979797363e-01,2.746210992336273193e-01
-2.968963183146883011e+01,3.518976265043059470e+01,1.135979370117187500e+03,4.306775629520416260e-01,6.539040000000000852e+00,4.427736103534698486e-01,2.547846138477325439e-01
-2.968804314052746207e+01,3.520922259327708304e+01,1.434286865234375000e+03,5.010694861412048340e-01,6.539050000000000473e+00,5.408880114555358887e-01,3.360379636287689209e-01
-2.968827573104385564e+01,3.524147632873442859e+01,1.575131958007812500e+03,5.211622118949890137e-01,6.539060000000000095e+00,5.553076267242431641e-01,3.541196882724761963e-01
-2.969323452366499794e+01,3.526388890965767331e+01,1.209833007812500000e+03,7.213384509086608887e-01,6.539070000000000604e+00,4.785555899143218994e-01,2.816401720046997070e-01
-2.968776979384911741e+01,3.528855507573695860e+01,1.187049682617187500e+03,7.291669249534606934e-01,6.539080000000000226e+00,4.108826220035552979e-01,2.402123957872390747e-01
-2.968881322770464237e+01,3.530489846325587422e+01,1.304073486328125000e+03,5.422777533531188965e-01,6.539090000000000735e+00,4.143921434879302979e-01,2.500543594360351562e-01
-2.968259062764009570e+01,3.533251428450402187e+01,1.376723999023437500e+03,4.657954275608062744e-01,6.539100000000000357e+00,4.499452710151672363e-01,2.761469781398773193e-01
-2.968133231261723992e+01,3.536373593867845955e+01,1.056611694335937500e+03,4.583496153354644775e-01,6.539110000000000866e+00,4.909152686595916748e-01,2.747736871242523193e-01
-2.968279587146594878e+01,3.538533773112775549e+01,1.205047729492187500e+03,5.366296172142028809e-01,6.539120000000000488e+00,4.855746626853942871e-01,2.853786051273345947e-01
-2.968261539860516507e+01,3.540623162789584910e+01,9.359913330078125000e+02,5.319411158561706543e-01,6.539130000000000109e+00,4.281251132488250732e-01,2.277001440525054932e-01
-2.968798975396032702e+01,3.543975806933426043e+01,1.224069824218750000e+03,4.953652918338775635e-01,6.539140000000000619e+00,3.636564910411834717e-01,2.148827165365219116e-01
-2.968814724214546885e+01,3.546229281654749599e+01,9.894056396484375000e+02,3.448516428470611572e-01,6.539150000000000240e+00,4.443757832050323486e-01,2.421197593212127686e-01
-2.968061428083649744e+01,3.548028307015953686e+01,2.063030761718750000e+03,3.866464197635650635e-01,6.539160000000000750e+00,4.704684019088745117e-01,3.194821178913116455e-01
-2.968126332269300249e+01,3.549876864610821769e+01,1.563812744140625000e+03,5.812961459159851074e-01,6.539170000000000371e+00,4.384248256683349609e-01,2.790461778640747070e-01
-2.968443542033978844e+01,3.552765846428998486e+01,1.359378417968750000e+03,5.210620760917663574e-01,6.539180000000000881e+00,5.414220690727233887e-01,3.310025334358215332e-01
-2.967827239313771770e+01,3.555753123578421793e+01,1.915516845703125000e+03,5.934912562370300293e-01,6.539190000000000502e+00,5.220432877540588379e-01,3.490079939365386963e-01
-2.968681160439004074e+01,3.557539213689819491e+01,1.685741821289062500e+03,6.614882349967956543e-01,6.539200000000000124e+00,5.982612371444702148e-01,3.882232308387756348e-01
-2.968719637180129922e+01,3.560103818562593148e+01,1.442938964843750000e+03,7.436591982841491699e-01,6.539210000000000633e+00,4.640596807003021240e-01,2.888118326663970947e-01
-2.968385563686936024e+01,3.562643304946934819e+01,1.106315551757812500e+03,6.448120474815368652e-01,6.539220000000000255e+00,4.699343442916870117e-01,2.677546143531799316e-01
-2.968019372838351444e+01,3.565520136466014378e+01,1.238182861328125000e+03,5.079514384269714355e-01,6.539230000000000764e+00,4.422395527362823486e-01,2.623377442359924316e-01
-2.968313243241612653e+01,3.567368083579530236e+01,1.707342651367187500e+03,5.292767882347106934e-01,6.539240000000000386e+00,4.979343414306640625e-01,3.241360485553741455e-01
-2.968332002069525188e+01,3.569916166897085219e+01,1.761212158203125000e+03,6.122786402702331543e-01,6.539250000000000895e+00,4.272095859050750732e-01,2.801905870437622070e-01
-2.968572048256779539e+01,3.572952714725497714e+01,1.715334594726562500e+03,6.057519316673278809e-01,6.539260000000000517e+00,3.612150549888610840e-01,2.354058623313903809e-01
-2.968628352666757664e+01,3.575437506146371192e+01,9.270964965820312500e+02,4.438406527042388916e-01,6.539270000000000138e+00,4.082123041152954102e-01,2.161797136068344116e-01
-2.968789027267007441e+01,3.577022523582378000e+01,1.515018066406250000e+03,3.709024488925933838e-01,6.539280000000000648e+00,4.339997768402099609e-01,2.738581597805023193e-01
-2.968113977619013966e+01,3.580028769866367355e+01,1.167359497070312500e+03,3.974002897739410400e-01,6.539290000000000269e+00,5.304356813430786133e-01,3.082668483257293701e-01
-2.968614794552022929e+01,3.582094837464583037e+01,1.763219482421875000e+03,4.670256674289703369e-01,6.539300000000000779e+00,5.157108902931213379e-01,3.383267819881439209e-01
-2.969091645439491955e+01,3.584611413056114770e+01,1.466984130859375000e+03,6.161243319511413574e-01,6.539310000000000400e+00,4.825991988182067871e-01,3.017818629741668701e-01
-2.968451363755285399e+01,3.586653193177116350e+01,2.025726928710937500e+03,5.502826571464538574e-01,6.539320000000000910e+00,4.726809561252593994e-01,3.197872936725616455e-01
-2.968380249066191112e+01,3.589098934159695631e+01,1.455536376953125000e+03,5.647010207176208496e-01,6.539330000000000531e+00,5.185337662696838379e-01,3.235256969928741455e-01
-2.968465013371935868e+01,3.592216229378551873e+01,1.658247070312500000e+03,6.395692229270935059e-01,6.539340000000000153e+00,5.176182389259338379e-01,3.345120847225189209e-01
-2.968036252688590793e+01,3.594950655225553504e+01,1.347262573242187500e+03,6.006545424461364746e-01,6.539350000000000662e+00,5.208988785743713379e-01,3.175747692584991455e-01
-2.968072690261245938e+01,3.597209419191402446e+01,1.112933959960937500e+03,6.736690402030944824e-01,6.539360000000000284e+00,5.092259049415588379e-01,2.907954752445220947e-01
-2.969131045349714526e+01,3.599545833963099284e+01,1.153739868164062500e+03,5.916077494621276855e-01,6.539370000000000793e+00,4.757327139377593994e-01,2.753077447414398193e-01
-2.968439653757699759e+01,3.602040744274298589e+01,1.204230346679687500e+03,5.602080225944519043e-01,6.539380000000000415e+00,4.924411475658416748e-01,2.893458902835845947e-01
-2.968790654031576182e+01,3.604051928100035695e+01,2.180677001953125000e+03,5.824560523033142090e-01,6.539390000000000924e+00,5.033512115478515625e-01,3.455747365951538086e-01
-2.968406206862175267e+01,3.606286644693989984e+01,3.342306396484375000e+03,5.804795622825622559e-01,6.539400000000000546e+00,5.534002184867858887e-01,4.061523675918579102e-01
-2.968879179755438003e+01,3.609305535713067314e+01,1.646681152343750000e+03,6.703121066093444824e-01,6.539410000000000167e+00,5.266972780227661133e-01,3.397763669490814209e-01
-2.968999704886187629e+01,3.612088736647609011e+01,1.650313842773437500e+03,7.561845183372497559e-01,6.539420000000000677e+00,5.164738297462463379e-01,3.333676755428314209e-01
-2.968483167239954312e+01,3.614641719172306722e+01,1.667318969726562500e+03,6.585187315940856934e-01,6.539430000000000298e+00,5.463811755180358887e-01,3.535856306552886963e-01
-2.968883349569206231e+01,3.616719947958347348e+01,1.375680297851562500e+03,6.938809752464294434e-01,6.539440000000000808e+00,6.993511319160461426e-01,4.291169345378875732e-01
-2.968528834694659935e+01,3.619644606323878833e+01,2.920656250000000000e+03,7.838601469993591309e-01,6.539450000000000429e+00,5.379887819290161133e-01,3.877654671669006348e-01
-2.968292302523378723e+01,3.622077343354057177e+01,1.848807250976562500e+03,8.555383086204528809e-01,6.539460000000000939e+00,5.385991334915161133e-01,3.572477698326110840e-01
-2.969172360741808347e+01,3.624007447356240164e+01,1.344873657226562500e+03,7.610220313072204590e-01,6.539470000000000560e+00,4.677218198776245117e-01,2.849971055984497070e-01
-2.968551321411460009e+01,3.626780926254392767e+01,1.293960449218750000e+03,7.477003931999206543e-01,6.539480000000000182e+00,4.149262011051177979e-01,2.497491836547851562e-01
-2.968267384608603265e+01,3.629626757360422573e+01,2.171805664062500000e+03,4.490274488925933838e-01,6.539490000000000691e+00,4.463594257831573486e-01,3.062069118022918701e-01
-2.968807106646387695e+01,3.632655130660437948e+01,1.579918457031250000e+03,4.553646147251129150e-01,6.539500000000000313e+00,4.536073803901672363e-01,2.894984781742095947e-01
-2.968214972408223318e+01,3.634659999437739941e+01,1.513569580078125000e+03,5.285198092460632324e-01,6.539510000000000822e+00,4.610842168331146240e-01,2.908717691898345947e-01
-2.967953834116845613e+01,3.636739802567781510e+01,1.301666259765625000e+03,5.065900683403015137e-01,6.539520000000000444e+00,4.528444409370422363e-01,2.730952203273773193e-01
-2.968744205431958605e+01,3.639529864747208165e+01,9.853822021484375000e+02,4.977685511112213135e-01,6.539530000000000953e+00,3.757109642028808594e-01,2.043541073799133301e-01
-2.967793595949042285e+01,3.641804781815255865e+01,8.825538940429687500e+02,4.371768534183502197e-01,6.539540000000000575e+00,3.535093367099761963e-01,1.829917281866073608e-01
-2.968096954685619693e+01,3.644538912157841537e+01,1.981861206054687500e+03,2.894109785556793213e-01,6.539550000000000196e+00,4.404084682464599609e-01,2.965938448905944824e-01
-2.967793971539750331e+01,3.646444552903507486e+01,1.306840942382812500e+03,3.180200159549713135e-01,6.539560000000000706e+00,4.575746953487396240e-01,2.762995660305023193e-01
-2.967741537839907551e+01,3.649038129995902580e+01,2.726197021484375000e+03,5.237669348716735840e-01,6.539570000000000327e+00,4.363648891448974609e-01,3.113186359405517578e-01
-2.968187297337744113e+01,3.652327400018948111e+01,1.486797607421875000e+03,4.826242029666900635e-01,6.539580000000000837e+00,4.031006097793579102e-01,2.530298233032226562e-01
-2.967345716293257851e+01,3.653810083357579686e+01,1.079669189453125000e+03,5.627543330192565918e-01,6.539590000000000458e+00,4.191986918449401855e-01,2.366265803575515747e-01
-2.968230065942337248e+01,3.656172762309488178e+01,1.154776977539062500e+03,4.100162088871002197e-01,6.539600000000000968e+00,5.002231597900390625e-01,2.895747721195220947e-01
-2.967540678517473296e+01,3.659181845910735120e+01,1.392302734375000000e+03,4.939979612827301025e-01,6.539610000000000589e+00,4.184357523918151855e-01,2.576837837696075439e-01
-2.967667928476689454e+01,3.662609737601357551e+01,9.241398925781250000e+02,5.284983515739440918e-01,6.539620000000000211e+00,4.415529072284698486e-01,2.334985136985778809e-01
-2.967445223555158051e+01,3.664052509588476170e+01,1.252386352539062500e+03,4.549235403537750244e-01,6.539630000000000720e+00,4.356782436370849609e-01,2.594385445117950439e-01
-2.968173503077148112e+01,3.666203574729107828e+01,1.403439453125000000e+03,4.526645243167877197e-01,6.539640000000000342e+00,4.463594257831573486e-01,2.755366265773773193e-01
-2.967550932645142581e+01,3.669225772767905625e+01,1.563456298828125000e+03,4.615634977817535400e-01,6.539650000000000851e+00,4.824466109275817871e-01,3.070461452007293701e-01
-2.967261171549829513e+01,3.671205645270869411e+01,1.116263671875000000e+03,5.300647616386413574e-01,6.539660000000000473e+00,5.520269274711608887e-01,3.155910968780517578e-01
-2.966906768524774662e+01,3.673806855676475891e+01,1.753985961914062500e+03,6.768972277641296387e-01,6.539670000000000094e+00,3.854766190052032471e-01,2.525720596313476562e-01
-2.967710455707934258e+01,3.676002869490589831e+01,1.220805053710937500e+03,5.679828524589538574e-01,6.539680000000000604e+00,5.283757448196411133e-01,3.119289875030517578e-01
-2.967381840696042161e+01,3.679056474553982525e+01,1.413619995117187500e+03,4.423779547214508057e-01,6.539690000000000225e+00,6.021522879600524902e-01,3.725066184997558594e-01
-2.967451941393193593e+01,3.681494726545210483e+01,1.780656982421875000e+03,7.125038504600524902e-01,6.539700000000000735e+00,5.603430271148681641e-01,3.684630095958709717e-01
-2.968264409757675537e+01,3.683437017121576673e+01,1.087350219726562500e+03,6.828171610832214355e-01,6.539710000000000356e+00,5.896400213241577148e-01,3.337491452693939209e-01
-2.967907422295914444e+01,3.686703692952828249e+01,1.892623535156250000e+03,7.318038344383239746e-01,6.539720000000000866e+00,5.756018757820129395e-01,3.837981522083282471e-01
-2.967971269632471731e+01,3.688754788163485188e+01,1.586183471679687500e+03,7.757324576377868652e-01,6.539730000000000487e+00,4.681795835494995117e-01,2.991115450859069824e-01
-2.967809567020773187e+01,3.691162132173342059e+01,1.568295532226562500e+03,7.486254572868347168e-01,6.539740000000000109e+00,4.755801260471343994e-01,3.029262721538543701e-01
-2.967755563852383816e+01,3.693659054364648853e+01,1.216871215820312500e+03,5.509192347526550293e-01,6.539750000000000618e+00,4.977817535400390625e-01,2.935420870780944824e-01
-2.968133250976897131e+01,3.695654777719619233e+01,2.245033203125000000e+03,5.532569289207458496e-01,6.539760000000000240e+00,4.496400952339172363e-01,3.104031085968017578e-01
-2.967903570674470615e+01,3.698485029640378485e+01,9.266190795898437500e+02,5.859989523887634277e-01,6.539770000000000749e+00,4.306428134441375732e-01,2.280053198337554932e-01
-2.967606204015664062e+01,3.700953914818102675e+01,1.557969970703125000e+03,5.439943671226501465e-01,6.539780000000000371e+00,4.466646015644073486e-01,2.840052843093872070e-01
-2.967445583928554953e+01,3.703354679259575022e+01,1.433294555664062500e+03,4.269534647464752197e-01,6.539790000000000880e+00,5.282231569290161133e-01,3.281033635139465332e-01
-2.967544030088251006e+01,3.706167423935808358e+01,2.102482177734375000e+03,5.995840430259704590e-01,6.539800000000000502e+00,4.587191045284271240e-01,3.126919269561767578e-01
-2.967958682754817090e+01,3.708820559505309689e+01,1.111555908203125000e+03,6.327957510948181152e-01,6.539810000000000123e+00,4.847354292869567871e-01,2.766810357570648193e-01
-2.967845558539363537e+01,3.710923390516617104e+01,1.325045532226562500e+03,5.654222369194030762e-01,6.539820000000000633e+00,5.095310807228088379e-01,3.090298175811767578e-01
-2.967930828236656993e+01,3.712760939410640759e+01,1.368557739257812500e+03,5.696851611137390137e-01,6.539830000000000254e+00,4.811496138572692871e-01,2.947627902030944824e-01
-2.968022055283663718e+01,3.716069614130903176e+01,1.091532104492187500e+03,5.531317591667175293e-01,6.539840000000000764e+00,4.065338373184204102e-01,2.304467409849166870e-01
-2.967805467884135240e+01,3.719001579223431264e+01,1.924755981445312500e+03,4.708940088748931885e-01,6.539850000000000385e+00,4.193512797355651855e-01,2.806483507156372070e-01
-2.967103449092629219e+01,3.721603624265986809e+01,1.371202758789062500e+03,4.384309351444244385e-01,6.539860000000000895e+00,4.900760352611541748e-01,3.004085421562194824e-01
-2.967922921325347119e+01,3.723401693118827183e+01,9.783649902343750000e+02,4.826039373874664307e-01,6.539870000000000516e+00,4.111877977848052979e-01,2.229699045419692993e-01
-2.967368219265760132e+01,3.726258388979333347e+01,3.062380615234375000e+03,5.154890418052673340e-01,6.539880000000000138e+00,4.531496167182922363e-01,3.287900090217590332e-01
-2.967558241812766084e+01,3.729242984841683040e+01,1.888779174804687500e+03,4.594201147556304932e-01,6.539890000000000647e+00,4.694002866744995117e-01,3.128445148468017578e-01
-2.967374009557985559e+01,3.731382392239535051e+01,1.052569458007812500e+03,6.210476756095886230e-01,6.539900000000000269e+00,4.481141865253448486e-01,2.504358291625976562e-01
-2.968276794663966456e+01,3.733900909817658942e+01,1.196019287109375000e+03,5.608970522880554199e-01,6.539910000000000778e+00,3.973022401332855225e-01,2.328881621360778809e-01
-2.967899215642995259e+01,3.736563824296268876e+01,1.115309204101562500e+03,4.508906900882720947e-01,6.539920000000000400e+00,4.595583379268646240e-01,2.626429200172424316e-01
-2.967767972420737621e+01,3.739377374052838121e+01,1.471206909179687500e+03,4.662376940250396729e-01,6.539930000000000909e+00,4.606264531612396240e-01,2.882777750492095947e-01
-2.967555585901336457e+01,3.741532110508511266e+01,1.532882202148437500e+03,4.500085413455963135e-01,6.539940000000000531e+00,5.079289078712463379e-01,3.215420544147491455e-01
-2.967942663397747793e+01,3.743295970187261901e+01,1.892300537109375000e+03,5.972642302513122559e-01,6.539950000000000152e+00,4.471223652362823486e-01,2.981197237968444824e-01
-2.967453404503163128e+01,3.746334643435561418e+01,2.003477416992187500e+03,5.745012164115905762e-01,6.539960000000000662e+00,4.110352098941802979e-01,2.774440050125122070e-01
-2.967406528959616807e+01,3.749018307897426894e+01,1.660456054687500000e+03,5.431587100028991699e-01,6.539970000000000283e+00,5.408117175102233887e-01,3.496183454990386963e-01
-2.967321456290592252e+01,3.751351928618598208e+01,1.233423461914062500e+03,4.830855429172515869e-01,6.539980000000000793e+00,5.280705690383911133e-01,3.128445148468017578e-01
-2.967014583458357535e+01,3.753751028608444074e+01,1.551540527343750000e+03,8.031517863273620605e-01,6.539990000000000414e+00,5.051822662353515625e-01,3.208554089069366455e-01
-2.967561313759819441e+01,3.756210791451376707e+01,1.337125244140625000e+03,6.641442179679870605e-01,6.540000000000000924e+00,4.114929735660552979e-01,2.502832412719726562e-01
-2.967098063276716147e+01,3.759087879640296137e+01,9.879406127929687500e+02,5.957681536674499512e-01,6.540010000000000545e+00,4.966373443603515625e-01,2.704249322414398193e-01
-2.967142805987563037e+01,3.761120146240597251e+01,1.331957763671875000e+03,4.595166742801666260e-01,6.540020000000000167e+00,5.395910143852233887e-01,3.277981877326965332e-01
-2.967623102082247755e+01,3.763627918776461456e+01,1.582570190429687500e+03,5.823213458061218262e-01,6.540030000000000676e+00,4.356019496917724609e-01,2.781306505203247070e-01
-2.967538430919832138e+01,3.766420802688630687e+01,1.430318115234375000e+03,6.356770396232604980e-01,6.540040000000000298e+00,4.878634810447692871e-01,3.028499782085418701e-01
-2.966633791583331359e+01,3.768810027729667667e+01,2.248404296875000000e+03,4.228085577487945557e-01,6.540050000000000807e+00,4.225556254386901855e-01,2.917872965335845947e-01
-2.966791451867182161e+01,3.771196121327557904e+01,1.637601074218750000e+03,5.329079031944274902e-01,6.540060000000000429e+00,4.691714048385620117e-01,3.022396266460418701e-01
-2.966679526808903233e+01,3.773418353933308822e+01,1.962637573242187500e+03,5.355650782585144043e-01,6.540070000000000938e+00,5.069370269775390625e-01,3.406919240951538086e-01
-2.967247700711672920e+01,3.775802460719384612e+01,1.302506958007812500e+03,5.985183119773864746e-01,6.540080000000000560e+00,5.354710817337036133e-01,3.229916393756866455e-01
-2.966469272928917178e+01,3.778945313374447323e+01,1.118428222656250000e+03,5.994326472282409668e-01,6.540090000000000181e+00,5.356236696243286133e-01,3.064357936382293701e-01
-2.967305741932365848e+01,3.780984080952537596e+01,1.989143920898437500e+03,6.248659491539001465e-01,6.540100000000000691e+00,5.969642400741577148e-01,4.023376405239105225e-01
-2.967116198765495483e+01,3.783450277385851024e+01,1.819361328125000000e+03,6.907147765159606934e-01,6.540110000000000312e+00,6.683756709098815918e-01,4.417054951190948486e-01
-2.967389869219823595e+01,3.786286790331446639e+01,1.196931518554687500e+03,1.053306579589843750e+00,6.540120000000000822e+00,5.759833455085754395e-01,3.377164304256439209e-01
-2.966901379010553796e+01,3.788984733721368769e+01,1.348235473632812500e+03,1.010273218154907227e+00,6.540130000000000443e+00,5.883430242538452148e-01,3.587736487388610840e-01
-2.967231000156712639e+01,3.790699866631300097e+01,1.322802124023437500e+03,7.724840044975280762e-01,6.540140000000000953e+00,5.833075642585754395e-01,3.535856306552886963e-01
-2.966733417156194008e+01,3.793475149847279226e+01,1.091562866210937500e+03,8.593720793724060059e-01,6.540150000000000574e+00,5.360051393508911133e-01,3.038417994976043701e-01
-2.966759501855527859e+01,3.796210140651653120e+01,1.881584350585937500e+03,7.552272677421569824e-01,6.540160000000000196e+00,5.562994480133056641e-01,3.704466521739959717e-01
-2.966599469663747612e+01,3.798777595679615615e+01,1.603953002929687500e+03,6.516904234886169434e-01,6.540170000000000705e+00,6.099342703819274902e-01,3.908172249794006348e-01
-2.966797813694678609e+01,3.801264892090156877e+01,1.424546875000000000e+03,8.718890547752380371e-01,6.540180000000000327e+00,4.981632232666015625e-01,3.088772296905517578e-01
-2.967221129692748605e+01,3.803080820091469150e+01,1.059819458007812500e+03,8.033973574638366699e-01,6.540190000000000836e+00,3.963867127895355225e-01,2.221306711435317993e-01
-2.966990864797653060e+01,3.806308742438525172e+01,1.472868041992187500e+03,6.368798613548278809e-01,6.540200000000000458e+00,5.367680788040161133e-01,3.360379636287689209e-01
-2.967052556352225423e+01,3.808927326959165072e+01,1.356882568359375000e+03,4.975456297397613525e-01,6.540210000000000967e+00,6.166481375694274902e-01,3.767790794372558594e-01
-2.966686826804619770e+01,3.810468009358652353e+01,2.654736083984375000e+03,7.426912188529968262e-01,6.540220000000000589e+00,5.173130631446838379e-01,3.675474822521209717e-01
-2.967253081171944018e+01,3.813294471444093148e+01,1.492760986328125000e+03,7.373995184898376465e-01,6.540230000000000210e+00,6.911113262176513672e-01,4.343049526214599609e-01
-2.967082246731801831e+01,3.816134632080015621e+01,1.010885375976562500e+03,9.299356341361999512e-01,6.540240000000000720e+00,4.824466109275817871e-01,2.652369141578674316e-01
-2.967309726196728192e+01,3.818002569443927996e+01,9.259586791992187500e+02,1.085350036621093750e+00,6.540250000000000341e+00,4.526918530464172363e-01,2.396020442247390747e-01
-2.966751505866908900e+01,3.820320522638058947e+01,1.633097412109375000e+03,5.596656203269958496e-01,6.540260000000000851e+00,4.942722022533416748e-01,3.181851208209991455e-01
-2.967122535769393110e+01,3.823775448231113216e+01,1.296160034179687500e+03,4.581815302371978760e-01,6.540270000000000472e+00,5.374547243118286133e-01,3.236782848834991455e-01
-2.967024486568214314e+01,3.826625705995731153e+01,2.250819580078125000e+03,6.261081099510192871e-01,6.540280000000000094e+00,4.974765777587890625e-01,3.435910940170288086e-01
-2.967068110402068015e+01,3.828472921784739214e+01,2.175766357421875000e+03,6.714791655540466309e-01,6.540290000000000603e+00,4.980106353759765625e-01,3.417600393295288086e-01
-2.966356479233398602e+01,3.830608010629973137e+01,1.072352294921875000e+03,6.435460448265075684e-01,6.540300000000000225e+00,5.490514636039733887e-01,3.091061115264892578e-01
-2.966863865812079482e+01,3.833344319704112024e+01,1.467818481445312500e+03,6.955999732017517090e-01,6.540310000000000734e+00,4.572695195674896240e-01,2.859889566898345947e-01
-2.966731225958734797e+01,3.836261625324250701e+01,1.363328979492187500e+03,6.172460913658142090e-01,6.540320000000000356e+00,5.268498659133911133e-01,3.223812878131866455e-01
-2.966891156466047974e+01,3.838141543149927770e+01,1.212132080078125000e+03,5.696195960044860840e-01,6.540330000000000865e+00,5.640051364898681641e-01,3.321469724178314209e-01
-2.966889103314110088e+01,3.840162356795093501e+01,1.135981811523437500e+03,7.035369277000427246e-01,6.540340000000000487e+00,4.645174443721771240e-01,2.672968506813049316e-01
-2.966778584888163905e+01,3.843438123624773795e+01,1.901966308593750000e+03,6.295294165611267090e-01,6.540350000000000108e+00,5.936073064804077148e-01,3.962341248989105225e-01
-2.966324815365491929e+01,3.846055923447364933e+01,1.360634277343750000e+03,6.119198203086853027e-01,6.540360000000000618e+00,5.292912721633911133e-01,3.236782848834991455e-01
-2.966642112329757097e+01,3.848499352227218395e+01,2.373157470703125000e+03,7.746190428733825684e-01,6.540370000000000239e+00,5.114384293556213379e-01,3.566374182701110840e-01
-2.966477190455172064e+01,3.850432483042641252e+01,3.044751220703125000e+03,6.147534251213073730e-01,6.540380000000000749e+00,8.347733616828918457e-01,6.052040457725524902e-01
-2.966137454363030557e+01,3.853246794002407682e+01,3.422681152343750000e+03,1.031223058700561523e+00,6.540390000000000370e+00,7.915145754814147949e-01,5.826209187507629395e-01
-2.966502342954861149e+01,3.855983988098969917e+01,3.239250000000000000e+03,1.456946849822998047e+00,6.540400000000000880e+00,8.990894556045532227e-01,6.572366952896118164e-01
-2.966227367470561660e+01,3.857494979116136591e+01,2.835797607421875000e+03,1.514747858047485352e+00,6.540410000000000501e+00,7.858687639236450195e-01,5.640051364898681641e-01
-2.965902159108180314e+01,3.859936119264107646e+01,2.023187500000000000e+03,1.606854915618896484e+00,6.540420000000000122e+00,5.153294205665588379e-01,3.485502302646636963e-01
-2.966177913507716823e+01,3.862777040062452016e+01,1.373254516601562500e+03,1.236586093902587891e+00,6.540430000000000632e+00,4.716891050338745117e-01,2.892695963382720947e-01
-2.965283828909002040e+01,3.864715045246247627e+01,1.188783081054687500e+03,7.153255343437194824e-01,6.540440000000000254e+00,4.929752051830291748e-01,2.883540689945220947e-01
-2.965222077332100525e+01,3.866224834178322567e+01,1.480670654296875000e+03,6.082112193107604980e-01,6.540450000000000763e+00,4.315583407878875732e-01,2.705775201320648193e-01
-2.965041591955520772e+01,3.868046524804673680e+01,4.838958984375000000e+03,5.642301440238952637e-01,6.540460000000000385e+00,1.602560430765151978e-01,1.222615167498588562e-01
-2.964649300411082322e+01,3.870338009132115076e+01,-1.057102294921875000e+03,5.872673392295837402e-01,6.540470000000000894e+00,3.360760957002639771e-02,4.154221341013908386e-02
-2.964330727838715163e+01,3.872597362675158195e+01,1.717107812500000000e+05,3.043252527713775635e-01,6.540480000000000516e+00,3.452314063906669617e-02,2.864848636090755463e-02
-2.963083487991339382e+01,3.873034126776291686e+01,2.928196533203125000e+03,1.220697239041328430e-01,6.540490000000000137e+00,3.391278907656669617e-02,2.445230260491371155e-02
