# x_coordinates, y_coordinates, TEP, TED, times, high, low
-3.410179341339526360e+01,-3.893171269741601037e+01,1.573393432617187500e+03,6.530345231294631958e-02,7.274900000000000810e-01,4.828280806541442871e-01,3.078090846538543701e-01
-3.411948488050668971e+01,-3.892984563940922982e+01,1.749621582031250000e+03,4.830903112888336182e-01,7.275000000000000355e-01,4.458253681659698486e-01,2.919398844242095947e-01
-3.412695376314574247e+01,-3.892963173194756621e+01,1.777793823242187500e+03,4.821116030216217041e-01,7.275100000000001010e-01,4.855746626853942871e-01,3.191769421100616455e-01
-3.414688852147252618e+01,-3.891691003428662299e+01,2.562159912109375000e+03,4.629940092563629150e-01,7.275200000000000555e-01,4.886264503002166748e-01,3.451932668685913086e-01
-3.415771173940128591e+01,-3.891289685655384289e+01,1.858797241210937500e+03,5.061978697776794434e-01,7.275300000000000100e-01,5.396673083305358887e-01,3.583921790122985840e-01
-3.416259175722179720e+01,-3.889352901894760350e+01,3.714956054687500000e+03,5.591565966606140137e-01,7.275400000000000755e-01,6.298470497131347656e-01,4.681032896041870117e-01
-3.417071803854253176e+01,-3.890218549277103222e+01,7.400012500000000000e+04,6.525177359580993652e-01,7.275500000000000300e-01,7.310132384300231934e-01,6.046699881553649902e-01
-3.418063410872488106e+01,-3.888855152439177232e+01,3.017967041015625000e+03,8.718199133872985840e-01,7.275600000000000955e-01,6.103157401084899902e-01,4.419343769550323486e-01
-3.418041538462194495e+01,-3.887834607462614400e+01,1.111311425781250000e+04,1.009848833084106445e+00,7.275700000000000500e-01,6.425119042396545410e-01,5.147190690040588379e-01
-3.418189498403933868e+01,-3.886853039765050255e+01,2.705815185546875000e+03,9.304589629173278809e-01,7.275800000000000045e-01,5.078526139259338379e-01,3.619017004966735840e-01
-3.418179262353110914e+01,-3.885192009150299697e+01,2.963243896484375000e+03,9.361667037010192871e-01,7.275900000000000700e-01,5.785010457038879395e-01,4.178253710269927979e-01
-3.418783984263144049e+01,-3.883799156384102247e+01,1.946732421875000000e+03,6.662613749504089355e-01,7.276000000000000245e-01,5.751441121101379395e-01,3.858580887317657471e-01
-3.418709193969089455e+01,-3.882641570087914573e+01,3.001284179687500000e+03,7.442671656608581543e-01,7.276100000000000900e-01,5.411931872367858887e-01,3.915801644325256348e-01
-3.418996031471974817e+01,-3.881357475725269524e+01,3.572533203125000000e+03,7.493395209312438965e-01,7.276200000000000445e-01,6.279397010803222656e-01,4.645937383174896240e-01
-3.418786353517686649e+01,-3.879850071993838867e+01,4.259397460937500000e+03,6.733626723289489746e-01,7.276300000000001100e-01,6.341958642005920410e-01,4.781741201877593994e-01
-3.418008346100898365e+01,-3.877948066235085633e+01,2.305333740234375000e+03,8.746845126152038574e-01,7.276400000000000645e-01,5.138798356056213379e-01,3.564848303794860840e-01
-3.418341814621972219e+01,-3.876608382876145953e+01,4.253431640625000000e+03,7.634050250053405762e-01,7.276500000000000190e-01,6.757761836051940918e-01,5.094547867774963379e-01
-3.419276112842666748e+01,-3.876857945730242250e+01,3.021954833984375000e+03,7.244903445243835449e-01,7.276600000000000845e-01,5.134983658790588379e-01,3.718962669372558594e-01
-3.418563472401883274e+01,-3.874070895392551961e+01,1.331836914062500000e+04,8.866745829582214355e-01,7.276700000000000390e-01,6.622720956802368164e-01,5.338689088821411133e-01
-3.417889255186337039e+01,-3.872525663720809774e+01,4.349311035156250000e+03,7.178754210472106934e-01,7.276800000000001045e-01,7.102611660957336426e-01,5.366154909133911133e-01
-3.418756784503914758e+01,-3.870925100069046465e+01,4.295831054687500000e+03,1.057017564773559570e+00,7.276900000000000590e-01,6.345773339271545410e-01,4.788607656955718994e-01
-3.418596270421756600e+01,-3.869218157323913942e+01,6.838030273437500000e+03,1.058593511581420898e+00,7.277000000000000135e-01,7.084301114082336426e-01,5.543157458305358887e-01
-3.417939451871233558e+01,-3.867756011319573162e+01,2.623628906250000000e+03,9.318847060203552246e-01,7.277100000000000790e-01,7.195690870285034180e-01,5.102940201759338379e-01
-3.418469504416144389e+01,-3.865504577790654395e+01,5.916953613281250000e+03,1.054422378540039062e+00,7.277200000000000335e-01,5.809424519538879395e-01,4.502504467964172363e-01
-3.418619867480183672e+01,-3.864858816684328957e+01,3.777131347656250000e+03,9.985250830650329590e-01,7.277300000000000990e-01,6.705881953239440918e-01,4.993076324462890625e-01
-3.418204514209589462e+01,-3.863481599031843672e+01,1.516669433593750000e+03,9.484321475028991699e-01,7.277400000000000535e-01,6.514383554458618164e-01,4.111877977848052979e-01
-3.418102296023867126e+01,-3.861927616209796810e+01,1.937491943359375000e+03,9.850401282310485840e-01,7.277500000000000080e-01,6.222939491271972656e-01,4.170624315738677979e-01
-3.418575370111694411e+01,-3.860332937114423402e+01,2.743812988281250000e+03,8.589977622032165527e-01,7.277600000000000735e-01,7.497053146362304688e-01,5.353947877883911133e-01
-3.418459359853062551e+01,-3.859927211878476783e+01,3.705558105468750000e+03,8.830053210258483887e-01,7.277700000000000280e-01,8.338578343391418457e-01,6.195473670959472656e-01
-3.418049161789046053e+01,-3.857990673016179528e+01,8.653097656250000000e+03,1.190572500228881836e+00,7.277800000000000935e-01,8.286698460578918457e-01,6.567789316177368164e-01
-3.418311362184884672e+01,-3.856562596186397229e+01,2.573008300781250000e+03,1.547667503356933594e+00,7.277900000000000480e-01,5.774329304695129395e-01,4.082123041152954102e-01
-3.418735935276861682e+01,-3.855063752911152619e+01,2.584091064453125000e+03,1.320735931396484375e+00,7.278000000000001135e-01,5.442449450492858887e-01,3.850188553333282471e-01
-3.418426811651022490e+01,-3.853440024795663987e+01,3.605556884765625000e+03,8.077496886253356934e-01,7.278100000000000680e-01,6.119179129600524902e-01,4.532259106636047363e-01
-3.418412959241253191e+01,-3.851462437006691886e+01,1.902006958007812500e+03,8.839434981346130371e-01,7.278200000000000225e-01,5.307408571243286133e-01,3.542722761631011963e-01
-3.418802862845441837e+01,-3.850582919388466507e+01,1.825797607421875000e+03,7.324308753013610840e-01,7.278300000000000880e-01,5.867408514022827148e-01,3.880706429481506348e-01
-3.417609108139228624e+01,-3.848816257948224973e+01,2.249970947265625000e+03,6.485993266105651855e-01,7.278400000000000425e-01,5.770514607429504395e-01,3.985229432582855225e-01
-3.418461383372724072e+01,-3.847790088611240833e+01,1.928593627929687500e+03,8.177644610404968262e-01,7.278500000000001080e-01,6.341958642005920410e-01,4.246155619621276855e-01
-3.418440910414377498e+01,-3.846624008436683795e+01,3.241746337890625000e+03,6.778616309165954590e-01,7.278600000000000625e-01,6.757761836051940918e-01,4.940433204174041748e-01
-3.418330519263435718e+01,-3.845010637463709458e+01,5.790803222656250000e+03,9.982675909996032715e-01,7.278700000000000170e-01,5.964301824569702148e-01,4.615419805049896240e-01
-3.418167197358272347e+01,-3.843280208245037244e+01,3.989180175781250000e+03,8.978349566459655762e-01,7.278800000000000825e-01,6.273293495178222656e-01,4.698580503463745117e-01
-3.418903020871341170e+01,-3.841821048838215091e+01,1.923513549804687500e+03,9.689182639122009277e-01,7.278900000000000370e-01,5.273839235305786133e-01,3.528989851474761963e-01
-3.418210910153315751e+01,-3.841002537401696770e+01,3.036451904296875000e+03,8.265215754508972168e-01,7.279000000000001025e-01,4.930514991283416748e-01,3.573240637779235840e-01
-3.418543932771814298e+01,-3.838345448150831629e+01,1.648273193359375000e+03,6.207877993583679199e-01,7.279100000000000570e-01,5.056400299072265625e-01,3.262723088264465332e-01
-3.418620888955640424e+01,-3.836810937298695734e+01,2.000530395507812500e+03,5.917949080467224121e-01,7.279200000000000115e-01,5.782721638679504395e-01,3.902068734169006348e-01
-3.418355488510885465e+01,-3.835369094924099187e+01,5.097815917968750000e+03,5.680651068687438965e-01,7.279300000000000770e-01,6.358743309974670410e-01,4.872531294822692871e-01
-3.418475551132053170e+01,-3.834295651068524080e+01,1.965133666992187500e+03,8.384782671928405762e-01,7.279400000000000315e-01,5.314275026321411133e-01,3.572477698326110840e-01
-3.418041707156680786e+01,-3.832698678934693248e+01,3.855813964843750000e+03,6.514996886253356934e-01,7.279500000000000970e-01,5.033512115478515625e-01,3.756346702575683594e-01
-3.418974513157085227e+01,-3.830842669616078666e+01,1.906290893554687500e+03,6.625801920890808105e-01,7.279600000000000515e-01,5.331059694290161133e-01,3.560270667076110840e-01
-3.418118375201355263e+01,-3.829687716373625506e+01,-4.722012500000000000e+04,6.517810225486755371e-01,7.279700000000000060e-01,5.838416218757629395e-01,4.899997413158416748e-01
-3.417960008302740960e+01,-3.828252273295436225e+01,4.205071289062500000e+03,6.844515204429626465e-01,7.279800000000000715e-01,5.322667360305786133e-01,4.008117616176605225e-01
-3.418271452492590612e+01,-3.826853481859379968e+01,2.235250976562500000e+03,8.292931914329528809e-01,7.279900000000000260e-01,5.882667303085327148e-01,4.057708978652954102e-01
-3.418412970609007573e+01,-3.825298818401990530e+01,1.931931152343750000e+03,7.280630469322204590e-01,7.280000000000000915e-01,5.586645603179931641e-01,3.741850852966308594e-01
-3.417602204014045952e+01,-3.823947279179186864e+01,1.450252197265625000e+03,8.080548644065856934e-01,7.280100000000000460e-01,5.927680730819702148e-01,3.694548308849334717e-01
-3.418457040830244864e+01,-3.822984839430750270e+01,2.939750732421875000e+03,6.119138598442077637e-01,7.280200000000001115e-01,7.830458879470825195e-01,5.649206638336181641e-01
-3.418678179238882819e+01,-3.820644837895297741e+01,2.295546142578125000e+03,7.954842448234558105e-01,7.280300000000000660e-01,6.087135672569274902e-01,4.219452738761901855e-01
-3.418184584546285265e+01,-3.818860129132720971e+01,3.297516357421875000e+03,1.019569158554077148e+00,7.280400000000000205e-01,5.862067937850952148e-01,4.294984042644500732e-01
-3.417932220230125751e+01,-3.818194509432066042e+01,3.935740966796875000e+03,7.241172194480895996e-01,7.280500000000000860e-01,6.906535625457763672e-01,5.165501236915588379e-01
-3.418517258270350112e+01,-3.816731608891059579e+01,1.942266601562500000e+04,8.337385058403015137e-01,7.280600000000000405e-01,6.575418710708618164e-01,5.353184938430786133e-01
-3.418059135404995885e+01,-3.815135680527814088e+01,3.742448242187500000e+03,8.664066195487976074e-01,7.280700000000001060e-01,5.506536364555358887e-01,4.095855951309204102e-01
-3.418133354668263024e+01,-3.813362381312177973e+01,2.259295898437500000e+03,1.063398838043212891e+00,7.280800000000000605e-01,5.728552937507629395e-01,3.959289491176605225e-01
-3.418466663798798777e+01,-3.811744950483956984e+01,1.424447387695312500e+03,8.190483450889587402e-01,7.280900000000000150e-01,5.868934392929077148e-01,3.638853728771209717e-01
-3.418397632275193843e+01,-3.811462435041894281e+01,1.531146606445312500e+03,7.823366522789001465e-01,7.281000000000000805e-01,4.598635137081146240e-01,2.910243570804595947e-01
-3.417856806070571452e+01,-3.808821629325309033e+01,1.460703491210937500e+03,7.243270277976989746e-01,7.281100000000000350e-01,5.517217516899108887e-01,3.445829153060913086e-01
-3.418023701675223691e+01,-3.807450778690019177e+01,2.082481201171875000e+03,5.277020335197448730e-01,7.281200000000001005e-01,4.652041196823120117e-01,3.165066540241241455e-01
-3.418270010741135678e+01,-3.806541594401645767e+01,2.859877441406250000e+03,6.339985728263854980e-01,7.281300000000000550e-01,5.283757448196411133e-01,3.796782791614532471e-01
-3.417817895571243980e+01,-3.804669876291517028e+01,4.093309326171875000e+03,5.480546355247497559e-01,7.281400000000000095e-01,5.913184881210327148e-01,4.440706074237823486e-01
-3.418416648409773728e+01,-3.803762197584664051e+01,7.268154296875000000e+03,7.045072913169860840e-01,7.281500000000000750e-01,5.546972751617431641e-01,4.356019496917724609e-01
-3.418398867614434522e+01,-3.801818802434164724e+01,9.698320922851562500e+02,7.262474894523620605e-01,7.281600000000000295e-01,5.505773425102233887e-01,2.974330782890319824e-01
-3.418348372364041410e+01,-3.800898894541918338e+01,3.673187988281250000e+03,6.828529238700866699e-01,7.281700000000000950e-01,5.402013659477233887e-01,4.009643495082855225e-01
-3.418194527407819550e+01,-3.798722159681561550e+01,2.075243408203125000e+03,6.237739920616149902e-01,7.281800000000000495e-01,6.570841073989868164e-01,4.467408955097198486e-01
-3.418670712053443594e+01,-3.796303811521958238e+01,2.956226318359375000e+03,8.411533236503601074e-01,7.281900000000001150e-01,5.571386814117431641e-01,4.022613465785980225e-01
-3.418693581817185390e+01,-3.795623736632867917e+01,4.720340820312500000e+03,8.255917429924011230e-01,7.282000000000000695e-01,6.362558007240295410e-01,4.843539595603942871e-01
-3.418605071520681804e+01,-3.794565198525004490e+01,2.052861083984375000e+03,8.038944602012634277e-01,7.282100000000000239e-01,6.236672401428222656e-01,4.230896830558776855e-01
-3.418540900945632899e+01,-3.792753261686198840e+01,1.632850585937500000e+03,9.227365851402282715e-01,7.282200000000000895e-01,5.591223239898681641e-01,3.599180579185485840e-01
-3.418637870984014882e+01,-3.791360671378348002e+01,1.570219116210937500e+03,8.533901572227478027e-01,7.282300000000000439e-01,5.591223239898681641e-01,3.562559485435485840e-01
-3.418357861556841470e+01,-3.790131637320579472e+01,2.109619384765625000e+03,7.824630141258239746e-01,7.282400000000001095e-01,5.865882635116577148e-01,4.001251161098480225e-01
-3.418360969674726846e+01,-3.788122742657503039e+01,1.198827148437500000e+03,7.071310877799987793e-01,7.282500000000000639e-01,6.288552284240722656e-01,3.689207732677459717e-01
-3.418370452843022633e+01,-3.786889216507920253e+01,1.906014282226562500e+03,6.689388155937194824e-01,7.282600000000000184e-01,5.872749090194702148e-01,3.921905159950256348e-01
-3.418271533290916153e+01,-3.785155494660654085e+01,2.545018310546875000e+03,7.235879302024841309e-01,7.282700000000000840e-01,5.635473728179931641e-01,3.976837098598480225e-01
-3.418909589526415260e+01,-3.784116782728563066e+01,2.461232421875000000e+03,6.939846873283386230e-01,7.282800000000000384e-01,5.463811755180358887e-01,3.834166824817657471e-01
-3.418952747650737223e+01,-3.782876114760939856e+01,1.474892822265625000e+03,6.778723597526550293e-01,7.282900000000001040e-01,4.568880200386047363e-01,2.861415445804595947e-01
-3.418465211597123243e+01,-3.781063698828049269e+01,1.952037109375000000e+03,5.940825343132019043e-01,7.283000000000000584e-01,4.932040870189666748e-01,3.310788273811340332e-01
-3.418283055243514212e+01,-3.778906107641802947e+01,1.991723388671875000e+03,4.061848223209381104e-01,7.283100000000000129e-01,5.279942750930786133e-01,3.559507727622985840e-01
-3.418837678277435543e+01,-3.777504213959588242e+01,1.551613403320312500e+03,6.311327815055847168e-01,7.283200000000000784e-01,5.819342732429504395e-01,3.696074187755584717e-01
-3.418390309570909125e+01,-3.776725572598300573e+01,3.091928710937500000e+03,5.585343241691589355e-01,7.283300000000000329e-01,6.176400184631347656e-01,4.487245380878448486e-01
-3.418488970823693762e+01,-3.774771983267537223e+01,1.777822265625000000e+03,7.367915511131286621e-01,7.283400000000000984e-01,5.401250720024108887e-01,3.550352156162261963e-01
-3.418020983311375716e+01,-3.772977562510465788e+01,2.077393554687500000e+03,7.444412112236022949e-01,7.283500000000000529e-01,5.891822576522827148e-01,4.006591737270355225e-01
-3.418368240390685742e+01,-3.771438078828337126e+01,2.523134521484375000e+03,6.383151412010192871e-01,7.283600000000000074e-01,5.771277546882629395e-01,4.066864252090454102e-01
-3.417767647156943411e+01,-3.770147904788341009e+01,4.399043945312500000e+03,6.960422396659851074e-01,7.283700000000000729e-01,5.880378484725952148e-01,4.447572529315948486e-01
-3.417654847491718328e+01,-3.768054682713241021e+01,2.985343994140625000e+03,8.200580477714538574e-01,7.283800000000000274e-01,6.583048105239868164e-01,4.759615957736968994e-01
-3.418276755117551602e+01,-3.766253515221119841e+01,2.199020156250000000e+05,8.019763827323913574e-01,7.283900000000000929e-01,7.677870392799377441e-01,6.374765038490295410e-01
-3.418371595285184128e+01,-3.765511096300519966e+01,5.496369140625000000e+03,9.214562773704528809e-01,7.284000000000000474e-01,7.341412901878356934e-01,5.659124851226806641e-01
-3.418022450145622315e+01,-3.763782968773978865e+01,6.229300292968750000e+03,1.443376064300537109e+00,7.284100000000001129e-01,7.505445480346679688e-01,5.837653279304504395e-01
-3.418088106666266413e+01,-3.762475562168985732e+01,5.672101074218750000e+03,1.346574544906616211e+00,7.284200000000000674e-01,7.668715119361877441e-01,5.925391912460327148e-01
-3.417942080282117701e+01,-3.761342281663247178e+01,6.340973144531250000e+03,1.347120523452758789e+00,7.284300000000000219e-01,6.181740760803222656e-01,4.813784956932067871e-01
-3.418199077126070051e+01,-3.759724756647271704e+01,1.668354736328125000e+03,1.259474277496337891e+00,7.284400000000000874e-01,5.151768326759338379e-01,3.334439694881439209e-01
-3.417761168876819511e+01,-3.758173098068968443e+01,4.201869628906250000e+03,9.365922808647155762e-01,7.284500000000000419e-01,5.874274969100952148e-01,4.423158466815948486e-01
-3.417281086377975186e+01,-3.756195731199935750e+01,1.680255371093750000e+03,7.397467494010925293e-01,7.284600000000001074e-01,5.044956207275390625e-01,3.271115422248840332e-01
-3.417954413027650418e+01,-3.753675355493833621e+01,1.178450317382812500e+03,8.304650187492370605e-01,7.284700000000000619e-01,5.885719060897827148e-01,3.432096242904663086e-01
-3.417201249356496362e+01,-3.753501915118310706e+01,1.741298095703125000e+03,5.971438288688659668e-01,7.284800000000000164e-01,5.546972751617431641e-01,3.628172278404235840e-01
-3.417614653195600027e+01,-3.751895166690305672e+01,2.692782226562500000e+03,6.565601229667663574e-01,7.284900000000000819e-01,4.986972808837890625e-01,3.551115095615386963e-01
-3.417361124430372143e+01,-3.750067500287001820e+01,3.152150146484375000e+03,6.292600035667419434e-01,7.285000000000000364e-01,6.264138221740722656e-01,4.562776684761047363e-01
-3.417630013531999111e+01,-3.748766677789635082e+01,3.267411376953125000e+03,7.452589869499206543e-01,7.285100000000001019e-01,6.173348426818847656e-01,4.517763257026672363e-01
-3.417326779632982436e+01,-3.747660828472422168e+01,1.964487792968750000e+03,8.222646117210388184e-01,7.285200000000000564e-01,6.095528006553649902e-01,4.097381830215454102e-01
-3.417801808489101489e+01,-3.745330743565251197e+01,5.450302734375000000e+03,9.819752573966979980e-01,7.285300000000000109e-01,6.142830252647399902e-01,4.732150137424468994e-01
-3.417407105967923542e+01,-3.743274959759807530e+01,9.494226562500000000e+03,7.563025355339050293e-01,7.285400000000000764e-01,8.017379641532897949e-01,6.381631493568420410e-01
-3.417661607391183765e+01,-3.741733087536272251e+01,2.134674072265625000e+03,1.275186061859130859e+00,7.285500000000000309e-01,6.541849374771118164e-01,4.472749531269073486e-01
-3.417489997495405163e+01,-3.740412827641221583e+01,1.956633422851562500e+03,1.440077543258666992e+00,7.285600000000000964e-01,5.724738240242004395e-01,3.844847977161407471e-01
-3.417630538737673618e+01,-3.739340934655486137e+01,2.019598266601562500e+03,8.490795493125915527e-01,7.285700000000000509e-01,5.019779205322265625e-01,3.393948972225189209e-01
-3.417241914638244538e+01,-3.737433608421630282e+01,1.671378784179687500e+03,7.908398509025573730e-01,7.285800000000000054e-01,5.363866090774536133e-01,3.473294973373413086e-01
-3.417162544508642696e+01,-3.735754511000627076e+01,3.758251464843750000e+03,5.740756392478942871e-01,7.285900000000000709e-01,5.150242447853088379e-01,3.832640945911407471e-01
-3.417637213356569958e+01,-3.734689608478952749e+01,2.329150878906250000e+03,7.116205096244812012e-01,7.286000000000000254e-01,5.380650758743286133e-01,3.739562034606933594e-01
-3.417600191932162801e+01,-3.733042000750727141e+01,2.520715332031250000e+03,6.387383341789245605e-01,7.286100000000000909e-01,5.043430328369140625e-01,3.553403913974761963e-01
-3.418385799862274865e+01,-3.731529804598943656e+01,2.679252685546875000e+03,6.069797873497009277e-01,7.286200000000000454e-01,5.003757476806640625e-01,3.560270667076110840e-01
-3.418229072369116750e+01,-3.730146710178162550e+01,2.104827392578125000e+03,6.030065417289733887e-01,7.286300000000001109e-01,4.742831289768218994e-01,3.233731091022491455e-01
-3.418347750740922208e+01,-3.729249841983446601e+01,3.848567138671875000e+03,6.049591898918151855e-01,7.286400000000000654e-01,5.817816853523254395e-01,4.340760707855224609e-01
-3.417975374203817296e+01,-3.727652794293274496e+01,2.263758789062500000e+03,6.030637621879577637e-01,7.286500000000000199e-01,5.186863541603088379e-01,3.586210608482360840e-01
-3.418136019488221677e+01,-3.725102647502558995e+01,1.560694458007812500e+03,6.451124548912048340e-01,7.286600000000000854e-01,6.342721581459045410e-01,4.034820795059204102e-01
-3.418349543115687084e+01,-3.724206710648273599e+01,2.219747314453125000e+03,6.676215529441833496e-01,7.286700000000000399e-01,5.961250066757202148e-01,4.106537401676177979e-01
-3.417848658103433479e+01,-3.723124148848950909e+01,-7.058775878906250000e+03,8.252078890800476074e-01,7.286800000000001054e-01,7.830458879470825195e-01,6.911876201629638672e-01
-3.418269884169074402e+01,-3.721377423939450324e+01,-4.062239062500000000e+04,8.730751872062683105e-01,7.286900000000000599e-01,8.943591713905334473e-01,7.516889572143554688e-01
-3.418517772655233955e+01,-3.719402392161497772e+01,2.123086669921875000e+03,1.806691408157348633e+00,7.287000000000000144e-01,6.601358652114868164e-01,4.508607983589172363e-01
-3.418530709183885108e+01,-3.717738751059926727e+01,2.262101074218750000e+03,1.623849391937255859e+00,7.287100000000000799e-01,6.991985440254211426e-01,4.833621382713317871e-01
-3.418995091422347343e+01,-3.716789953712611805e+01,2.237858886718750000e+03,1.225878715515136719e+00,7.287200000000000344e-01,6.500650644302368164e-01,4.484956562519073486e-01
-3.418631760705370226e+01,-3.715329124743208666e+01,3.533820800781250000e+03,1.038810729980468750e+00,7.287300000000000999e-01,7.118633985519409180e-01,5.260106325149536133e-01
-3.417876689449555982e+01,-3.713449186281341952e+01,1.578717651367187500e+03,9.793526530265808105e-01,7.287400000000000544e-01,6.446481347084045410e-01,4.113403856754302979e-01
-3.418125948106850842e+01,-3.711789203950739591e+01,9.135462890625000000e+03,9.309906363487243652e-01,7.287500000000000089e-01,6.990459561347961426e-01,5.554602146148681641e-01
-3.418807841836093786e+01,-3.710493613659104994e+01,2.234003662109375000e+03,9.880179762840270996e-01,7.287600000000000744e-01,5.967353582382202148e-01,4.115692675113677979e-01
-3.418727199055261678e+01,-3.709368247523597262e+01,2.227208007812500000e+03,1.070428609848022461e+00,7.287700000000000289e-01,6.767680048942565918e-01,4.665011167526245117e-01
-3.418568497775589776e+01,-3.707549086562985963e+01,2.794467529296875000e+03,9.034973978996276855e-01,7.287800000000000944e-01,4.996128082275390625e-01,3.577818274497985840e-01
-3.418831770003197335e+01,-3.706560162976711581e+01,1.496761962890625000e+03,9.165865778923034668e-01,7.287900000000000489e-01,5.704901814460754395e-01,3.587736487388610840e-01
-3.418690345766124494e+01,-3.705042446735491524e+01,2.118187500000000000e+03,6.627601981163024902e-01,7.288000000000001144e-01,6.205391883850097656e-01,4.236237406730651855e-01
-3.419210799193060524e+01,-3.703359979340839914e+01,2.673775390625000000e+03,7.614762187004089355e-01,7.288100000000000689e-01,5.023593902587890625e-01,3.573240637779235840e-01
-3.419107780923928885e+01,-3.701371879740936777e+01,2.525439941406250000e+03,6.494254469871520996e-01,7.288200000000000234e-01,5.067844390869140625e-01,3.571714758872985840e-01
-3.418464872106376617e+01,-3.700127769115757559e+01,2.954475830078125000e+03,6.803411841392517090e-01,7.288300000000000889e-01,4.947299659252166748e-01,3.571714758872985840e-01
-3.418700626139727916e+01,-3.699009932971259929e+01,3.290521240234375000e+03,5.334264636039733887e-01,7.288400000000000434e-01,4.925174415111541748e-01,3.607572913169860840e-01
-3.418707273620280773e+01,-3.696794065262278650e+01,2.220209960937500000e+03,5.218321681022644043e-01,7.288500000000001089e-01,5.061740875244140625e-01,3.487028181552886963e-01
-3.418390506421054198e+01,-3.694570188634347829e+01,3.939937011718750000e+03,5.925864577293395996e-01,7.288600000000000634e-01,4.910678565502166748e-01,3.673186004161834717e-01
-3.417769703579504181e+01,-3.694644491916914575e+01,2.376239990234375000e+03,6.116134524345397949e-01,7.288700000000000179e-01,6.589914560317993164e-01,4.596346318721771240e-01
-3.417972973427004035e+01,-3.692637266968241505e+01,1.753355590820312500e+03,7.666820883750915527e-01,7.288800000000000834e-01,6.157326102256774902e-01,4.034057855606079102e-01
-3.419002315467438535e+01,-3.690671767593317298e+01,1.785560546875000000e+03,8.675259947776794434e-01,7.288900000000000379e-01,5.907081365585327148e-01,3.886809945106506348e-01
-3.418797843180806950e+01,-3.688498537170597302e+01,1.271019042968750000e+03,7.111853957176208496e-01,7.289000000000001034e-01,4.215638041496276855e-01,2.522668838500976562e-01
-3.418707194526714233e+01,-3.687493670027217263e+01,1.596243530273437500e+03,6.050319075584411621e-01,7.289100000000000579e-01,4.782504141330718994e-01,3.060543239116668701e-01
-3.418723013436311930e+01,-3.686396170213814116e+01,2.071038330078125000e+03,4.059762060642242432e-01,7.289200000000000124e-01,5.414983630180358887e-01,3.680052459239959717e-01
-3.418745949230476810e+01,-3.684194739242670380e+01,2.445294677734375000e+03,5.773419737815856934e-01,7.289300000000000779e-01,4.883212745189666748e-01,3.422940969467163086e-01
-3.418154564107157967e+01,-3.682922337431125470e+01,2.564944335937500000e+03,7.191068530082702637e-01,7.289400000000000324e-01,5.743811726570129395e-01,4.058471918106079102e-01
-3.418208343988303710e+01,-3.681799190013086331e+01,3.730386718750000000e+03,6.263465285301208496e-01,7.289500000000000979e-01,6.104683279991149902e-01,4.539125561714172363e-01
-3.418552849675386796e+01,-3.679967368505182179e+01,1.470848022460937500e+03,6.843346953392028809e-01,7.289600000000000524e-01,6.057381033897399902e-01,3.790679275989532471e-01
-3.418525468770189946e+01,-3.678521339317396155e+01,1.810501708984375000e+03,9.496671557426452637e-01,7.289700000000000069e-01,5.768988728523254395e-01,3.808226883411407471e-01
-3.418462018209157094e+01,-3.676811618769195888e+01,1.905283081054687500e+03,7.904047369956970215e-01,7.289800000000000724e-01,5.942939519882202148e-01,3.968444764614105225e-01
-3.418404262872105903e+01,-3.675228559345934798e+01,5.185912109375000000e+03,7.487697005271911621e-01,7.289900000000000269e-01,5.174656510353088379e-01,3.970733582973480225e-01
-3.418139274138712125e+01,-3.674001757942690460e+01,1.615215454101562500e+03,7.409114241600036621e-01,7.290000000000000924e-01,5.904029607772827148e-01,3.789916336536407471e-01
-3.418235892988502655e+01,-3.672454650893823924e+01,4.470208007812500000e+03,6.840426325798034668e-01,7.290100000000000469e-01,5.005283355712890625e-01,3.791442215442657471e-01
-3.418187934000789596e+01,-3.671231555100621335e+01,3.516976562500000000e+03,7.251710295677185059e-01,7.290200000000001124e-01,6.593729257583618164e-01,4.869479537010192871e-01
-3.418446167894094145e+01,-3.669725213356277749e+01,2.967182861328125000e+03,6.770808100700378418e-01,7.290300000000000669e-01,6.670023798942565918e-01,4.818362593650817871e-01
-3.417791637590837439e+01,-3.667998906295099459e+01,5.639855957031250000e+03,8.021599650382995605e-01,7.290400000000000214e-01,7.208660840988159180e-01,5.567572116851806641e-01
-3.418027700726779727e+01,-3.665651824779077828e+01,3.399178955078125000e+03,9.804219603538513184e-01,7.290500000000000869e-01,7.313947081565856934e-01,5.379124879837036133e-01
-3.418324622623322995e+01,-3.664641710171198241e+01,3.264387207031250000e+03,1.170632362365722656e+00,7.290600000000000414e-01,7.647352814674377441e-01,5.595800876617431641e-01
-3.417867139745338534e+01,-3.663734370462157841e+01,4.340806640625000000e+03,1.277244806289672852e+00,7.290700000000001069e-01,8.639177680015563965e-01,6.525827646255493164e-01
-3.417661304062849581e+01,-3.661922437908330608e+01,2.240525878906250000e+03,1.453401565551757812e+00,7.290800000000000614e-01,5.632421970367431641e-01,3.886809945106506348e-01
-3.418345313104175176e+01,-3.659972976581296678e+01,2.587230468750000000e+03,1.218164682388305664e+00,7.290900000000000158e-01,4.889316260814666748e-01,3.459562063217163086e-01
-3.418540259587253871e+01,-3.658987483163482324e+01,5.748193847656250000e+03,7.201904654502868652e-01,7.291000000000000814e-01,4.441469013690948486e-01,3.435148000717163086e-01
-3.417854165087943130e+01,-3.658102998296844532e+01,1.426111816406250000e+03,5.499071478843688965e-01,7.291100000000000358e-01,5.090733170509338379e-01,3.157436847686767578e-01
-3.417915098800038720e+01,-3.656052686292467513e+01,1.695275756835937500e+03,5.709881186485290527e-01,7.291200000000001014e-01,5.157108902931213379e-01,3.351224362850189209e-01
-3.418162518045424036e+01,-3.653908022423607349e+01,1.551482421875000000e+03,5.573934912681579590e-01,7.291300000000000558e-01,4.970188140869140625e-01,3.156673908233642578e-01
-3.418105452317644932e+01,-3.653010317754964831e+01,6.099845703125000000e+03,6.360227465629577637e-01,7.291400000000000103e-01,6.180214881896972656e-01,4.800051748752593994e-01
-3.417965609879003352e+01,-3.651948775172964901e+01,8.562468750000000000e+03,5.599636435508728027e-01,7.291500000000000759e-01,6.163429617881774902e-01,4.882449507713317871e-01
-3.418387311647411764e+01,-3.650121115837295349e+01,7.535833496093750000e+03,9.539706110954284668e-01,7.291600000000000303e-01,7.253674268722534180e-01,5.707953572273254395e-01
-3.417694055040789891e+01,-3.648061032343386501e+01,-2.637750585937500000e+04,8.641297221183776855e-01,7.291700000000000959e-01,9.352529048919677734e-01,7.904464602470397949e-01
-3.418116257151083204e+01,-3.646956434538430614e+01,7.377276367187500000e+03,1.628609418869018555e+00,7.291800000000000503e-01,7.681685090065002441e-01,6.037544608116149902e-01
-3.417971465462709091e+01,-3.645220252143641915e+01,2.281532421875000000e+04,1.573472738265991211e+00,7.291900000000000048e-01,9.104572534561157227e-01,7.436017990112304688e-01
-3.418607823534136969e+01,-3.643991930775290200e+01,2.177709960937500000e+03,1.349130392074584961e+00,7.292000000000000703e-01,6.215310096740722656e-01,4.265992343425750732e-01
-3.418455989319204491e+01,-3.642064310608358824e+01,2.349805175781250000e+03,1.324370622634887695e+00,7.292100000000000248e-01,6.838634014129638672e-01,4.760378897190093994e-01
-3.418376791050209818e+01,-3.641386548448763705e+01,2.133697753906250000e+03,9.038550257682800293e-01,7.292200000000000903e-01,6.325936317443847656e-01,4.324738681316375732e-01
-3.418564406036317394e+01,-3.639269063919761749e+01,2.586951660156250000e+03,9.433204531669616699e-01,7.292300000000000448e-01,5.512639880180358887e-01,3.900542855262756348e-01
-3.418053997827716017e+01,-3.637679271223012023e+01,2.665519531250000000e+03,8.618051409721374512e-01,7.292400000000001103e-01,5.418798327445983887e-01,3.852477371692657471e-01
-3.418564425457837075e+01,-3.635842375716183028e+01,5.225204101562500000e+03,6.934613585472106934e-01,7.292500000000000648e-01,6.003211736679077148e-01,4.609316289424896240e-01
-3.418678284606036755e+01,-3.634458551912474888e+01,3.072954101562500000e+03,7.526106238365173340e-01,7.292600000000000193e-01,5.664465427398681641e-01,4.111877977848052979e-01
-3.418853984690893100e+01,-3.633665461429444576e+01,4.592373535156250000e+03,7.277292609214782715e-01,7.292700000000000848e-01,8.186752796173095703e-01,6.216835975646972656e-01
-3.418690416701100077e+01,-3.631783078850870794e+01,1.467783789062500000e+04,9.797603487968444824e-01,7.292800000000000393e-01,7.739669084548950195e-01,6.257271766662597656e-01
-3.418695440658819962e+01,-3.630112834336220828e+01,3.139554931640625000e+03,1.347048997879028320e+00,7.292900000000001048e-01,7.211712598800659180e-01,5.250188112258911133e-01
-3.418638829589070127e+01,-3.628830337792975769e+01,2.348895019531250000e+03,1.134898185729980469e+00,7.293000000000000593e-01,6.252694129943847656e-01,4.352204799652099609e-01
-3.417704808281823148e+01,-3.627241252370290425e+01,2.197345458984375000e+03,1.064140319824218750e+00,7.293100000000000138e-01,6.387735009193420410e-01,4.391877651214599609e-01
-3.418641084806955632e+01,-3.625876108797627495e+01,3.935566406250000000e+03,8.036798834800720215e-01,7.293200000000000793e-01,6.255745887756347656e-01,4.678744077682495117e-01
-3.418761133439974031e+01,-3.624164071477225235e+01,2.073651123046875000e+03,8.476597666740417480e-01,7.293300000000000338e-01,5.789588093757629395e-01,3.935638070106506348e-01
-3.418818119620493690e+01,-3.622821226721165999e+01,2.267650634765625000e+03,8.468860983848571777e-01,7.293400000000000993e-01,6.761576533317565918e-01,4.676455259323120117e-01
-3.418505560730761061e+01,-3.621322638654537940e+01,2.727195556640625000e+03,8.279032111167907715e-01,7.293500000000000538e-01,7.543592453002929688e-01,5.382176637649536133e-01
-3.418585981340541480e+01,-3.619855057258135389e+01,1.973973632812500000e+03,1.027272462844848633e+00,7.293600000000000083e-01,7.015636563301086426e-01,4.720705747604370117e-01
-3.418468519426659213e+01,-3.618315399441124214e+01,2.235318115234375000e+03,1.149575233459472656e+00,7.293700000000000738e-01,6.773020625114440918e-01,4.671877622604370117e-01
-3.418610203549888382e+01,-3.616730728332798606e+01,1.915776367187500000e+03,1.097561836242675781e+00,7.293800000000000283e-01,6.104683279991149902e-01,4.081360101699829102e-01
-3.418852878798285388e+01,-3.615873790489962403e+01,1.568770141601562500e+03,8.971042037010192871e-01,7.293900000000000938e-01,6.728007197380065918e-01,4.285828769207000732e-01
-3.418554328126305819e+01,-3.613613733985917520e+01,5.021912500000000000e+04,9.433168768882751465e-01,7.294000000000000483e-01,6.821086406707763672e-01,5.627081394195556641e-01
-3.418321734852290916e+01,-3.612169885802290281e+01,5.149108398437500000e+03,9.023517966270446777e-01,7.294100000000001138e-01,7.364301085472106934e-01,5.647680759429931641e-01
-3.418508109894207081e+01,-3.610911949861669967e+01,3.975695800781250000e+03,1.218283891677856445e+00,7.294200000000000683e-01,7.049968838691711426e-01,5.278416872024536133e-01
-3.418393165788161525e+01,-3.609667147675374110e+01,2.792738037109375000e+03,1.248529672622680664e+00,7.294300000000000228e-01,5.739234089851379395e-01,4.109589159488677979e-01
-3.418206928311573023e+01,-3.607179441359508587e+01,1.949016357421875000e+03,9.475857615470886230e-01,7.294400000000000883e-01,7.730513215065002441e-01,5.187626481056213379e-01
-3.418450445490197609e+01,-3.606804121685303244e+01,8.614779296875000000e+03,8.866829276084899902e-01,7.294500000000000428e-01,9.345662593841552734e-01,7.405499815940856934e-01
-3.418226556003503447e+01,-3.605363345839437983e+01,-3.470537890625000000e+04,1.317219257354736328e+00,7.294600000000001083e-01,7.661085724830627441e-01,6.450296044349670410e-01
-3.418410670629339876e+01,-3.603520318299685243e+01,6.690924804687500000e+03,1.559549093246459961e+00,7.294700000000000628e-01,7.200268507003784180e-01,5.626318454742431641e-01
-3.418823173232348722e+01,-3.601761975268313165e+01,5.545378417968750000e+03,1.343262910842895508e+00,7.294800000000000173e-01,6.904246807098388672e-01,5.325719118118286133e-01
-3.418464180071956093e+01,-3.600083482234990839e+01,-1.950431718750000000e+05,1.244354963302612305e+00,7.294900000000000828e-01,6.677653193473815918e-01,5.566809177398681641e-01
-3.418463585638753699e+01,-3.599342415079265578e+01,2.767755371093750000e+03,1.135545492172241211e+00,7.295000000000000373e-01,6.148170828819274902e-01,4.396455287933349609e-01
-3.418077803658743363e+01,-3.598166061747134137e+01,1.569509643554687500e+03,1.123377799987792969e+00,7.295100000000001028e-01,5.894874334335327148e-01,3.755583763122558594e-01
-3.418376501479276897e+01,-3.595342211110312292e+01,1.343097778320312500e+03,8.686322569847106934e-01,7.295200000000000573e-01,6.436563134193420410e-01,3.920379281044006348e-01
-3.417972139237747342e+01,-3.593857314443151552e+01,2.240811523437500000e+03,8.902019858360290527e-01,7.295300000000000118e-01,5.541631579399108887e-01,3.824248611927032471e-01
-3.418209972863884616e+01,-3.593325286805728780e+01,2.887271972656250000e+03,7.396132349967956543e-01,7.295400000000000773e-01,5.996345281600952148e-01,4.314820468425750732e-01
-3.417995921488760303e+01,-3.592137256803968626e+01,1.367259155273437500e+03,7.015795111656188965e-01,7.295500000000000318e-01,6.376290917396545410e-01,3.905120491981506348e-01
-3.418336253407884584e+01,-3.589746084924658476e+01,2.298396972656250000e+03,7.864386439323425293e-01,7.295600000000000973e-01,4.925937354564666748e-01,3.415311574935913086e-01
-3.418419027497886020e+01,-3.588601585138470540e+01,1.980793457031250000e+03,7.899815440177917480e-01,7.295700000000000518e-01,4.947299659252166748e-01,3.331387937068939209e-01
-3.417978072267951717e+01,-3.587277064729613585e+01,2.110774414062500000e+03,4.899698793888092041e-01,7.295800000000000063e-01,6.001685857772827148e-01,4.094330072402954102e-01
-3.418389548468513084e+01,-3.584976407421397937e+01,3.728167480468750000e+03,6.975752711296081543e-01,7.295900000000000718e-01,5.353947877883911133e-01,3.980651795864105225e-01
-3.418314014309759585e+01,-3.583509581335143679e+01,8.227268554687500000e+03,6.470698714256286621e-01,7.296000000000000263e-01,9.297597408294677734e-01,7.350568175315856934e-01
-3.418547981468861252e+01,-3.582474104960480332e+01,2.998217773437500000e+03,9.541565775871276855e-01,7.296100000000000918e-01,6.734110713005065918e-01,4.871768355369567871e-01
-3.418026518053289919e+01,-3.581559385923006289e+01,1.943588623046875000e+03,1.598711729049682617e+00,7.296200000000000463e-01,7.809096574783325195e-01,5.237218141555786133e-01
-3.418035285733551376e+01,-3.578802527188161520e+01,9.073630859375000000e+03,1.019948244094848633e+00,7.296300000000001118e-01,7.115582227706909180e-01,5.652258396148681641e-01
-3.417980963043506648e+01,-3.576496524125315091e+01,1.276414672851562500e+03,1.127976894378662109e+00,7.296400000000000663e-01,6.032966971397399902e-01,3.615202307701110840e-01
-3.418372219323070027e+01,-3.576692616156542925e+01,2.019765380859375000e+03,9.425193667411804199e-01,7.296500000000000208e-01,5.712531208992004395e-01,3.862395584583282471e-01
-3.418220096290644960e+01,-3.574646319627282764e+01,1.657867065429687500e+03,7.721645236015319824e-01,7.296600000000000863e-01,5.266209840774536133e-01,3.403104543685913086e-01
-3.418035574164013468e+01,-3.572953556340127790e+01,4.194506835937500000e+03,7.005316615104675293e-01,7.296700000000000408e-01,5.945228338241577148e-01,4.475801289081573486e-01
-3.418578747922709482e+01,-3.571154949328597183e+01,1.864704589843750000e+03,6.767303347587585449e-01,7.296800000000001063e-01,5.160923600196838379e-01,3.429807424545288086e-01
-3.418908530521963485e+01,-3.570254199832046993e+01,4.781295898437500000e+03,7.643861174583435059e-01,7.296900000000000608e-01,5.878852605819702148e-01,4.480378925800323486e-01
-3.418151401444121262e+01,-3.569236942861220996e+01,1.863869750976562500e+03,6.500191092491149902e-01,7.297000000000000153e-01,6.060432791709899902e-01,4.027191400527954102e-01
-3.417904623373451756e+01,-3.567175492006948900e+01,4.705745605468750000e+03,7.835251688957214355e-01,7.297100000000000808e-01,6.673075556755065918e-01,5.078526139259338379e-01
-3.417851291271825431e+01,-3.565184640621392731e+01,4.150152343750000000e+03,7.592195868492126465e-01,7.297200000000000353e-01,6.602884531021118164e-01,4.965610504150390625e-01
-3.418166827544969522e+01,-3.563932481423697851e+01,3.497932617187500000e+03,1.018877744674682617e+00,7.297300000000001008e-01,6.171059012413024902e-01,4.554384350776672363e-01
-3.418073477577265606e+01,-3.562655721178120416e+01,2.205204101562500000e+03,9.637445807456970215e-01,7.297400000000000553e-01,6.057381033897399902e-01,4.167572557926177979e-01
-3.417964557593793273e+01,-3.560911172322642670e+01,1.702382324218750000e+03,8.406228423118591309e-01,7.297500000000000098e-01,6.031441092491149902e-01,3.923431038856506348e-01
-3.418091302468277348e+01,-3.559215764662294390e+01,2.575876220703125000e+03,9.125167727470397949e-01,7.297600000000000753e-01,6.209206581115722656e-01,4.390351772308349609e-01
-3.417923648507488821e+01,-3.557998810754106245e+01,6.716903808593750000e+03,7.578284144401550293e-01,7.297700000000000298e-01,7.332257628440856934e-01,5.730841755867004395e-01
-3.418265494704682084e+01,-3.556540285871906093e+01,4.578466308593750000e+03,9.494442343711853027e-01,7.297800000000000953e-01,8.686480522155761719e-01,6.594492197036743164e-01
-3.418681995921205186e+01,-3.554566123700190161e+01,9.896609375000000000e+03,1.122797250747680664e+00,7.297900000000000498e-01,1.007732391357421875e+00,8.035690188407897949e-01
-3.418410050660889254e+01,-3.552778900539174600e+01,5.041327636718750000e+03,1.604117870330810547e+00,7.298000000000000043e-01,8.643755316734313965e-01,6.617380380630493164e-01
-3.417805799850285808e+01,-3.551591751189500457e+01,2.030699951171875000e+03,1.764946699142456055e+00,7.298100000000000698e-01,6.410623192787170410e-01,4.339234828948974609e-01
-3.418599539387884079e+01,-3.550762774051517567e+01,3.123712158203125000e+03,1.483892917633056641e+00,7.298200000000000243e-01,6.120705008506774902e-01,4.452913105487823486e-01
-3.418414747913674745e+01,-3.549096637159284739e+01,2.256092285156250000e+03,1.075314998626708984e+00,7.298300000000000898e-01,6.221413612365722656e-01,4.298798739910125732e-01
-3.417960437744572744e+01,-3.547801968678751194e+01,2.322494384765625000e+03,9.082228541374206543e-01,7.298400000000000443e-01,6.003974676132202148e-01,4.170624315738677979e-01
-3.417926875074207516e+01,-3.546210962729188054e+01,1.381568725585937500e+03,8.181506991386413574e-01,7.298500000000001098e-01,6.044411063194274902e-01,3.713622093200683594e-01
-3.418399397936211415e+01,-3.544909470224036596e+01,2.874825195312500000e+03,7.236606478691101074e-01,7.298600000000000643e-01,5.970405340194702148e-01,4.293458163738250732e-01
-3.418371718407425419e+01,-3.543196370355100555e+01,2.560478515625000000e+03,7.644433379173278809e-01,7.298700000000000188e-01,6.080269217491149902e-01,4.294984042644500732e-01
-3.417751688972835922e+01,-3.541659402034989768e+01,2.251580566406250000e+03,7.752460837364196777e-01,7.298800000000000843e-01,5.293675661087036133e-01,3.656401336193084717e-01
-3.418389790175285015e+01,-3.540653560737891326e+01,3.113954833984375000e+03,8.994800448417663574e-01,7.298900000000000388e-01,5.042667388916015625e-01,3.667082488536834717e-01
-3.418059306257432439e+01,-3.539082748688078084e+01,3.072977294921875000e+03,7.152933478355407715e-01,7.299000000000001043e-01,4.651278257369995117e-01,3.376401364803314209e-01
-3.418215385896799319e+01,-3.536713841073216003e+01,1.519713989257812500e+03,6.354338526725769043e-01,7.299100000000000588e-01,4.681795835494995117e-01,2.956783175468444824e-01
-3.418463676092675740e+01,-3.535477855243605205e+01,2.235957763671875000e+03,5.167109370231628418e-01,7.299200000000000133e-01,4.707735776901245117e-01,3.247464299201965332e-01
-3.418192422837901745e+01,-3.534391325889120594e+01,2.213145263671875000e+03,5.487341284751892090e-01,7.299300000000000788e-01,5.449315905570983887e-01,3.751769065856933594e-01
-3.417970486921282003e+01,-3.533495806931506422e+01,1.955049682617187500e+03,5.097813010215759277e-01,7.299400000000000333e-01,5.021305084228515625e-01,3.371823728084564209e-01
-3.418103149659891926e+01,-3.531163548643742445e+01,2.573654296875000000e+03,5.727214217185974121e-01,7.299500000000000988e-01,5.662939548492431641e-01,4.003539979457855225e-01
-3.418417074187856031e+01,-3.529612495935831618e+01,3.360480712890625000e+03,6.470829844474792480e-01,7.299600000000000533e-01,5.294438600540161133e-01,3.888335824012756348e-01
-3.417700177006036455e+01,-3.529077890764734349e+01,3.526364501953125000e+03,7.542127966880798340e-01,7.299700000000000077e-01,5.714820027351379395e-01,4.221741557121276855e-01
-3.418047713055059234e+01,-3.527275948136196604e+01,4.550054199218750000e+03,6.412619948387145996e-01,7.299800000000000733e-01,6.387735009193420410e-01,4.846591353416442871e-01
-3.418637143684160407e+01,-3.524852370504304133e+01,3.811035888671875000e+03,7.920283675193786621e-01,7.299900000000000277e-01,6.413674950599670410e-01,4.780215322971343994e-01
-3.417745818590191931e+01,-3.524068270357653176e+01,3.293213623046875000e+03,9.377068877220153809e-01,7.300000000000000933e-01,5.405828356742858887e-01,3.960052430629730225e-01
-3.417336466408062989e+01,-3.522660756026502327e+01,1.577179931640625000e+03,7.862347960472106934e-01,7.300100000000000477e-01,6.639505624771118164e-01,4.235474467277526855e-01
-3.418412502305596234e+01,-3.521308506353522461e+01,2.990674316406250000e+03,7.693750262260437012e-01,7.300200000000001133e-01,7.673292756080627441e-01,5.549261569976806641e-01
-3.418466147984286607e+01,-3.519290749365020332e+01,8.062393554687500000e+03,9.219748377799987793e-01,7.300300000000000678e-01,7.014873623847961426e-01,5.540105700492858887e-01
-3.418747774313133192e+01,-3.517921147389817094e+01,7.185053222656250000e+03,1.200247526168823242e+00,7.300400000000000222e-01,5.707190632820129395e-01,4.478853046894073486e-01
-3.418309057953903363e+01,-3.516847733798056197e+01,2.301138427734375000e+03,1.034099578857421875e+00,7.300500000000000878e-01,6.093239188194274902e-01,4.225556254386901855e-01
-3.418067373367512829e+01,-3.514682829269957409e+01,4.074386230468750000e+03,9.018296599388122559e-01,7.300600000000000422e-01,5.626318454742431641e-01,4.223267436027526855e-01
-3.418337348077547233e+01,-3.513230137921876661e+01,3.358769775390625000e+03,8.117050528526306152e-01,7.300700000000001078e-01,6.657816767692565918e-01,4.889316260814666748e-01
-3.417924881346304744e+01,-3.511968958148165143e+01,2.655892089843750000e+03,7.217473387718200684e-01,7.300800000000000622e-01,8.268387913703918457e-01,5.875037908554077148e-01
-3.418314045991468220e+01,-3.510638666369062832e+01,2.645074951171875000e+03,1.191771745681762695e+00,7.300900000000000167e-01,8.379014730453491211e-01,5.949805974960327148e-01
-3.418115782447507911e+01,-3.508665679089385492e+01,2.029057128906250000e+03,1.234993457794189453e+00,7.301000000000000822e-01,6.205391883850097656e-01,4.199616312980651855e-01
-3.418364197651981584e+01,-3.506509380973985657e+01,3.704392089843750000e+03,1.224880933761596680e+00,7.301100000000000367e-01,6.708170771598815918e-01,4.983921051025390625e-01
-3.418696565601090498e+01,-3.505131248587983350e+01,6.198364257812500000e+03,7.977277636528015137e-01,7.301200000000001022e-01,8.491166830062866211e-01,6.602121591567993164e-01
-3.418839584487015770e+01,-3.504189087802582492e+01,5.110924316406250000e+03,1.309333562850952148e+00,7.301300000000000567e-01,7.271222472190856934e-01,5.572912693023681641e-01
-3.418614784550572239e+01,-3.502711805000227940e+01,3.302739257812500000e+03,1.348907470703125000e+00,7.301400000000000112e-01,5.856726765632629395e-01,4.291932284832000732e-01
-3.418970744855313626e+01,-3.500479291360083778e+01,4.050230224609375000e+03,1.076999425888061523e+00,7.301500000000000767e-01,5.130406022071838379e-01,3.848662674427032471e-01
-3.418419377665863834e+01,-3.500512579913279865e+01,1.389499145507812500e+03,8.103973269462585449e-01,7.301600000000000312e-01,5.579016208648681641e-01,3.433622121810913086e-01
-3.418961570393733496e+01,-3.498095501363582116e+01,2.962645019531250000e+03,6.263334155082702637e-01,7.301700000000000967e-01,5.155583024024963379e-01,3.723540306091308594e-01
-3.418531718573102296e+01,-3.496225257020824273e+01,1.830286621093750000e+03,6.413466334342956543e-01,7.301800000000000512e-01,5.014438629150390625e-01,3.318417668342590332e-01
-3.418797017538118865e+01,-3.494828523607619530e+01,1.424474609375000000e+03,5.553633570671081543e-01,7.301900000000000057e-01,4.991550445556640625e-01,3.094875812530517578e-01
-3.418950287427121992e+01,-3.493408739001686314e+01,1.686640014648437500e+03,5.706316828727722168e-01,7.302000000000000712e-01,4.773348867893218994e-01,3.097927570343017578e-01
-3.418579704395802565e+01,-3.492367793612665849e+01,1.976583618164062500e+03,4.885512888431549072e-01,7.302100000000000257e-01,4.466646015644073486e-01,3.006374239921569824e-01
-3.418991908952295944e+01,-3.490847536458336720e+01,1.384968994140625000e+03,4.931360781192779541e-01,7.302200000000000912e-01,4.964084625244140625e-01,3.052150905132293701e-01
-3.419079755631639017e+01,-3.489103635329868780e+01,1.672021240234375000e+03,4.390627443790435791e-01,7.302300000000000457e-01,4.661196470260620117e-01,3.018581569194793701e-01
-3.418521480217791009e+01,-3.488035583305564558e+01,1.714203857421875000e+03,5.516631007194519043e-01,7.302400000000001112e-01,4.802340567111968994e-01,3.129208087921142578e-01
-3.419570838338967178e+01,-3.486233971205039950e+01,1.040040771484375000e+03,5.492276549339294434e-01,7.302500000000000657e-01,5.040378570556640625e-01,2.803431749343872070e-01
-3.419357671217449735e+01,-3.483728068060531768e+01,1.680663452148437500e+03,4.961818754673004150e-01,7.302600000000000202e-01,5.292912721633911133e-01,3.432096242904663086e-01
-3.419164600674272947e+01,-3.482089798598097730e+01,1.699815917968750000e+03,4.666441977024078369e-01,7.302700000000000857e-01,5.012912750244140625e-01,3.259671330451965332e-01
-3.418726864543111077e+01,-3.481574813605075747e+01,2.032608032226562500e+03,6.504542231559753418e-01,7.302800000000000402e-01,5.813239216804504395e-01,3.935638070106506348e-01
-3.418607916943394542e+01,-3.480062643887587370e+01,2.070577636718750000e+03,6.006020903587341309e-01,7.302900000000001057e-01,5.743048787117004395e-01,3.902831673622131348e-01
-3.418843984039811801e+01,-3.478019969073119455e+01,2.842209716796875000e+03,6.888861060142517090e-01,7.303000000000000602e-01,5.633947849273681641e-01,4.044739007949829102e-01
-3.418084793790643516e+01,-3.477232003954419781e+01,2.085072021484375000e+03,7.162374854087829590e-01,7.303100000000000147e-01,6.209206581115722656e-01,4.225556254386901855e-01
-3.418848776372638554e+01,-3.475568469814029271e+01,1.402726074218750000e+03,8.238989710807800293e-01,7.303200000000000802e-01,5.596563816070556641e-01,3.454221487045288086e-01
-3.418939243682158491e+01,-3.473695437577670475e+01,1.543278076171875000e+03,7.545954585075378418e-01,7.303300000000000347e-01,5.026645660400390625e-01,3.187954723834991455e-01
-3.418962747831934479e+01,-3.471884532793742295e+01,1.297563842773437500e+03,5.832261443138122559e-01,7.303400000000001002e-01,5.784247517585754395e-01,3.484739363193511963e-01
-3.418373739010514356e+01,-3.470790209768830437e+01,2.651159179687500000e+03,5.872065424919128418e-01,7.303500000000000547e-01,5.942176580429077148e-01,4.220978617668151855e-01
-3.418427670678104136e+01,-3.469660933639048750e+01,2.966249511718750000e+03,6.992251276969909668e-01,7.303600000000000092e-01,5.440923571586608887e-01,3.930297493934631348e-01
-3.417828474145211004e+01,-3.468233044447161717e+01,4.607268554687500000e+03,7.343179583549499512e-01,7.303700000000000747e-01,6.048988699913024902e-01,4.594820439815521240e-01
-3.418318848311459135e+01,-3.465367050194267051e+01,-9.712557617187500000e+03,7.236868739128112793e-01,7.303800000000000292e-01,7.844191789627075195e-01,6.812694072723388672e-01
-3.418544348502337726e+01,-3.464281286728724751e+01,2.714228027343750000e+03,1.055038690567016602e+00,7.303900000000000947e-01,6.381631493568420410e-01,4.549806714057922363e-01
-3.417969790500978888e+01,-3.463155347697959030e+01,1.772405761718750000e+03,1.272278547286987305e+00,7.304000000000000492e-01,6.125282645225524902e-01,4.023376405239105225e-01
-3.417582859135225704e+01,-3.461523337193066396e+01,1.889334350585937500e+03,8.765906691551208496e-01,7.304100000000001147e-01,6.085609793663024902e-01,4.056183099746704102e-01
-3.417796682580345902e+01,-3.460945088209361842e+01,1.205473510742187500e+03,9.225327372550964355e-01,7.304200000000000692e-01,5.534002184867858887e-01,3.252804875373840332e-01
-3.418800280696488869e+01,-3.458441553511828914e+01,4.296002441406250000e+03,6.919521689414978027e-01,7.304300000000000237e-01,6.094002127647399902e-01,4.598635137081146240e-01
-3.418488928438323171e+01,-3.457274964492939517e+01,5.757490722656250000e+03,6.811327338218688965e-01,7.304400000000000892e-01,6.784464716911315918e-01,5.247899293899536133e-01
-3.418737556918510734e+01,-3.455840851629501742e+01,3.462653125000000000e+04,6.229872107505798340e-01,7.304500000000000437e-01,8.253129124641418457e-01,6.782938838005065918e-01
-3.418705422067443322e+01,-3.454414504372589789e+01,5.577520019531250000e+03,1.305111169815063477e+00,7.304600000000001092e-01,6.560159921646118164e-01,5.062503814697265625e-01
-3.418623903975731082e+01,-3.453842578516353257e+01,2.680692382812500000e+03,1.364181756973266602e+00,7.304700000000000637e-01,6.322121620178222656e-01,4.498689770698547363e-01
-3.418382192065302405e+01,-3.451820616270408237e+01,4.207196289062500000e+03,8.662802577018737793e-01,7.304800000000000182e-01,6.438851952552795410e-01,4.848880171775817871e-01
-3.418493847672269936e+01,-3.449536542132904771e+01,3.095358642578125000e+03,8.825547099113464355e-01,7.304900000000000837e-01,6.572366952896118164e-01,4.775637686252593994e-01
-3.417731343793118981e+01,-3.447857681513752937e+01,1.655730712890625000e+03,8.948928713798522949e-01,7.305000000000000382e-01,5.151005387306213379e-01,3.327573239803314209e-01
-3.418041010586716766e+01,-3.447029721704270600e+01,2.376691650390625000e+03,8.914954066276550293e-01,7.305100000000001037e-01,4.877871870994567871e-01,3.402341604232788086e-01
-3.418957098401420325e+01,-3.445635729100993672e+01,2.826513916015625000e+03,5.869800448417663574e-01,7.305200000000000582e-01,6.110786795616149902e-01,4.383485317230224609e-01
-3.417957315808047269e+01,-3.443538508962465272e+01,2.343071777343750000e+03,5.451030135154724121e-01,7.305300000000000127e-01,6.642557978630065918e-01,4.621523320674896240e-01
-3.418524192774872006e+01,-3.441972877094877248e+01,3.497966552734375000e+03,1.023172855377197266e+00,7.305400000000000782e-01,6.505991220474243164e-01,4.801577627658843994e-01
-3.418774046359348517e+01,-3.440788560097352899e+01,4.804804687500000000e+03,9.537631869316101074e-01,7.305500000000000327e-01,5.755255818367004395e-01,4.388062953948974609e-01
-3.418341805262520694e+01,-3.439980404171102180e+01,2.206707763671875000e+03,9.024638533592224121e-01,7.305600000000000982e-01,5.166264176368713379e-01,3.554930090904235840e-01
-3.418575209087964595e+01,-3.437510370409876970e+01,3.008281982421875000e+03,7.661480307579040527e-01,7.305700000000000527e-01,5.955146551132202148e-01,4.310242831707000732e-01
-3.418536923638819758e+01,-3.436148945022515022e+01,3.543507568359375000e+03,6.343573927879333496e-01,7.305800000000000072e-01,6.695200800895690918e-01,4.948825538158416748e-01
-3.418930579233194322e+01,-3.434699915175762897e+01,3.152848632812500000e+03,8.376414179801940918e-01,7.305900000000000727e-01,7.419232726097106934e-01,5.404302477836608887e-01
-3.417719846895563762e+01,-3.433281896777118192e+01,2.442468994140625000e+03,9.174270033836364746e-01,7.306000000000000272e-01,7.285718321800231934e-01,5.105991959571838379e-01
-3.418207721425523005e+01,-3.431181762033840954e+01,2.141130859375000000e+04,1.087717533111572266e+00,7.306100000000000927e-01,7.822066545486450195e-01,6.380868554115295410e-01
-3.418697537138282172e+01,-3.430331112861370002e+01,6.179853027343750000e+03,1.193444252014160156e+00,7.306200000000000472e-01,7.501630783081054688e-01,5.831549763679504395e-01
-3.418756898788235077e+01,-3.429709411479564096e+01,4.693962890625000000e+03,1.420889616012573242e+00,7.306300000000001127e-01,7.443647384643554688e-01,5.663702487945556641e-01
-3.418241104687592014e+01,-3.427781170676339428e+01,3.137336181640625000e+03,1.358611106872558594e+00,7.306400000000000672e-01,6.290078163146972656e-01,4.578798711299896240e-01
-3.418800192039094554e+01,-3.425916270143935805e+01,2.429940185546875000e+03,1.158818721771240234e+00,7.306500000000000217e-01,5.827735066413879395e-01,4.080597162246704102e-01
-3.419100189985398686e+01,-3.423813395808395654e+01,2.292479980468750000e+03,7.443541884422302246e-01,7.306600000000000872e-01,6.299996376037597656e-01,4.365937709808349609e-01
-3.418079885038690691e+01,-3.422562350014345611e+01,2.119326660156250000e+03,7.929772734642028809e-01,7.306700000000000417e-01,6.019234061241149902e-01,4.109589159488677979e-01
-3.419161327941704087e+01,-3.421268841960770146e+01,1.884264404296875000e+03,6.873018145561218262e-01,7.306800000000001072e-01,6.316018104553222656e-01,4.207245707511901855e-01
-3.418747462699882789e+01,-3.419925220164452639e+01,2.300629638671875000e+03,8.329719901084899902e-01,7.306900000000000617e-01,5.985664129257202148e-01,4.150787889957427979e-01
-3.418654597318364807e+01,-3.417899183344330538e+01,3.248062988281250000e+03,8.638793826103210449e-01,7.307000000000000162e-01,6.081032156944274902e-01,4.446809589862823486e-01
-3.418312193646214325e+01,-3.416961074809517385e+01,4.441466308593750000e+03,8.427614569664001465e-01,7.307100000000000817e-01,5.413457751274108887e-01,4.098144769668579102e-01
-3.418622201092802015e+01,-3.415004468458147358e+01,1.522887329101562500e+03,9.768754839897155762e-01,7.307200000000000362e-01,7.664900422096252441e-01,4.843539595603942871e-01
-3.418553989451364572e+01,-3.413057412845360261e+01,2.327471923828125000e+03,7.309324145317077637e-01,7.307300000000001017e-01,7.414655089378356934e-01,5.152531266212463379e-01
-3.418755439410566055e+01,-3.411992666860859202e+01,7.883077148437500000e+03,1.130251407623291016e+00,7.307400000000000562e-01,6.019234061241149902e-01,4.748171865940093994e-01
-3.419065768446562714e+01,-3.410647424594121446e+01,1.963643798828125000e+03,1.088588953018188477e+00,7.307500000000000107e-01,6.257271766662597656e-01,4.205719828605651855e-01
-3.419186805979894928e+01,-3.409055426322017013e+01,1.320286132812500000e+04,9.070855975151062012e-01,7.307600000000000762e-01,6.328225731849670410e-01,5.099888443946838379e-01
-3.418644187099328491e+01,-3.407001896576159083e+01,1.602439697265625000e+03,8.905512690544128418e-01,7.307700000000000307e-01,6.179451942443847656e-01,3.958526551723480225e-01
-3.419009542720638706e+01,-3.405438143440127163e+01,1.607863769531250000e+03,9.232217669486999512e-01,7.307800000000000962e-01,5.827735066413879395e-01,3.736510276794433594e-01
-3.419030808334859017e+01,-3.404727365536763273e+01,3.604736328125000000e+03,7.196242213249206543e-01,7.307900000000000507e-01,6.636453866958618164e-01,4.915256202220916748e-01
-3.418324135678010833e+01,-3.403211741538083146e+01,1.609727783203125000e+03,7.534462809562683105e-01,7.308000000000000052e-01,6.866862773895263672e-01,4.404084682464599609e-01
-3.419018829729991893e+01,-3.400699997829654109e+01,2.843021972656250000e+03,1.096800088882446289e+00,7.308100000000000707e-01,6.984356045722961426e-01,5.014438629150390625e-01
-3.419569007267707406e+01,-3.399378293153198882e+01,2.649465087890625000e+03,8.926386237144470215e-01,7.308200000000000252e-01,7.573347091674804688e-01,5.379124879837036133e-01
-3.419184295175443822e+01,-3.398556248260538837e+01,2.538386230468750000e+03,1.076570272445678711e+00,7.308300000000000907e-01,7.400922179222106934e-01,5.220432877540588379e-01
-3.419099896418647688e+01,-3.396846243194331549e+01,2.663130371093750000e+03,1.209254980087280273e+00,7.308400000000000452e-01,5.672857761383056641e-01,4.032531976699829102e-01
-3.419192832751312494e+01,-3.395036765346235086e+01,3.198658007812500000e+04,9.876865744590759277e-01,7.308500000000001107e-01,5.405828356742858887e-01,4.438417255878448486e-01
-3.419002336902857309e+01,-3.393507142595704806e+01,6.654086425781250000e+03,8.147401213645935059e-01,7.308600000000000652e-01,7.048442959785461426e-01,5.505773425102233887e-01
-3.418764038462726518e+01,-3.392224274875282930e+01,2.463733398437500000e+03,8.514291644096374512e-01,7.308700000000000196e-01,5.148716568946838379e-01,3.613676428794860840e-01
-3.418952835652737576e+01,-3.390373541479251429e+01,4.187614257812500000e+03,8.806032538414001465e-01,7.308800000000000852e-01,7.339887022972106934e-01,5.524846911430358887e-01
-3.419439754267026643e+01,-3.388484275933282674e+01,1.897842895507812500e+03,6.923527121543884277e-01,7.308900000000000396e-01,7.143048048019409180e-01,4.765719473361968994e-01
-3.418241555779093943e+01,-3.387456717476873536e+01,1.485711914062500000e+03,1.177852869033813477e+00,7.309000000000001052e-01,5.637762546539306641e-01,3.538145124912261963e-01
-3.418372043869919708e+01,-3.387026705968770557e+01,3.182177246093750000e+03,8.467203974723815918e-01,7.309100000000000597e-01,9.923973083496093750e-01,7.237652540206909180e-01
-3.418354230058588428e+01,-3.385246812941373662e+01,1.672445800781250000e+03,1.046890735626220703e+00,7.309200000000000141e-01,6.649424433708190918e-01,4.306428134441375732e-01
-3.418650461143861463e+01,-3.383347496501499307e+01,2.077808398437500000e+04,1.458992481231689453e+00,7.309300000000000797e-01,5.852149128913879395e-01,4.771060049533843994e-01
-3.418487382269925945e+01,-3.381833943048393110e+01,1.750474975585937500e+03,8.932239413261413574e-01,7.309400000000000341e-01,5.936073064804077148e-01,3.887572884559631348e-01
-3.418045075550819689e+01,-3.380418529951344198e+01,2.648281250000000000e+03,8.395022749900817871e-01,7.309500000000000997e-01,5.281468629837036133e-01,3.751006126403808594e-01
-3.418310008383847531e+01,-3.379255826371267091e+01,1.986683593750000000e+03,6.968111395835876465e-01,7.309600000000000541e-01,5.795691609382629395e-01,3.905120491981506348e-01
-3.418943096669107007e+01,-3.376918916060569131e+01,2.900976806640625000e+03,7.003611922264099121e-01,7.309700000000000086e-01,5.598089694976806641e-01,4.031006097793579102e-01
-3.418245377665003559e+01,-3.376122090567253764e+01,2.625341064453125000e+03,7.790631651878356934e-01,7.309800000000000741e-01,6.890513896942138672e-01,4.887027442455291748e-01
-3.418900801208923923e+01,-3.374298400820004673e+01,2.657024658203125000e+03,7.413048148155212402e-01,7.309900000000000286e-01,7.107189297676086426e-01,5.050296783447265625e-01
-3.417966786864158735e+01,-3.373002774723070019e+01,2.733599853515625000e+03,9.157723784446716309e-01,7.310000000000000941e-01,7.102611660957336426e-01,5.069370269775390625e-01
-3.417801589406796126e+01,-3.371118955610015178e+01,2.344407470703125000e+03,1.072669744491577148e+00,7.310100000000000486e-01,6.809642314910888672e-01,4.738253653049468994e-01
-3.418223388979875921e+01,-3.369861144743472892e+01,2.273401611328125000e+03,1.055758714675903320e+00,7.310200000000001141e-01,6.312966346740722656e-01,4.368226528167724609e-01
-3.417935803867718647e+01,-3.369055350908789137e+01,2.134282714843750000e+03,1.141616821289062500e+00,7.310300000000000686e-01,5.385991334915161133e-01,3.682341277599334717e-01
-3.418032965360973918e+01,-3.366496619653332800e+01,3.073087890625000000e+03,8.595377802848815918e-01,7.310400000000000231e-01,5.427953600883483887e-01,3.940215706825256348e-01
-3.418046749564421560e+01,-3.365899228098071916e+01,2.477566894531250000e+03,6.249303221702575684e-01,7.310500000000000886e-01,6.357980370521545410e-01,4.466646015644073486e-01
-3.417647521381899622e+01,-3.364301264863043173e+01,1.470284912109375000e+03,8.019453883171081543e-01,7.310600000000000431e-01,6.494547128677368164e-01,4.063812494277954102e-01
-3.417280535624035309e+01,-3.362912842213032150e+01,2.861872314453125000e+03,8.943719267845153809e-01,7.310700000000001086e-01,7.242993116378784180e-01,5.205174088478088379e-01
-3.418254390444118940e+01,-3.361166070016098928e+01,2.741239257812500000e+03,8.667678236961364746e-01,7.310800000000000631e-01,7.481031417846679688e-01,5.341740846633911133e-01
-3.417896078097454904e+01,-3.359777614274657509e+01,4.190602539062500000e+03,1.063321352005004883e+00,7.310900000000000176e-01,5.820105671882629395e-01,4.381196498870849609e-01
-3.417554662291826872e+01,-3.358007297935884594e+01,2.579514404296875000e+03,1.044886827468872070e+00,7.311000000000000831e-01,5.563757419586181641e-01,3.934875130653381348e-01
-3.417640867697245000e+01,-3.356193895521918336e+01,2.318649902343750000e+03,8.148927092552185059e-01,7.311100000000000376e-01,6.479287743568420410e-01,4.499452710151672363e-01
-3.417963613759707897e+01,-3.355005122527565220e+01,4.009429443359375000e+03,7.321256995201110840e-01,7.311200000000001031e-01,5.984901189804077148e-01,4.484956562519073486e-01
-3.417262598596089163e+01,-3.353150663811278065e+01,3.654673339843750000e+03,7.718116641044616699e-01,7.311300000000000576e-01,5.818579792976379395e-01,4.316346347332000732e-01
-3.418307314420258081e+01,-3.352228874592421448e+01,2.140855468750000000e+03,9.850174784660339355e-01,7.311400000000000121e-01,5.842230916023254395e-01,3.996673524379730225e-01
-3.418322601966945484e+01,-3.350755250810806274e+01,4.896888183593750000e+03,8.425993323326110840e-01,7.311500000000000776e-01,6.525064706802368164e-01,4.983158111572265625e-01
-3.418055232998764126e+01,-3.348070173188214227e+01,2.583123046875000000e+03,9.346396327018737793e-01,7.311600000000000321e-01,6.309914588928222656e-01,4.463594257831573486e-01
-3.418184578050709632e+01,-3.347024724004436536e+01,2.353706298828125000e+03,1.050520658493041992e+00,7.311700000000000976e-01,5.298253297805786133e-01,3.689207732677459717e-01
-3.418724257859761195e+01,-3.346020252484294843e+01,2.597904785156250000e+03,8.130449652671813965e-01,7.311800000000000521e-01,6.148933768272399902e-01,4.353730678558349609e-01
-3.418464733799798694e+01,-3.344731127773389545e+01,2.727869384765625000e+03,7.958824038505554199e-01,7.311900000000000066e-01,5.714820027351379395e-01,4.077545404434204102e-01
-3.418532052088161777e+01,-3.343132063019214684e+01,1.936042968750000000e+03,8.178514838218688965e-01,7.312000000000000721e-01,5.603430271148681641e-01,3.754820823669433594e-01
-3.418881898030943489e+01,-3.341722149810056663e+01,1.557843261718750000e+03,7.447022795677185059e-01,7.312100000000000266e-01,5.247899293899536133e-01,3.336728513240814209e-01
-3.418563909216118901e+01,-3.340317528353929788e+01,1.481135253906250000e+03,6.596583724021911621e-01,7.312200000000000921e-01,5.463811755180358887e-01,3.425992727279663086e-01
-3.418784258224838624e+01,-3.338934015425997615e+01,2.334508300781250000e+03,5.396170020103454590e-01,7.312300000000000466e-01,6.615091562271118164e-01,4.599398076534271240e-01
-3.418409543579720378e+01,-3.337576025078534769e+01,3.231535156250000000e+03,7.615548968315124512e-01,7.312400000000001121e-01,5.611059665679931641e-01,4.100433588027954102e-01
-3.418866112652632694e+01,-3.335662512866451834e+01,4.814846191406250000e+03,8.297211527824401855e-01,7.312500000000000666e-01,6.828715801239013672e-01,5.207462906837463379e-01
-3.418529323479475579e+01,-3.334399394817297946e+01,3.224808105468750000e+03,8.567458987236022949e-01,7.312600000000000211e-01,6.575418710708618164e-01,4.803866446018218994e-01
-3.418623257349953093e+01,-3.332334015648234526e+01,4.588353515625000000e+03,1.027714729309082031e+00,7.312700000000000866e-01,7.728224396705627441e-01,5.868171453475952148e-01
-3.418597132795314764e+01,-3.330703939018899007e+01,3.980684814453125000e+03,1.056608676910400391e+00,7.312800000000000411e-01,6.351113915443420410e-01,4.755801260471343994e-01
-3.418845379467822454e+01,-3.329559915981182172e+01,2.741714843750000000e+03,1.230725765228271484e+00,7.312900000000001066e-01,5.717871785163879395e-01,4.082885980606079102e-01
-3.418616430912339865e+01,-3.328456332725648537e+01,4.040729980468750000e+03,9.164459109306335449e-01,7.313000000000000611e-01,6.365609765052795410e-01,4.774111807346343994e-01
-3.418396819427709232e+01,-3.326093504547052504e+01,2.113014892578125000e+03,7.625336050987243652e-01,7.313100000000000156e-01,5.946754217147827148e-01,4.057708978652954102e-01
-3.418592190095591121e+01,-3.324717800677827739e+01,4.576636718750000000e+03,8.214969038963317871e-01,7.313200000000000811e-01,7.377271056175231934e-01,5.600378513336181641e-01
-3.418837211951974808e+01,-3.323451310052834629e+01,-4.906096484375000000e+04,9.223753809928894043e-01,7.313300000000000356e-01,1.017345547676086426e+00,8.535417914390563965e-01
-3.418224223953060914e+01,-3.321683958647919610e+01,8.898500000000000000e+03,1.591504335403442383e+00,7.313400000000001011e-01,8.920703530311584473e-01,7.079723477363586426e-01
-3.417981811818815885e+01,-3.320459675170705083e+01,3.273738281250000000e+03,2.012251138687133789e+00,7.313500000000000556e-01,7.506971359252929688e-01,5.495092272758483887e-01
-3.418633144235143106e+01,-3.317892147894148280e+01,1.902822265625000000e+03,1.648627042770385742e+00,7.313600000000000101e-01,5.501195788383483887e-01,3.672423064708709717e-01
-3.417887312150794799e+01,-3.317478867334367010e+01,1.843870971679687500e+03,1.138585329055786133e+00,7.313700000000000756e-01,6.293892860412597656e-01,4.172150194644927979e-01
-3.418800238472420006e+01,-3.316270926572623523e+01,1.967569091796875000e+03,8.173508048057556152e-01,7.313800000000000301e-01,6.211495399475097656e-01,4.176727831363677979e-01
-3.418453883499360302e+01,-3.314777653506235566e+01,3.084156738281250000e+03,8.518022894859313965e-01,7.313900000000000956e-01,6.240487098693847656e-01,4.532259106636047363e-01
-3.417533118315922280e+01,-3.312053275062035596e+01,2.196022460937500000e+03,8.583015799522399902e-01,7.314000000000000501e-01,5.507299304008483887e-01,3.786101341247558594e-01
-3.418197345053366121e+01,-3.310943165454455794e+01,1.318389550781250000e+04,8.285230994224548340e-01,7.314100000000000046e-01,7.305554747581481934e-01,5.887244939804077148e-01
-3.418330363284285767e+01,-3.310521632896681155e+01,2.594791259765625000e+03,7.582027316093444824e-01,7.314200000000000701e-01,7.538251876831054688e-01,5.336400270462036133e-01
-3.418073103038202021e+01,-3.308551000289328670e+01,1.743051513671875000e+03,1.295705556869506836e+00,7.314300000000000246e-01,7.193402051925659180e-01,4.706209897994995117e-01
-3.417982367453217307e+01,-3.306216644211333744e+01,3.034564208984375000e+03,1.113323688507080078e+00,7.314400000000000901e-01,8.102066516876220703e-01,5.871223211288452148e-01
-3.417662724215839631e+01,-3.305082995711907756e+01,3.171015380859375000e+03,1.056452512741088867e+00,7.314500000000000446e-01,7.977706789970397949e-01,5.815528035163879395e-01
-3.418229079706121354e+01,-3.303839361993966861e+01,4.083616699218750000e+03,1.292609691619873047e+00,7.314600000000001101e-01,7.020214200019836426e-01,5.270787477493286133e-01
-3.417727457534825675e+01,-3.302019865501060991e+01,1.996590942382812500e+03,1.129228591918945312e+00,7.314700000000000646e-01,6.377816796302795410e-01,4.301850497722625732e-01
-3.418117601127102034e+01,-3.300075846648238098e+01,2.644587158203125000e+03,1.037175178527832031e+00,7.314800000000000191e-01,6.789042353630065918e-01,4.820651412010192871e-01
-3.418312429232337735e+01,-3.299328012830198986e+01,1.721962890625000000e+03,8.891851305961608887e-01,7.314900000000000846e-01,5.521032214164733887e-01,3.601469397544860840e-01
-3.417873118457544024e+01,-3.297416150702563442e+01,1.390546997070312500e+03,9.662181735038757324e-01,7.315000000000000391e-01,5.783484578132629395e-01,3.560270667076110840e-01
-3.418259312770353375e+01,-3.295651390192292496e+01,2.153405517578125000e+03,7.658094763755798340e-01,7.315100000000001046e-01,5.871223211288452148e-01,4.021087586879730225e-01
-3.418597243970509680e+01,-3.294441043229080179e+01,2.434195068359375000e+03,6.544358134269714355e-01,7.315200000000000591e-01,6.175637245178222656e-01,4.325501620769500732e-01
-3.418004583702862220e+01,-3.292936539105143368e+01,1.710678222656250000e+03,7.837707400321960449e-01,7.315300000000000136e-01,5.889533758163452148e-01,3.835692703723907471e-01
-3.417620292144172112e+01,-3.291550041711197139e+01,2.685485107421875000e+03,7.692689299583435059e-01,7.315400000000000791e-01,6.170296072959899902e-01,4.391877651214599609e-01
-3.418445277052561693e+01,-3.289407002579520878e+01,5.133891015625000000e+04,8.250839114189147949e-01,7.315500000000000336e-01,6.883647441864013672e-01,5.679724216461181641e-01
-3.418500105439203196e+01,-3.288499661706523369e+01,4.341171875000000000e+03,9.483057856559753418e-01,7.315600000000000991e-01,6.113075613975524902e-01,4.617708623409271240e-01
-3.417826399371632107e+01,-3.287200193515146651e+01,1.975364868164062500e+03,1.091683626174926758e+00,7.315700000000000536e-01,5.132694840431213379e-01,3.454221487045288086e-01
-3.418802040988733637e+01,-3.285377404890586206e+01,2.100493652343750000e+03,7.040459513664245605e-01,7.315800000000000081e-01,4.832095503807067871e-01,3.293240666389465332e-01
-3.418910185247332834e+01,-3.283511393045614568e+01,1.388553100585937500e+03,6.152529120445251465e-01,7.315900000000000736e-01,5.565283298492431641e-01,3.424466848373413086e-01
-3.418576456749806880e+01,-3.282610685771279435e+01,1.915583129882812500e+03,6.091911196708679199e-01,7.316000000000000281e-01,5.611822605133056641e-01,3.751769065856933594e-01
-3.418793351725499718e+01,-3.281233628740445596e+01,3.077030761718750000e+03,6.180137991905212402e-01,7.316100000000000936e-01,5.591986179351806641e-01,4.059997797012329102e-01
-3.418824739844973948e+01,-3.279531408568396245e+01,3.523263671875000000e+03,6.948263049125671387e-01,7.316200000000000481e-01,6.466317772865295410e-01,4.776400625705718994e-01
-3.418491927981512646e+01,-3.277663875475467137e+01,2.344161376953125000e+03,8.109170794486999512e-01,7.316300000000001136e-01,7.624464631080627441e-01,5.305119752883911133e-01
-3.418219600276810155e+01,-3.276184167486358945e+01,2.508855957031250000e+03,1.010735750198364258e+00,7.316400000000000681e-01,6.500650644302368164e-01,4.576509892940521240e-01
-3.418789785955431171e+01,-3.275293510633505178e+01,2.324360595703125000e+03,1.128426313400268555e+00,7.316500000000000226e-01,5.756018757820129395e-01,3.998962342739105225e-01
-3.419122107181431858e+01,-3.273387798998961529e+01,3.322091308593750000e+03,8.545131087303161621e-01,7.316600000000000881e-01,7.010295987129211426e-01,5.141087174415588379e-01
-3.418369865709185262e+01,-3.271383199119242136e+01,3.541665771484375000e+03,8.793408274650573730e-01,7.316700000000000426e-01,6.334329247474670410e-01,4.681795835494995117e-01
-3.418589112418679576e+01,-3.269682683597450534e+01,2.584878906250000000e+03,9.694666266441345215e-01,7.316800000000001081e-01,6.621958017349243164e-01,4.684847593307495117e-01
-3.419129428877657517e+01,-3.269110682409485946e+01,2.525639892578125000e+03,8.845908045768737793e-01,7.316900000000000626e-01,6.013892889022827148e-01,4.238526225090026855e-01
-3.418465722165424836e+01,-3.267689404783228468e+01,2.761918457031250000e+03,9.708911776542663574e-01,7.317000000000000171e-01,7.850295305252075195e-01,5.611822605133056641e-01
-3.417969455036229220e+01,-3.265571280454243208e+01,2.952826660156250000e+03,8.477074503898620605e-01,7.317100000000000826e-01,6.416726708412170410e-01,4.632204473018646240e-01
-3.418717452511842225e+01,-3.264018484380911644e+01,4.223556152343750000e+03,9.643108248710632324e-01,7.317200000000000371e-01,6.109260916709899902e-01,4.602449834346771240e-01
-3.418009497689642728e+01,-3.263035236011360496e+01,3.160701416015625000e+03,1.063134193420410156e+00,7.317300000000001026e-01,5.831549763679504395e-01,4.249207377433776855e-01
-3.417815366293808665e+01,-3.261311254850472352e+01,2.418601318359375000e+03,9.101039767265319824e-01,7.317400000000000571e-01,5.788825154304504395e-01,4.050079584121704102e-01
-3.418057954126332731e+01,-3.259585958617943646e+01,4.513707519531250000e+03,7.674354910850524902e-01,7.317500000000000115e-01,6.126808524131774902e-01,4.645174443721771240e-01
-3.418357675041815469e+01,-3.258771787211301785e+01,1.975471801757812500e+03,8.378786444664001465e-01,7.317600000000000771e-01,6.453347802162170410e-01,4.343049526214599609e-01
-3.417918462042876371e+01,-3.257504786290788701e+01,4.001812255859375000e+03,1.011670351028442383e+00,7.317700000000000315e-01,6.808879375457763672e-01,5.101414322853088379e-01
-3.418075311233659619e+01,-3.255835314679359271e+01,2.376405761718750000e+03,9.742755293846130371e-01,7.317800000000000971e-01,6.126045584678649902e-01,4.272858798503875732e-01
-3.417652534532940933e+01,-3.254038372664420820e+01,2.344732177734375000e+03,8.315343260765075684e-01,7.317900000000000515e-01,5.977271795272827148e-01,4.159180223941802979e-01
-3.417778583455080366e+01,-3.252235697396698555e+01,2.903179443359375000e+03,8.409959673881530762e-01,7.318000000000000060e-01,5.708716511726379395e-01,4.111115038394927979e-01
-3.418368044684570606e+01,-3.251417783716054544e+01,2.538526367187500000e+03,7.759518027305603027e-01,7.318100000000000716e-01,5.521032214164733887e-01,3.894439339637756348e-01
-3.418052917287427306e+01,-3.248807471376341027e+01,1.508384277343750000e+03,7.554740309715270996e-01,7.318200000000000260e-01,5.247136354446411133e-01,3.306973576545715332e-01
-3.418283349316175190e+01,-3.247507114559526542e+01,2.206796142578125000e+03,7.494193911552429199e-01,7.318300000000000916e-01,5.200596451759338379e-01,3.578581213951110840e-01
-3.417885402827477037e+01,-3.246485601278747879e+01,4.683845703125000000e+03,5.696958899497985840e-01,7.318400000000000460e-01,6.514383554458618164e-01,4.955691993236541748e-01
-3.418822402116076375e+01,-3.244663346190778697e+01,6.218029785156250000e+03,7.797295451164245605e-01,7.318500000000001116e-01,7.111004590988159180e-01,5.530187487602233887e-01
-3.418373066421863626e+01,-3.243405753439422057e+01,2.778502685546875000e+03,1.059017896652221680e+00,7.318600000000000660e-01,6.272530555725097656e-01,4.488008320331573486e-01
-3.418097976882393141e+01,-3.241907252210264545e+01,3.125199951171875000e+03,1.169569015502929688e+00,7.318700000000000205e-01,6.813457012176513672e-01,4.957217872142791748e-01
-3.418259254525266755e+01,-3.240963645643793711e+01,1.938374414062500000e+04,9.333950877189636230e-01,7.318800000000000860e-01,7.924301028251647949e-01,6.451058983802795410e-01
-3.419156857201850386e+01,-3.239056681680876437e+01,3.841168212890625000e+03,1.170986413955688477e+00,7.318900000000000405e-01,6.631113290786743164e-01,4.946536719799041748e-01
-3.418018587181237677e+01,-3.236929212525669897e+01,6.161000976562500000e+03,1.366923570632934570e+00,7.319000000000001060e-01,7.910568118095397949e-01,6.148170828819274902e-01
-3.418640565434773038e+01,-3.235565454333367796e+01,3.699214111328125000e+03,9.785110354423522949e-01,7.319100000000000605e-01,6.411386132240295410e-01,4.762667715549468994e-01
-3.419048763204229147e+01,-3.235081365811045373e+01,5.008111328125000000e+03,1.289231300354003906e+00,7.319200000000000150e-01,6.013129949569702148e-01,4.600923955440521240e-01
-3.418452490298432167e+01,-3.233217169568846572e+01,2.186169921875000000e+03,1.006042480468750000e+00,7.319300000000000805e-01,5.492040514945983887e-01,3.772368431091308594e-01
-3.418439893882380431e+01,-3.232009211842490259e+01,1.797295288085937500e+03,8.192474246025085449e-01,7.319400000000000350e-01,5.224247574806213379e-01,3.442777395248413086e-01
-3.418024766275066639e+01,-3.229781894023921041e+01,1.636261840820312500e+03,6.977588534355163574e-01,7.319500000000001005e-01,5.080052018165588379e-01,3.271878361701965332e-01
-3.417974056674271566e+01,-3.228484324459785171e+01,2.758259521484375000e+03,6.952125430107116699e-01,7.319600000000000550e-01,4.867190718650817871e-01,3.478635847568511963e-01
-3.418136357691308547e+01,-3.227391327955017886e+01,2.332329882812500000e+04,5.592400431632995605e-01,7.319700000000000095e-01,6.497598886489868164e-01,5.308934450149536133e-01
-3.418097659261168531e+01,-3.225590765186669273e+01,4.093727050781250000e+03,6.601757407188415527e-01,7.319800000000000750e-01,7.405499815940856934e-01,5.561468601226806641e-01
-3.418417710667414156e+01,-3.223357533681030418e+01,6.601028808593750000e+03,1.126325845718383789e+00,7.319900000000000295e-01,7.759505510330200195e-01,6.058143973350524902e-01
-3.418331501914893522e+01,-3.222540132615655040e+01,4.392936035156250000e+03,1.227949380874633789e+00,7.320000000000000950e-01,7.258251905441284180e-01,5.488988757133483887e-01
-3.418446609250592871e+01,-3.221206423649061179e+01,3.669831542968750000e+03,1.168102741241455078e+00,7.320100000000000495e-01,7.273511290550231934e-01,5.398198962211608887e-01
-3.418653445724964257e+01,-3.219200748958298419e+01,4.755611816406250000e+03,1.093567132949829102e+00,7.320200000000001150e-01,6.789042353630065918e-01,5.171604752540588379e-01
-3.418049337022135603e+01,-3.218024598523287949e+01,1.559341186523437500e+03,1.183834791183471680e+00,7.320300000000000695e-01,5.508062243461608887e-01,3.503049910068511963e-01
-3.417671112265588818e+01,-3.216927310071865520e+01,2.978029541015625000e+03,9.551162123680114746e-01,7.320400000000000240e-01,5.850623250007629395e-01,4.228608012199401855e-01
-3.418017421108490339e+01,-3.214824629280858659e+01,1.971991577148437500e+03,6.300241351127624512e-01,7.320500000000000895e-01,5.422613024711608887e-01,3.648009002208709717e-01
-3.418015639244808312e+01,-3.213399966411830633e+01,1.912737915039062500e+03,7.603818774223327637e-01,7.320600000000000440e-01,5.580542087554931641e-01,3.729643821716308594e-01
-3.417458913145592447e+01,-3.212015210441421686e+01,3.421825439453125000e+03,6.236142516136169434e-01,7.320700000000001095e-01,6.246590614318847656e-01,4.597872197628021240e-01
-3.417702132551993799e+01,-3.210740016380481876e+01,1.454599243164062500e+03,7.679886221885681152e-01,7.320800000000000640e-01,5.082340836524963379e-01,3.170407116413116455e-01
-3.417635043889637814e+01,-3.208848928348501772e+01,2.453883544921875000e+03,7.171875834465026855e-01,7.320900000000000185e-01,6.435800194740295410e-01,4.513948559761047363e-01
-3.417220033617625319e+01,-3.207097698504684757e+01,1.588835571289062500e+03,6.127077937126159668e-01,7.321000000000000840e-01,5.746863484382629395e-01,3.673186004161834717e-01
-3.416832117091944099e+01,-3.206337112404541756e+01,1.227078369140625000e+03,9.034962058067321777e-01,7.321100000000000385e-01,5.582830905914306641e-01,3.301633000373840332e-01
-3.417797259278395217e+01,-3.204812090599796193e+01,3.508123535156250000e+03,6.581372618675231934e-01,7.321200000000001040e-01,6.940867900848388672e-01,5.124302506446838379e-01
-3.417920615103468407e+01,-3.203422659839744568e+01,2.012487915039062500e+03,6.966299414634704590e-01,7.321300000000000585e-01,5.581305027008056641e-01,3.770842552185058594e-01
-3.418045055448392588e+01,-3.201307923562236368e+01,2.373068603515625000e+03,9.671539664268493652e-01,7.321400000000000130e-01,5.247899293899536133e-01,3.659453094005584717e-01
-3.417695940363309148e+01,-3.200374170065016699e+01,2.418042480468750000e+03,6.386405825614929199e-01,7.321500000000000785e-01,4.983158111572265625e-01,3.486265242099761963e-01
-3.417620811947024606e+01,-3.198328587577534776e+01,2.599048828125000000e+03,6.820160746574401855e-01,7.321600000000000330e-01,5.036563873291015625e-01,3.566374182701110840e-01
-3.417914082150925026e+01,-3.197340358597603682e+01,3.164198974609375000e+03,5.211753249168395996e-01,7.321700000000000985e-01,6.390786767005920410e-01,4.657381772994995117e-01
-3.417951391649616255e+01,-3.195425567632505093e+01,1.401335571289062500e+03,7.392186522483825684e-01,7.321800000000000530e-01,5.324956178665161133e-01,3.285611271858215332e-01
-3.417451942202577442e+01,-3.194459931942876807e+01,1.855922119140625000e+03,7.856065630912780762e-01,7.321900000000000075e-01,5.404302477836608887e-01,3.587736487388610840e-01
-3.417869220818575116e+01,-3.192991271915119000e+01,1.671980957031250000e+03,6.193227171897888184e-01,7.322000000000000730e-01,5.113621354103088379e-01,3.311551213264465332e-01
-3.418033673478905854e+01,-3.190723217576016779e+01,2.337940673828125000e+03,6.428975462913513184e-01,7.322100000000000275e-01,5.972694158554077148e-01,4.153839647769927979e-01
-3.418759175705701381e+01,-3.189539019450968027e+01,1.322519775390625000e+03,5.430406928062438965e-01,7.322200000000000930e-01,5.299779176712036133e-01,3.212368786334991455e-01
-3.417953692880585237e+01,-3.188638928534945549e+01,2.234674316406250000e+03,6.665140986442565918e-01,7.322300000000000475e-01,5.097599625587463379e-01,3.516019880771636963e-01
-3.417805546063932809e+01,-3.187236354042208930e+01,1.465921020507812500e+03,5.376881957054138184e-01,7.322400000000001130e-01,6.061958670616149902e-01,3.789916336536407471e-01
-3.418656979597861323e+01,-3.185220549876016349e+01,2.201868896484375000e+03,6.518191695213317871e-01,7.322500000000000675e-01,6.077980399131774902e-01,4.180542826652526855e-01
-3.418391591938296159e+01,-3.183622543697869389e+01,2.855625488281250000e+03,7.338053584098815918e-01,7.322600000000000220e-01,6.459451317787170410e-01,4.640596807003021240e-01
-3.418319452225473754e+01,-3.182343102689097947e+01,2.858586425781250000e+03,7.638747096061706543e-01,7.322700000000000875e-01,6.627298593521118164e-01,4.761904776096343994e-01
-3.418188634146662963e+01,-3.180950269303251687e+01,1.574462280273437500e+03,8.958072066307067871e-01,7.322800000000000420e-01,5.924628973007202148e-01,3.777709007263183594e-01
-3.418402136737443442e+01,-3.178701710925285084e+01,2.013881835937500000e+03,8.030492663383483887e-01,7.322900000000001075e-01,4.931277930736541748e-01,3.332150876522064209e-01
-3.418503351557432524e+01,-3.177458978441888604e+01,2.373670898437500000e+03,6.335825324058532715e-01,7.323000000000000620e-01,5.424901843070983887e-01,3.783049583435058594e-01
-3.418120285577369089e+01,-3.175709045641155015e+01,3.174461669921875000e+03,6.602293848991394043e-01,7.323100000000000165e-01,5.747626423835754395e-01,4.190461039543151855e-01
-3.418329070274172921e+01,-3.174415298895241833e+01,1.744946533203125000e+03,6.598586440086364746e-01,7.323200000000000820e-01,6.318306922912597656e-01,4.134766161441802979e-01
-3.418084011776330300e+01,-3.173044732208836294e+01,1.743795410156250000e+03,8.151978850364685059e-01,7.323300000000000365e-01,6.656290888786315918e-01,4.355256557464599609e-01
-3.417436836983141291e+01,-3.171405495122719032e+01,1.234884033203125000e+03,8.005339503288269043e-01,7.323400000000001020e-01,6.242775917053222656e-01,3.699888885021209717e-01
-3.418524879840057196e+01,-3.170109101552420583e+01,1.702423706054687500e+03,8.806700110435485840e-01,7.323500000000000565e-01,5.450841784477233887e-01,3.545774519443511963e-01
-3.418069694150572246e+01,-3.168803614066669638e+01,3.151503662109375000e+03,7.177502512931823730e-01,7.323600000000000110e-01,6.690623164176940918e-01,4.873294234275817871e-01
-3.418233890186299107e+01,-3.166959201641938648e+01,3.832812500000000000e+03,6.631941199302673340e-01,7.323700000000000765e-01,7.256726026535034180e-01,5.411931872367858887e-01
-3.418030337909137018e+01,-3.165120556052025691e+01,4.783109375000000000e+03,1.001276493072509766e+00,7.323800000000000310e-01,8.301194310188293457e-01,6.326699256896972656e-01
-3.417935309554916046e+01,-3.164269866275856913e+01,7.333965820312500000e+03,1.133179187774658203e+00,7.323900000000000965e-01,7.059887051582336426e-01,5.546972751617431641e-01
-3.417649134236823016e+01,-3.162262624277936496e+01,1.906968139648437500e+03,1.360647201538085938e+00,7.324000000000000510e-01,6.145119071006774902e-01,4.104248583316802979e-01
-3.418259306468334557e+01,-3.160787739319358636e+01,3.972020996093750000e+03,1.082705974578857422e+00,7.324100000000000055e-01,5.688116550445556641e-01,4.258362948894500732e-01
-3.417854029684870198e+01,-3.159378883472054511e+01,1.570360961914062500e+03,7.882685065269470215e-01,7.324200000000000710e-01,5.318089723587036133e-01,3.388608396053314209e-01
-3.418232329267349456e+01,-3.158342136070619688e+01,3.848113281250000000e+03,7.904238104820251465e-01,7.324300000000000255e-01,6.244301795959472656e-01,4.658907651901245117e-01
-3.418774175041583163e+01,-3.156594887750737755e+01,1.426921142578125000e+03,7.184905409812927246e-01,7.324400000000000910e-01,5.162449479103088379e-01,3.202450573444366455e-01
-3.418536626841075332e+01,-3.154865202491487253e+01,2.614489990234375000e+03,7.743114829063415527e-01,7.324500000000000455e-01,5.414983630180358887e-01,3.837981522083282471e-01
-3.417835736663833046e+01,-3.153734466856725760e+01,2.990023437500000000e+03,6.965059638023376465e-01,7.324600000000001110e-01,5.569860935211181641e-01,4.027954339981079102e-01
-3.417816732561785642e+01,-3.151978255587823696e+01,1.630471679687500000e+03,7.325453162193298340e-01,7.324700000000000655e-01,5.039615631103515625e-01,3.242886662483215332e-01
-3.417814729365660753e+01,-3.150814838308676613e+01,1.601577026367187500e+03,6.935400366783142090e-01,7.324800000000000200e-01,5.711005330085754395e-01,3.657927215099334717e-01
-3.418005907998221460e+01,-3.149093282263365623e+01,3.201444091796875000e+03,6.015617251396179199e-01,7.324900000000000855e-01,7.572584152221679688e-01,5.527135729789733887e-01
-3.417096204919334212e+01,-3.147410468150320995e+01,2.028555541992187500e+03,7.755691409111022949e-01,7.325000000000000400e-01,6.251931190490722656e-01,4.230896830558776855e-01
-3.417536449910080876e+01,-3.146584448801809231e+01,2.208641113281250000e+03,1.142297506332397461e+00,7.325100000000001055e-01,5.870460271835327148e-01,4.040161371231079102e-01
-3.418227373466692853e+01,-3.144995599974164335e+01,2.367867187500000000e+03,8.661431670188903809e-01,7.325200000000000600e-01,6.240487098693847656e-01,4.349915981292724609e-01
-3.417418442294419378e+01,-3.142446371372481195e+01,4.581916992187500000e+03,8.969146609306335449e-01,7.325300000000000145e-01,5.513402819633483887e-01,4.185883402824401855e-01
-3.417988567000863043e+01,-3.141927481521052457e+01,3.647461181640625000e+03,7.867473959922790527e-01,7.325400000000000800e-01,5.929969549179077148e-01,4.397981166839599609e-01
-3.418008380053465345e+01,-3.139900202797995377e+01,1.752241577148437500e+03,8.035582900047302246e-01,7.325500000000000345e-01,5.359288454055786133e-01,3.510679304599761963e-01
-3.417688236104561383e+01,-3.138295270495115830e+01,1.460291381835937500e+03,8.057648539543151855e-01,7.325600000000001000e-01,5.920814275741577148e-01,3.697600066661834717e-01
-3.416755815137261010e+01,-3.136383738806514643e+01,2.222388183593750000e+03,6.709653735160827637e-01,7.325700000000000545e-01,6.295418739318847656e-01,4.337708950042724609e-01
-3.418013867002667183e+01,-3.134922165581408038e+01,2.746408447265625000e+03,7.341367602348327637e-01,7.325800000000000090e-01,5.139561295509338379e-01,3.670897185802459717e-01
-3.417929768332827223e+01,-3.134153425199366083e+01,1.595435791015625000e+03,8.168715834617614746e-01,7.325900000000000745e-01,6.029152274131774902e-01,3.857817947864532471e-01
-3.417281544617927125e+01,-3.132180141800646211e+01,1.705639038085937500e+03,7.187396883964538574e-01,7.326000000000000290e-01,5.826972126960754395e-01,3.792205154895782471e-01
-3.417539735162616665e+01,-3.130634790927227584e+01,2.856046630859375000e+03,7.687968611717224121e-01,7.326100000000000945e-01,5.568335056304931641e-01,4.000488221645355225e-01
-3.418226079334971956e+01,-3.129680087885185102e+01,1.881941894531250000e+03,7.813472151756286621e-01,7.326200000000000490e-01,5.428716540336608887e-01,3.615202307701110840e-01
-3.417702408557434524e+01,-3.128421281624465422e+01,2.437575195312500000e+03,6.887049078941345215e-01,7.326300000000001145e-01,6.107735037803649902e-01,4.278962314128875732e-01
-3.417894867263112957e+01,-3.126626035595246833e+01,2.464254150390625000e+03,6.888157725334167480e-01,7.326400000000000690e-01,6.618143320083618164e-01,4.645174443721771240e-01
-3.417744400006836969e+01,-3.124389477431484963e+01,1.946728149414062500e+03,8.891910910606384277e-01,7.326500000000000234e-01,6.414437890052795410e-01,4.303376376628875732e-01
-3.418242050031419410e+01,-3.123690756345063946e+01,1.090515380859375000e+03,9.770805239677429199e-01,7.326600000000000890e-01,5.353947877883911133e-01,3.033840358257293701e-01
-3.417477106877232984e+01,-3.121935690161550880e+01,3.265631347656250000e+03,6.689638495445251465e-01,7.326700000000000434e-01,6.166481375694274902e-01,4.512422680854797363e-01
-3.418547531480593449e+01,-3.120650746785710083e+01,4.254781250000000000e+03,6.793374419212341309e-01,7.326800000000001090e-01,6.032966971397399902e-01,4.548280835151672363e-01
-3.418839464972499798e+01,-3.118664118826402643e+01,-1.012308300781250000e+04,8.967239260673522949e-01,7.326900000000000635e-01,7.513837814331054688e-01,6.514383554458618164e-01
-3.418169245580126159e+01,-3.117457526863197259e+01,5.283440917968750000e+03,9.059876799583435059e-01,7.327000000000000179e-01,8.795580863952636719e-01,6.759287714958190918e-01
-3.418161716647250614e+01,-3.116614903247611323e+01,2.442778076171875000e+03,1.604960680007934570e+00,7.327100000000000835e-01,6.151222586631774902e-01,4.311005771160125732e-01
-3.417830604800966654e+01,-3.114633433600045365e+01,2.462576171875000000e+03,1.441379308700561523e+00,7.327200000000000379e-01,6.662394404411315918e-01,4.675692319869995117e-01
-3.417908178501405558e+01,-3.113597902057704303e+01,2.270364257812500000e+03,8.502787947654724121e-01,7.327300000000001035e-01,5.505010485649108887e-01,3.808226883411407471e-01
-3.417998387288139384e+01,-3.112213595742595373e+01,2.391062011718750000e+03,8.386880755424499512e-01,7.327400000000000579e-01,5.279179811477661133e-01,3.686155974864959717e-01
-3.418406033628634333e+01,-3.111119897239660759e+01,2.256316162109375000e+03,6.108993887901306152e-01,7.327500000000000124e-01,6.280922889709472656e-01,4.339997768402099609e-01
-3.417818946761681786e+01,-3.109449684284782123e+01,1.655441040039062500e+03,8.325332999229431152e-01,7.327600000000000779e-01,5.180760025978088379e-01,3.346646726131439209e-01
-3.417058483156166204e+01,-3.108681848666366321e+01,6.079312500000000000e+03,7.139307856559753418e-01,7.327700000000000324e-01,1.659018099308013916e-01,1.288228183984756470e-01
-3.416875824340024792e+01,-3.107695723565006318e+01,-1.276744384765625000e+03,6.260222792625427246e-01,7.327800000000000979e-01,2.811442688107490540e-02,3.246319666504859924e-02
-3.416053940967833569e+01,-3.106953434949774007e+01,-1.226062866210937500e+03,2.902621328830718994e-01,7.327900000000000524e-01,2.864848636090755463e-02,3.353131562471389771e-02
-3.414970093994328693e+01,-3.105459616545649482e+01,-1.131514038085937500e+03,1.369172483682632446e-01,7.328000000000000069e-01,2.651224657893180847e-02,3.192913904786109924e-02
