# x_coordinates, y_coordinates, TEP, TED, times, high, low
-3.041295884579641751e+01,-3.888313186898005824e+01,2.781868652343750000e+03,-1.097321626730263233e-03,1.006890000000000063e+00,7.445173263549804688e-01,5.328007936477661133e-01
-3.042407520712569990e+01,-3.887594533110824102e+01,2.406043701171875000e+03,4.904502928256988525e-01,1.006900000000000128e+00,8.095963001251220703e-01,5.659124851226806641e-01
-3.043413878429308284e+01,-3.886388603919350970e+01,2.063986816406250000e+03,1.218393564224243164e+00,1.006909999999999972e+00,8.514817953109741211e-01,5.782721638679504395e-01
-3.045581747281340768e+01,-3.885281140817819079e+01,2.138698486328125000e+03,1.037998914718627930e+00,1.006920000000000037e+00,7.872420549392700195e-01,5.384465456008911133e-01
-3.047348888882084950e+01,-3.884798905108493727e+01,2.515779296875000000e+03,1.027699232101440430e+00,1.006930000000000103e+00,7.248333692550659180e-01,5.105229020118713379e-01
-3.048971645090053428e+01,-3.883697376055658168e+01,1.968899414062500000e+03,8.516997694969177246e-01,1.006940000000000168e+00,7.934982180595397949e-01,5.336400270462036133e-01
-3.051019544078326007e+01,-3.881670590439799895e+01,1.560627563476562500e+03,9.422511458396911621e-01,1.006950000000000012e+00,8.781085014343261719e-01,5.585882663726806641e-01
-3.052536303799662321e+01,-3.880285046846017849e+01,1.954264648437500000e+03,9.415668845176696777e-01,1.006960000000000077e+00,9.179341197013854980e-01,6.163429617881774902e-01
-3.053642236688881439e+01,-3.879908523106492169e+01,1.805282104492187500e+03,1.145301580429077148e+00,1.006970000000000143e+00,8.061630725860595703e-01,5.318089723587036133e-01
-3.055159329859931816e+01,-3.877173496038023615e+01,1.345815307617187500e+03,9.569162726402282715e-01,1.006979999999999986e+00,8.320267796516418457e-01,5.070896148681640625e-01
-3.057125600475467664e+01,-3.875428135944307684e+01,1.847455810546875000e+03,8.763117194175720215e-01,1.006990000000000052e+00,8.426316976547241211e-01,5.588171482086181641e-01
-3.058039921685028872e+01,-3.873718691288997462e+01,1.929601684570312500e+03,8.424527049064636230e-01,1.007000000000000117e+00,7.301740050315856934e-01,4.889316260814666748e-01
-3.058783077909682291e+01,-3.872359175481859239e+01,1.364930786132812500e+03,1.010210037231445312e+00,1.007010000000000183e+00,7.928878664970397949e-01,4.853457808494567871e-01
-3.059298257720751835e+01,-3.870034553505599462e+01,1.797449829101562500e+03,8.674270510673522949e-01,1.007020000000000026e+00,8.556017279624938965e-01,5.638525485992431641e-01
-3.059350137366343958e+01,-3.867430663952078618e+01,2.499164794921875000e+03,8.914226889610290527e-01,1.007030000000000092e+00,8.601030707359313965e-01,6.051277518272399902e-01
-3.060031426132469079e+01,-3.865778369365582279e+01,3.996824462890625000e+03,1.079306125640869141e+00,1.007040000000000157e+00,9.996452331542968750e-01,7.488660812377929688e-01
-3.060364458361833329e+01,-3.864028940885333441e+01,2.965490234375000000e+03,1.164257049560546875e+00,1.007050000000000001e+00,8.655199408531188965e-01,6.251931190490722656e-01
-3.060452892366808797e+01,-3.861084104175483134e+01,1.829779907226562500e+03,1.538726806640625000e+00,1.007060000000000066e+00,7.393292784690856934e-01,4.892368018627166748e-01
-3.060284523419009162e+01,-3.859077536432622679e+01,1.692708496093750000e+03,1.020677804946899414e+00,1.007070000000000132e+00,7.361249327659606934e-01,4.781741201877593994e-01
-3.059760261848919072e+01,-3.857068416734341554e+01,1.501580932617187500e+03,8.843631148338317871e-01,1.007079999999999975e+00,6.502176523208618164e-01,4.092804193496704102e-01
-3.060673539433514989e+01,-3.855302358077663172e+01,1.175873779296875000e+03,7.640380263328552246e-01,1.007090000000000041e+00,6.937816143035888672e-01,4.042450189590454102e-01
-3.059714983176971970e+01,-3.852337177169046356e+01,1.411361572265625000e+03,7.879776358604431152e-01,1.007100000000000106e+00,6.042885184288024902e-01,3.736510276794433594e-01
-3.059516225571040238e+01,-3.850664269985797006e+01,2.093851318359375000e+03,6.660134196281433105e-01,1.007110000000000172e+00,6.579233407974243164e-01,4.481141865253448486e-01
-3.059617606210816732e+01,-3.847875912285604727e+01,1.607740112304687500e+03,5.660302042961120605e-01,1.007120000000000015e+00,7.090404629707336426e-01,4.545992016792297363e-01
-3.059403073295857567e+01,-3.846131889708455276e+01,1.251230957031250000e+03,6.911212801933288574e-01,1.007130000000000081e+00,7.399396300315856934e-01,4.404847621917724609e-01
-3.058539034210322782e+01,-3.844177720228091033e+01,1.532232299804687500e+03,6.435448527336120605e-01,1.007140000000000146e+00,6.932475566864013672e-01,4.388062953948974609e-01
-3.059376155220063254e+01,-3.842070897392317619e+01,1.245888793945312500e+03,6.733114123344421387e-01,1.007149999999999990e+00,7.498579025268554688e-01,4.457490742206573486e-01
-3.059261587597914911e+01,-3.839874493019025437e+01,2.052726806640625000e+03,6.896585822105407715e-01,1.007160000000000055e+00,7.370404601097106934e-01,4.999942779541015625e-01
-3.059100596401004779e+01,-3.837195123114541673e+01,1.329546020507812500e+03,7.547075152397155762e-01,1.007170000000000121e+00,8.923755288124084473e-01,5.418035387992858887e-01
-3.058964885453971760e+01,-3.836311515568283426e+01,1.436865356445312500e+03,9.131366610527038574e-01,1.007180000000000186e+00,7.355145812034606934e-01,4.571932256221771240e-01
-3.059174497494317535e+01,-3.834014167264800221e+01,2.548057373046875000e+03,9.046501517295837402e-01,1.007190000000000030e+00,9.383046627044677734e-01,6.622720956802368164e-01
-3.059541280966658050e+01,-3.832356821166614935e+01,2.585165283203125000e+03,8.997494578361511230e-01,1.007200000000000095e+00,9.566915631294250488e-01,6.768442988395690918e-01
-3.059520340887141288e+01,-3.830226006981195752e+01,1.975418823242187500e+03,1.221562147140502930e+00,1.007210000000000161e+00,7.825118303298950195e-01,5.266209840774536133e-01
-3.059980977898769083e+01,-3.827802632112587844e+01,1.215940917968750000e+03,1.174541234970092773e+00,1.007220000000000004e+00,7.691603302955627441e-01,4.534547924995422363e-01
-3.059408854639892184e+01,-3.825809655159772404e+01,1.215375732421875000e+03,9.018523097038269043e-01,1.007230000000000070e+00,7.550458908081054688e-01,4.450624287128448486e-01
-3.059503683071821811e+01,-3.823683720910164396e+01,1.625671508789062500e+03,7.828158736228942871e-01,1.007240000000000135e+00,7.513837814331054688e-01,4.831332564353942871e-01
-3.059621259025294648e+01,-3.821736140907981394e+01,1.601231811523437500e+03,7.260770201683044434e-01,1.007249999999999979e+00,7.974655032157897949e-01,5.107517838478088379e-01
-3.059812724523457561e+01,-3.818892497938851704e+01,1.971018676757812500e+03,7.282192111015319824e-01,1.007260000000000044e+00,9.129749536514282227e-01,6.141304373741149902e-01
-3.059583831609707971e+01,-3.816797451061941615e+01,1.607640380859375000e+03,1.011756181716918945e+00,1.007270000000000110e+00,7.047680020332336426e-01,4.518526196479797363e-01
-3.059882922095234292e+01,-3.814887997576661860e+01,1.307437377929687500e+03,1.071294069290161133e+00,1.007280000000000175e+00,6.495310068130493164e-01,3.922668099403381348e-01
-3.059556601424366562e+01,-3.813359202866565312e+01,2.544789794921875000e+03,7.243055701255798340e-01,1.007290000000000019e+00,7.462720870971679688e-01,5.266209840774536133e-01
-3.060038309657935685e+01,-3.810839381159998851e+01,2.119337158203125000e+03,6.715256571769714355e-01,1.007300000000000084e+00,7.363538146018981934e-01,5.027408599853515625e-01
-3.059549127719398243e+01,-3.808302974144304187e+01,1.647204833984375000e+03,9.050256609916687012e-01,1.007310000000000150e+00,7.609205842018127441e-01,4.909152686595916748e-01
-3.060512833323398141e+01,-3.805749148919114333e+01,1.320655151367187500e+03,8.391816020011901855e-01,1.007319999999999993e+00,7.497053146362304688e-01,4.542177319526672363e-01
-3.060150445183696988e+01,-3.804101633241033653e+01,3.252023437500000000e+03,8.082312941551208496e-01,1.007330000000000059e+00,8.227952122688293457e-01,6.017708182334899902e-01
-3.059891720125602887e+01,-3.801451517280551684e+01,2.407500488281250000e+03,7.836682200431823730e-01,1.007340000000000124e+00,8.328660130500793457e-01,5.822394490242004395e-01
-3.059764908084698831e+01,-3.798780380405606394e+01,1.911969970703125000e+03,1.039610624313354492e+00,1.007350000000000190e+00,8.003646731376647949e-01,5.348607301712036133e-01
-3.059710242190412544e+01,-3.797098451971893951e+01,2.361648681640625000e+03,9.036762118339538574e-01,1.007360000000000033e+00,8.998523950576782227e-01,6.269478797912597656e-01
-3.060131443115960437e+01,-3.794718604177320742e+01,1.302059204101562500e+03,1.059866666793823242e+00,1.007370000000000099e+00,7.910568118095397949e-01,4.771060049533843994e-01
-3.059213988040830756e+01,-3.792380604695514279e+01,1.814944458007812500e+03,1.046958684921264648e+00,1.007380000000000164e+00,7.148388624191284180e-01,4.721468687057495117e-01
-3.060023225466396113e+01,-3.789298000187641691e+01,2.406968017578125000e+03,7.777029871940612793e-01,1.007390000000000008e+00,7.126263380050659180e-01,4.981632232666015625e-01
-3.060071341768952635e+01,-3.788274037500802649e+01,2.045777832031250000e+03,7.396203875541687012e-01,1.007400000000000073e+00,8.605608344078063965e-01,5.833838582038879395e-01
-3.060122173232849008e+01,-3.785512192052069480e+01,1.534588012695312500e+03,8.299786448478698730e-01,1.007410000000000139e+00,8.364518880844116211e-01,5.296727418899536133e-01
-3.060190077266238262e+01,-3.782874652813404026e+01,1.624096435546875000e+03,1.095629453659057617e+00,1.007419999999999982e+00,7.228497266769409180e-01,4.646700322628021240e-01
-3.059856629293924968e+01,-3.780624311649670943e+01,1.812699951171875000e+03,9.659368395805358887e-01,1.007430000000000048e+00,7.616072297096252441e-01,5.028934478759765625e-01
-3.060261348414690730e+01,-3.779058913760649574e+01,1.601402709960937500e+03,7.945806384086608887e-01,1.007440000000000113e+00,7.115582227706909180e-01,4.557436108589172363e-01
-3.059644844930661733e+01,-3.777274529399456071e+01,1.262539184570312500e+03,8.637911677360534668e-01,1.007450000000000179e+00,6.752421259880065918e-01,4.031769037246704102e-01
-3.059808119235506751e+01,-3.774238343566536713e+01,1.833361083984375000e+03,6.531316637992858887e-01,1.007460000000000022e+00,7.481031417846679688e-01,4.952640235424041748e-01
-3.059700244547248360e+01,-3.771619456150058625e+01,1.433035156250000000e+03,5.970019698143005371e-01,1.007470000000000088e+00,6.439614892005920410e-01,3.999725282192230225e-01
-3.060239810317401421e+01,-3.770377655600532307e+01,1.988776123046875000e+03,8.577997088432312012e-01,1.007480000000000153e+00,7.667952179908752441e-01,5.167790055274963379e-01
-3.060841580252744265e+01,-3.768604281525180966e+01,1.932804321289062500e+03,6.842452883720397949e-01,1.007489999999999997e+00,7.069042325019836426e-01,4.735201895236968994e-01
-3.060269525042177818e+01,-3.765267893127449383e+01,1.913243530273437500e+03,9.234661459922790527e-01,1.007500000000000062e+00,7.246807813644409180e-01,4.843539595603942871e-01
-3.060847817413122485e+01,-3.763144286184747500e+01,1.486526123046875000e+03,6.875080466270446777e-01,1.007510000000000128e+00,8.854327797889709473e-01,5.557653903961181641e-01
-3.060143634958372516e+01,-3.761322589261406790e+01,1.285933105468750000e+03,8.637506365776062012e-01,1.007520000000000193e+00,8.309586644172668457e-01,4.991550445556640625e-01
-3.061171385385958388e+01,-3.759210758649376771e+01,1.501279174804687500e+03,9.253138899803161621e-01,1.007530000000000037e+00,7.677107453346252441e-01,4.832095503807067871e-01
-3.060552408791224721e+01,-3.756603006894044938e+01,1.001356201171875000e+03,8.443076014518737793e-01,1.007540000000000102e+00,6.477761864662170410e-01,3.547300398349761963e-01
-3.060719422924246302e+01,-3.754426478632996123e+01,1.661972412109375000e+03,7.140869498252868652e-01,1.007550000000000168e+00,7.947189211845397949e-01,5.138798356056213379e-01
-3.060071870530625304e+01,-3.753079085488514721e+01,3.379587402343750000e+03,6.001085638999938965e-01,1.007560000000000011e+00,8.249314427375793457e-01,6.062721610069274902e-01
-3.060374000907643932e+01,-3.750438820147426355e+01,1.870152221679687500e+03,8.557838797569274902e-01,1.007570000000000077e+00,8.198959827423095703e-01,5.452367663383483887e-01
-3.060436984070732791e+01,-3.748272286422837141e+01,1.518081420898437500e+03,1.033830165863037109e+00,1.007580000000000142e+00,7.307843565940856934e-01,4.613893926143646240e-01
-3.060969206236326912e+01,-3.746290545868484401e+01,2.199029785156250000e+03,8.746988177299499512e-01,1.007589999999999986e+00,7.205609083175659180e-01,4.954929053783416748e-01
-3.060268364451772882e+01,-3.744360947206916279e+01,1.836193969726562500e+03,7.266480326652526855e-01,1.007600000000000051e+00,7.242230176925659180e-01,4.796237051486968994e-01
-3.060713364936385616e+01,-3.741492260851239138e+01,1.182396606445312500e+03,8.042616248130798340e-01,1.007610000000000117e+00,8.126480579376220703e-01,4.744357168674468994e-01
-3.061044456539656622e+01,-3.739267493275458776e+01,1.950791992187500000e+03,7.245261073112487793e-01,1.007620000000000182e+00,8.237107396125793457e-01,5.528661608695983887e-01
-3.060564971989215621e+01,-3.737626671934778244e+01,1.626489990234375000e+03,9.447163939476013184e-01,1.007630000000000026e+00,8.144028186798095703e-01,5.237218141555786133e-01
-3.060609677833140552e+01,-3.735612354253013478e+01,1.877481201171875000e+03,9.868056178092956543e-01,1.007640000000000091e+00,8.610185980796813965e-01,5.730841755867004395e-01
-3.060179766724336758e+01,-3.733653647168812739e+01,3.181231689453125000e+03,9.549099802970886230e-01,1.007650000000000157e+00,8.372911214828491211e-01,6.106209158897399902e-01
-3.060860291133099054e+01,-3.730800716920825266e+01,3.357244873046875000e+03,1.110246896743774414e+00,1.007660000000000000e+00,7.394818663597106934e-01,5.430242419242858887e-01
-3.060403033685321716e+01,-3.729081880148071093e+01,1.947344482421875000e+03,1.047360420227050781e+00,1.007670000000000066e+00,7.537488937377929688e-01,5.057163238525390625e-01
-3.060979523704128979e+01,-3.727335785306770788e+01,1.557654663085937500e+03,1.013702869415283203e+00,1.007680000000000131e+00,8.259995579719543457e-01,5.251713991165161133e-01
-3.060915454303087913e+01,-3.724667794532644649e+01,2.169237304687500000e+03,8.586067557334899902e-01,1.007689999999999975e+00,1.043819546699523926e+00,7.159069776535034180e-01
-3.061171831893232564e+01,-3.722036574606789827e+01,1.253367553710937500e+03,1.176800251007080078e+00,1.007700000000000040e+00,7.520704269409179688e-01,4.479615986347198486e-01
-3.060228999046853460e+01,-3.720547497236062640e+01,1.261249755859375000e+03,1.147027730941772461e+00,1.007710000000000106e+00,7.097271084785461426e-01,4.236237406730651855e-01
-3.060263536010652174e+01,-3.718094476089935085e+01,1.296903686523437500e+03,7.534176707267761230e-01,1.007720000000000171e+00,6.415963768959045410e-01,3.864684402942657471e-01
-3.060274927839196124e+01,-3.715553525757252373e+01,1.369261474609375000e+03,6.450063586235046387e-01,1.007730000000000015e+00,7.714491486549377441e-01,4.726809561252593994e-01
-3.060305386238190906e+01,-3.713364490535343521e+01,2.148140869140625000e+03,6.246632933616638184e-01,1.007740000000000080e+00,6.888225078582763672e-01,4.715365171432495117e-01
-3.060645415918699541e+01,-3.711371835098925942e+01,1.626883666992187500e+03,8.027047514915466309e-01,1.007750000000000146e+00,8.147079944610595703e-01,5.239506959915161133e-01
-3.060517029185235671e+01,-3.709346568784592080e+01,1.680018554687500000e+03,7.577270865440368652e-01,1.007759999999999989e+00,8.041030764579772949e-01,5.213566422462463379e-01
-3.060163522520804236e+01,-3.706832644401232812e+01,1.648116577148437500e+03,8.644134402275085449e-01,1.007770000000000055e+00,7.593947052955627441e-01,4.899997413158416748e-01
-3.060593615896247499e+01,-3.704600258964879345e+01,2.795306152343750000e+03,8.461648821830749512e-01,1.007780000000000120e+00,6.663157343864440918e-01,4.771822988986968994e-01
-3.059808446171417984e+01,-3.702767259118761700e+01,1.166361816406250000e+03,8.207840323448181152e-01,1.007790000000000186e+00,6.955364346504211426e-01,4.040924310684204102e-01
-3.060069450839604599e+01,-3.700306242918811250e+01,2.448144531250000000e+03,6.713051199913024902e-01,1.007800000000000029e+00,6.827952861785888672e-01,4.787081778049468994e-01
-3.060060757915779561e+01,-3.697908300327993913e+01,1.631049194335937500e+03,6.899709105491638184e-01,1.007810000000000095e+00,7.889205217361450195e-01,5.076999664306640625e-01
-3.060510092613059641e+01,-3.695552814156421562e+01,2.045941772460937500e+03,7.294911742210388184e-01,1.007820000000000160e+00,8.122665882110595703e-01,5.506536364555358887e-01
-3.060439122903467890e+01,-3.694539586825517574e+01,1.966671386718750000e+03,9.964103102684020996e-01,1.007830000000000004e+00,9.323537349700927734e-01,6.268715858459472656e-01
-3.059801713959291547e+01,-3.692264042322524631e+01,1.997582763671875000e+03,1.008169174194335938e+00,1.007840000000000069e+00,9.119831323623657227e-01,6.151985526084899902e-01
-3.059943610102349965e+01,-3.689035043235586642e+01,1.484329345703125000e+03,1.223380088806152344e+00,1.007850000000000135e+00,8.510240316390991211e-01,5.339452028274536133e-01
-3.060285028992043266e+01,-3.686895446036129442e+01,2.168228027343750000e+03,1.209333658218383789e+00,1.007859999999999978e+00,7.187298536300659180e-01,4.928989112377166748e-01
-3.060309261307435591e+01,-3.684588067922912558e+01,1.264186523437500000e+03,9.700745940208435059e-01,1.007870000000000044e+00,7.236126661300659180e-01,4.322449862957000732e-01
-3.059794995717494004e+01,-3.683013762381061440e+01,1.798525512695312500e+03,7.049745917320251465e-01,1.007880000000000109e+00,8.189041614532470703e-01,5.397436022758483887e-01
-3.060169306459706817e+01,-3.680199863270947702e+01,1.654919555664062500e+03,7.516831755638122559e-01,1.007890000000000175e+00,6.884410381317138672e-01,4.446809589862823486e-01
-3.059436375188296608e+01,-3.677450968761765182e+01,2.984146972656250000e+03,8.145911097526550293e-01,1.007900000000000018e+00,6.601358652114868164e-01,4.772585928440093994e-01
-3.059702809457246886e+01,-3.675734074063625911e+01,1.397283813476562500e+03,7.899648547172546387e-01,1.007910000000000084e+00,7.107952237129211426e-01,4.381959438323974609e-01
-3.059678336965143686e+01,-3.673425989208405440e+01,1.777972412109375000e+03,6.451482176780700684e-01,1.007920000000000149e+00,8.351548314094543457e-01,5.489751696586608887e-01
-3.059791425782653462e+01,-3.670670537966557845e+01,1.422957031250000000e+03,8.292788863182067871e-01,1.007929999999999993e+00,7.256726026535034180e-01,4.497926831245422363e-01
-3.058907193073307340e+01,-3.668381833848810913e+01,1.773548583984375000e+03,9.034640192985534668e-01,1.007940000000000058e+00,7.810622453689575195e-01,5.131168961524963379e-01
-3.059732673157598271e+01,-3.666683487843789635e+01,1.437680297851562500e+03,7.540947794914245605e-01,1.007950000000000124e+00,6.919505596160888672e-01,4.301850497722625732e-01
-3.059423095307732865e+01,-3.664134827349104739e+01,1.620901489257812500e+03,8.392423987388610840e-01,1.007960000000000189e+00,6.562448740005493164e-01,4.216400980949401855e-01
-3.059914758007824531e+01,-3.661926871409985296e+01,1.542119506835937500e+03,6.307227015495300293e-01,1.007970000000000033e+00,6.778361201286315918e-01,4.298035800457000732e-01
-3.059942338530492734e+01,-3.659663108863179559e+01,1.788824462890625000e+03,6.794459223747253418e-01,1.007980000000000098e+00,7.135418653488159180e-01,4.697054624557495117e-01
-3.059586516212261031e+01,-3.658242114002625556e+01,2.147668457031250000e+03,6.009263396263122559e-01,1.007990000000000164e+00,8.423265218734741211e-01,5.765936970710754395e-01
-3.059818062671442007e+01,-3.655789967419605802e+01,1.645610229492187500e+03,8.275730013847351074e-01,1.008000000000000007e+00,7.130841016769409180e-01,4.599398076534271240e-01
-3.059393775139766447e+01,-3.653236735315123696e+01,1.361327514648437500e+03,8.934921622276306152e-01,1.008010000000000073e+00,7.349042296409606934e-01,4.494875073432922363e-01
-3.059641520729958586e+01,-3.651176857801839759e+01,1.381785888671875000e+03,7.388657927513122559e-01,1.008020000000000138e+00,7.746535539627075195e-01,4.759615957736968994e-01
-3.060083003856187389e+01,-3.648942381768728893e+01,1.677701416015625000e+03,7.266158461570739746e-01,1.008029999999999982e+00,7.999069094657897949e-01,5.184574723243713379e-01
-3.059827050312945929e+01,-3.646298451846736555e+01,2.000134765625000000e+03,8.502954840660095215e-01,1.008040000000000047e+00,7.752639055252075195e-01,5.231114029884338379e-01
-3.060176990505744143e+01,-3.644261780619941504e+01,1.367787719726562500e+03,9.300882220268249512e-01,1.008050000000000113e+00,6.107735037803649902e-01,3.741087913513183594e-01
-3.059880299959161221e+01,-3.641960674411573962e+01,2.025348754882812500e+03,7.291573882102966309e-01,1.008060000000000178e+00,7.089641690254211426e-01,4.796237051486968994e-01
-3.059746037230650373e+01,-3.640200269477433181e+01,2.655051513671875000e+03,5.764467120170593262e-01,1.008070000000000022e+00,7.671766877174377441e-01,5.450841784477233887e-01
-3.059984680040609462e+01,-3.638077858482736815e+01,1.279796264648437500e+03,7.875353693962097168e-01,1.008080000000000087e+00,7.653456330299377441e-01,4.590242803096771240e-01
-3.060286126470370149e+01,-3.634330300112383583e+01,1.288620971679687500e+03,8.984071612358093262e-01,1.008090000000000153e+00,6.898906230926513672e-01,4.146973192691802979e-01
-3.060102075348445894e+01,-3.633026001797220772e+01,2.003250244140625000e+03,6.733161807060241699e-01,1.008099999999999996e+00,7.271985411643981934e-01,4.908389747142791748e-01
-3.060637036181867643e+01,-3.631179038985690966e+01,1.160930786132812500e+03,7.210344672203063965e-01,1.008110000000000062e+00,7.974655032157897949e-01,4.625338017940521240e-01
-3.060128929884161764e+01,-3.628246632949017680e+01,1.523320312500000000e+03,8.294636607170104980e-01,1.008120000000000127e+00,7.829695940017700195e-01,4.948062598705291748e-01
-3.060178883746244693e+01,-3.625820689114813433e+01,1.979616821289062500e+03,7.344753146171569824e-01,1.008130000000000193e+00,6.699778437614440918e-01,4.510896801948547363e-01
-3.060427345894909834e+01,-3.624237894022493123e+01,1.802404785156250000e+03,7.953459620475769043e-01,1.008140000000000036e+00,7.332257628440856934e-01,4.835147261619567871e-01
-3.059995588248359155e+01,-3.622880507573953679e+01,1.958644897460937500e+03,6.288713812828063965e-01,1.008150000000000102e+00,9.597433209419250488e-01,6.447244286537170410e-01
-3.060699243257628055e+01,-3.620155436241645930e+01,2.263740722656250000e+03,1.073675870895385742e+00,1.008160000000000167e+00,7.901412844657897949e-01,5.463048815727233887e-01
-3.059945983359257582e+01,-3.617769389089237819e+01,3.259622070312500000e+03,1.242280721664428711e+00,1.008170000000000011e+00,8.243210911750793457e-01,6.030678153038024902e-01
-3.060739971670554382e+01,-3.615797465506911124e+01,2.873727050781250000e+03,1.016577005386352539e+00,1.008180000000000076e+00,7.973892092704772949e-01,5.733893513679504395e-01
-3.059875073902779263e+01,-3.613428551989332504e+01,1.624158569335937500e+03,1.086288213729858398e+00,1.008190000000000142e+00,6.760813593864440918e-01,4.346101284027099609e-01
-3.060273855134956733e+01,-3.611920148282153775e+01,1.617527709960937500e+03,8.966190218925476074e-01,1.008199999999999985e+00,7.133892774581909180e-01,4.581087529659271240e-01
-3.059972802086071297e+01,-3.608795054018387560e+01,1.378387939453125000e+03,6.774849295616149902e-01,1.008210000000000051e+00,7.476453781127929688e-01,4.590242803096771240e-01
-3.060872168473785138e+01,-3.606712097004639617e+01,1.516218383789062500e+03,7.803637385368347168e-01,1.008220000000000116e+00,7.872420549392700195e-01,4.968662261962890625e-01
-3.059811321520577110e+01,-3.605343581566268796e+01,1.944580200195312500e+03,7.415849566459655762e-01,1.008230000000000182e+00,7.166699171066284180e-01,4.806918501853942871e-01
-3.060141661977517202e+01,-3.602736656355776290e+01,1.282556274414062500e+03,8.286673426628112793e-01,1.008240000000000025e+00,6.665446162223815918e-01,4.000488221645355225e-01
-3.060317220657188741e+01,-3.599771609772994907e+01,1.107432128906250000e+03,6.181187033653259277e-01,1.008250000000000091e+00,7.148388624191284180e-01,4.074493646621704102e-01
-3.059650659400642425e+01,-3.598932268782789379e+01,1.712401123046875000e+03,6.167954802513122559e-01,1.008260000000000156e+00,7.253674268722534180e-01,4.725283384323120117e-01
-3.059791414239423801e+01,-3.596431699828449524e+01,1.837484375000000000e+03,6.503779292106628418e-01,1.008270000000000000e+00,7.420758605003356934e-01,4.915256202220916748e-01
-3.059878531405913193e+01,-3.593504703376421361e+01,1.718823242187500000e+03,8.416301608085632324e-01,1.008280000000000065e+00,6.384683251380920410e-01,4.162994921207427979e-01
-3.059711269726877703e+01,-3.590988483919736041e+01,2.002468139648437500e+03,7.132226824760437012e-01,1.008290000000000131e+00,9.108387231826782227e-01,6.147407889366149902e-01
-3.059443341888357537e+01,-3.589936506360910329e+01,1.594743286132812500e+03,8.019585013389587402e-01,1.008299999999999974e+00,7.838851213455200195e-01,5.015201568603515625e-01
-3.059838540727158573e+01,-3.587419312807271865e+01,1.472111083984375000e+03,1.119856357574462891e+00,1.008310000000000040e+00,9.708822965621948242e-01,6.077217459678649902e-01
-3.059490881169771370e+01,-3.584720323213976201e+01,1.427557006835937500e+03,1.098193645477294922e+00,1.008320000000000105e+00,7.271985411643981934e-01,4.511659741401672363e-01
-3.059197322938895880e+01,-3.582997912822895614e+01,1.537521728515625000e+03,1.144258499145507812e+00,1.008330000000000171e+00,7.664137482643127441e-01,4.855746626853942871e-01
-3.059615210378376560e+01,-3.581797014085967135e+01,1.282161865234375000e+03,8.124191164970397949e-01,1.008340000000000014e+00,7.450513839721679688e-01,4.471223652362823486e-01
-3.059109094486198188e+01,-3.578886008298225363e+01,1.716674072265625000e+03,8.602017760276794434e-01,1.008350000000000080e+00,7.516126632690429688e-01,4.899234473705291748e-01
-3.059522664524177316e+01,-3.576366849284262628e+01,2.870208984375000000e+03,8.419317603111267090e-01,1.008360000000000145e+00,9.476888775825500488e-01,6.813457012176513672e-01
-3.059117546327193438e+01,-3.574422103005604612e+01,4.744552734375000000e+03,9.090215563774108887e-01,1.008369999999999989e+00,9.396016597747802734e-01,7.156018018722534180e-01
-3.059321493721994756e+01,-3.572973390427407026e+01,2.526118652343750000e+03,1.398773908615112305e+00,1.008380000000000054e+00,7.730513215065002441e-01,5.448552966117858887e-01
-3.059716202213294878e+01,-3.569927777587462003e+01,1.629742431640625000e+03,1.308437108993530273e+00,1.008390000000000120e+00,8.205063939094543457e-01,5.279179811477661133e-01
-3.058975693741808399e+01,-3.567288557292123841e+01,1.468247070312500000e+03,1.043749570846557617e+00,1.008400000000000185e+00,7.258251905441284180e-01,4.539888501167297363e-01
-3.059834727200355431e+01,-3.565741901218667209e+01,1.366996582031250000e+03,9.032589793205261230e-01,1.008410000000000029e+00,8.645281195640563965e-01,5.294438600540161133e-01
-3.059399730031427467e+01,-3.563703138423557704e+01,2.104921386718750000e+03,9.075195193290710449e-01,1.008420000000000094e+00,7.342175841331481934e-01,5.006046295166015625e-01
-3.059707750226402112e+01,-3.561788512773902227e+01,1.493119506835937500e+03,1.105792045593261719e+00,1.008430000000000160e+00,7.764083147048950195e-01,4.879397749900817871e-01
-3.058922348984749462e+01,-3.559395349324823599e+01,2.177158447265625000e+03,9.050804972648620605e-01,1.008440000000000003e+00,7.919723391532897949e-01,5.435582995414733887e-01
-3.059801931148398779e+01,-3.557479834607234892e+01,1.929969482421875000e+03,9.977299571037292480e-01,1.008450000000000069e+00,6.891276836395263672e-01,4.614656865596771240e-01
-3.059695084479164962e+01,-3.554986726147797782e+01,4.382655761718750000e+03,9.560233950614929199e-01,1.008460000000000134e+00,7.303265929222106934e-01,5.521795153617858887e-01
-3.059844488541666152e+01,-3.552758677663550202e+01,1.918525512695312500e+03,7.188553214073181152e-01,1.008469999999999978e+00,7.430677413940429688e-01,4.969425201416015625e-01
-3.059343022947898305e+01,-3.549866162319665364e+01,1.624541748046875000e+03,7.699198126792907715e-01,1.008480000000000043e+00,7.167462110519409180e-01,4.607790410518646240e-01
-3.060223406350435482e+01,-3.548582534170034108e+01,1.826816284179687500e+03,8.007795214653015137e-01,1.008490000000000109e+00,7.680922150611877441e-01,5.080814957618713379e-01
-3.060428089307697164e+01,-3.546475067617353716e+01,1.793773437500000000e+03,7.286280989646911621e-01,1.008500000000000174e+00,7.133129835128784180e-01,4.698580503463745117e-01
-3.060115061601939956e+01,-3.544138464456542437e+01,1.766304321289062500e+03,9.015876650810241699e-01,1.008510000000000018e+00,7.527570724487304688e-01,4.940433204174041748e-01
-3.060353293044312295e+01,-3.541609848492007728e+01,1.770434814453125000e+03,8.299416899681091309e-01,1.008520000000000083e+00,6.706644892692565918e-01,4.404084682464599609e-01
-3.059610054709916582e+01,-3.540114092479272045e+01,2.052925537109375000e+03,7.930225729942321777e-01,1.008530000000000149e+00,7.774001359939575195e-01,5.273839235305786133e-01
-3.060386347798988993e+01,-3.537510679937440017e+01,1.840732543945312500e+03,6.811947226524353027e-01,1.008539999999999992e+00,6.965282559394836426e-01,4.615419805049896240e-01
-3.060397035894160922e+01,-3.535053119785820996e+01,1.566608398437500000e+03,8.463961482048034668e-01,1.008550000000000058e+00,6.853892803192138672e-01,4.364411830902099609e-01
-3.060033766761861429e+01,-3.532380799907204505e+01,2.391499511718750000e+03,7.134944796562194824e-01,1.008560000000000123e+00,9.484518170356750488e-01,6.622720956802368164e-01
-3.059651189258014981e+01,-3.531199481925800399e+01,2.783674316406250000e+03,7.516569495201110840e-01,1.008570000000000189e+00,9.540212750434875488e-01,6.827952861785888672e-01
-3.060582700224919606e+01,-3.528969091145561521e+01,1.985883789062500000e+03,1.258679151535034180e+00,1.008580000000000032e+00,6.849315166473388672e-01,4.614656865596771240e-01
-3.060217885047963193e+01,-3.526225828207175539e+01,1.558184570312500000e+03,1.251539707183837891e+00,1.008590000000000098e+00,7.012584805488586426e-01,4.459016621112823486e-01
-3.060307516501609371e+01,-3.524547412067034458e+01,1.566624511718750000e+03,7.287401556968688965e-01,1.008600000000000163e+00,7.824355363845825195e-01,4.982395172119140625e-01
-3.060276918678176727e+01,-3.522477811884188270e+01,1.838188110351562500e+03,8.523661494255065918e-01,1.008610000000000007e+00,7.042339444160461426e-01,4.665011167526245117e-01
-3.060469154530833436e+01,-3.520810064295973518e+01,1.564874755859375000e+03,8.190769553184509277e-01,1.008620000000000072e+00,8.273728489875793457e-01,5.266972780227661133e-01
-3.060008908529675509e+01,-3.517965469275992518e+01,2.241742919921875000e+03,8.672887682914733887e-01,1.008630000000000138e+00,7.662611603736877441e-01,5.288335084915161133e-01
-3.059796414982597668e+01,-3.515574782521868968e+01,1.579262207031250000e+03,9.539718031883239746e-01,1.008639999999999981e+00,6.780650019645690918e-01,4.327027499675750732e-01
-3.059849241151954757e+01,-3.514724904226753210e+01,2.531964843750000000e+03,8.631259799003601074e-01,1.008650000000000047e+00,7.365064024925231934e-01,5.192967057228088379e-01
-3.060585420821233171e+01,-3.512113552406938766e+01,2.628973876953125000e+03,7.011503577232360840e-01,1.008660000000000112e+00,7.133129835128784180e-01,5.060214996337890625e-01
-3.059927079417420259e+01,-3.509605132703650554e+01,2.726389160156250000e+03,9.610909819602966309e-01,1.008670000000000178e+00,7.771712541580200195e-01,5.544683337211608887e-01
-3.060488661253565468e+01,-3.506936639425882163e+01,3.516670166015625000e+03,7.128280997276306152e-01,1.008680000000000021e+00,1.031917691230773926e+00,7.620649933815002441e-01
-3.060107387264595147e+01,-3.504867058360789400e+01,2.284994384765625000e+03,1.185205698013305664e+00,1.008690000000000087e+00,6.812694072723388672e-01,4.718416929244995117e-01
-3.059837533720980574e+01,-3.503005965069850447e+01,2.007091186523437500e+03,1.219416379928588867e+00,1.008700000000000152e+00,6.805827617645263672e-01,4.595583379268646240e-01
-3.059588122075365391e+01,-3.499931431394168158e+01,1.599119262695312500e+03,6.483609080314636230e-01,1.008709999999999996e+00,8.071548938751220703e-01,5.167790055274963379e-01
-3.059291818472979685e+01,-3.498038994823509995e+01,2.712989990234375000e+03,6.789416670799255371e-01,1.008720000000000061e+00,1.072277307510375977e+00,7.644301056861877441e-01
-3.059084887285266774e+01,-3.495598641920206262e+01,1.443769409179687500e+03,1.089425802230834961e+00,1.008730000000000127e+00,7.988387942314147949e-01,4.972476959228515625e-01
-3.058581857234386092e+01,-3.494361257928534314e+01,1.270215454101562500e+03,1.521675109863281250e+00,1.008740000000000192e+00,7.819014787673950195e-01,4.677981138229370117e-01
-3.059310257863009852e+01,-3.491425499174395952e+01,2.581966796875000000e+03,8.786291480064392090e-01,1.008750000000000036e+00,7.330731749534606934e-01,5.185337662696838379e-01
-3.059125315236373766e+01,-3.489794132363841328e+01,1.794847167968750000e+03,9.757763743400573730e-01,1.008760000000000101e+00,7.700758576393127441e-01,5.073184967041015625e-01
-3.059655822472895181e+01,-3.487958943766322051e+01,1.666119262695312500e+03,8.632046580314636230e-01,1.008770000000000167e+00,7.709913849830627441e-01,4.988498687744140625e-01
-3.059265456879044720e+01,-3.485577334168379338e+01,1.639674926757812500e+03,9.003455042839050293e-01,1.008780000000000010e+00,7.260540723800659180e-01,4.678744077682495117e-01
-3.059273895465228321e+01,-3.483457732870450485e+01,1.334398437500000000e+03,9.259325861930847168e-01,1.008790000000000076e+00,7.490186691284179688e-01,4.552858471870422363e-01
-3.059449370349578601e+01,-3.480982129136680925e+01,1.733380493164062500e+03,8.228785395622253418e-01,1.008800000000000141e+00,9.759176969528198242e-01,6.376290917396545410e-01
-3.059746627335231750e+01,-3.479184363930460222e+01,1.655813720703125000e+03,9.464091658592224121e-01,1.008809999999999985e+00,8.280594944953918457e-01,5.349370241165161133e-01
-3.058671353241821222e+01,-3.476432668713773211e+01,1.516114135742187500e+03,1.186117649078369141e+00,1.008820000000000050e+00,7.841140031814575195e-01,4.948825538158416748e-01
-3.059701436491172544e+01,-3.473970558667722486e+01,1.591731567382812500e+03,1.022566080093383789e+00,1.008830000000000116e+00,7.747298479080200195e-01,4.954166114330291748e-01
-3.059359366236035171e+01,-3.472146648814555903e+01,1.426903320312500000e+03,8.997184634208679199e-01,1.008840000000000181e+00,7.121685743331909180e-01,4.417817890644073486e-01
-3.060146251636516723e+01,-3.470687206950157844e+01,1.482967529296875000e+03,8.114678263664245605e-01,1.008850000000000025e+00,6.668497920036315918e-01,4.182831645011901855e-01
-3.059141195305844363e+01,-3.467915010472297155e+01,3.595835693359375000e+03,6.630546450614929199e-01,1.008860000000000090e+00,7.645063996315002441e-01,5.660650730133056641e-01
-3.059587763968638541e+01,-3.466021828922665549e+01,1.509350585937500000e+03,7.586354613304138184e-01,1.008870000000000156e+00,8.681139945983886719e-01,5.472204089164733887e-01
-3.060138198351130256e+01,-3.463577561744050115e+01,2.078782958984375000e+03,7.801026701927185059e-01,1.008879999999999999e+00,7.534437179565429688e-01,5.124302506446838379e-01
-3.060177159723025753e+01,-3.461772275156521772e+01,1.176498291015625000e+03,1.059296846389770508e+00,1.008890000000000065e+00,7.398633360862731934e-01,4.311768710613250732e-01
-3.059550192792913492e+01,-3.459069673649972287e+01,2.117952636718750000e+03,9.241802096366882324e-01,1.008900000000000130e+00,8.263047337532043457e-01,5.640814304351806641e-01
-3.060522625225677729e+01,-3.456487809319189353e+01,1.967722290039062500e+03,7.694799304008483887e-01,1.008909999999999973e+00,7.611494660377502441e-01,5.118198990821838379e-01
-3.060237628562618184e+01,-3.455006302934606310e+01,1.831401245117187500e+03,9.207863211631774902e-01,1.008920000000000039e+00,7.017162442207336426e-01,4.644411504268646240e-01
-3.060396774371535855e+01,-3.453450035910405802e+01,1.572847534179687500e+03,8.537620902061462402e-01,1.008930000000000105e+00,7.761031389236450195e-01,4.947299659252166748e-01
-3.060017523401725015e+01,-3.451061099090187412e+01,1.631691284179687500e+03,7.377249598503112793e-01,1.008940000000000170e+00,8.517870306968688965e-01,5.482122302055358887e-01
-3.060471876286261761e+01,-3.447642496798178513e+01,1.848877075195312500e+03,8.641416430473327637e-01,1.008950000000000014e+00,7.658796906471252441e-01,5.080052018165588379e-01
-3.060661793202286773e+01,-3.446271582922096854e+01,1.721544677734375000e+03,9.197456240653991699e-01,1.008960000000000079e+00,1.004909515380859375e+00,6.554819345474243164e-01
-3.060858543383450936e+01,-3.443946396087231676e+01,1.701574829101562500e+03,1.108710289001464844e+00,1.008970000000000145e+00,1.038631558418273926e+00,6.755473017692565918e-01
-3.060883805709124061e+01,-3.441761923741452023e+01,1.578557128906250000e+03,1.335074424743652344e+00,1.008979999999999988e+00,9.563863873481750488e-01,6.102394461631774902e-01
-3.060514558046308053e+01,-3.439322021550293584e+01,2.479619140625000000e+03,1.321089982986450195e+00,1.008990000000000054e+00,8.533129096031188965e-01,5.995582342147827148e-01
-3.060491566065285696e+01,-3.437507574286996004e+01,1.741050292968750000e+03,1.209053516387939453e+00,1.009000000000000119e+00,8.058578968048095703e-01,5.270787477493286133e-01
-3.060124487528262094e+01,-3.436443028004281786e+01,2.130929687500000000e+03,1.047683477401733398e+00,1.009010000000000185e+00,6.739451289176940918e-01,4.606264531612396240e-01
-3.060953658126458166e+01,-3.433047235012649878e+01,1.041888549804687500e+03,9.408873915672302246e-01,1.009020000000000028e+00,7.606917023658752441e-01,4.233948588371276855e-01
-3.059839734273236900e+01,-3.430893347118355763e+01,2.202300537109375000e+03,7.721156477928161621e-01,1.009030000000000094e+00,7.151440382003784180e-01,4.919070899486541748e-01
-3.060213592677370542e+01,-3.428657910872846770e+01,1.299203491210937500e+03,7.764930129051208496e-01,1.009040000000000159e+00,9.555471539497375488e-01,5.759070515632629395e-01
-3.060211184527738482e+01,-3.427203445723436204e+01,1.395726074218750000e+03,8.771175742149353027e-01,1.009050000000000002e+00,7.825881242752075195e-01,4.822940230369567871e-01
-3.060666463052852748e+01,-3.424109989570750656e+01,1.852130004882812500e+03,1.067232608795166016e+00,1.009060000000000068e+00,7.326917052268981934e-01,4.861850142478942871e-01
-3.059965804779313814e+01,-3.422029166453544491e+01,1.782565429687500000e+03,7.708460688591003418e-01,1.009070000000000134e+00,7.728224396705627441e-01,5.083103775978088379e-01
-3.060943699261816775e+01,-3.420213271308500680e+01,1.788140502929687500e+03,9.050912261009216309e-01,1.009079999999999977e+00,7.446699142456054688e-01,4.901523292064666748e-01
-3.059953983320365012e+01,-3.417872863987511067e+01,2.348121093750000000e+03,7.697266936302185059e-01,1.009090000000000042e+00,7.699995636940002441e-01,5.359288454055786133e-01
-3.060539722326333845e+01,-3.415228699921406985e+01,1.671513305664062500e+03,6.998843550682067871e-01,1.009100000000000108e+00,7.602339386940002441e-01,4.922885596752166748e-01
-3.059492640822115561e+01,-3.412918314722226398e+01,1.349352416992187500e+03,7.842130064964294434e-01,1.009110000000000174e+00,7.200268507003784180e-01,4.391877651214599609e-01
-3.060148210528946322e+01,-3.411582513233146585e+01,1.551275878906250000e+03,8.213633894920349121e-01,1.009120000000000017e+00,7.512311935424804688e-01,4.771060049533843994e-01
-3.059980615903207024e+01,-3.409392068473651705e+01,1.687549194335937500e+03,7.203716635704040527e-01,1.009130000000000082e+00,7.792311906814575195e-01,5.057926177978515625e-01
-3.060054400153045862e+01,-3.406773574843413854e+01,1.614487792968750000e+03,7.913894057273864746e-01,1.009140000000000148e+00,7.136181592941284180e-01,4.580324590206146240e-01
-3.059389227783882248e+01,-3.404139345994744303e+01,2.292240478515625000e+03,7.466918826103210449e-01,1.009149999999999991e+00,7.191876173019409180e-01,4.983921051025390625e-01
-3.059642105500551423e+01,-3.401996319633957455e+01,2.024792358398437500e+03,6.983668208122253418e-01,1.009160000000000057e+00,7.973129153251647949e-01,5.393621325492858887e-01
-3.059046182371938372e+01,-3.399904758094725565e+01,2.129016113281250000e+03,9.245688319206237793e-01,1.009170000000000122e+00,7.245281934738159180e-01,4.951114356517791748e-01
-3.059609685791308209e+01,-3.397769446235329127e+01,1.437087280273437500e+03,1.013347625732421875e+00,1.009180000000000188e+00,7.444410324096679688e-01,4.627626836299896240e-01
-3.059392656046040315e+01,-3.395142708741730075e+01,1.274936279296875000e+03,8.004040122032165527e-01,1.009190000000000031e+00,7.114056348800659180e-01,4.261414706707000732e-01
-3.059314869251561575e+01,-3.393822317889375739e+01,1.736057495117187500e+03,6.980008482933044434e-01,1.009200000000000097e+00,7.545881271362304688e-01,4.932040870189666748e-01
-3.058980827520155543e+01,-3.391567421146669403e+01,1.846575439453125000e+03,7.822579741477966309e-01,1.009210000000000163e+00,8.399614095687866211e-01,5.569860935211181641e-01
-3.059210749768933368e+01,-3.389048626979685253e+01,1.184729003906250000e+03,9.573263525962829590e-01,1.009220000000000006e+00,6.692149043083190918e-01,3.909698128700256348e-01
-3.059453283287493264e+01,-3.387288154108988891e+01,1.484322143554687500e+03,9.793741106986999512e-01,1.009230000000000071e+00,6.695963740348815918e-01,4.201142191886901855e-01
-3.059140052973621593e+01,-3.385450673689175005e+01,1.241247314453125000e+03,6.022185683250427246e-01,1.009240000000000137e+00,7.603102326393127441e-01,4.513948559761047363e-01
-3.059354142632662743e+01,-3.383348371758069106e+01,1.965094604492187500e+03,6.138998866081237793e-01,1.009249999999999980e+00,8.465989828109741211e-01,5.691168308258056641e-01
-3.058564052127729127e+01,-3.380300082156242780e+01,1.807303100585937500e+03,7.475740313529968262e-01,1.009260000000000046e+00,8.711657524108886719e-01,5.748389363288879395e-01
-3.059361226615519413e+01,-3.378077283115732854e+01,1.081576904296875000e+03,1.207206964492797852e+00,1.009270000000000111e+00,6.678416132926940918e-01,3.772368431091308594e-01
-3.058363553513393995e+01,-3.376576690855062424e+01,1.469294311523437500e+03,9.271318316459655762e-01,1.009280000000000177e+00,7.466535568237304688e-01,4.671114683151245117e-01
-3.059373659138351442e+01,-3.373744612784607000e+01,2.037866699218750000e+03,6.111831068992614746e-01,1.009290000000000020e+00,7.945663332939147949e-01,5.382176637649536133e-01
-3.058702105089952639e+01,-3.371824677603430587e+01,2.291821777343750000e+03,7.734269499778747559e-01,1.009300000000000086e+00,6.734110713005065918e-01,4.666537046432495117e-01
-3.059934367718764747e+01,-3.369627174578792506e+01,2.113860839843750000e+03,9.556395411491394043e-01,1.009310000000000151e+00,7.494764328002929688e-01,5.114384293556213379e-01
-3.059330160292405409e+01,-3.368614862874660787e+01,2.127065185546875000e+03,7.073790431022644043e-01,1.009319999999999995e+00,7.606154084205627441e-01,5.196781754493713379e-01
-3.059197770649797121e+01,-3.365762724806300099e+01,2.000150634765625000e+03,8.563179373741149902e-01,1.009330000000000060e+00,6.934001445770263672e-01,4.678744077682495117e-01
-3.058677531492810076e+01,-3.363367248177128488e+01,1.869708007812500000e+03,8.657533526420593262e-01,1.009340000000000126e+00,7.127789258956909180e-01,4.739779531955718994e-01
-3.059615713034325779e+01,-3.360879468527377156e+01,1.627878295898437500e+03,7.690233588218688965e-01,1.009350000000000191e+00,6.913402080535888672e-01,4.446809589862823486e-01
-3.059047257166697520e+01,-3.359482264256260464e+01,1.656799682617187500e+03,8.049756884574890137e-01,1.009360000000000035e+00,7.899124026298522949e-01,5.103703141212463379e-01
-3.059903419285824455e+01,-3.357137444294244943e+01,1.295491088867187500e+03,6.673199534416198730e-01,1.009370000000000100e+00,7.620649933815002441e-01,4.588716924190521240e-01
-3.059567067453639311e+01,-3.354524514853555672e+01,1.761468383789062500e+03,8.895809054374694824e-01,1.009380000000000166e+00,7.866317033767700195e-01,5.159397721290588379e-01
-3.060064287649157677e+01,-3.352414766192863738e+01,1.539636596679687500e+03,7.743925452232360840e-01,1.009390000000000009e+00,7.371167540550231934e-01,4.671877622604370117e-01
-3.060320204736082772e+01,-3.350640770706517202e+01,1.286937133789062500e+03,8.820242285728454590e-01,1.009400000000000075e+00,6.818034648895263672e-01,4.096618890762329102e-01
-3.060008998683836978e+01,-3.348300531266006175e+01,1.986902099609375000e+03,6.502932906150817871e-01,1.009410000000000140e+00,7.028606534004211426e-01,4.735964834690093994e-01
-3.059985582357933609e+01,-3.345535950857110663e+01,1.746402099609375000e+03,6.896693110466003418e-01,1.009419999999999984e+00,8.379014730453491211e-01,5.484411120414733887e-01
-3.060438727118745206e+01,-3.344236339171268924e+01,2.862900390625000000e+03,8.063835501670837402e-01,1.009430000000000049e+00,7.799941301345825195e-01,5.605719089508056641e-01
-3.060357639655321549e+01,-3.342014558014135162e+01,2.366693359375000000e+03,9.847063422203063965e-01,1.009440000000000115e+00,8.316453099250793457e-01,5.796454548835754395e-01
-3.060463076597497789e+01,-3.339339009299740013e+01,1.700967895507812500e+03,9.865218997001647949e-01,1.009450000000000180e+00,8.134872913360595703e-01,5.290623903274536133e-01
-3.061042422066608637e+01,-3.336892231146454435e+01,1.134468383789062500e+03,1.196345806121826172e+00,1.009460000000000024e+00,6.845500469207763672e-01,3.937163949012756348e-01
-3.060561528093707651e+01,-3.335617728604194809e+01,2.058242919921875000e+03,8.562726378440856934e-01,1.009470000000000089e+00,7.017925381660461426e-01,4.763430655002593994e-01
-3.060931839853747860e+01,-3.332892738700775936e+01,1.535973022460937500e+03,7.243890166282653809e-01,1.009480000000000155e+00,6.982067227363586426e-01,4.422395527362823486e-01
-3.060641667294391866e+01,-3.330517229445421634e+01,1.680513549804687500e+03,7.579285502433776855e-01,1.009489999999999998e+00,8.089859485626220703e-01,5.245610475540161133e-01
-3.060585990648880639e+01,-3.328162084811937405e+01,1.367819335937500000e+03,7.849830985069274902e-01,1.009500000000000064e+00,8.043319582939147949e-01,4.926700294017791748e-01
-3.059497572122815612e+01,-3.326184537874008385e+01,1.646446411132812500e+03,8.949357867240905762e-01,1.009510000000000129e+00,7.818251848220825195e-01,5.043430328369140625e-01
-3.060936053829350456e+01,-3.324003918591689200e+01,1.500733154296875000e+03,7.748216986656188965e-01,1.009519999999999973e+00,6.825664043426513672e-01,4.295746982097625732e-01
-3.059981794006414901e+01,-3.321264795106988288e+01,1.415067138671875000e+03,8.584613204002380371e-01,1.009530000000000038e+00,6.959179043769836426e-01,4.306428134441375732e-01
-3.060321281675950544e+01,-3.319377801666036021e+01,1.153301879882812500e+03,6.278795599937438965e-01,1.009540000000000104e+00,7.052257657051086426e-01,4.080597162246704102e-01
-3.060116890938783385e+01,-3.317533421527235760e+01,1.109492309570312500e+03,7.087153792381286621e-01,1.009550000000000169e+00,7.384137511253356934e-01,4.211823344230651855e-01
-3.060499561660983758e+01,-3.315413984505025269e+01,1.558037109375000000e+03,6.963509917259216309e-01,1.009560000000000013e+00,6.794382929801940918e-01,4.320161044597625732e-01
-3.059391327483631784e+01,-3.312852922770582609e+01,2.409653564453125000e+03,6.985968947410583496e-01,1.009570000000000078e+00,8.691821098327636719e-01,6.077217459678649902e-01
-3.060205423313264461e+01,-3.310434817102197513e+01,4.976345703125000000e+03,7.266730666160583496e-01,1.009580000000000144e+00,8.366807699203491211e-01,6.398416161537170410e-01
-3.059166245500246362e+01,-3.309024505051302611e+01,1.207802124023437500e+03,1.148546457290649414e+00,1.009589999999999987e+00,8.364518880844116211e-01,4.919833838939666748e-01
-3.059312408177660814e+01,-3.306389243994106408e+01,1.290388793945312500e+03,1.005565643310546875e+00,1.009600000000000053e+00,7.332257628440856934e-01,4.409425258636474609e-01
-3.058786781202594085e+01,-3.303708194773894036e+01,1.347381591796875000e+03,9.140498042106628418e-01,1.009610000000000118e+00,6.665446162223815918e-01,4.063812494277954102e-01
-3.058775784429504085e+01,-3.301557488203906843e+01,1.522874267578125000e+03,6.862205862998962402e-01,1.009620000000000184e+00,8.425554037094116211e-01,5.324193239212036133e-01
-3.059068555006634682e+01,-3.299995101742511139e+01,1.697088256835937500e+03,7.095069289207458496e-01,1.009630000000000027e+00,7.864791154861450195e-01,5.112095475196838379e-01
-3.059054148872065326e+01,-3.297328973276200514e+01,1.286250488281250000e+03,9.024781584739685059e-01,1.009640000000000093e+00,8.385118246078491211e-01,5.037326812744140625e-01
-3.059117846056936330e+01,-3.294917054128691092e+01,1.623526733398437500e+03,8.406288027763366699e-01,1.009650000000000158e+00,7.413129210472106934e-01,4.764956533908843994e-01
-3.058470286403377614e+01,-3.293385704177608631e+01,1.826486083984375000e+03,8.829612135887145996e-01,1.009660000000000002e+00,8.275254368782043457e-01,5.473729968070983887e-01
-3.058506599512320534e+01,-3.291274260249969075e+01,1.925761230468750000e+03,7.868022322654724121e-01,1.009670000000000067e+00,6.277871131896972656e-01,4.201905131340026855e-01
-3.058572857149702884e+01,-3.289401864447884805e+01,1.709514648437500000e+03,8.866507411003112793e-01,1.009680000000000133e+00,6.242012977600097656e-01,4.064575433731079102e-01
-3.058776453693640462e+01,-3.286363311589715153e+01,1.049093872070312500e+03,5.705398917198181152e-01,1.009689999999999976e+00,6.618143320083618164e-01,3.693785369396209717e-01
-3.058109044452511682e+01,-3.284853280328857750e+01,1.236595458984375000e+03,5.726892352104187012e-01,1.009700000000000042e+00,7.008007168769836426e-01,4.155365526676177979e-01
-3.058561426001471162e+01,-3.283286228624978520e+01,1.514290771484375000e+03,5.166012644767761230e-01,1.009710000000000107e+00,7.104900479316711426e-01,4.482667744159698486e-01
-3.057862530054095984e+01,-3.280011063829145002e+01,1.358728393554687500e+03,6.666762232780456543e-01,1.009720000000000173e+00,7.719069123268127441e-01,4.718416929244995117e-01
-3.058681948368182191e+01,-3.278331595267489007e+01,3.893801757812500000e+03,7.053369879722595215e-01,1.009730000000000016e+00,1.034282803535461426e+00,7.726698517799377441e-01
-3.058428254922751677e+01,-3.275780353731125416e+01,1.700723876953125000e+03,1.066035747528076172e+00,1.009740000000000082e+00,9.354054927825927734e-01,6.083320975303649902e-01
-3.059466640820240002e+01,-3.273992142744297951e+01,1.809643798828125000e+03,1.510520696640014648e+00,1.009750000000000147e+00,8.741412162780761719e-01,5.769751667976379395e-01
-3.059069839581862738e+01,-3.271396237016564612e+01,1.825452758789062500e+03,1.222292900085449219e+00,1.009759999999999991e+00,8.381303548812866211e-01,5.543157458305358887e-01
-3.059504577062505604e+01,-3.269785337553514637e+01,1.605466308593750000e+03,1.110608100891113281e+00,1.009770000000000056e+00,7.489423751831054688e-01,4.800051748752593994e-01
-3.059002383218943777e+01,-3.267630495914266930e+01,1.313254272460937500e+03,9.420723319053649902e-01,1.009780000000000122e+00,7.214001417160034180e-01,4.362885951995849609e-01
-3.059948184966842888e+01,-3.265409905489836717e+01,1.198396240234375000e+03,7.870358824729919434e-01,1.009790000000000187e+00,7.527570724487304688e-01,4.415529072284698486e-01
-3.058865319124305060e+01,-3.263075718683045068e+01,1.246743164062500000e+03,6.678814291954040527e-01,1.009800000000000031e+00,7.181195020675659180e-01,4.269807040691375732e-01
-3.059992825098744618e+01,-3.260411005906479431e+01,1.752072875976562500e+03,6.865114569664001465e-01,1.009810000000000096e+00,8.767352104187011719e-01,5.743048787117004395e-01
-3.059215777009666581e+01,-3.259114584567642936e+01,2.223537353515625000e+03,7.681841254234313965e-01,1.009820000000000162e+00,9.202229380607604980e-01,6.341195702552795410e-01
-3.059770114444869904e+01,-3.256824379302486250e+01,2.675077636718750000e+03,9.880644679069519043e-01,1.009830000000000005e+00,8.267624974250793457e-01,5.881141424179077148e-01
-3.059808000843736409e+01,-3.254028744425250608e+01,1.790505371093750000e+03,1.153914451599121094e+00,1.009840000000000071e+00,8.617052435874938965e-01,5.673620700836181641e-01
-3.060332120986781490e+01,-3.252179756264818167e+01,1.453037597656250000e+03,1.110884666442871094e+00,1.009850000000000136e+00,7.611494660377502441e-01,4.746645987033843994e-01
-3.059906702037273973e+01,-3.250214002541344627e+01,2.169353271484375000e+03,9.278363585472106934e-01,1.009859999999999980e+00,7.691603302955627441e-01,5.275365114212036133e-01
-3.059940485147026834e+01,-3.248560210408917470e+01,1.752227172851562500e+03,9.374422430992126465e-01,1.009870000000000045e+00,7.221630811691284180e-01,4.730624258518218994e-01
-3.060699392088213955e+01,-3.245665449278897086e+01,1.732240966796875000e+03,8.798164725303649902e-01,1.009880000000000111e+00,7.881575822830200195e-01,5.148716568946838379e-01
-3.061124355146937859e+01,-3.243569127020165865e+01,1.461065795898437500e+03,8.698696494102478027e-01,1.009890000000000176e+00,7.336835265159606934e-01,4.582613408565521240e-01
-3.060854005923461330e+01,-3.242127838539287410e+01,1.745867309570312500e+03,7.905346751213073730e-01,1.009900000000000020e+00,8.638414740562438965e-01,5.653784275054931641e-01
-3.059969291308725303e+01,-3.240257763453913498e+01,2.125171875000000000e+03,8.616716265678405762e-01,1.009910000000000085e+00,8.202774524688720703e-01,5.603430271148681641e-01
-3.060758404961478618e+01,-3.237666357830696029e+01,1.516468261718750000e+03,1.001311063766479492e+00,1.009920000000000151e+00,8.036453127861022949e-01,5.072422027587890625e-01
-3.060440432013870549e+01,-3.235324629240317051e+01,1.217545532226562500e+03,9.379405379295349121e-01,1.009929999999999994e+00,7.069805264472961426e-01,4.169861376285552979e-01
-3.060630013422121820e+01,-3.232842060467264389e+01,2.351876464843750000e+03,7.727665305137634277e-01,1.009940000000000060e+00,7.760268449783325195e-01,5.402776598930358887e-01
-3.059392505197587298e+01,-3.230550187570428022e+01,2.661588623046875000e+03,7.303113341331481934e-01,1.009950000000000125e+00,8.834491372108459473e-01,6.279397010803222656e-01
-3.060605634134489605e+01,-3.228356664293949052e+01,1.443382690429687500e+03,9.347993731498718262e-01,1.009960000000000191e+00,7.617598176002502441e-01,4.741305410861968994e-01
-3.059548893131519876e+01,-3.225782278271040582e+01,1.506600708007812500e+03,1.037957191467285156e+00,1.009970000000000034e+00,7.223919630050659180e-01,4.551332592964172363e-01
-3.060292788748849446e+01,-3.224443664073546501e+01,1.120339111328125000e+03,7.939881682395935059e-01,1.009980000000000100e+00,7.234600782394409180e-01,4.141632616519927979e-01
-3.059329168009703181e+01,-3.222226082126248059e+01,1.247676269531250000e+03,6.945163607597351074e-01,1.009990000000000165e+00,7.181957960128784180e-01,4.271332919597625732e-01
-3.060518308136895271e+01,-3.220062771929274703e+01,1.437134765625000000e+03,6.799752116203308105e-01,1.010000000000000009e+00,7.061412930488586426e-01,4.389588832855224609e-01
-3.059270997733680630e+01,-3.217615829092530788e+01,2.129547607421875000e+03,5.871433615684509277e-01,1.010010000000000074e+00,7.884627580642700195e-01,5.388280153274536133e-01
-3.059563661182656347e+01,-3.215813086286428302e+01,1.371994750976562500e+03,8.135480284690856934e-01,1.010020000000000140e+00,8.100540637969970703e-01,4.966373443603515625e-01
-3.058406644956161813e+01,-3.213910353746634030e+01,1.944823364257812500e+03,8.156008124351501465e-01,1.010029999999999983e+00,8.381303548812866211e-01,5.621740818023681641e-01
-3.059068135620698570e+01,-3.211303658731863209e+01,2.574746337890625000e+03,9.203142523765563965e-01,1.010040000000000049e+00,8.731493949890136719e-01,6.173348426818847656e-01
-3.058194054990185151e+01,-3.208881645023748774e+01,2.123064453125000000e+03,9.629232287406921387e-01,1.010050000000000114e+00,7.116345167160034180e-01,4.860324263572692871e-01
-3.058611519509032561e+01,-3.207354692725346013e+01,1.738480590820312500e+03,1.009414911270141602e+00,1.010060000000000180e+00,6.783701777458190918e-01,4.435365498065948486e-01
-3.058001258827805202e+01,-3.204418586145364856e+01,1.238744018554687500e+03,8.006448149681091309e-01,1.010070000000000023e+00,6.871440410614013672e-01,4.076782464981079102e-01
-3.057473904911763896e+01,-3.202331605747568233e+01,1.622668945312500000e+03,6.776911616325378418e-01,1.010080000000000089e+00,7.757216691970825195e-01,4.985446929931640625e-01
-3.057695175873379512e+01,-3.198758718622332609e+01,1.581711547851562500e+03,6.326741576194763184e-01,1.010090000000000154e+00,8.220322728157043457e-01,5.247899293899536133e-01
-3.057895635937507350e+01,-3.198000614898434435e+01,1.393930297851562500e+03,8.561605811119079590e-01,1.010099999999999998e+00,8.427079916000366211e-01,5.191441178321838379e-01
-3.058219412955836702e+01,-3.195687397075523606e+01,2.838633544921875000e+03,8.998090624809265137e-01,1.010110000000000063e+00,9.518850445747375488e-01,6.832530498504638672e-01
-3.058082692170043870e+01,-3.192701095580672899e+01,1.823335693359375000e+03,9.929472804069519043e-01,1.010120000000000129e+00,7.739669084548950195e-01,5.117436051368713379e-01
-3.057681092588499183e+01,-3.191180141438822560e+01,1.537125976562500000e+03,1.245519638061523438e+00,1.010129999999999972e+00,6.909587383270263672e-01,4.377381801605224609e-01
-3.057215707101547153e+01,-3.189924958911977626e+01,2.004586303710937500e+03,8.219284415245056152e-01,1.010140000000000038e+00,6.464028954505920410e-01,4.363648891448974609e-01
-3.058192405729272778e+01,-3.186869036365747121e+01,2.522219482421875000e+03,7.168251872062683105e-01,1.010150000000000103e+00,7.224682569503784180e-01,5.090733170509338379e-01
-3.057465127548700323e+01,-3.183857759368700258e+01,1.688042236328125000e+03,6.790465712547302246e-01,1.010160000000000169e+00,7.508497238159179688e-01,4.874057173728942871e-01
-3.057632035238832913e+01,-3.181825692970339858e+01,2.331158203125000000e+03,7.594258189201354980e-01,1.010170000000000012e+00,9.321248531341552734e-01,6.479287743568420410e-01
-3.057256215132244748e+01,-3.179959994195469264e+01,1.909189941406250000e+03,9.315461516380310059e-01,1.010180000000000078e+00,9.046589136123657227e-01,6.043648123741149902e-01
-3.058334176060212428e+01,-3.178151749310485741e+01,2.208886962890625000e+03,1.187843799591064453e+00,1.010190000000000143e+00,8.095200061798095703e-01,5.571386814117431641e-01
-3.057499420897558196e+01,-3.175173771607852657e+01,1.907823120117187500e+03,1.117990732192993164e+00,1.010199999999999987e+00,7.609968781471252441e-01,5.083103775978088379e-01
-3.058045973514790106e+01,-3.173981203949002960e+01,2.281903320312500000e+03,9.155923724174499512e-01,1.010210000000000052e+00,7.835799455642700195e-01,5.425664782524108887e-01
-3.057088770023941748e+01,-3.171766257927293609e+01,1.707783813476562500e+03,9.671646952629089355e-01,1.010220000000000118e+00,7.590132355690002441e-01,4.941196143627166748e-01
-3.058134795827408681e+01,-3.169548468177520206e+01,1.755397460937500000e+03,8.323413729667663574e-01,1.010230000000000183e+00,7.581740021705627441e-01,4.968662261962890625e-01
-3.057768560219554388e+01,-3.167031084379977557e+01,1.472007690429687500e+03,8.879560828208923340e-01,1.010240000000000027e+00,8.207352757453918457e-01,5.137272477149963379e-01
-3.058590622749165888e+01,-3.165361190187121920e+01,1.290437500000000000e+03,8.901459574699401855e-01,1.010250000000000092e+00,7.072094082832336426e-01,4.253022074699401855e-01
-3.058691471648413795e+01,-3.163418727509441908e+01,2.503616455078125000e+03,7.624883055686950684e-01,1.010260000000000158e+00,9.176289439201354980e-01,6.457925438880920410e-01
-3.058682292049264362e+01,-3.160850252070174804e+01,1.157197509765625000e+03,7.648021578788757324e-01,1.010270000000000001e+00,8.282883763313293457e-01,4.798525869846343994e-01
-3.058539996486079460e+01,-3.158332530972121432e+01,1.794216918945312500e+03,9.715992808341979980e-01,1.010280000000000067e+00,7.359723448753356934e-01,4.848117232322692871e-01
-3.059013914170386172e+01,-3.156945082031920435e+01,1.308601806640625000e+03,7.374734282493591309e-01,1.010290000000000132e+00,8.346207737922668457e-01,5.041904449462890625e-01
-3.058802225669107600e+01,-3.154397269871603271e+01,1.652730712890625000e+03,7.637256979942321777e-01,1.010299999999999976e+00,7.808333635330200195e-01,5.041904449462890625e-01
-3.059195977985748272e+01,-3.151986722306169852e+01,1.583878173828125000e+03,8.581704497337341309e-01,1.010310000000000041e+00,7.689314484596252441e-01,4.910678565502166748e-01
-3.059606653121822362e+01,-3.149360297043628520e+01,1.375343261718750000e+03,8.236808180809020996e-01,1.010320000000000107e+00,7.873183488845825195e-01,4.830569624900817871e-01
-3.058938625805956946e+01,-3.147899555241362179e+01,1.547533691406250000e+03,8.035773634910583496e-01,1.010330000000000172e+00,7.971603274345397949e-01,5.059452056884765625e-01
-3.059123267853922457e+01,-3.145885390969516493e+01,2.005720703125000000e+03,8.588594794273376465e-01,1.010340000000000016e+00,7.632856965065002441e-01,5.153294205665588379e-01
-3.059152186036592624e+01,-3.143697216285809048e+01,1.723359130859375000e+03,8.691841959953308105e-01,1.010350000000000081e+00,7.663374543190002441e-01,4.999942779541015625e-01
-3.060063039743925017e+01,-3.141259096867326406e+01,1.689959350585937500e+03,7.773286700248718262e-01,1.010360000000000147e+00,9.024463891983032227e-01,5.859779119491577148e-01
-3.059289458011452112e+01,-3.139364333670009088e+01,1.532762573242187500e+03,8.972722887992858887e-01,1.010369999999999990e+00,8.056290149688720703e-01,5.099888443946838379e-01
-3.059129240498223368e+01,-3.137808626501024278e+01,1.713721069335937500e+03,9.341961741447448730e-01,1.010380000000000056e+00,7.834273576736450195e-01,5.104466080665588379e-01
-3.059088547470144448e+01,-3.134664537065521017e+01,2.335754150390625000e+03,9.224314093589782715e-01,1.010390000000000121e+00,7.761031389236450195e-01,5.396673083305358887e-01
-3.059155762002333034e+01,-3.133277422704432169e+01,1.455218872070312500e+03,1.002035856246948242e+00,1.010400000000000187e+00,7.397870421409606934e-01,4.615419805049896240e-01
-3.059366914726424724e+01,-3.130404393751086545e+01,1.239262207031250000e+03,8.195776343345642090e-01,1.010410000000000030e+00,7.073619961738586426e-01,4.197327494621276855e-01
-3.059543965444190405e+01,-3.128403074836827713e+01,1.739329101562500000e+03,8.071727156639099121e-01,1.010420000000000096e+00,6.904246807098388672e-01,4.514711499214172363e-01
-3.058743125928428341e+01,-3.126449905344450997e+01,1.677441040039062500e+03,5.829102396965026855e-01,1.010430000000000161e+00,7.892257571220397949e-01,5.115147233009338379e-01
-3.058798808457769880e+01,-3.123742973224108965e+01,2.654191162109375000e+03,6.353968977928161621e-01,1.010440000000000005e+00,7.712965607643127441e-01,5.479833483695983887e-01
-3.058810020791556639e+01,-3.122340736595182875e+01,1.804951782226562500e+03,8.514983057975769043e-01,1.010450000000000070e+00,7.195690870285034180e-01,4.746645987033843994e-01
-3.059077184865970267e+01,-3.120115617222079152e+01,1.534138305664062500e+03,8.609921336174011230e-01,1.010460000000000136e+00,8.078415393829345703e-01,5.115147233009338379e-01
-3.058051076821239178e+01,-3.118086067887639246e+01,1.552592773437500000e+03,8.016008734703063965e-01,1.010469999999999979e+00,7.992202639579772949e-01,5.076999664306640625e-01
-3.058613720175687689e+01,-3.116223733541444929e+01,1.981594970703125000e+03,8.487100005149841309e-01,1.010480000000000045e+00,7.197979688644409180e-01,4.847354292869567871e-01
-3.057741078686031955e+01,-3.114284487247859090e+01,1.782025512695312500e+03,8.216018080711364746e-01,1.010490000000000110e+00,1.032146573066711426e+00,6.788279414176940918e-01
-3.057795689489879365e+01,-3.112516057723358998e+01,2.678571484375000000e+04,8.757538199424743652e-01,1.010500000000000176e+00,1.517110913991928101e-01,1.242451667785644531e-01
-3.056313138574209987e+01,-3.111056288991105490e+01,-4.187984008789062500e+02,1.149814844131469727e+00,1.010510000000000019e+00,1.361852139234542847e-02,3.078472428023815155e-02
-3.056492149995702334e+01,-3.109857445813887367e+01,-3.511209106445312500e+02,3.209859430789947510e-01,1.010520000000000085e+00,1.148228254169225693e-02,3.147137165069580078e-02
