# x_coordinates, y_coordinates, TEP, TED, times, high, low
2.561317502551212044e+01,-3.891682770817756420e+01,1.705747192382812500e+03,9.179652482271194458e-02,7.629800000000001026e-01,4.579561650753021240e-01,2.980434298515319824e-01
2.561800531552573545e+01,-3.892008452334314228e+01,1.354245483398437500e+03,4.826778471469879150e-01,7.629900000000000571e-01,5.676672458648681641e-01,3.466428518295288086e-01
2.563469050985119324e+01,-3.890557838056388817e+01,1.466270629882812500e+03,6.067091822624206543e-01,7.630000000000000115e-01,5.779669880867004395e-01,3.613676428794860840e-01
2.564638320746583133e+01,-3.890225754191106944e+01,1.787410400390625000e+03,6.545204520225524902e-01,7.630100000000000771e-01,5.360814332962036133e-01,3.528226912021636963e-01
2.564734031729550168e+01,-3.890325815580564495e+01,3.075146972656250000e+03,6.900591254234313965e-01,7.630200000000000315e-01,6.776835322380065918e-01,4.919833838939666748e-01
2.566246534012851654e+01,-3.888893469146972137e+01,1.561838867187500000e+03,7.380885481834411621e-01,7.630300000000000971e-01,6.628061532974243164e-01,4.217163920402526855e-01
2.567290722128817393e+01,-3.888072846536292104e+01,1.446443481445312500e+03,8.889634013175964355e-01,7.630400000000000515e-01,7.596998810768127441e-01,4.731387197971343994e-01
2.567083176194614680e+01,-3.887697076620368364e+01,2.067049804687500000e+03,9.767085909843444824e-01,7.630500000000001171e-01,5.829260945320129395e-01,3.960052430629730225e-01
2.567632626385229599e+01,-3.886932430363459190e+01,1.435898803710937500e+03,1.161821603775024414e+00,7.630600000000000716e-01,6.586862802505493164e-01,4.093567132949829102e-01
2.569295436800931043e+01,-3.885814729202509454e+01,1.817827026367187500e+03,8.268911242485046387e-01,7.630700000000000260e-01,9.798087477684020996e-01,6.473947167396545410e-01
2.568939415226516587e+01,-3.884951214138986586e+01,2.173143310546875000e+03,1.064611196517944336e+00,7.630800000000000916e-01,7.835799455642700195e-01,5.376073122024536133e-01
2.568679882065126918e+01,-3.882669103025336454e+01,2.678729980468750000e+03,1.315522909164428711e+00,7.630900000000000460e-01,1.133694171905517578e+00,8.066208362579345703e-01
2.569135430898037953e+01,-3.881713410116400098e+01,2.685769775390625000e+03,1.575921297073364258e+00,7.631000000000001116e-01,1.108898520469665527e+00,7.893020510673522949e-01
2.569452710948434415e+01,-3.880628367694767888e+01,1.603024780273437500e+03,2.044215917587280273e+00,7.631100000000000660e-01,1.127819538116455078e+00,7.225445508956909180e-01
2.569032751811175785e+01,-3.879064487772263448e+01,1.438522338867187500e+03,1.913147687911987305e+00,7.631200000000000205e-01,8.432420492172241211e-01,5.243321657180786133e-01
2.568808517805420877e+01,-3.877809167830854875e+01,1.351081909179687500e+03,1.802684783935546875e+00,7.631300000000000860e-01,8.001357913017272949e-01,4.882449507713317871e-01
2.569133511104226386e+01,-3.876636975007733810e+01,1.308834228515625000e+03,1.212487936019897461e+00,7.631400000000000405e-01,9.200703501701354980e-01,5.558416843414306641e-01
2.568703734787742476e+01,-3.875007325539910141e+01,1.558431396484375000e+03,1.270747900009155273e+00,7.631500000000001060e-01,7.844954729080200195e-01,4.988498687744140625e-01
2.568464894271738785e+01,-3.872680836862355136e+01,1.952061645507812500e+03,1.290196895599365234e+00,7.631600000000000605e-01,8.675799369812011719e-01,5.823920369148254395e-01
2.568753753271018780e+01,-3.871273160472678398e+01,1.298317382812500000e+03,1.370844364166259766e+00,7.631700000000000150e-01,7.075908780097961426e-01,4.263703525066375732e-01
2.568933356265856460e+01,-3.870174461904565533e+01,2.204120117187500000e+03,1.241929054260253906e+00,7.631800000000000805e-01,8.716235160827636719e-01,5.996345281600952148e-01
2.569037698715467144e+01,-3.868228473575255322e+01,1.578411132812500000e+03,1.071160554885864258e+00,7.631900000000000350e-01,1.014522552490234375e+00,6.473184227943420410e-01
2.569232725295490027e+01,-3.866805861050412574e+01,1.902589843750000000e+03,1.682754278182983398e+00,7.632000000000001005e-01,9.930076599121093750e-01,6.628824472427368164e-01
2.568948457266987973e+01,-3.865057348105668922e+01,1.669916503906250000e+03,1.809181690216064453e+00,7.632100000000000550e-01,7.237652540206909180e-01,4.685610532760620117e-01
2.568943455329736025e+01,-3.864530528351598804e+01,1.527852661132812500e+03,1.555308818817138672e+00,7.632200000000000095e-01,7.583265900611877441e-01,4.796237051486968994e-01
2.569329131094886165e+01,-3.862064239965287982e+01,2.038364624023437500e+03,1.135468006134033203e+00,7.632300000000000750e-01,9.814872145652770996e-01,6.648661494255065918e-01
2.569298847215132753e+01,-3.860942781652055800e+01,1.948226196289062500e+03,1.340747594833374023e+00,7.632400000000000295e-01,7.541303634643554688e-01,5.060214996337890625e-01
2.568750389907437182e+01,-3.859840909732406544e+01,2.203165527343750000e+03,1.611657857894897461e+00,7.632500000000000950e-01,9.242665171623229980e-01,6.357980370521545410e-01
2.569569009464488829e+01,-3.857630212862515151e+01,4.071058105468750000e+03,1.285674095153808594e+00,7.632600000000000495e-01,1.098980307579040527e+00,8.248551487922668457e-01
2.570205704903250421e+01,-3.856595652419606068e+01,2.281091552734375000e+03,1.585233926773071289e+00,7.632700000000001150e-01,1.048092126846313477e+00,7.256726026535034180e-01
2.569144500379580975e+01,-3.854514596421613248e+01,1.893298095703125000e+03,1.734318256378173828e+00,7.632800000000000695e-01,1.013988494873046875e+00,6.761576533317565918e-01
2.569080569334619568e+01,-3.854147185024518762e+01,1.474040527343750000e+03,1.835038185119628906e+00,7.632900000000000240e-01,6.743265986442565918e-01,4.222504496574401855e-01
2.569896056104726156e+01,-3.852911703576280900e+01,2.512078857421875000e+03,1.702211618423461914e+00,7.633000000000000895e-01,9.750784635543823242e-01,6.866099834442138672e-01
2.569567487191072175e+01,-3.851204420077390012e+01,2.559286865234375000e+03,1.180201292037963867e+00,7.633100000000000440e-01,7.422285079956054688e-01,5.242558717727661133e-01
2.568822846502169099e+01,-3.849359884135078147e+01,2.312583251953125000e+03,1.378018379211425781e+00,7.633200000000001095e-01,8.836780190467834473e-01,6.133674979209899902e-01
2.569481679944116692e+01,-3.847914204697026008e+01,1.546076782226562500e+03,1.435545206069946289e+00,7.633300000000000640e-01,6.404519677162170410e-01,4.063812494277954102e-01
2.569479403337946266e+01,-3.846567181184715878e+01,1.142611938476562500e+03,1.424616098403930664e+00,7.633400000000000185e-01,6.551004648208618164e-01,3.777709007263183594e-01
2.569061123775828293e+01,-3.845049111238050443e+01,1.515856445312500000e+03,8.280200362205505371e-01,7.633500000000000840e-01,6.754710078239440918e-01,4.262940585613250732e-01
2.568963622974266059e+01,-3.843617162683752042e+01,1.222464965820312500e+03,9.510154128074645996e-01,7.633600000000000385e-01,6.513620615005493164e-01,3.847136795520782471e-01
2.568989391347615481e+01,-3.842350498863731190e+01,1.343132324218750000e+03,9.192854762077331543e-01,7.633700000000001040e-01,5.929206609725952148e-01,3.611387610435485840e-01
2.569272837712944124e+01,-3.840596456155049054e+01,1.918152343750000000e+03,7.897157073020935059e-01,7.633800000000000585e-01,5.817816853523254395e-01,3.890624642372131348e-01
2.568946799770248646e+01,-3.839396597719942861e+01,1.268210937500000000e+03,7.195729613304138184e-01,7.633900000000000130e-01,6.091713309288024902e-01,3.642668426036834717e-01
2.569090271964070382e+01,-3.837769007689963274e+01,1.852940673828125000e+03,8.130533099174499512e-01,7.634000000000000785e-01,6.899669170379638672e-01,4.578798711299896240e-01
2.568813159575932303e+01,-3.836971656274533160e+01,1.930442626953125000e+03,8.387894034385681152e-01,7.634100000000000330e-01,6.894328594207763672e-01,4.616945683956146240e-01
2.568292617895431817e+01,-3.835460413412292979e+01,1.768791992187500000e+03,1.142000675201416016e+00,7.634200000000000985e-01,8.794054985046386719e-01,5.773566365242004395e-01
2.568256862361992887e+01,-3.832963989282317385e+01,1.768466552734375000e+03,1.071071147918701172e+00,7.634300000000000530e-01,1.404843926429748535e+00,9.222828745841979980e-01
2.569000349203281885e+01,-3.831630668162622300e+01,1.820427490234375000e+03,1.746505022048950195e+00,7.634400000000000075e-01,7.500104904174804688e-01,4.957217872142791748e-01
2.568387318213990511e+01,-3.830170346658090352e+01,1.576896972656250000e+03,1.950503110885620117e+00,7.634500000000000730e-01,6.544138193130493164e-01,4.174439013004302979e-01
2.568592745457061355e+01,-3.828304066388260907e+01,1.546604003906250000e+03,1.186958074569702148e+00,7.634600000000000275e-01,6.654002070426940918e-01,4.222504496574401855e-01
2.569248869544438207e+01,-3.826392929655513342e+01,1.601808837890625000e+03,1.138166904449462891e+00,7.634700000000000930e-01,5.910896062850952148e-01,3.786101341247558594e-01
2.568713957213471843e+01,-3.825004214710033779e+01,1.287085693359375000e+03,8.149487376213073730e-01,7.634800000000000475e-01,5.243321657180786133e-01,3.150570392608642578e-01
2.568683558788445609e+01,-3.824485112403629472e+01,1.271264160156250000e+03,7.214600443840026855e-01,7.634900000000001130e-01,5.496618151664733887e-01,3.289425969123840332e-01
2.569271240407819690e+01,-3.822845602881703542e+01,1.335078125000000000e+03,5.668169856071472168e-01,7.635000000000000675e-01,6.168770194053649902e-01,3.750243186950683594e-01
2.568731400294846168e+01,-3.820538439067359349e+01,1.121960937500000000e+03,7.434350848197937012e-01,7.635100000000000220e-01,6.066536307334899902e-01,3.474820852279663086e-01
2.568874019267287778e+01,-3.819114953641944510e+01,1.513370727539062500e+03,7.613832354545593262e-01,7.635200000000000875e-01,7.381848692893981934e-01,4.656618833541870117e-01
2.569197801218209776e+01,-3.818392881899366387e+01,1.186631103515625000e+03,9.913832545280456543e-01,7.635300000000000420e-01,5.709479451179504395e-01,3.337491452693939209e-01
2.569175127021845739e+01,-3.816405905112946328e+01,1.747291503906250000e+03,1.003353118896484375e+00,7.635400000000001075e-01,6.872203350067138672e-01,4.498689770698547363e-01
2.568455296333441495e+01,-3.815053028667803403e+01,1.925124389648437500e+03,7.921904921531677246e-01,7.635500000000000620e-01,6.491495370864868164e-01,4.344575405120849609e-01
2.568797942961654357e+01,-3.813735412260538027e+01,1.321759277343750000e+03,9.454411864280700684e-01,7.635600000000000165e-01,6.309151649475097656e-01,3.823485672473907471e-01
2.568881813626224897e+01,-3.812717703042741135e+01,1.642662109375000000e+03,9.361833930015563965e-01,7.635700000000000820e-01,5.437108874320983887e-01,3.505338728427886963e-01
2.568686643600691610e+01,-3.810580285931758482e+01,1.868346191406250000e+03,7.721585631370544434e-01,7.635800000000000365e-01,5.570623874664306641e-01,3.703703582286834717e-01
2.568929868094269153e+01,-3.808192291482916403e+01,1.254922851562500000e+03,7.042009234428405762e-01,7.635900000000001020e-01,5.746863484382629395e-01,3.424466848373413086e-01
2.569304999917368804e+01,-3.807571677485050543e+01,1.245085571289062500e+03,5.987316966056823730e-01,7.636000000000000565e-01,7.436017990112304688e-01,4.419343769550323486e-01
2.569268299804188160e+01,-3.806587250154892388e+01,1.256511840820312500e+03,7.548922896385192871e-01,7.636100000000000110e-01,6.989696621894836426e-01,4.166809618473052979e-01
2.568743565309048549e+01,-3.804866020957367567e+01,1.682508789062500000e+03,9.930903315544128418e-01,7.636200000000000765e-01,6.077217459678649902e-01,3.941741585731506348e-01
2.569646161223920444e+01,-3.802873821071533200e+01,1.566086547851562500e+03,9.715599417686462402e-01,7.636300000000000310e-01,7.358960509300231934e-01,4.685610532760620117e-01
2.569895744907377733e+01,-3.802066055314209336e+01,1.300147216796875000e+03,9.825403094291687012e-01,7.636400000000000965e-01,5.588171482086181641e-01,3.368771970272064209e-01
2.568909899925890628e+01,-3.799912243368719089e+01,1.470987548828125000e+03,9.805507063865661621e-01,7.636500000000000510e-01,6.283974647521972656e-01,3.932586312294006348e-01
2.569319455918695638e+01,-3.798908070647655677e+01,2.310933837890625000e+03,7.684881091117858887e-01,7.636600000000001165e-01,5.388280153274536133e-01,3.739562034606933594e-01
2.569179410765914184e+01,-3.797167203218553055e+01,1.332167236328125000e+03,8.137101531028747559e-01,7.636700000000000710e-01,6.043648123741149902e-01,3.671660125255584717e-01
2.569047683703765372e+01,-3.796138724438677770e+01,1.005404357910156250e+03,6.497330069541931152e-01,7.636800000000000255e-01,6.834056377410888672e-01,3.748717308044433594e-01
2.569106319198288801e+01,-3.794718063077852577e+01,1.041385498046875000e+03,7.744688391685485840e-01,7.636900000000000910e-01,6.392312645912170410e-01,3.557218909263610840e-01
2.569347563774002907e+01,-3.793281514879225824e+01,1.133116210937500000e+03,8.172828555107116699e-01,7.637000000000000455e-01,5.615637302398681641e-01,3.228390514850616455e-01
2.569747760985076823e+01,-3.790994645016474607e+01,1.243298583984375000e+03,7.799000144004821777e-01,7.637100000000001110e-01,6.030678153038024902e-01,3.582395911216735840e-01
2.569599212160786195e+01,-3.789567917973405997e+01,1.501383178710937500e+03,7.140130400657653809e-01,7.637200000000000655e-01,7.440595626831054688e-01,4.683321714401245117e-01
2.569956552602396727e+01,-3.788204361670337761e+01,1.447308349609375000e+03,8.489329218864440918e-01,7.637300000000000200e-01,6.895091533660888672e-01,4.294984042644500732e-01
2.570006083792803508e+01,-3.786078291632847481e+01,1.350626953125000000e+03,1.134895801544189453e+00,7.637400000000000855e-01,8.653673529624938965e-01,5.279942750930786133e-01
2.569496528515510647e+01,-3.785068024060630165e+01,1.974911132812500000e+03,1.065589904785156250e+00,7.637500000000000400e-01,7.061412930488586426e-01,4.751986563205718994e-01
2.569923306179874700e+01,-3.783959276253418125e+01,1.465069091796875000e+03,1.135520458221435547e+00,7.637600000000001055e-01,7.710676789283752441e-01,4.819888472557067871e-01
2.569922920041664938e+01,-3.782675428477777757e+01,1.504285888671875000e+03,1.132003784179687500e+00,7.637700000000000600e-01,7.191876173019409180e-01,4.529207348823547363e-01
2.569799211268349026e+01,-3.779752841459182378e+01,2.327630371093750000e+03,9.746605753898620605e-01,7.637800000000000145e-01,1.017574429512023926e+00,7.071331143379211426e-01
2.569197492339829125e+01,-3.778952974270094956e+01,1.936193359375000000e+03,1.374161958694458008e+00,7.637900000000000800e-01,1.083721518516540527e+00,7.262066602706909180e-01
2.569910131843106171e+01,-3.777801105182323482e+01,2.000051635742187500e+03,1.933102130889892578e+00,7.638000000000000345e-01,9.457815289497375488e-01,6.381631493568420410e-01
2.569467724647117990e+01,-3.776154760860436710e+01,1.625133911132812500e+03,1.878348112106323242e+00,7.638100000000001000e-01,6.521250009536743164e-01,4.192749857902526855e-01
2.569443304455696264e+01,-3.774496083761346910e+01,1.491246948242187500e+03,1.428391456604003906e+00,7.638200000000000545e-01,6.409097313880920410e-01,4.026428461074829102e-01
2.569538416605220732e+01,-3.772787938115699546e+01,1.281882324218750000e+03,9.033531546592712402e-01,7.638300000000000090e-01,5.711768269538879395e-01,3.427518606185913086e-01
2.569360460409039959e+01,-3.771248881427368360e+01,1.302302978515625000e+03,8.476597666740417480e-01,7.638400000000000745e-01,5.840705037117004395e-01,3.522886335849761963e-01
2.569543987747107039e+01,-3.770552303817790119e+01,1.167191406250000000e+03,7.423920035362243652e-01,7.638500000000000290e-01,5.635473728179931641e-01,3.274930119514465332e-01
2.569224859300781816e+01,-3.767514037532276916e+01,1.077735961914062500e+03,7.755727171897888184e-01,7.638600000000000945e-01,6.831004619598388672e-01,3.853240311145782471e-01
2.569916342359111638e+01,-3.766502819125118862e+01,2.306304443359375000e+03,7.154840826988220215e-01,7.638700000000000490e-01,6.320595741271972656e-01,4.385011196136474609e-01
2.569269133980850128e+01,-3.765743538787449296e+01,1.419829101562500000e+03,8.346444964408874512e-01,7.638800000000001145e-01,6.032204031944274902e-01,3.736510276794433594e-01
2.569877508653939913e+01,-3.763866209744226410e+01,1.907946411132812500e+03,7.640010714530944824e-01,7.638900000000000690e-01,8.731493949890136719e-01,5.832312703132629395e-01
2.570134442627357885e+01,-3.761481050772173518e+01,1.589526245117187500e+03,8.507508635520935059e-01,7.639000000000000234e-01,7.217816114425659180e-01,4.613893926143646240e-01
2.569876168014187101e+01,-3.760641805580432617e+01,1.392460083007812500e+03,1.402467012405395508e+00,7.639100000000000890e-01,6.277871131896972656e-01,3.866210281848907471e-01
2.569077742864197944e+01,-3.759857041568895397e+01,1.353388183593750000e+03,1.079310894012451172e+00,7.639200000000000434e-01,8.495744466781616211e-01,5.186863541603088379e-01
2.569405411812955009e+01,-3.758453488679449350e+01,1.521739013671875000e+03,9.173769354820251465e-01,7.639300000000001090e-01,8.263047337532043457e-01,5.220432877540588379e-01
2.569604121370688787e+01,-3.756248694824407863e+01,1.533924072265625000e+03,1.364191293716430664e+00,7.639400000000000635e-01,6.934001445770263672e-01,4.390351772308349609e-01
2.569335411712975414e+01,-3.755208211247564520e+01,1.698824218750000000e+03,1.221630096435546875e+00,7.639500000000000179e-01,7.203320264816284180e-01,4.683321714401245117e-01
2.569567560421425867e+01,-3.754045870253838757e+01,1.413279174804687500e+03,1.013378620147705078e+00,7.639600000000000835e-01,6.306862831115722656e-01,3.901305794715881348e-01
2.570603504859564481e+01,-3.751807528795819735e+01,1.391458984375000000e+03,9.913772940635681152e-01,7.639700000000000379e-01,5.787299275398254395e-01,3.563322424888610840e-01
2.569263512830600860e+01,-3.750396994374311532e+01,1.244930053710937500e+03,9.076327681541442871e-01,7.639800000000001035e-01,5.398961901664733887e-01,3.208554089069366455e-01
2.568982581711543034e+01,-3.748741039589754109e+01,1.698788940429687500e+03,6.640548110008239746e-01,7.639900000000000579e-01,7.355908751487731934e-01,4.782504141330718994e-01
2.569419587528510363e+01,-3.748000525329693033e+01,1.279701782226562500e+03,8.760017752647399902e-01,7.640000000000000124e-01,6.614328622817993164e-01,3.966918885707855225e-01
2.569258288427551662e+01,-3.746040386962754098e+01,1.363161254882812500e+03,9.966093897819519043e-01,7.640100000000000779e-01,5.702612400054931641e-01,3.489316999912261963e-01
2.569323389219311338e+01,-3.744337919389671754e+01,2.293153320312500000e+03,7.733220458030700684e-01,7.640200000000000324e-01,6.300759315490722656e-01,4.366700649261474609e-01
2.569307064394922335e+01,-3.742728051902923880e+01,1.684285156250000000e+03,8.036834597587585449e-01,7.640300000000000979e-01,6.518961191177368164e-01,4.229370951652526855e-01
2.569696681693674023e+01,-3.741812339924695152e+01,1.849578979492187500e+03,8.849508166313171387e-01,7.640400000000000524e-01,5.794928669929504395e-01,3.844085037708282471e-01
2.568974943629305585e+01,-3.740369704335034839e+01,1.159108886718750000e+03,8.337146639823913574e-01,7.640500000000001180e-01,5.675909519195556641e-01,3.290188908576965332e-01
2.569500243668444384e+01,-3.738012819471607884e+01,2.916325683593750000e+03,7.407123446464538574e-01,7.640600000000000724e-01,8.058578968048095703e-01,5.807135701179504395e-01
2.569306142203863530e+01,-3.737321244808234155e+01,1.957117431640625000e+03,7.315320372581481934e-01,7.640700000000000269e-01,8.334763646125793457e-01,5.598089694976806641e-01
2.569603186259589123e+01,-3.735943857036695448e+01,1.276963989257812500e+03,1.308668375015258789e+00,7.640800000000000924e-01,7.241467237472534180e-01,4.339997768402099609e-01
2.568523573138007521e+01,-3.733702152138925356e+01,1.511274169921875000e+03,1.167575836181640625e+00,7.640900000000000469e-01,1.001018524169921875e+00,6.312203407287597656e-01
2.569079155621702526e+01,-3.732149467415700173e+01,2.048095947265625000e+03,1.337110519409179688e+00,7.641000000000001124e-01,8.799395561218261719e-01,5.966590642929077148e-01
2.569679105443163536e+01,-3.731012228189580782e+01,1.740847412109375000e+03,1.622609615325927734e+00,7.641100000000000669e-01,7.764846086502075195e-01,5.078526139259338379e-01
2.568694332962842708e+01,-3.729818805759057909e+01,1.947298339843750000e+03,1.344160556793212891e+00,7.641200000000000214e-01,6.827952861785888672e-01,4.581087529659271240e-01
2.568980069607848549e+01,-3.728166668666119676e+01,1.427969482421875000e+03,1.114133119583129883e+00,7.641300000000000869e-01,5.904029607772827148e-01,3.663267791271209717e-01
2.569323658252708853e+01,-3.726665174903264699e+01,2.168930175781250000e+03,9.474737048149108887e-01,7.641400000000000414e-01,6.799724102020263672e-01,4.663485288619995117e-01
2.569378433203102929e+01,-3.725486494014077721e+01,2.177388916015625000e+03,8.153302073478698730e-01,7.641500000000001069e-01,6.234383583068847656e-01,4.278962314128875732e-01
2.569429347302544997e+01,-3.724003140557469749e+01,1.434241821289062500e+03,9.198588728904724121e-01,7.641600000000000614e-01,5.553839206695556641e-01,3.450406789779663086e-01
2.569358869553520819e+01,-3.721313868527116853e+01,1.433691772460937500e+03,7.770151495933532715e-01,7.641700000000000159e-01,6.630350351333618164e-01,4.118744432926177979e-01
2.569289346776163541e+01,-3.720045170633110132e+01,1.255075439453125000e+03,6.990761160850524902e-01,7.641800000000000814e-01,5.295964479446411133e-01,3.155910968780517578e-01
2.568986688849887656e+01,-3.718684860794458302e+01,1.680423950195312500e+03,8.391947150230407715e-01,7.641900000000000359e-01,6.247353553771972656e-01,4.050842523574829102e-01
2.569497732470645346e+01,-3.718110388821506973e+01,2.112168457031250000e+03,6.517345309257507324e-01,7.642000000000001014e-01,7.302502989768981934e-01,4.982395172119140625e-01
2.569992801652528769e+01,-3.715739826150482372e+01,2.006324218750000000e+03,8.703417181968688965e-01,7.642100000000000559e-01,8.042556643486022949e-01,5.430242419242858887e-01
2.569150854663862660e+01,-3.714133043668552858e+01,2.160893554687500000e+03,1.046139717102050781e+00,7.642200000000000104e-01,7.060649991035461426e-01,4.838961958885192871e-01
2.569652717193545044e+01,-3.713174152767082603e+01,1.603063232421875000e+03,1.114495515823364258e+00,7.642300000000000759e-01,9.314382076263427734e-01,5.967353582382202148e-01
2.569005998547428149e+01,-3.712277701725041368e+01,1.434366088867187500e+03,1.252427816390991211e+00,7.642400000000000304e-01,8.654436469078063965e-01,5.376836061477661133e-01
2.568854024415636061e+01,-3.709304773206525851e+01,1.851878417968750000e+03,1.480923414230346680e+00,7.642500000000000959e-01,8.011276125907897949e-01,5.315800905227661133e-01
2.569166249783743794e+01,-3.707698092808061574e+01,3.668672119140625000e+03,1.311770200729370117e+00,7.642600000000000504e-01,6.908824443817138672e-01,5.127354264259338379e-01
2.569781942390606844e+01,-3.707084201557596259e+01,1.533977661132812500e+03,1.198809862136840820e+00,7.642700000000001159e-01,7.033947110176086426e-01,4.453676044940948486e-01
2.569735691591502302e+01,-3.705882267536066621e+01,1.293702758789062500e+03,9.926921725273132324e-01,7.642800000000000704e-01,6.678416132926940918e-01,4.019561707973480225e-01
2.569923345146101923e+01,-3.703575028711421169e+01,1.548418701171875000e+03,9.345752596855163574e-01,7.642900000000000249e-01,6.185555458068847656e-01,3.926482796669006348e-01
2.569775989888767853e+01,-3.702331604272900734e+01,1.206309204101562500e+03,8.741981387138366699e-01,7.643000000000000904e-01,6.180214881896972656e-01,3.633513152599334717e-01
2.569638212445444481e+01,-3.701410496907205783e+01,1.585203247070312500e+03,8.652347922325134277e-01,7.643100000000000449e-01,6.579233407974243164e-01,4.202668070793151855e-01
2.569441762605084989e+01,-3.699397361672224349e+01,1.250180908203125000e+03,8.031088709831237793e-01,7.643200000000001104e-01,6.016945242881774902e-01,3.580870032310485840e-01
2.569980892244109327e+01,-3.697084507759046090e+01,1.089521240234375000e+03,7.852024435997009277e-01,7.643300000000000649e-01,5.863593816757202148e-01,3.321469724178314209e-01
2.570331476798104475e+01,-3.695261030605344388e+01,1.323806884765625000e+03,7.730585932731628418e-01,7.643400000000000194e-01,6.930186748504638672e-01,4.201905131340026855e-01
2.568928584165489326e+01,-3.695138830025827303e+01,1.384807861328125000e+03,7.113797068595886230e-01,7.643500000000000849e-01,7.184246778488159180e-01,4.417054951190948486e-01
2.569971583945008575e+01,-3.693091917226816889e+01,1.479426391601562500e+03,9.233743548393249512e-01,7.643600000000000394e-01,6.023048758506774902e-01,3.775420188903808594e-01
2.570281370284606481e+01,-3.691436495813424301e+01,1.738035034179687500e+03,9.804577231407165527e-01,7.643700000000001049e-01,6.624246835708618164e-01,4.330842196941375732e-01
2.569886715116723508e+01,-3.689841821448144543e+01,1.312064453125000000e+03,6.926304697990417480e-01,7.643800000000000594e-01,6.792094111442565918e-01,4.106537401676177979e-01
2.569713481898969931e+01,-3.689174857743854830e+01,1.497715576171875000e+03,9.156472086906433105e-01,7.643900000000000139e-01,6.403756737709045410e-01,4.027954339981079102e-01
2.570418596403973055e+01,-3.687531255918984385e+01,1.232653442382812500e+03,9.991223216056823730e-01,7.644000000000000794e-01,6.701304316520690918e-01,3.969207704067230225e-01
2.570312101182313569e+01,-3.685719969935507834e+01,1.266317016601562500e+03,9.728187918663024902e-01,7.644100000000000339e-01,6.434274315834045410e-01,3.845610916614532471e-01
2.569568602241290733e+01,-3.684422470947865946e+01,1.422114379882812500e+03,8.338517546653747559e-01,7.644200000000000994e-01,6.963756680488586426e-01,4.315583407878875732e-01
2.569558705179072078e+01,-3.682887436879297383e+01,1.552763671875000000e+03,9.023613333702087402e-01,7.644300000000000539e-01,5.923866033554077148e-01,3.763213157653808594e-01
2.569992992036913293e+01,-3.681517792673309941e+01,1.535950073242187500e+03,9.456581473350524902e-01,7.644400000000000084e-01,5.972694158554077148e-01,3.783049583435058594e-01
2.569781289630640941e+01,-3.679840889016703898e+01,1.620967041015625000e+03,8.327752947807312012e-01,7.644500000000000739e-01,6.216835975646972656e-01,3.994384706020355225e-01
2.570263602766102906e+01,-3.677909022637971503e+01,1.540235351562500000e+03,8.165318369865417480e-01,7.644600000000000284e-01,6.122230887413024902e-01,3.880706429481506348e-01
2.570281566965763886e+01,-3.676389969197547458e+01,1.555894531250000000e+03,8.044940829277038574e-01,7.644700000000000939e-01,6.882121562957763672e-01,4.374330043792724609e-01
2.570183684251623646e+01,-3.674836312487542500e+01,1.257762695312500000e+03,9.561712145805358887e-01,7.644800000000000484e-01,6.492258310317993164e-01,3.871551156044006348e-01
2.570125785984335209e+01,-3.673241111280011495e+01,2.073673095703125000e+03,9.636086821556091309e-01,7.644900000000001139e-01,6.661631464958190918e-01,4.528444409370422363e-01
2.570533052797882334e+01,-3.671746976670329587e+01,1.724839111328125000e+03,8.457452654838562012e-01,7.645000000000000684e-01,7.141522169113159180e-01,4.660433530807495117e-01
2.570144673664130863e+01,-3.670129801675697934e+01,1.195655273437500000e+03,1.089113473892211914e+00,7.645100000000000229e-01,6.602884531021118164e-01,3.870025277137756348e-01
2.570515510426983496e+01,-3.668384068516243701e+01,1.500247192382812500e+03,9.426838755607604980e-01,7.645200000000000884e-01,5.495092272758483887e-01,3.458036184310913086e-01
2.570790736052298442e+01,-3.667069576609888060e+01,1.061249511718750000e+03,7.603067755699157715e-01,7.645300000000000429e-01,6.194710731506347656e-01,3.473294973373413086e-01
2.570018962435472076e+01,-3.665644958878788628e+01,1.819198852539062500e+03,7.934457659721374512e-01,7.645400000000001084e-01,7.149151563644409180e-01,4.724520444869995117e-01
2.569735059061427407e+01,-3.664850185695245699e+01,2.900898193359375000e+03,7.875282168388366699e-01,7.645500000000000629e-01,6.769968867301940918e-01,4.874820113182067871e-01
2.570569192855124285e+01,-3.662634113735269636e+01,1.647419189453125000e+03,9.130150675773620605e-01,7.645600000000000174e-01,8.125717639923095703e-01,5.242558717727661133e-01
2.570850304800282515e+01,-3.661111921125096558e+01,1.364738403320312500e+03,1.055678844451904297e+00,7.645700000000000829e-01,7.454328536987304688e-01,4.562776684761047363e-01
2.570003969136073607e+01,-3.659640885928732246e+01,1.523431884765625000e+03,1.123922586441040039e+00,7.645800000000000374e-01,8.800158500671386719e-01,5.561468601226806641e-01
2.569812517511602223e+01,-3.658242868763722555e+01,1.533729980468750000e+03,1.121645689010620117e+00,7.645900000000001029e-01,7.468061447143554688e-01,4.728335440158843994e-01
2.570952081144513812e+01,-3.656265541730682855e+01,1.521913330078125000e+03,1.261760711669921875e+00,7.646000000000000574e-01,6.976726651191711426e-01,4.407899379730224609e-01
2.570551962394971923e+01,-3.654453773948605999e+01,2.293268066406250000e+03,1.050211906433105469e+00,7.646100000000000119e-01,7.195690870285034180e-01,4.986972808837890625e-01
2.569791662625076611e+01,-3.653914778158999610e+01,1.876586303710937500e+03,1.000151157379150391e+00,7.646200000000000774e-01,6.751658320426940918e-01,4.493349194526672363e-01
2.570310959855996558e+01,-3.651752668981667682e+01,1.498060546875000000e+03,9.912461638450622559e-01,7.646300000000000319e-01,6.268715858459472656e-01,3.943267464637756348e-01
2.570444533803394194e+01,-3.649486208116538677e+01,1.007888000488281250e+03,9.146422743797302246e-01,7.646400000000000974e-01,6.786753535270690918e-01,3.726592063903808594e-01
2.569748982348367505e+01,-3.648521488308438876e+01,1.923794921875000000e+03,8.430463671684265137e-01,7.646500000000000519e-01,7.158306837081909180e-01,4.790133535861968994e-01
2.570466398857424295e+01,-3.647432782873201518e+01,1.375401611328125000e+03,1.036685228347778320e+00,7.646600000000001174e-01,7.362012267112731934e-01,4.517000317573547363e-01
2.570564525282962620e+01,-3.645607969097413559e+01,2.412937988281250000e+03,1.087152481079101562e+00,7.646700000000000719e-01,7.846480607986450195e-01,5.487462878227233887e-01
2.569732229163967219e+01,-3.643827737123195476e+01,1.678493530273437500e+03,1.228460788726806641e+00,7.646800000000000264e-01,8.514817953109741211e-01,5.519506335258483887e-01
2.570122755100257095e+01,-3.642004068169586617e+01,1.855793701171875000e+03,1.113482236862182617e+00,7.646900000000000919e-01,7.737380266189575195e-01,5.136509537696838379e-01
2.569894125167727239e+01,-3.640882034587463778e+01,1.867471191406250000e+03,1.283747673034667969e+00,7.647000000000000464e-01,7.806807756423950195e-01,5.189915299415588379e-01
2.569902651723757359e+01,-3.640299702854849784e+01,1.920140625000000000e+03,1.046844244003295898e+00,7.647100000000001119e-01,9.076343774795532227e-01,6.071113944053649902e-01
2.569453174019022157e+01,-3.637786471985636183e+01,1.576691650390625000e+03,1.372096061706542969e+00,7.647200000000000664e-01,6.547952890396118164e-01,4.176727831363677979e-01
2.570270797045945699e+01,-3.636443634502198563e+01,1.545300659179687500e+03,1.436852931976318359e+00,7.647300000000000209e-01,6.513620615005493164e-01,4.132477343082427979e-01
2.569925285666300141e+01,-3.635435488968016671e+01,1.742769165039062500e+03,8.558601737022399902e-01,7.647400000000000864e-01,7.770949602127075195e-01,5.083866715431213379e-01
2.569353642660804837e+01,-3.633783069621866701e+01,2.183017333984375000e+03,1.074153900146484375e+00,7.647500000000000409e-01,5.734656453132629395e-01,3.937926888465881348e-01
2.569817490380396663e+01,-3.632391425317037204e+01,1.556558837890625000e+03,1.076478481292724609e+00,7.647600000000001064e-01,6.094002127647399902e-01,3.873839974403381348e-01
2.569792406492798875e+01,-3.630325094823810872e+01,1.615383544921875000e+03,7.568067908287048340e-01,7.647700000000000609e-01,6.607462167739868164e-01,4.241577982902526855e-01
2.569134789620396830e+01,-3.629195027123768824e+01,1.913107177734375000e+03,8.014637827873229980e-01,7.647800000000000153e-01,5.788062214851379395e-01,3.868499398231506348e-01
2.570212973372194298e+01,-3.627358428083704212e+01,2.119217529296875000e+03,9.030610918998718262e-01,7.647900000000000809e-01,5.800269246101379395e-01,3.960052430629730225e-01
2.570188863898337672e+01,-3.626609768616603446e+01,1.343033813476562500e+03,6.959695219993591309e-01,7.648000000000000353e-01,7.654219269752502441e-01,4.661959409713745117e-01
2.569611176600608360e+01,-3.624561609332997136e+01,1.477253540039062500e+03,8.195764422416687012e-01,7.648100000000001009e-01,7.207897901535034180e-01,4.516237378120422363e-01
2.569624941144288144e+01,-3.623441167126100737e+01,1.338483886718750000e+03,1.076755046844482422e+00,7.648200000000000554e-01,6.936290264129638672e-01,4.220215678215026855e-01
2.569943968033822301e+01,-3.621950937318410269e+01,1.723800415039062500e+03,9.874672293663024902e-01,7.648300000000000098e-01,6.035255789756774902e-01,3.937926888465881348e-01
2.569402211061859731e+01,-3.620222198144284675e+01,1.414604248046875000e+03,9.021634459495544434e-01,7.648400000000000754e-01,6.037544608116149902e-01,3.735747337341308594e-01
2.569715217456257150e+01,-3.618959008904462848e+01,1.435545532226562500e+03,7.127553820610046387e-01,7.648500000000000298e-01,6.237435340881347656e-01,3.876128792762756348e-01
2.569335718462071583e+01,-3.617345849243670841e+01,1.346344482421875000e+03,7.687301039695739746e-01,7.648600000000000954e-01,5.535528063774108887e-01,3.374112546443939209e-01
2.569724157660638397e+01,-3.616008560339994915e+01,1.561531860351562500e+03,8.026880621910095215e-01,7.648700000000000498e-01,7.531385421752929688e-01,4.791659414768218994e-01
2.569349855805723593e+01,-3.614699660056658814e+01,1.557035034179687500e+03,7.006425261497497559e-01,7.648800000000001154e-01,7.699232697486877441e-01,4.894656836986541748e-01
2.569720808833329428e+01,-3.612708621940836906e+01,1.580692138671875000e+03,1.320811033248901367e+00,7.648900000000000698e-01,6.135963797569274902e-01,3.916564583778381348e-01
2.570083045141340250e+01,-3.612172405767116601e+01,1.877699707031250000e+03,1.034987688064575195e+00,7.649000000000000243e-01,7.312421202659606934e-01,4.867190718650817871e-01
2.570204478216614064e+01,-3.609720015733381615e+01,1.699300415039062500e+03,8.249778151512145996e-01,7.649100000000000898e-01,7.485609054565429688e-01,4.867190718650817871e-01
2.570476812126495858e+01,-3.608167844072648478e+01,1.686532470703125000e+03,1.093658924102783203e+00,7.649200000000000443e-01,7.835799455642700195e-01,5.085392594337463379e-01
2.570778039507422363e+01,-3.607528345412987392e+01,1.745010742187500000e+03,1.022469520568847656e+00,7.649300000000001098e-01,9.393727779388427734e-01,6.147407889366149902e-01
2.570608386405796253e+01,-3.605093060409128469e+01,2.498080810546875000e+03,1.381811618804931641e+00,7.649400000000000643e-01,7.266644835472106934e-01,5.112095475196838379e-01
2.569873854363040877e+01,-3.603814508722448551e+01,1.631592651367187500e+03,1.355700016021728516e+00,7.649500000000000188e-01,8.040267825126647949e-01,5.174656510353088379e-01
2.570708202416514609e+01,-3.602140225481360147e+01,9.665383911132812500e+02,1.211781024932861328e+00,7.649600000000000843e-01,6.874492168426513672e-01,3.708281219005584717e-01
2.570907011832257894e+01,-3.600585968249365720e+01,1.102619873046875000e+03,1.028291702270507812e+00,7.649700000000000388e-01,6.615854501724243164e-01,3.764739036560058594e-01
2.570680637668268176e+01,-3.599328261440251708e+01,1.238213623046875000e+03,8.114785552024841309e-01,7.649800000000001043e-01,7.233837842941284180e-01,4.291169345378875732e-01
2.570667976605805549e+01,-3.597756599484885953e+01,1.746243530273437500e+03,8.300716280937194824e-01,7.649900000000000588e-01,8.683428764343261719e-01,5.683538913726806641e-01
2.571222493569070267e+01,-3.595742850929527634e+01,1.540341430664062500e+03,1.227622747421264648e+00,7.650000000000000133e-01,6.682993769645690918e-01,4.236237406730651855e-01
2.570775650713094862e+01,-3.594920375748900909e+01,1.330479492187500000e+03,1.231598377227783203e+00,7.650100000000000788e-01,7.753401994705200195e-01,4.708498716354370117e-01
2.570317421665721014e+01,-3.593829188198517244e+01,1.612731445312500000e+03,1.118273258209228516e+00,7.650200000000000333e-01,6.097816824913024902e-01,3.912749886512756348e-01
2.570921574419974931e+01,-3.591852690189283948e+01,2.887249267578125000e+03,1.098771810531616211e+00,7.650300000000000988e-01,8.923755288124084473e-01,6.421304345130920410e-01
2.570928735965973999e+01,-3.590591342194219493e+01,1.777949707031250000e+03,8.830172419548034668e-01,7.650400000000000533e-01,7.859450578689575195e-01,5.166264176368713379e-01
2.570653433523966669e+01,-3.589599858882539252e+01,2.179627929687500000e+03,1.626351594924926758e+00,7.650500000000000078e-01,6.409860253334045410e-01,4.400269985198974609e-01
2.570103189625783102e+01,-3.587775188496568290e+01,1.704804199218750000e+03,1.231675863265991211e+00,7.650600000000000733e-01,5.718634724617004395e-01,3.721251487731933594e-01
2.570635676695220440e+01,-3.585735958447808258e+01,1.238694824218750000e+03,7.962233424186706543e-01,7.650700000000000278e-01,5.931495428085327148e-01,3.519071638584136963e-01
2.570262460138172855e+01,-3.584011139865570783e+01,1.458751953125000000e+03,8.043462634086608887e-01,7.650800000000000933e-01,5.257817506790161133e-01,3.282559514045715332e-01
2.570657533796619987e+01,-3.583162713021982171e+01,1.345875000000000000e+03,6.933194994926452637e-01,7.650900000000000478e-01,5.622503757476806641e-01,3.426755666732788086e-01
2.570840587463106175e+01,-3.581511546728158635e+01,1.733673461914062500e+03,6.539375185966491699e-01,7.651000000000001133e-01,5.890296697616577148e-01,3.848662674427032471e-01
2.570654317072931505e+01,-3.579940441570286680e+01,1.192046875000000000e+03,6.868452429771423340e-01,7.651100000000000678e-01,6.499124765396118164e-01,3.805175125598907471e-01
2.570275202265933601e+01,-3.578422510722453609e+01,1.537936645507812500e+03,8.373350501060485840e-01,7.651200000000000223e-01,6.936290264129638672e-01,4.394929409027099609e-01
2.570488921870683541e+01,-3.576787329179978059e+01,1.484113037109375000e+03,9.027451872825622559e-01,7.651300000000000878e-01,6.167244315147399902e-01,3.869262337684631348e-01
2.571142540499886664e+01,-3.575274432696447491e+01,1.506617797851562500e+03,8.902449011802673340e-01,7.651400000000000423e-01,7.050731778144836426e-01,4.442231953144073486e-01
2.569626585828692811e+01,-3.573700131186462414e+01,2.989180419921875000e+03,7.827443480491638184e-01,7.651500000000001078e-01,7.310895323753356934e-01,5.286809206008911133e-01
2.570483831843253242e+01,-3.572269429730571488e+01,1.653664794921875000e+03,1.038705825805664062e+00,7.651600000000000623e-01,6.063484549522399902e-01,3.915801644325256348e-01
2.570922055205809542e+01,-3.571102046341440683e+01,1.451031494140625000e+03,1.038000106811523438e+00,7.651700000000000168e-01,5.752967000007629395e-01,3.586210608482360840e-01
2.570144841257431878e+01,-3.569554131668702013e+01,1.480155639648437500e+03,9.582514166831970215e-01,7.651800000000000823e-01,5.748389363288879395e-01,3.603758215904235840e-01
2.570674947563137636e+01,-3.567593691951384471e+01,1.285417602539062500e+03,7.023388743400573730e-01,7.651900000000000368e-01,6.898143291473388672e-01,4.143158495426177979e-01
2.570978797503612512e+01,-3.566742859820808320e+01,9.410597534179687500e+02,7.700151801109313965e-01,7.652000000000001023e-01,6.348825097084045410e-01,3.384793698787689209e-01
2.570076465704021373e+01,-3.565888629117310415e+01,1.078727416992187500e+03,8.635944724082946777e-01,7.652100000000000568e-01,7.664137482643127441e-01,4.324738681316375732e-01
2.570072664585790179e+01,-3.563780956584921711e+01,1.662863769531250000e+03,8.281845450401306152e-01,7.652200000000000113e-01,7.242993116378784180e-01,4.684084653854370117e-01
2.571118747477332533e+01,-3.561529162997512543e+01,1.972609619140625000e+03,1.110432863235473633e+00,7.652300000000000768e-01,6.505228281021118164e-01,4.376618862152099609e-01
2.570810181728178279e+01,-3.560632787141472022e+01,2.820900146484375000e+03,1.025278091430664062e+00,7.652400000000000313e-01,5.682775974273681641e-01,4.075256586074829102e-01
2.569920607819307534e+01,-3.558931889164395557e+01,1.787182983398437500e+03,8.604342341423034668e-01,7.652500000000000968e-01,5.974220037460327148e-01,3.931823372840881348e-01
2.570978471482510130e+01,-3.557337560958775668e+01,1.292497680664062500e+03,8.747393488883972168e-01,7.652600000000000513e-01,5.501195788383483887e-01,3.310025334358215332e-01
2.571172195061297217e+01,-3.555776082060582866e+01,2.336613037109375000e+03,6.878775954246520996e-01,7.652700000000001168e-01,7.987625002861022949e-01,5.554602146148681641e-01
2.570848038074456099e+01,-3.554321604465899753e+01,1.286048461914062500e+03,8.271700739860534668e-01,7.652800000000000713e-01,6.399179100990295410e-01,3.844085037708282471e-01
2.570861640800985626e+01,-3.552656957252417413e+01,1.405128540039062500e+03,1.100264310836791992e+00,7.652900000000000258e-01,7.629805207252502441e-01,4.711550474166870117e-01
2.571232800773243099e+01,-3.551593079906181316e+01,1.543216552734375000e+03,8.631486296653747559e-01,7.653000000000000913e-01,5.620977878570556641e-01,3.564848303794860840e-01
2.570583388505966838e+01,-3.549516651943930867e+01,1.613556640625000000e+03,8.814639449119567871e-01,7.653100000000000458e-01,7.353619933128356934e-01,4.719179868698120117e-01
2.570353130512369688e+01,-3.548291426030173312e+01,1.367971191406250000e+03,6.774980425834655762e-01,7.653200000000001113e-01,9.051929712295532227e-01,5.544683337211608887e-01
2.571291481792705014e+01,-3.546741536755155977e+01,1.386990356445312500e+03,1.208811521530151367e+00,7.653300000000000658e-01,1.000255584716796875e+00,6.152748465538024902e-01
2.570888800586012124e+01,-3.545357169281766829e+01,2.553640625000000000e+03,1.329857826232910156e+00,7.653400000000000203e-01,9.141957163810729980e-01,6.454873681068420410e-01
2.571189539712174010e+01,-3.543789232069585893e+01,1.476165649414062500e+03,1.569448232650756836e+00,7.653500000000000858e-01,7.001140713691711426e-01,4.385774135589599609e-01
2.570867324674475540e+01,-3.542683836201731395e+01,1.464361328125000000e+03,1.300541877746582031e+00,7.653600000000000403e-01,7.383374571800231934e-01,4.614656865596771240e-01
2.571566859650719650e+01,-3.541004926065784275e+01,1.312648315429687500e+03,9.341115355491638184e-01,7.653700000000001058e-01,7.285718321800231934e-01,4.405610561370849609e-01
2.570686397396979572e+01,-3.538448500442284228e+01,1.111036254882812500e+03,1.239362478256225586e+00,7.653800000000000603e-01,6.689097285270690918e-01,3.817382156848907471e-01
2.571277301800848036e+01,-3.537454114341618094e+01,1.515351806640625000e+03,9.330899119377136230e-01,7.653900000000000148e-01,7.529096603393554688e-01,4.751223623752593994e-01
2.571080531744850362e+01,-3.535996675615622564e+01,1.476410644531250000e+03,9.572548270225524902e-01,7.654000000000000803e-01,6.860759258270263672e-01,4.298035800457000732e-01
2.570975791390899445e+01,-3.534620640357028520e+01,1.451128173828125000e+03,1.080680608749389648e+00,7.654100000000000348e-01,6.089424490928649902e-01,3.796019852161407471e-01
2.571481285292143681e+01,-3.532921353310314316e+01,1.777240112304687500e+03,8.717209696769714355e-01,7.654200000000001003e-01,7.564191818237304688e-01,4.971714019775390625e-01
2.570928695524636964e+01,-3.531481490483272268e+01,7.144999023437500000e+03,8.880073428153991699e-01,7.654300000000000548e-01,6.351876854896545410e-01,4.983158111572265625e-01
2.570944644546323588e+01,-3.530051819601325747e+01,1.915517700195312500e+03,9.715122580528259277e-01,7.654400000000000093e-01,6.440377831459045410e-01,4.305665194988250732e-01
2.570256683080667059e+01,-3.529362844405762445e+01,1.602862548828125000e+03,1.027686119079589844e+00,7.654500000000000748e-01,6.277871131896972656e-01,4.021850526332855225e-01
2.570959017345184705e+01,-3.527648086054189491e+01,1.688408325195312500e+03,9.487039446830749512e-01,7.654600000000000293e-01,6.302285194396972656e-01,4.091278314590454102e-01
2.570896769209823773e+01,-3.525757464661942464e+01,2.037551879882812500e+03,8.116859793663024902e-01,7.654700000000000948e-01,7.604628205299377441e-01,5.151005387306213379e-01
2.570582863158754350e+01,-3.524418207678388626e+01,1.495005981445312500e+03,9.848052859306335449e-01,7.654800000000000493e-01,7.528333663940429688e-01,4.732913076877593994e-01
2.569997676727228964e+01,-3.523724673448192135e+01,1.734686523437500000e+03,1.162712097167968750e+00,7.654900000000001148e-01,6.413674950599670410e-01,4.191223978996276855e-01
2.570186879844372996e+01,-3.520766132448068930e+01,1.955653442382812500e+03,9.380668997764587402e-01,7.655000000000000693e-01,8.726916313171386719e-01,5.860542058944702148e-01
2.569952521914494525e+01,-3.520633924564570094e+01,1.712930786132812500e+03,1.041495323181152344e+00,7.655100000000000238e-01,8.633837103843688965e-01,5.624792575836181641e-01
2.570274086961936533e+01,-3.518646414963983204e+01,2.240261474609375000e+03,1.284082651138305664e+00,7.655200000000000893e-01,9.071003198623657227e-01,6.259560585021972656e-01
2.570515401518996867e+01,-3.517058147856361927e+01,1.757800415039062500e+03,1.376460313796997070e+00,7.655300000000000438e-01,7.338361144065856934e-01,4.810733199119567871e-01
2.570612724744409050e+01,-3.515714170750130307e+01,3.347960205078125000e+03,1.389656782150268555e+00,7.655400000000001093e-01,8.894000649452209473e-01,6.528879404067993164e-01
2.570168383598949902e+01,-3.513734471408125870e+01,2.266046386718750000e+03,1.358437061309814453e+00,7.655500000000000638e-01,9.302175045013427734e-01,6.432748436927795410e-01
2.570204535306091742e+01,-3.512535370204029306e+01,1.714791381835937500e+03,1.630881547927856445e+00,7.655600000000000183e-01,9.783591628074645996e-01,6.375527977943420410e-01
2.570902201120209440e+01,-3.511299090821257352e+01,2.024412719726562500e+03,1.645879268646240234e+00,7.655700000000000838e-01,8.696398735046386719e-01,5.882667303085327148e-01
2.570207592793781615e+01,-3.509621817756697482e+01,1.722764404296875000e+03,1.584472179412841797e+00,7.655800000000000383e-01,9.433400630950927734e-01,6.154274344444274902e-01
2.570721044275492062e+01,-3.507933353426571443e+01,1.915260009765625000e+03,1.567981958389282227e+00,7.655900000000001038e-01,1.020778775215148926e+00,6.824138164520263672e-01
2.570779023971187627e+01,-3.507280075427117794e+01,2.034127685546875000e+03,1.738059043884277344e+00,7.656000000000000583e-01,9.527242779731750488e-01,6.451058983802795410e-01
2.570780253298092788e+01,-3.505178184121600538e+01,1.366961669921875000e+03,1.752749204635620117e+00,7.656100000000000128e-01,8.316453099250793457e-01,5.093021988868713379e-01
2.570342133990282107e+01,-3.503307504264514449e+01,1.655843017578125000e+03,1.471473693847656250e+00,7.656200000000000783e-01,9.894980788230895996e-01,6.392312645912170410e-01
2.570324046829578180e+01,-3.502026726251692423e+01,1.781883911132812500e+03,1.333738088607788086e+00,7.656300000000000328e-01,9.204518198966979980e-01,6.053566336631774902e-01
2.571040818791624361e+01,-3.501020956440213894e+01,1.838844970703125000e+03,1.563744068145751953e+00,7.656400000000000983e-01,8.650621771812438965e-01,5.730841755867004395e-01
2.570501620408494858e+01,-3.498769301836863832e+01,1.687916259765625000e+03,1.418228864669799805e+00,7.656500000000000528e-01,9.808768630027770996e-01,6.367135643959045410e-01
2.571121220055092493e+01,-3.497504437163556190e+01,1.194558227539062500e+03,1.582096338272094727e+00,7.656600000000000072e-01,7.967025637626647949e-01,4.668062925338745117e-01
2.571614023605812704e+01,-3.496026644112188819e+01,1.568688720703125000e+03,1.521584510803222656e+00,7.656700000000000728e-01,7.146099805831909180e-01,4.552095532417297363e-01
2.570599728915881244e+01,-3.494346090382938286e+01,1.208882080078125000e+03,1.135277271270751953e+00,7.656800000000000272e-01,5.886482000350952148e-01,3.463376760482788086e-01
2.570371246278631716e+01,-3.492758716556173226e+01,1.508915039062500000e+03,1.001863002777099609e+00,7.656900000000000928e-01,8.116562366485595703e-01,5.115910172462463379e-01
2.571054519276675521e+01,-3.490795066367157062e+01,1.201932861328125000e+03,9.088284373283386230e-01,7.657000000000000473e-01,8.048660755157470703e-01,4.726046323776245117e-01
2.571330220288079715e+01,-3.489474040898986829e+01,1.554356079101562500e+03,1.155845642089843750e+00,7.657100000000001128e-01,6.372476220130920410e-01,4.049316644668579102e-01
2.571097060799185385e+01,-3.487898946372961007e+01,2.831352539062500000e+03,1.102482795715332031e+00,7.657200000000000673e-01,6.914165019989013672e-01,4.961032867431640625e-01
2.571404871846541340e+01,-3.486309378845471940e+01,1.982017822265625000e+03,9.359747767448425293e-01,7.657300000000000217e-01,1.199307203292846680e+00,8.076889514923095703e-01
2.571601839208904039e+01,-3.484229176224089031e+01,2.265568847656250000e+03,1.294130802154541016e+00,7.657400000000000873e-01,1.191296339035034180e+00,8.237870335578918457e-01
2.570408844732235210e+01,-3.483477411199579166e+01,1.682320922851562500e+03,2.074301958084106445e+00,7.657500000000000417e-01,8.491166830062866211e-01,5.507299304008483887e-01
2.571619500972072458e+01,-3.482721003791571235e+01,1.699442993164062500e+03,1.976670742034912109e+00,7.657600000000001073e-01,7.893783450126647949e-01,5.132694840431213379e-01
2.571520245211385003e+01,-3.480749896410892319e+01,1.710652709960937500e+03,1.368699789047241211e+00,7.657700000000000617e-01,7.342175841331481934e-01,4.781741201877593994e-01
2.571439017104366798e+01,-3.478672374950338053e+01,1.465556030273437500e+03,1.229723215103149414e+00,7.657800000000000162e-01,8.462938070297241211e-01,5.290623903274536133e-01
2.570970615561486028e+01,-3.477612089628284053e+01,1.646403442382812500e+03,1.202187061309814453e+00,7.657900000000000817e-01,8.005172610282897949e-01,5.163975358009338379e-01
2.572174157562417562e+01,-3.476483091290502614e+01,2.223184082031250000e+03,1.375801086425781250e+00,7.658000000000000362e-01,7.928115725517272949e-01,5.463048815727233887e-01
2.570555496508914217e+01,-3.474561705297570313e+01,1.490355346679687500e+03,1.228614568710327148e+00,7.658100000000001017e-01,7.447462081909179688e-01,4.677981138229370117e-01
2.570104061475408841e+01,-3.473285984329543652e+01,2.261303466796875000e+03,1.346084594726562500e+00,7.658200000000000562e-01,8.038741946220397949e-01,5.556890964508056641e-01
2.571317624761474363e+01,-3.471558417524480689e+01,1.652729614257812500e+03,1.226236343383789062e+00,7.658300000000000107e-01,9.070240259170532227e-01,5.856726765632629395e-01
2.571413362011269044e+01,-3.469560544782201106e+01,1.790134765625000000e+03,1.353417158126831055e+00,7.658400000000000762e-01,8.522447943687438965e-01,5.611059665679931641e-01
2.570720394999933234e+01,-3.468655914562688736e+01,1.421418945312500000e+03,1.379212856292724609e+00,7.658500000000000307e-01,8.588823676109313965e-01,5.321904420852661133e-01
2.570939337003870051e+01,-3.466685892818028236e+01,1.697139526367187500e+03,1.434822797775268555e+00,7.658600000000000962e-01,7.699232697486877441e-01,5.004520416259765625e-01
2.571903475079147583e+01,-3.465790217841605170e+01,1.182328491210937500e+03,1.184687137603759766e+00,7.658700000000000507e-01,7.112530469894409180e-01,4.152313768863677979e-01
2.571080210852548475e+01,-3.464719852756310559e+01,1.289652954101562500e+03,1.192180633544921875e+00,7.658800000000001162e-01,6.044411063194274902e-01,3.634276092052459717e-01
2.571689369682628978e+01,-3.462575535676540284e+01,2.687104492187500000e+03,9.511560797691345215e-01,7.658900000000000707e-01,6.116127371788024902e-01,4.353730678558349609e-01
2.571900399200544385e+01,-3.461008284696720949e+01,1.850582519531250000e+03,7.947308421134948730e-01,7.659000000000000252e-01,6.177163124084472656e-01,4.098144769668579102e-01
2.570892747792414212e+01,-3.460013974781890056e+01,1.794598754882812500e+03,1.047738313674926758e+00,7.659100000000000907e-01,8.485063314437866211e-01,5.589697360992431641e-01
2.570397696983495095e+01,-3.458444009835546495e+01,1.407530761718750000e+03,9.916061758995056152e-01,7.659200000000000452e-01,7.897598147392272949e-01,4.879397749900817871e-01
2.570911750591372424e+01,-3.456444866705136576e+01,1.929368774414062500e+03,1.322774410247802734e+00,7.659300000000001107e-01,9.344899654388427734e-01,6.257271766662597656e-01
2.571198514301106641e+01,-3.454986094607465219e+01,2.317684082031250000e+03,1.255872964859008789e+00,7.659400000000000652e-01,7.546644210815429688e-01,5.240269899368286133e-01
2.570839896824477577e+01,-3.453804871513618480e+01,1.605893920898437500e+03,1.320966005325317383e+00,7.659500000000000197e-01,6.661631464958190918e-01,4.269807040691375732e-01
2.571379960053203817e+01,-3.452235713314973964e+01,1.144785156250000000e+03,9.397441744804382324e-01,7.659600000000000852e-01,6.432748436927795410e-01,3.712096214294433594e-01
2.570557588408208005e+01,-3.450359121364709836e+01,1.537073242187500000e+03,9.642619490623474121e-01,7.659700000000000397e-01,6.164192557334899902e-01,3.905120491981506348e-01
2.571029000920203345e+01,-3.448619111677486160e+01,1.564913696289062500e+03,8.871275782585144043e-01,7.659800000000001052e-01,6.617380380630493164e-01,4.212586283683776855e-01
2.571635376578907284e+01,-3.447351789132603272e+01,1.218255859375000000e+03,7.781893610954284668e-01,7.659900000000000597e-01,6.470895409584045410e-01,3.817382156848907471e-01
2.570971404444594199e+01,-3.445902873568037705e+01,1.624059448242187500e+03,8.959180712699890137e-01,7.660000000000000142e-01,6.331277489662170410e-01,4.069916009902954102e-01
2.571402234658999575e+01,-3.443929727035305888e+01,1.190289184570312500e+03,8.504838347434997559e-01,7.660100000000000797e-01,6.911876201629638672e-01,4.044739007949829102e-01
2.570630673003991973e+01,-3.442467280161521614e+01,1.466218627929687500e+03,8.076900839805603027e-01,7.660200000000000342e-01,7.577161788940429688e-01,4.737490713596343994e-01
2.571145444178067763e+01,-3.441672307590650348e+01,1.220158203125000000e+03,8.796924948692321777e-01,7.660300000000000997e-01,6.680704951286315918e-01,3.943267464637756348e-01
2.571093284403800538e+01,-3.440172344362558476e+01,1.798189819335937500e+03,9.285921454429626465e-01,7.660400000000000542e-01,6.415963768959045410e-01,4.228608012199401855e-01
2.570425845685999278e+01,-3.438290633696734488e+01,1.737320068359375000e+03,9.920925498008728027e-01,7.660500000000000087e-01,8.359177708625793457e-01,5.464574694633483887e-01
2.570505902249753305e+01,-3.436787459550259882e+01,2.558593505859375000e+03,9.996075034141540527e-01,7.660600000000000742e-01,9.180104136466979980e-01,6.483865380287170410e-01
2.571255163419399992e+01,-3.435795254047140901e+01,1.854927124023437500e+03,1.348393678665161133e+00,7.660700000000000287e-01,1.231732249259948730e+00,8.176071643829345703e-01
2.570764822907438685e+01,-3.434552248063997126e+01,1.573452514648437500e+03,1.697446823120117188e+00,7.660800000000000942e-01,1.122478961944580078e+00,7.156018018722534180e-01
2.570387527946223472e+01,-3.431958700912257143e+01,1.897221313476562500e+03,1.992074966430664062e+00,7.660900000000000487e-01,7.880049943923950195e-01,5.257054567337036133e-01
2.571300751344394087e+01,-3.431206174593123137e+01,2.008284667968750000e+03,1.558490514755249023e+00,7.661000000000001142e-01,1.026424527168273926e+00,6.931712627410888672e-01
2.571748955619493060e+01,-3.429495999241703430e+01,1.929914916992187500e+03,1.388623237609863281e+00,7.661100000000000687e-01,6.814982891082763672e-01,4.563539624214172363e-01
2.571002926469060412e+01,-3.428039894268598431e+01,2.132376464843750000e+03,1.564011096954345703e+00,7.661200000000000232e-01,6.883647441864013672e-01,4.705446958541870117e-01
2.571557386743989682e+01,-3.426205426797240960e+01,1.439389648437500000e+03,9.527308344841003418e-01,7.661300000000000887e-01,5.640051364898681641e-01,3.507627546787261963e-01
2.571170841519229811e+01,-3.424597942792437522e+01,2.257920166015625000e+03,1.077037572860717773e+00,7.661400000000000432e-01,5.746863484382629395e-01,3.971496522426605225e-01
2.571235837321479778e+01,-3.423052289786205193e+01,1.885686401367187500e+03,8.042127490043640137e-01,7.661500000000001087e-01,6.770731806755065918e-01,4.510896801948547363e-01
2.570983518525940781e+01,-3.421817348399499537e+01,1.480334838867187500e+03,7.948524355888366699e-01,7.661600000000000632e-01,6.570841073989868164e-01,4.119507372379302979e-01
2.571387433433946867e+01,-3.420095566147387700e+01,1.565820922851562500e+03,1.006723165512084961e+00,7.661700000000000177e-01,7.793074846267700195e-01,4.961795806884765625e-01
2.571480253219773715e+01,-3.419067826486062245e+01,1.916728515625000000e+03,9.883767962455749512e-01,7.661800000000000832e-01,6.138252615928649902e-01,4.104248583316802979e-01
2.570541959685253630e+01,-3.417923217912012746e+01,1.421753295898437500e+03,1.035677909851074219e+00,7.661900000000000377e-01,6.956890225410461426e-01,4.311005771160125732e-01
2.571057731145348058e+01,-3.416169894380176686e+01,1.506697631835937500e+03,9.644014239311218262e-01,7.662000000000001032e-01,7.434492111206054688e-01,4.684084653854370117e-01
2.571175890041475043e+01,-3.414519974810531977e+01,2.084780517578125000e+03,1.074103832244873047e+00,7.662100000000000577e-01,1.025890469551086426e+00,6.981304287910461426e-01
2.571057564137220552e+01,-3.413728696986864719e+01,1.992489990234375000e+03,1.274309873580932617e+00,7.662200000000000122e-01,8.208115696907043457e-01,5.534002184867858887e-01
2.571702188472055894e+01,-3.412157028416810078e+01,1.435963378906250000e+03,1.556269645690917969e+00,7.662300000000000777e-01,7.415418028831481934e-01,4.608553349971771240e-01
2.571725424891964451e+01,-3.410744564392062728e+01,1.227122924804687500e+03,1.305441379547119141e+00,7.662400000000000322e-01,7.130841016769409180e-01,4.217163920402526855e-01
2.571031504188952255e+01,-3.408531887491086820e+01,1.316146362304687500e+03,1.101407527923583984e+00,7.662500000000000977e-01,7.652693390846252441e-01,4.631441533565521240e-01
2.571459789157574960e+01,-3.407971431801151141e+01,1.706627319335937500e+03,1.004588127136230469e+00,7.662600000000000522e-01,7.441358566284179688e-01,4.843539595603942871e-01
2.571700381219347520e+01,-3.406677206119078960e+01,2.010227783203125000e+03,1.062694311141967773e+00,7.662700000000001177e-01,6.086372733116149902e-01,4.111115038394927979e-01
2.571511123725053594e+01,-3.405464270353311917e+01,1.321824584960937500e+03,1.021493196487426758e+00,7.662800000000000722e-01,6.779887080192565918e-01,4.108826220035552979e-01
2.571621605131467092e+01,-3.403349973734614053e+01,1.980168701171875000e+03,8.675963282585144043e-01,7.662900000000000267e-01,7.041576504707336426e-01,4.741305410861968994e-01
2.571591300477044939e+01,-3.401583446731812188e+01,1.823880615234375000e+03,1.004620313644409180e+00,7.663000000000000922e-01,9.866752028465270996e-01,6.524301767349243164e-01
2.571397833458775040e+01,-3.400282351813330450e+01,1.767689697265625000e+03,1.244295358657836914e+00,7.663100000000000467e-01,1.057476282119750977e+00,6.941630840301513672e-01
2.571389928571223749e+01,-3.398381514056328001e+01,1.980659545898437500e+03,1.594367742538452148e+00,7.663200000000001122e-01,1.212963938713073730e+00,8.167679309844970703e-01
2.571303439776998445e+01,-3.397218222937511456e+01,2.278126220703125000e+03,1.736598730087280273e+00,7.663300000000000667e-01,1.254010200500488281e+00,8.680377006530761719e-01
2.571727121112238379e+01,-3.395629659178987225e+01,2.430642089843750000e+03,2.202603340148925781e+00,7.663400000000000212e-01,1.266980290412902832e+00,8.871875405311584473e-01
2.570990127066717079e+01,-3.395090198945352000e+01,3.905543701171875000e+03,2.424344539642333984e+00,7.663500000000000867e-01,9.643210172653198242e-01,7.206372022628784180e-01
2.571266429970441436e+01,-3.393054449893627122e+01,2.464319580078125000e+03,2.215544700622558594e+00,7.663600000000000412e-01,8.263810276985168457e-01,5.800269246101379395e-01
2.571966819982378283e+01,-3.390843060788977681e+01,2.060323974609375000e+03,1.725016355514526367e+00,7.663700000000001067e-01,9.579885601997375488e-01,6.503702402114868164e-01
2.571525847711131263e+01,-3.389639976838665802e+01,1.396021484375000000e+03,1.555189609527587891e+00,7.663800000000000612e-01,7.059124112129211426e-01,4.350678920745849609e-01
2.571720810970236215e+01,-3.388263595569443964e+01,1.695052001953125000e+03,1.553238153457641602e+00,7.663900000000000157e-01,6.749369502067565918e-01,4.385774135589599609e-01
2.572144457445283905e+01,-3.386624649004294696e+01,1.684125854492187500e+03,9.107536673545837402e-01,7.664000000000000812e-01,9.340322017669677734e-01,6.059669852256774902e-01
2.571709766186411628e+01,-3.385262104982810172e+01,1.499105590820312500e+03,1.238499402999877930e+00,7.664100000000000357e-01,7.367352843284606934e-01,4.635256230831146240e-01
2.571712548494732786e+01,-3.383669349260220827e+01,1.589777221679687500e+03,1.198445081710815430e+00,7.664200000000001012e-01,7.893020510673522949e-01,5.045719146728515625e-01
2.572077575117680226e+01,-3.382471898505906438e+01,1.107776611328125000e+03,1.063382148742675781e+00,7.664300000000000557e-01,6.624246835708618164e-01,3.776183128356933594e-01
2.571097405062727859e+01,-3.379895876178882475e+01,1.776160766601562500e+03,1.107736349105834961e+00,7.664400000000000102e-01,7.328442931175231934e-01,4.816073775291442871e-01
2.571375293367633219e+01,-3.378256034868845603e+01,1.524271240234375000e+03,7.909662127494812012e-01,7.664500000000000757e-01,7.655745148658752441e-01,4.838961958885192871e-01
2.571700786590622201e+01,-3.377526674744315471e+01,2.046040893554687500e+03,1.128087759017944336e+00,7.664600000000000302e-01,5.408117175102233887e-01,3.666319549083709717e-01
2.572215669903348712e+01,-3.375791539275137865e+01,1.165016723632812500e+03,1.023848772048950195e+00,7.664700000000000957e-01,6.702067255973815918e-01,3.892150521278381348e-01
2.571508568786477866e+01,-3.373942494390656321e+01,1.490090332031250000e+03,7.281572222709655762e-01,7.664800000000000502e-01,8.845935463905334473e-01,5.556128025054931641e-01
2.571550797684862033e+01,-3.372962989716349824e+01,1.428488159179687500e+03,1.019826650619506836e+00,7.664900000000001157e-01,8.597216010093688965e-01,5.334874391555786133e-01
2.571989828348625551e+01,-3.371523155408758043e+01,1.726199951171875000e+03,1.197379350662231445e+00,7.665000000000000702e-01,8.517107367515563965e-01,5.559179782867431641e-01
2.571811922292697261e+01,-3.369764543294660086e+01,1.335903686523437500e+03,1.285067319869995117e+00,7.665100000000000247e-01,7.309369444847106934e-01,4.444520771503448486e-01
2.571559481328167962e+01,-3.367809003236394716e+01,1.348649169921875000e+03,1.316707849502563477e+00,7.665200000000000902e-01,8.463701009750366211e-01,5.161686539649963379e-01
2.571679117947726212e+01,-3.367021047713567583e+01,1.598775878906250000e+03,1.141499996185302734e+00,7.665300000000000447e-01,6.705119013786315918e-01,4.292695224285125732e-01
2.571669920329528480e+01,-3.365405759701147304e+01,1.800475585937500000e+03,1.178390502929687500e+00,7.665400000000001102e-01,7.272748351097106934e-01,4.794711172580718994e-01
2.571238884047468787e+01,-3.364271985206925564e+01,1.710052124023437500e+03,9.633035063743591309e-01,7.665500000000000647e-01,8.089096546173095703e-01,5.267735719680786133e-01
2.571582040658928037e+01,-3.362256567601503576e+01,1.441854614257812500e+03,1.132651090621948242e+00,7.665600000000000191e-01,6.818034648895263672e-01,4.242340922355651855e-01
2.571605194065856992e+01,-3.361176359255794210e+01,1.845157104492187500e+03,1.011510610580444336e+00,7.665700000000000847e-01,6.404519677162170410e-01,4.246155619621276855e-01
2.570786712565075760e+01,-3.359604314170730532e+01,1.099276733398437500e+03,1.018549919128417969e+00,7.665800000000000392e-01,7.159069776535034180e-01,4.069153070449829102e-01
2.570881066611197241e+01,-3.357544871830855726e+01,2.185503906250000000e+03,9.428054690361022949e-01,7.665900000000001047e-01,7.683973908424377441e-01,5.277653932571411133e-01
2.571950324143415756e+01,-3.356186567591879566e+01,1.902500610351562500e+03,1.035404920578002930e+00,7.666000000000000592e-01,7.107189297676086426e-01,4.744357168674468994e-01
2.571717102288785028e+01,-3.354515597978619468e+01,2.224811523437500000e+03,1.211100339889526367e+00,7.666100000000000136e-01,7.905990481376647949e-01,5.448552966117858887e-01
2.571096228844254483e+01,-3.353201757008110206e+01,1.412772216796875000e+03,1.261960983276367188e+00,7.666200000000000792e-01,7.507734298706054688e-01,4.643648564815521240e-01
2.571371126913927796e+01,-3.351071251681289453e+01,1.730554809570312500e+03,1.298779964447021484e+00,7.666300000000000336e-01,7.829695940017700195e-01,5.113621354103088379e-01
2.571041160909108925e+01,-3.350580963962967473e+01,1.931405029296875000e+03,1.209821224212646484e+00,7.666400000000000992e-01,7.806044816970825195e-01,5.228062272071838379e-01
2.570807870509676718e+01,-3.347951630004378387e+01,1.828908935546875000e+03,1.126329421997070312e+00,7.666500000000000536e-01,8.607134222984313965e-01,5.694983005523681641e-01
2.571423140546128749e+01,-3.346882895665148538e+01,1.636406860351562500e+03,1.284753799438476562e+00,7.666600000000000081e-01,8.990131616592407227e-01,5.790351033210754395e-01
2.570717206931513488e+01,-3.345185240758356571e+01,1.990975830078125000e+03,1.438055753707885742e+00,7.666700000000000736e-01,1.024212002754211426e+00,6.904246807098388672e-01
2.571231328642658909e+01,-3.343849779604199313e+01,2.717192382812500000e+03,1.609267711639404297e+00,7.666800000000000281e-01,1.025051236152648926e+00,7.309369444847106934e-01
2.571049033724192157e+01,-3.342910356220180290e+01,2.477787109375000000e+03,1.915271997451782227e+00,7.666900000000000936e-01,9.730948209762573242e-01,6.836345195770263672e-01
2.571799597980951191e+01,-3.341725027508162782e+01,2.058519531250000000e+03,1.834573268890380859e+00,7.667000000000000481e-01,1.156658768653869629e+00,7.851058244705200195e-01
2.570992135680499402e+01,-3.339815061074517644e+01,2.288364013671875000e+03,1.872910976409912109e+00,7.667100000000001137e-01,9.218251109123229980e-01,6.386209130287170410e-01
2.570887408168452026e+01,-3.338021427861251311e+01,1.512317749023437500e+03,2.151512622833251953e+00,7.667200000000000681e-01,6.819560527801513672e-01,4.301087558269500732e-01
2.571404160131310235e+01,-3.336636751218930641e+01,1.815916870117187500e+03,1.567937850952148438e+00,7.667300000000000226e-01,9.289967417716979980e-01,6.136726737022399902e-01
2.571679796118733918e+01,-3.335112984334609365e+01,1.512408569335937500e+03,1.176341295242309570e+00,7.667400000000000881e-01,8.009750247001647949e-01,5.051822662353515625e-01
2.571152413535608972e+01,-3.333451873066228188e+01,2.242512695312500000e+03,1.404908418655395508e+00,7.667500000000000426e-01,7.323865294456481934e-01,5.054874420166015625e-01
2.571819521461549840e+01,-3.331569703826345830e+01,1.413413940429687500e+03,1.066596031188964844e+00,7.667600000000001081e-01,7.605391144752502441e-01,4.704684019088745117e-01
2.572258947437268617e+01,-3.330605307891057265e+01,2.391897216796875000e+03,1.065616130828857422e+00,7.667700000000000626e-01,5.722449421882629395e-01,3.995910584926605225e-01
2.570813620975714642e+01,-3.328735539037035096e+01,2.140308349609375000e+03,9.973365664482116699e-01,7.667800000000000171e-01,6.409097313880920410e-01,4.384248256683349609e-01
2.571934815380125983e+01,-3.326908070484402913e+01,1.570284545898437500e+03,9.424359202384948730e-01,7.667900000000000826e-01,7.162121534347534180e-01,4.563539624214172363e-01
2.571849401345777864e+01,-3.325443111783077654e+01,1.768382202148437500e+03,9.575456976890563965e-01,7.668000000000000371e-01,8.137924671173095703e-01,5.342503786087036133e-01
2.570830816801221630e+01,-3.324576406567403097e+01,1.415787353515625000e+03,1.274942874908447266e+00,7.668100000000001026e-01,7.941848635673522949e-01,4.915256202220916748e-01
2.571204251295185017e+01,-3.323018603681651939e+01,1.691463989257812500e+03,1.281762838363647461e+00,7.668200000000000571e-01,7.517652511596679688e-01,4.882449507713317871e-01
2.571968192927795371e+01,-3.320292009812328615e+01,2.206957763671875000e+03,1.037544727325439453e+00,7.668300000000000116e-01,1.020092129707336426e+00,7.019451260566711426e-01
2.571602408119943561e+01,-3.319563645669000351e+01,1.502982421875000000e+03,1.385920763015747070e+00,7.668400000000000771e-01,5.817053914070129395e-01,3.662504851818084717e-01
2.571457679948841601e+01,-3.318084658115404295e+01,1.848454345703125000e+03,1.492436647415161133e+00,7.668500000000000316e-01,5.938361883163452148e-01,3.938689827919006348e-01
2.571281986635944605e+01,-3.316553289686974892e+01,1.929526489257812500e+03,7.635576128959655762e-01,7.668600000000000971e-01,9.047352075576782227e-01,6.058143973350524902e-01
2.571850415718025928e+01,-3.315201561339671343e+01,1.390417846679687500e+03,8.984560370445251465e-01,7.668700000000000516e-01,7.533674240112304688e-01,4.637545049190521240e-01
2.571144915155624489e+01,-3.313816833314070465e+01,1.951613403320312500e+03,1.452248811721801758e+00,7.668800000000001171e-01,7.185009717941284180e-01,4.822940230369567871e-01
2.571357197072468281e+01,-3.312483421570042452e+01,1.267817382812500000e+03,1.169465303421020508e+00,7.668900000000000716e-01,6.789042353630065918e-01,4.059234857559204102e-01
2.571628330395559203e+01,-3.310767728298793600e+01,1.619225097656250000e+03,1.049695730209350586e+00,7.669000000000000261e-01,5.659124851226806641e-01,3.635039031505584717e-01
2.571568325863024285e+01,-3.309232853397620033e+01,1.819303710937500000e+03,9.738964438438415527e-01,7.669100000000000916e-01,5.495855212211608887e-01,3.631986975669860840e-01
2.571443518923835114e+01,-3.307285271478446020e+01,1.943105590820312500e+03,7.004124522209167480e-01,7.669200000000000461e-01,7.880049943923950195e-01,5.284520387649536133e-01
2.572248155199181952e+01,-3.307279397536034082e+01,1.747061157226562500e+03,8.653015494346618652e-01,7.669300000000001116e-01,8.188278675079345703e-01,5.360051393508911133e-01
2.571649497264769835e+01,-3.304941090191395148e+01,1.615962158203125000e+03,1.216912984848022461e+00,7.669400000000000661e-01,6.685282588005065918e-01,4.291932284832000732e-01
2.571765454122177985e+01,-3.302412829806195305e+01,1.157282958984375000e+03,1.237074851989746094e+00,7.669500000000000206e-01,6.752421259880065918e-01,3.911986947059631348e-01
2.572322795849194677e+01,-3.301461213106982484e+01,1.477950317382812500e+03,8.838528990745544434e-01,7.669600000000000861e-01,6.091713309288024902e-01,3.817382156848907471e-01
2.572172543136290201e+01,-3.300543431208124190e+01,1.435486206054687500e+03,8.105713725090026855e-01,7.669700000000000406e-01,6.624246835708618164e-01,4.116455614566802979e-01
2.570990919877139191e+01,-3.299227046887714465e+01,1.769164062500000000e+03,8.429903388023376465e-01,7.669800000000001061e-01,6.431222558021545410e-01,4.222504496574401855e-01
2.572299148511423184e+01,-3.296746379457681542e+01,1.667502441406250000e+03,8.228809237480163574e-01,7.669900000000000606e-01,8.076126575469970703e-01,5.226536393165588379e-01
2.572425251562473747e+01,-3.295944488547288387e+01,1.755894653320312500e+03,9.645730853080749512e-01,7.670000000000000151e-01,7.611494660377502441e-01,4.988498687744140625e-01
2.571898241011031416e+01,-3.295264365348915447e+01,2.261905029296875000e+03,1.262974262237548828e+00,7.670100000000000806e-01,6.334329247474670410e-01,4.378907680511474609e-01
2.571664027997838176e+01,-3.292560953131539492e+01,1.119894531250000000e+03,1.004414081573486328e+00,7.670200000000000351e-01,7.306317687034606934e-01,4.182068705558776855e-01
2.571698212112371351e+01,-3.291137967915970819e+01,1.257265625000000000e+03,9.485012888908386230e-01,7.670300000000001006e-01,5.582067966461181641e-01,3.328336179256439209e-01
2.571797084494158980e+01,-3.289807235653348982e+01,1.122622070312500000e+03,8.989853262901306152e-01,7.670400000000000551e-01,6.139778494834899902e-01,3.517545759677886963e-01
2.571691276609937304e+01,-3.288384279763022278e+01,1.423852172851562500e+03,7.116515040397644043e-01,7.670500000000000096e-01,6.327462196350097656e-01,3.922668099403381348e-01
2.571695642310159258e+01,-3.286928828449122619e+01,1.122720947265625000e+03,8.302921652793884277e-01,7.670600000000000751e-01,7.006481289863586426e-01,4.014221131801605225e-01
2.571150757894252337e+01,-3.285136983373491404e+01,1.484427734375000000e+03,6.638152003288269043e-01,7.670700000000000296e-01,8.311875462532043457e-01,5.215092301368713379e-01
2.570874374687318209e+01,-3.284091694534329520e+01,1.636507934570312500e+03,8.943659663200378418e-01,7.670800000000000951e-01,8.960376381874084473e-01,5.771277546882629395e-01
2.571328445496923010e+01,-3.282572426040912461e+01,1.956913330078125000e+03,1.395961761474609375e+00,7.670900000000000496e-01,8.717761039733886719e-01,5.855200886726379395e-01
2.572303219015037712e+01,-3.281097954997125044e+01,1.540788452148437500e+03,1.407161474227905273e+00,7.671000000000001151e-01,6.592203378677368164e-01,4.179016649723052979e-01
2.571040556526253340e+01,-3.278841625431826401e+01,1.922493896484375000e+03,1.483284950256347656e+00,7.671100000000000696e-01,8.191330432891845703e-01,5.480596423149108887e-01
2.570919430562110009e+01,-3.277614442327269018e+01,1.685262817382812500e+03,9.849268794059753418e-01,7.671200000000000241e-01,8.854327797889709473e-01,5.745337605476379395e-01
2.571357539077667553e+01,-3.276553050972216852e+01,1.557213378906250000e+03,1.372174739837646484e+00,7.671300000000000896e-01,7.037761807441711426e-01,4.474275410175323486e-01
2.571753991130173844e+01,-3.274442001117027701e+01,2.087737304687500000e+03,1.307867288589477539e+00,7.671400000000000441e-01,9.519613385200500488e-01,6.480050683021545410e-01
2.570672614603705597e+01,-3.272820988744911119e+01,1.617049438476562500e+03,1.267401695251464844e+00,7.671500000000001096e-01,6.518961191177368164e-01,4.185883402824401855e-01
2.571811273148250621e+01,-3.272043242038473920e+01,1.160799560546875000e+03,1.476855993270874023e+00,7.671600000000000641e-01,6.059669852256774902e-01,3.514494001865386963e-01
2.571393023373742537e+01,-3.271074547475485161e+01,1.458776611328125000e+03,9.098023772239685059e-01,7.671700000000000186e-01,5.984901189804077148e-01,3.736510276794433594e-01
2.570874457803444457e+01,-3.268597591874289066e+01,1.572578857421875000e+03,8.157557845115661621e-01,7.671800000000000841e-01,6.796671748161315918e-01,4.332368075847625732e-01
2.571314521695778410e+01,-3.267323991476614964e+01,1.537996093750000000e+03,7.729918360710144043e-01,7.671900000000000386e-01,8.192093372344970703e-01,5.190678238868713379e-01
2.572027438722673409e+01,-3.265744339686371944e+01,1.495833740234375000e+03,1.025655984878540039e+00,7.672000000000001041e-01,6.399942040443420410e-01,4.024139642715454102e-01
2.571033349359217013e+01,-3.264661875552535975e+01,1.116555541992187500e+03,1.248279333114624023e+00,7.672100000000000586e-01,5.574438571929931641e-01,3.187191784381866455e-01
2.571251497109913231e+01,-3.262987452399728028e+01,2.055852294921875000e+03,8.078319430351257324e-01,7.672200000000000131e-01,7.474927902221679688e-01,5.072422027587890625e-01
2.571439301220604534e+01,-3.261007435664735254e+01,1.727920776367187500e+03,8.458489775657653809e-01,7.672300000000000786e-01,5.758307576179504395e-01,3.759398460388183594e-01
2.571103853912110893e+01,-3.259857536166208547e+01,1.639030029296875000e+03,9.733373522758483887e-01,7.672400000000000331e-01,6.806590557098388672e-01,4.385774135589599609e-01
2.570952436661303864e+01,-3.257685267178099053e+01,1.664288696289062500e+03,8.151132464408874512e-01,7.672500000000000986e-01,7.139996290206909180e-01,4.618471562862396240e-01
2.571403932530686021e+01,-3.256548428833837505e+01,1.830300170898437500e+03,1.018969535827636719e+00,7.672600000000000531e-01,6.938579082489013672e-01,4.591768682003021240e-01
2.570918151955891062e+01,-3.254879735685054243e+01,2.255230712890625000e+03,9.837049841880798340e-01,7.672700000000000076e-01,7.565717697143554688e-01,5.227299332618713379e-01
2.570912929296165927e+01,-3.254085681678772346e+01,1.289205810546875000e+03,9.960908293724060059e-01,7.672800000000000731e-01,8.430894613265991211e-01,5.068607330322265625e-01
2.571620069889556248e+01,-3.251908802872763005e+01,1.785648193359375000e+03,1.050322771072387695e+00,7.672900000000000276e-01,6.440377831459045410e-01,4.237763285636901855e-01
2.571200113374213458e+01,-3.250720934586348676e+01,1.476998535156250000e+03,1.114253520965576172e+00,7.673000000000000931e-01,5.738471150398254395e-01,3.595365881919860840e-01
2.571502336737622230e+01,-3.249491010457415285e+01,1.366527465820312500e+03,8.214587569236755371e-01,7.673100000000000476e-01,5.760596394538879395e-01,3.527463972568511963e-01
2.570988519192939847e+01,-3.247520085072504514e+01,2.764606933593750000e+03,7.030338644981384277e-01,7.673200000000001131e-01,7.269696593284606934e-01,5.197544693946838379e-01
2.571816049901334011e+01,-3.246368843257248216e+01,1.758421875000000000e+03,7.447535395622253418e-01,7.673300000000000676e-01,7.374982237815856934e-01,4.835147261619567871e-01
2.571360894290832988e+01,-3.244428750715761822e+01,2.055031005859375000e+03,1.034113883972167969e+00,7.673400000000000221e-01,7.338361144065856934e-01,4.979343414306640625e-01
2.571288690102205621e+01,-3.243092927810548787e+01,1.653337280273437500e+03,1.122221469879150391e+00,7.673500000000000876e-01,6.711222529411315918e-01,4.333893954753875732e-01
2.571329211524454905e+01,-3.242042672079863053e+01,1.738288452148437500e+03,1.124186038970947266e+00,7.673600000000000421e-01,7.565717697143554688e-01,4.946536719799041748e-01
2.572151145544124873e+01,-3.240222412014375664e+01,1.388824707031250000e+03,1.091825485229492188e+00,7.673700000000001076e-01,6.753947138786315918e-01,4.156128466129302979e-01
2.570493914927796908e+01,-3.238425121005801088e+01,1.757495483398437500e+03,1.160518646240234375e+00,7.673800000000000621e-01,6.064247488975524902e-01,3.975311219692230225e-01
2.571512019660305626e+01,-3.236813307485446956e+01,2.033248779296875000e+03,8.241278529167175293e-01,7.673900000000000166e-01,5.837653279304504395e-01,3.952423036098480225e-01
2.571352123127196876e+01,-3.235756340570816292e+01,2.475226806640625000e+03,9.234351515769958496e-01,7.674000000000000821e-01,6.527353525161743164e-01,4.584902226924896240e-01
2.571634122187219518e+01,-3.234074022483302002e+01,2.024120483398437500e+03,7.076675295829772949e-01,7.674100000000000366e-01,8.245499730110168457e-01,5.577490329742431641e-01
2.570679015727946037e+01,-3.232489153037088414e+01,2.533090087890625000e+03,1.292786121368408203e+00,7.674200000000001021e-01,7.335309386253356934e-01,5.172367691993713379e-01
2.571973506755211147e+01,-3.231298798232484160e+01,2.244293945312500000e+03,1.065752029418945312e+00,7.674300000000000566e-01,1.343808531761169434e+00,9.276234507560729980e-01
2.570776005457861402e+01,-3.229853441078328302e+01,2.250832763671875000e+03,1.682846069335937500e+00,7.674400000000000110e-01,1.127895832061767578e+00,7.790023088455200195e-01
2.570409196713344357e+01,-3.227925777598723300e+01,2.727002929687500000e+03,2.479968786239624023e+00,7.674500000000000766e-01,1.067470788955688477e+00,7.616072297096252441e-01
2.571455409411298731e+01,-3.226521772767485885e+01,2.461606201171875000e+03,2.031607151031494141e+00,7.674600000000000311e-01,9.099231958389282227e-01,6.385446190834045410e-01
2.570921660357829808e+01,-3.225543940474659621e+01,1.648465209960937500e+03,1.793879985809326172e+00,7.674700000000000966e-01,8.450731039047241211e-01,5.453130602836608887e-01
2.571166142866344018e+01,-3.223513779597613649e+01,1.719944335937500000e+03,1.530806541442871094e+00,7.674800000000000511e-01,6.325173377990722656e-01,4.124847948551177979e-01
2.570655609312958845e+01,-3.222489482667511851e+01,1.476535888671875000e+03,1.296580553054809570e+00,7.674900000000001166e-01,8.464463949203491211e-01,5.302830934524536133e-01
2.571489953827692787e+01,-3.220483629588169805e+01,2.263737060546875000e+03,1.064080715179443359e+00,7.675000000000000711e-01,7.510786056518554688e-01,5.192967057228088379e-01
2.570370880029804539e+01,-3.219289910485022688e+01,2.054645751953125000e+03,1.282265901565551758e+00,7.675100000000000255e-01,6.903483867645263672e-01,4.684084653854370117e-01
2.570676456486348371e+01,-3.217541403260153032e+01,1.391379882812500000e+03,1.083509445190429688e+00,7.675200000000000911e-01,6.898906230926513672e-01,4.247681498527526855e-01
2.570922223226306613e+01,-3.215931510121760795e+01,1.051046020507812500e+03,9.830445647239685059e-01,7.675300000000000455e-01,5.900214910507202148e-01,3.295529484748840332e-01
2.570925323196391687e+01,-3.213731529426922151e+01,9.944273681640625000e+02,8.993584513664245605e-01,7.675400000000001111e-01,5.466863512992858887e-01,2.985011935234069824e-01
2.569967109159144059e+01,-3.213339421837982002e+01,1.459312133789062500e+03,7.438928484916687012e-01,7.675500000000000655e-01,5.380650758743286133e-01,3.359616696834564209e-01
2.570940167334818582e+01,-3.211875544892075851e+01,2.219345458984375000e+03,5.779713988304138184e-01,7.675600000000000200e-01,6.277108192443847656e-01,4.323975741863250732e-01
2.570299552651321662e+01,-3.209593339572238335e+01,1.572214233398437500e+03,6.568617224693298340e-01,7.675700000000000855e-01,7.873183488845825195e-01,5.018253326416015625e-01
2.571253380061585858e+01,-3.208149488858067855e+01,1.322813720703125000e+03,9.448415637016296387e-01,7.675800000000000400e-01,6.152748465538024902e-01,3.729643821716308594e-01
2.570629312396880906e+01,-3.207501915219041422e+01,1.559459228515625000e+03,1.123008251190185547e+00,7.675900000000001056e-01,6.464028954505920410e-01,4.111115038394927979e-01
2.571450848127942024e+01,-3.206106743589953822e+01,1.459079589843750000e+03,8.070570826530456543e-01,7.676000000000000600e-01,6.332803368568420410e-01,3.953948915004730225e-01
2.570063171181939765e+01,-3.203997998136276948e+01,1.249820190429687500e+03,8.149153590202331543e-01,7.676100000000000145e-01,6.782938838005065918e-01,4.036346673965454102e-01
2.570886376826844710e+01,-3.202092019816727486e+01,2.259983154296875000e+03,7.445270419120788574e-01,7.676200000000000800e-01,6.766917109489440918e-01,4.677218198776245117e-01
2.570030767345194889e+01,-3.201079681569530777e+01,3.401598144531250000e+03,9.058446288108825684e-01,7.676300000000000345e-01,7.702284455299377441e-01,5.665228366851806641e-01
2.570380429970174774e+01,-3.199827656896478345e+01,3.511080810546875000e+03,1.013744592666625977e+00,7.676400000000001000e-01,1.063732385635375977e+00,7.854110002517700195e-01
2.570531648005816550e+01,-3.197773853474758354e+01,1.990928222656250000e+03,1.470920562744140625e+00,7.676500000000000545e-01,9.186207652091979980e-01,6.192421913146972656e-01
2.571273758418159261e+01,-3.196469801317620707e+01,1.640448120117187500e+03,1.715148210525512695e+00,7.676600000000000090e-01,1.053051233291625977e+00,6.786753535270690918e-01
2.570955650765740330e+01,-3.194466454900615560e+01,1.490517211914062500e+03,1.508153200149536133e+00,7.676700000000000745e-01,8.976398110389709473e-01,5.638525485992431641e-01
2.571201960811415432e+01,-3.193473349619003088e+01,1.216316284179687500e+03,1.610289335250854492e+00,7.676800000000000290e-01,6.915690898895263672e-01,4.077545404434204102e-01
2.570774665691585525e+01,-3.191721091397143795e+01,1.621000488281250000e+03,1.228975772857666016e+00,7.676900000000000945e-01,6.596781015396118164e-01,4.238526225090026855e-01
2.571427167581460083e+01,-3.189949195891933087e+01,1.745860473632812500e+03,9.343106150627136230e-01,7.677000000000000490e-01,6.695200800895690918e-01,4.381959438323974609e-01
2.571071858163333701e+01,-3.188745554645575098e+01,1.296609375000000000e+03,9.123081564903259277e-01,7.677100000000001145e-01,6.340432763099670410e-01,3.818908035755157471e-01
2.571168884404245603e+01,-3.187395837426415213e+01,1.787019653320312500e+03,8.597022891044616699e-01,7.677200000000000690e-01,6.172585487365722656e-01,4.062286615371704102e-01
2.571848375320551838e+01,-3.185229025617297083e+01,2.046949707031250000e+03,8.487374186515808105e-01,7.677300000000000235e-01,6.074928641319274902e-01,4.118744432926177979e-01
2.571093564930092157e+01,-3.184182328529711015e+01,1.774794433593750000e+03,7.494241595268249512e-01,7.677400000000000890e-01,7.555036544799804688e-01,4.964084625244140625e-01
2.571356806867682820e+01,-3.183635716980413122e+01,1.236639526367187500e+03,8.928377032279968262e-01,7.677500000000000435e-01,7.967788577079772949e-01,4.724520444869995117e-01
2.571219924375911603e+01,-3.181037556158507584e+01,1.995663696289062500e+03,1.072943925857543945e+00,7.677600000000001090e-01,7.020977139472961426e-01,4.735201895236968994e-01
2.571890301476133089e+01,-3.179143255349481834e+01,1.170640380859375000e+03,1.058357477188110352e+00,7.677700000000000635e-01,7.212475538253784180e-01,4.195801615715026855e-01
2.570806077490655284e+01,-3.178158989605537599e+01,1.841540649414062500e+03,9.619242548942565918e-01,7.677800000000000180e-01,7.145336866378784180e-01,4.735201895236968994e-01
2.571993030721090889e+01,-3.176813384056635314e+01,1.457071289062500000e+03,1.029380083084106445e+00,7.677900000000000835e-01,6.720377802848815918e-01,4.194275736808776855e-01
2.571199346530132246e+01,-3.175452183301623776e+01,1.671265502929687500e+03,8.856744170188903809e-01,7.678000000000000380e-01,7.127789258956909180e-01,4.615419805049896240e-01
2.572586315307855998e+01,-3.173361099778011507e+01,1.670333374023437500e+03,9.876663088798522949e-01,7.678100000000001035e-01,7.054546475410461426e-01,4.567354321479797363e-01
2.571478523379810355e+01,-3.171901518688516575e+01,2.238035156250000000e+03,1.057744741439819336e+00,7.678200000000000580e-01,7.962448000907897949e-01,5.493566393852233887e-01
2.572838941750624997e+01,-3.170319868435394284e+01,2.248104492187500000e+03,1.119737148284912109e+00,7.678300000000000125e-01,7.716017365455627441e-01,5.328007936477661133e-01
2.571592746416650144e+01,-3.169106974352418860e+01,2.761360351562500000e+03,1.266536235809326172e+00,7.678400000000000780e-01,7.964736819267272949e-01,5.693457126617431641e-01
2.572421766077484051e+01,-3.167500149491698380e+01,2.275180419921875000e+03,1.067194461822509766e+00,7.678500000000000325e-01,7.811385393142700195e-01,5.405828356742858887e-01
2.571824586754154396e+01,-3.166321028837288054e+01,1.369234008789062500e+03,1.333171844482421875e+00,7.678600000000000980e-01,8.604845404624938965e-01,5.272313356399536133e-01
2.571721926937706115e+01,-3.164925094837311903e+01,1.784011108398437500e+03,1.225661754608154297e+00,7.678700000000000525e-01,8.386644124984741211e-01,5.517217516899108887e-01
2.570660679784038294e+01,-3.163186828678827567e+01,1.854119995117187500e+03,1.211676120758056641e+00,7.678800000000001180e-01,7.641249299049377441e-01,5.071659088134765625e-01
2.571661376123753939e+01,-3.161764856361353893e+01,2.452111083984375000e+03,1.216791391372680664e+00,7.678900000000000725e-01,8.574327826499938965e-01,6.013129949569702148e-01
2.571227675246991851e+01,-3.160157211612310491e+01,1.809554931640625000e+03,1.237607717514038086e+00,7.679000000000000270e-01,7.733564972877502441e-01,5.104466080665588379e-01
2.570734931295568870e+01,-3.158528906788308532e+01,1.658878173828125000e+03,1.318938255310058594e+00,7.679100000000000925e-01,6.753947138786315918e-01,4.365174770355224609e-01
2.570569216276730629e+01,-3.156965853104631137e+01,1.634972045898437500e+03,1.108945131301879883e+00,7.679200000000000470e-01,6.908061504364013672e-01,4.448335468769073486e-01
2.571242314800492323e+01,-3.155651931425932943e+01,1.392883300781250000e+03,8.664578795433044434e-01,7.679300000000001125e-01,7.407025694847106934e-01,4.562013745307922363e-01
2.570944803262418077e+01,-3.154202732119060215e+01,1.734324462890625000e+03,1.092142581939697266e+00,7.679400000000000670e-01,7.879287004470825195e-01,5.148716568946838379e-01
2.570074374862445410e+01,-3.152916154598171161e+01,1.914944458007812500e+03,9.802407622337341309e-01,7.679500000000000215e-01,1.048092126846313477e+00,7.006481289863586426e-01
2.570921282293642562e+01,-3.150943864158695007e+01,2.805652099609375000e+03,1.427497386932373047e+00,7.679600000000000870e-01,8.486589193344116211e-01,6.081032156944274902e-01
2.570051062515810969e+01,-3.148778939890620521e+01,2.460089111328125000e+03,1.658037424087524414e+00,7.679700000000000415e-01,8.907733559608459473e-01,6.250405311584472656e-01
2.570520115277605910e+01,-3.147567668233363136e+01,2.044438476562500000e+03,1.438797235488891602e+00,7.679800000000001070e-01,7.672529816627502441e-01,5.200596451759338379e-01
2.569870439194095013e+01,-3.146767735448759140e+01,1.093267456054687500e+03,1.235868453979492188e+00,7.679900000000000615e-01,8.137161731719970703e-01,4.615419805049896240e-01
2.571308536240404052e+01,-3.144533621023790460e+01,1.066621582031250000e+03,1.266409873962402344e+00,7.680000000000000160e-01,6.527353525161743164e-01,3.667082488536834717e-01
2.569327328503659658e+01,-3.142870676994428791e+01,1.724275024414062500e+03,9.561128020286560059e-01,7.680100000000000815e-01,8.644518256187438965e-01,5.640814304351806641e-01
2.570522564643551533e+01,-3.142006422027678880e+01,1.883022827148437500e+03,9.908921122550964355e-01,7.680200000000000360e-01,7.337598204612731934e-01,4.887027442455291748e-01
2.570439146976469402e+01,-3.140717628800899419e+01,1.599602050781250000e+03,1.368418455123901367e+00,7.680300000000001015e-01,6.804301738739013672e-01,4.356782436370849609e-01
2.570869249923484290e+01,-3.138294017880400233e+01,1.639551513671875000e+03,9.121794104576110840e-01,7.680400000000000560e-01,8.169968128204345703e-01,5.264683961868286133e-01
2.569469177074730126e+01,-3.137085001405284501e+01,2.111237548828125000e+03,1.265916347503662109e+00,7.680500000000000105e-01,7.690077424049377441e-01,5.246373414993286133e-01
2.571049821250095135e+01,-3.136428966161150811e+01,1.785731445312500000e+03,1.280979633331298828e+00,7.680600000000000760e-01,6.563211679458618164e-01,4.318635165691375732e-01
2.570231856311146501e+01,-3.135348434559559294e+01,1.860573364257812500e+03,1.081705808639526367e+00,7.680700000000000305e-01,7.287244200706481934e-01,4.840487837791442871e-01
2.570526794173051144e+01,-3.133431116432714347e+01,2.578324707031250000e+03,9.410483241081237793e-01,7.680800000000000960e-01,7.899886965751647949e-01,5.586645603179931641e-01
2.569925492537580425e+01,-3.131298135200871258e+01,1.794361206054687500e+03,1.093135595321655273e+00,7.680900000000000505e-01,7.017925381660461426e-01,4.623049199581146240e-01
2.571357377226431851e+01,-3.129742341642782577e+01,1.593669677734375000e+03,1.170998334884643555e+00,7.681000000000001160e-01,7.645826935768127441e-01,4.890842139720916748e-01
2.570180702226306479e+01,-3.128954782242573174e+01,2.229286376953125000e+03,1.000041484832763672e+00,7.681100000000000705e-01,1.025127530097961426e+00,7.067516446113586426e-01
2.570897160196603792e+01,-3.127374551458793306e+01,1.760091186523437500e+03,1.465386867523193359e+00,7.681200000000000250e-01,8.198196887969970703e-01,5.376073122024536133e-01
2.571503126580628162e+01,-3.125122623703814284e+01,1.992444213867187500e+03,1.603004455566406250e+00,7.681300000000000905e-01,7.571058273315429688e-01,5.104466080665588379e-01
2.571003340897103584e+01,-3.124112520752347066e+01,1.464687866210937500e+03,1.203009605407714844e+00,7.681400000000000450e-01,7.201031446456909180e-01,4.500978589057922363e-01
2.570936237859059048e+01,-3.122014435481431605e+01,1.372440795898437500e+03,1.240740537643432617e+00,7.681500000000001105e-01,6.717326045036315918e-01,4.118744432926177979e-01
2.571530980721672321e+01,-3.120516768248365480e+01,1.993711181640625000e+03,9.016532301902770996e-01,7.681600000000000650e-01,7.781630754470825195e-01,5.247136354446411133e-01
2.571643062409232172e+01,-3.119246663901873617e+01,1.616599487304687500e+03,9.468383193016052246e-01,7.681700000000000195e-01,6.413674950599670410e-01,4.117981493473052979e-01
2.571424955299187332e+01,-3.118117156535602064e+01,1.432134277343750000e+03,9.991318583488464355e-01,7.681800000000000850e-01,6.518198251724243164e-01,4.047790765762329102e-01
2.571815905115647993e+01,-3.116958238920062385e+01,1.946596679687500000e+03,9.055454134941101074e-01,7.681900000000000395e-01,5.765174031257629395e-01,3.867736458778381348e-01
2.570869767047757293e+01,-3.115250928629238913e+01,1.642477539062500000e+03,8.222038149833679199e-01,7.682000000000001050e-01,5.432531237602233887e-01,3.502286970615386963e-01
2.571646193237467770e+01,-3.113435611010128312e+01,2.310213378906250000e+03,7.477671504020690918e-01,7.682100000000000595e-01,5.163212418556213379e-01,3.583158850669860840e-01
2.570595771757633941e+01,-3.112627643666293409e+01,2.792916015625000000e+03,6.908542513847351074e-01,7.682200000000000140e-01,5.594274997711181641e-01,4.005828797817230225e-01
2.572660005733694888e+01,-3.110832521507961701e+01,1.544751098632812500e+03,7.310790419578552246e-01,7.682300000000000795e-01,5.162449479103088379e-01,3.274930119514465332e-01
2.571093567656879841e+01,-3.109249241867962610e+01,1.277736206054687500e+03,6.335992217063903809e-01,7.682400000000000340e-01,6.043648123741149902e-01,3.622831702232360840e-01
2.571357421371046925e+01,-3.108241426534184626e+01,1.253984985351562500e+03,6.469303965568542480e-01,7.682500000000000995e-01,6.441140770912170410e-01,3.837218582630157471e-01
2.570133441953671394e+01,-3.107455104396580126e+01,3.080814453125000000e+03,7.129127383232116699e-01,7.682600000000000540e-01,3.708281219005584717e-01,2.692804932594299316e-01
2.570875619564769465e+01,-3.105813572129522271e+01,-3.491835693359375000e+03,8.963686823844909668e-01,7.682700000000000085e-01,6.626154482364654541e-02,6.214165687561035156e-02
2.568931318923015894e+01,-3.104935980069120660e+01,-6.273845214843750000e+02,5.738288760185241699e-01,7.682800000000000740e-01,3.475202620029449463e-02,5.634329468011856079e-02
2.569683643995218247e+01,-3.103488643439488470e+01,-3.756928100585937500e+02,1.871770769357681274e-01,7.682900000000000285e-01,2.002723701298236847e-02,5.077381432056427002e-02
