# x_coordinates, y_coordinates, TEP, TED, times, high, low
2.830383011804261884e+01,-3.891859984688069574e+01,2.918278076171875000e+03,2.129614539444446564e-02,9.728800000000000781e-01,8.448442220687866211e-01,6.088661551475524902e-01
2.831853831666871457e+01,-3.890295436085848024e+01,1.603050292968750000e+03,5.640048384666442871e-01,9.728900000000000325e-01,8.639177680015563965e-01,5.534765124320983887e-01
2.833922912589226328e+01,-3.890185946455991939e+01,1.481544921875000000e+03,1.208736419677734375e+00,9.729000000000000981e-01,6.434274315834045410e-01,4.034820795059204102e-01
2.834471320725423737e+01,-3.890290972816512749e+01,1.476226562500000000e+03,9.413952231407165527e-01,9.729100000000000525e-01,7.230023145675659180e-01,4.529207348823547363e-01
2.835817965226328141e+01,-3.889116977775848483e+01,1.370093383789062500e+03,8.207160830497741699e-01,9.729200000000001181e-01,7.253674268722534180e-01,4.445283710956573486e-01
2.836659637636302733e+01,-3.888228739078157048e+01,1.197280029296875000e+03,8.530885577201843262e-01,9.729300000000000725e-01,7.332257628440856934e-01,4.299561679363250732e-01
2.836471109370917532e+01,-3.887349988704310988e+01,1.734840698242187500e+03,9.234887957572937012e-01,9.729400000000000270e-01,6.922557353973388672e-01,4.523866772651672363e-01
2.838178403297557395e+01,-3.886481573610468843e+01,1.887049072265625000e+03,7.848638892173767090e-01,9.729500000000000925e-01,8.997761011123657227e-01,5.995582342147827148e-01
2.839379035837285770e+01,-3.884436803383128023e+01,1.795129760742187500e+03,1.069118499755859375e+00,9.729600000000000470e-01,1.144909501075744629e+00,7.542829513549804688e-01
2.839000632799671919e+01,-3.883433363547448636e+01,2.297539550781250000e+03,1.568194150924682617e+00,9.729700000000001125e-01,8.765826225280761719e-01,6.077217459678649902e-01
2.838998040307505022e+01,-3.882249543809221848e+01,1.624216552734375000e+03,1.662661552429199219e+00,9.729800000000000670e-01,9.612692594528198242e-01,6.179451942443847656e-01
2.839860366229386557e+01,-3.880771444366577327e+01,3.123522460937500000e+03,1.381769895553588867e+00,9.729900000000001326e-01,1.123318195343017578e+00,8.172256946563720703e-01
2.839773879826483949e+01,-3.878878919847804241e+01,2.050132812500000000e+03,1.727749824523925781e+00,9.730000000000000870e-01,8.760485649108886719e-01,5.941413640975952148e-01
2.839496594988931477e+01,-3.877765747887200121e+01,2.182988281250000000e+03,1.734570980072021484e+00,9.730100000000000415e-01,8.186752796173095703e-01,5.621740818023681641e-01
2.840106810554640759e+01,-3.875950557710808653e+01,1.478207519531250000e+03,1.307034015655517578e+00,9.730200000000001070e-01,7.056835293769836426e-01,4.422395527362823486e-01
2.839975633801386934e+01,-3.874470810355013839e+01,1.310535644531250000e+03,1.164892435073852539e+00,9.730300000000000615e-01,8.359941244125366211e-01,5.052585601806640625e-01
2.839947533309667804e+01,-3.871792557155998082e+01,1.354179931640625000e+03,1.007412195205688477e+00,9.730400000000001270e-01,8.507951498031616211e-01,5.195255875587463379e-01
2.839339995448110443e+01,-3.870228654857998407e+01,1.238099731445312500e+03,1.031655788421630859e+00,9.730500000000000815e-01,1.001476287841796875e+00,5.940650701522827148e-01
2.840378958583377411e+01,-3.868944211986435988e+01,1.521893310546875000e+03,1.361271858215332031e+00,9.730600000000000360e-01,9.981193542480468750e-01,6.306099891662597656e-01
2.838925720418142973e+01,-3.866437705602624675e+01,1.790713500976562500e+03,1.378215074539184570e+00,9.730700000000001015e-01,9.037433862686157227e-01,5.950568914413452148e-01
2.839926876959266266e+01,-3.864071066806440768e+01,1.428017578125000000e+03,1.571117162704467773e+00,9.730800000000000560e-01,7.914382815361022949e-01,4.910678565502166748e-01
2.839317145819691390e+01,-3.862222625352868022e+01,1.807292846679687500e+03,1.287374019622802734e+00,9.730900000000001215e-01,7.143810987472534180e-01,4.713839292526245117e-01
2.839564696449412651e+01,-3.860620167471719100e+01,1.414251342773437500e+03,1.029889106750488281e+00,9.731000000000000760e-01,9.494436383247375488e-01,5.874274969100952148e-01
2.838960726662807943e+01,-3.858734662757035494e+01,1.845572143554687500e+03,1.150454998016357422e+00,9.731100000000000305e-01,8.001357913017272949e-01,5.305119752883911133e-01
2.839206714947136589e+01,-3.856480853788006158e+01,1.145069335937500000e+03,1.449764490127563477e+00,9.731200000000000960e-01,7.427625656127929688e-01,4.286591708660125732e-01
2.839787150040601560e+01,-3.854608204930327986e+01,1.345964233398437500e+03,1.100924730300903320e+00,9.731300000000000505e-01,7.593947052955627441e-01,4.628389775753021240e-01
2.839015766598314983e+01,-3.853407336177451725e+01,1.098385620117187500e+03,9.681517481803894043e-01,9.731400000000001160e-01,6.903483867645263672e-01,3.922668099403381348e-01
2.839693011783003840e+01,-3.851473222403194541e+01,1.126759765625000000e+03,9.330648779869079590e-01,9.731500000000000705e-01,8.388170003890991211e-01,4.812259078025817871e-01
2.840055740796963946e+01,-3.848913417785891511e+01,1.781213012695312500e+03,8.536297678947448730e-01,9.731600000000000250e-01,6.785227656364440918e-01,4.462068378925323486e-01
2.839479511823823188e+01,-3.847601378780494485e+01,1.824002563476562500e+03,8.500606417655944824e-01,9.731700000000000905e-01,8.335526585578918457e-01,5.511876940727233887e-01
2.839187779149940383e+01,-3.846662935667582417e+01,2.309428955078125000e+03,9.513575434684753418e-01,9.731800000000000450e-01,7.605391144752502441e-01,5.277653932571411133e-01
2.839810462312929928e+01,-3.844676038295301623e+01,1.258757202148437500e+03,1.159896373748779297e+00,9.731900000000001105e-01,8.086807727813720703e-01,4.823703169822692871e-01
2.839289664374598487e+01,-3.843201011466047134e+01,1.591035400390625000e+03,1.021389484405517578e+00,9.732000000000000650e-01,8.369859457015991211e-01,5.351659059524536133e-01
2.839826482050214906e+01,-3.840962703820241586e+01,1.504050903320312500e+03,1.209564924240112305e+00,9.732100000000001305e-01,6.931712627410888672e-01,4.365174770355224609e-01
2.839826796179941937e+01,-3.839272205050939846e+01,1.347368774414062500e+03,9.741491675376892090e-01,9.732200000000000850e-01,7.754164934158325195e-01,4.727572500705718994e-01
2.840132211309991206e+01,-3.837363889734008637e+01,1.413468505859375000e+03,9.153086543083190918e-01,9.732300000000000395e-01,6.987407803535461426e-01,4.322449862957000732e-01
2.839806528174778322e+01,-3.835768168282069723e+01,1.691953857421875000e+03,9.733731150627136230e-01,9.732400000000001050e-01,7.686262726783752441e-01,4.992313385009765625e-01
2.839371467673549887e+01,-3.833911484199789044e+01,1.701179199218750000e+03,1.002695083618164062e+00,9.732500000000000595e-01,1.059688806533813477e+00,6.892039775848388672e-01
2.839505393678237155e+01,-3.832792642455100207e+01,1.691198730468750000e+03,1.243179559707641602e+00,9.732600000000001250e-01,9.425771236419677734e-01,6.121467947959899902e-01
2.839375498860345459e+01,-3.830144231320078774e+01,1.333593505859375000e+03,1.716529846191406250e+00,9.732700000000000795e-01,8.964191079139709473e-01,5.447790026664733887e-01
2.839371626105717183e+01,-3.828540880239921762e+01,1.490845458984375000e+03,1.415693283081054688e+00,9.732800000000000340e-01,8.747515678405761719e-01,5.495092272758483887e-01
2.840017155513601210e+01,-3.826900850168291157e+01,1.489963745117187500e+03,1.210571050643920898e+00,9.732900000000000995e-01,9.692801237106323242e-01,6.087898612022399902e-01
2.839547081089587621e+01,-3.825074586778982422e+01,1.718996093750000000e+03,1.255759716033935547e+00,9.733000000000000540e-01,9.730948209762573242e-01,6.345010399818420410e-01
2.839127014607619515e+01,-3.823234059205355351e+01,1.570694580078125000e+03,1.512127637863159180e+00,9.733100000000001195e-01,8.813891410827636719e-01,5.616400241851806641e-01
2.839148318659077930e+01,-3.820972585042215997e+01,2.132596923828125000e+03,1.411098957061767578e+00,9.733200000000000740e-01,7.930404543876647949e-01,5.421087145805358887e-01
2.839199562495707596e+01,-3.820238800295963699e+01,1.804494384765625000e+03,1.320355653762817383e+00,9.733300000000000285e-01,8.562120795249938965e-01,5.647680759429931641e-01
2.839102999053784515e+01,-3.817764929314703437e+01,1.557279418945312500e+03,1.232524633407592773e+00,9.733400000000000940e-01,7.352094054222106934e-01,4.674166440963745117e-01
2.839644854064962232e+01,-3.815618940296281636e+01,1.328896606445312500e+03,1.133669137954711914e+00,9.733500000000000485e-01,8.436235189437866211e-01,5.121250748634338379e-01
2.839429906708368989e+01,-3.813330797379072123e+01,3.647366455078125000e+03,1.012777805328369141e+00,9.733600000000001140e-01,1.038326382637023926e+00,7.700758576393127441e-01
2.839286103142086404e+01,-3.812002021450710743e+01,2.699374267578125000e+03,1.287345409393310547e+00,9.733700000000000685e-01,1.339154601097106934e+00,9.539449810981750488e-01
2.838884341762863173e+01,-3.810939342674338093e+01,2.277820312500000000e+03,2.051165819168090820e+00,9.733800000000001340e-01,1.170162796974182129e+00,8.099777698516845703e-01
2.839154467272804183e+01,-3.807946397869234545e+01,1.977242675781250000e+03,2.101894140243530273e+00,9.733900000000000885e-01,1.188244581222534180e+00,7.998306155204772949e-01
2.839071512676017051e+01,-3.806101776448534224e+01,1.803123657226562500e+03,2.023893117904663086e+00,9.734000000000000430e-01,1.076397180557250977e+00,7.098796963691711426e-01
2.838327915724903860e+01,-3.804398017790970954e+01,1.784452636718750000e+03,1.895397424697875977e+00,9.734100000000001085e-01,9.119068384170532227e-01,5.999397039413452148e-01
2.839885161375732991e+01,-3.802994063487687981e+01,1.632937500000000000e+03,1.487164020538330078e+00,9.734200000000000630e-01,8.786425590515136719e-01,5.656073093414306641e-01
2.840174202293147587e+01,-3.799674313916864321e+01,1.564691772460937500e+03,1.184072017669677734e+00,9.734300000000001285e-01,9.071003198623657227e-01,5.774329304695129395e-01
2.839103746158619757e+01,-3.798188266681363956e+01,1.408235839843750000e+03,1.303971529006958008e+00,9.734400000000000830e-01,8.189041614532470703e-01,5.060214996337890625e-01
2.839100358635105437e+01,-3.797104230279494175e+01,1.133477905273437500e+03,1.293069839477539062e+00,9.734500000000000375e-01,7.544355392456054688e-01,4.337708950042724609e-01
2.838785215374449677e+01,-3.794919011201172054e+01,1.303834350585937500e+03,9.015983939170837402e-01,9.734600000000001030e-01,7.204083204269409180e-01,4.346864223480224609e-01
2.839348132843264949e+01,-3.792561925985092586e+01,1.570350708007812500e+03,1.041849374771118164e+00,9.734700000000000575e-01,6.508280038833618164e-01,4.146973192691802979e-01
2.838422279496512246e+01,-3.791271015241632369e+01,1.278668090820312500e+03,8.841807246208190918e-01,9.734800000000001230e-01,7.030895352363586426e-01,4.215638041496276855e-01
2.838949937803564438e+01,-3.789723177267921983e+01,1.310599243164062500e+03,7.384211421012878418e-01,9.734900000000000775e-01,7.299451231956481934e-01,4.411714076995849609e-01
2.839317616517464771e+01,-3.788212632475487851e+01,2.053087158203125000e+03,9.398013949394226074e-01,9.735000000000000320e-01,7.788497209548950195e-01,5.283757448196411133e-01
2.838729909178973543e+01,-3.786091785391271003e+01,1.631738647460937500e+03,1.045943021774291992e+00,9.735100000000000975e-01,7.736617326736450195e-01,4.979343414306640625e-01
2.839632780002603596e+01,-3.783985303984944437e+01,1.506948730468750000e+03,1.142662286758422852e+00,9.735200000000000520e-01,8.781847953796386719e-01,5.533239245414733887e-01
2.839753160170851132e+01,-3.782963814969627236e+01,1.730533935546875000e+03,1.079654216766357422e+00,9.735300000000001175e-01,9.272419810295104980e-01,6.055855154991149902e-01
2.839168524558338191e+01,-3.779667797986992639e+01,1.989420532226562500e+03,1.425793886184692383e+00,9.735400000000000720e-01,8.453019857406616211e-01,5.697271823883056641e-01
2.839066882764175404e+01,-3.778335342317618739e+01,2.407489501953125000e+03,1.381903409957885742e+00,9.735500000000000265e-01,7.826644182205200195e-01,5.471441149711608887e-01
2.839304679149017829e+01,-3.776050409540300734e+01,1.608345703125000000e+03,1.219251871109008789e+00,9.735600000000000920e-01,8.916125893592834473e-01,5.717108845710754395e-01
2.838623367913604412e+01,-3.774828293792170797e+01,1.718693359375000000e+03,1.171903133392333984e+00,9.735700000000000465e-01,8.427842855453491211e-01,5.495092272758483887e-01
2.838560153275891551e+01,-3.772339118423407456e+01,1.361145996093750000e+03,1.260383844375610352e+00,9.735800000000001120e-01,8.758959770202636719e-01,5.356999635696411133e-01
2.838779242902764111e+01,-3.770104563545960730e+01,1.316927978515625000e+03,1.381762742996215820e+00,9.735900000000000665e-01,8.894000649452209473e-01,5.383702516555786133e-01
2.838390102225007183e+01,-3.768682350217291344e+01,1.443522094726562500e+03,1.130125045776367188e+00,9.736000000000001320e-01,9.489095807075500488e-01,5.906318426132202148e-01
2.838461794219385581e+01,-3.767092127185197370e+01,1.055441772460937500e+03,1.285740852355957031e+00,9.736100000000000865e-01,7.014110684394836426e-01,3.924193978309631348e-01
2.839060459063655273e+01,-3.765435050018678709e+01,1.957096313476562500e+03,1.224700927734375000e+00,9.736200000000000410e-01,7.572584152221679688e-01,5.086155533790588379e-01
2.839038770448128801e+01,-3.762808859906081693e+01,2.796672607421875000e+03,9.703547358512878418e-01,9.736300000000001065e-01,8.868823647499084473e-01,6.351876854896545410e-01
2.838029215964748886e+01,-3.761564125478773946e+01,1.299715332031250000e+03,1.055962562561035156e+00,9.736400000000000610e-01,7.807570695877075195e-01,4.706209897994995117e-01
2.839178714578089213e+01,-3.760165894046549084e+01,1.312054199218750000e+03,1.259299039840698242e+00,9.736500000000001265e-01,6.959941983222961426e-01,4.208008646965026855e-01
2.839361775577656388e+01,-3.757793973460547221e+01,1.597876831054687500e+03,1.047424793243408203e+00,9.736600000000000810e-01,1.053203821182250977e+00,6.741740107536315918e-01
2.838044390563390351e+01,-3.755971543011887093e+01,1.775896118164062500e+03,1.074050188064575195e+00,9.736700000000000355e-01,1.121334552764892578e+00,7.368878722190856934e-01
2.838278361652009707e+01,-3.754298954128210397e+01,1.732035156250000000e+03,1.667005538940429688e+00,9.736800000000001010e-01,9.480703473091125488e-01,6.193184852600097656e-01
2.838998059186898715e+01,-3.752614351447219576e+01,1.902665039062500000e+03,1.770538806915283203e+00,9.736900000000000555e-01,1.186718702316284180e+00,7.922012209892272949e-01
2.838234606308002128e+01,-3.750075143805608491e+01,2.300174804687500000e+03,1.522978067398071289e+00,9.737000000000001210e-01,1.448636770248413086e+00,1.004528045654296875e+00
2.838039363277660954e+01,-3.747503061710286687e+01,1.461476196289062500e+03,2.107529163360595703e+00,9.737100000000000755e-01,1.005748748779296875e+00,6.282448768615722656e-01
2.839262521815500051e+01,-3.746024976418468810e+01,1.135384155273437500e+03,2.589870214462280273e+00,9.737200000000000299e-01,7.721357941627502441e-01,4.442231953144073486e-01
2.839231876517952813e+01,-3.744401536830809363e+01,1.280426757812500000e+03,1.439333677291870117e+00,9.737300000000000955e-01,7.489423751831054688e-01,4.492586255073547363e-01
2.839029862530082582e+01,-3.742707023039476155e+01,1.278302001953125000e+03,1.072831869125366211e+00,9.737400000000000500e-01,8.142502307891845703e-01,4.881686568260192871e-01
2.839086452351742906e+01,-3.740092329393871040e+01,1.647147216796875000e+03,8.915621638298034668e-01,9.737500000000001155e-01,8.387407064437866211e-01,5.411168932914733887e-01
2.839481420150499247e+01,-3.738713590774257511e+01,1.735982543945312500e+03,1.168412685394287109e+00,9.737600000000000700e-01,8.768115043640136719e-01,5.730841755867004395e-01
2.839558277008613274e+01,-3.737475464215226850e+01,3.239512451171875000e+03,1.109369516372680664e+00,9.737700000000000244e-01,1.333356261253356934e+00,9.746969938278198242e-01
2.839365278869894382e+01,-3.734420102273455910e+01,2.534934814453125000e+03,1.798090457916259766e+00,9.737800000000000900e-01,1.360593318939208984e+00,9.595144391059875488e-01
2.839275691034793780e+01,-3.732785175337807715e+01,1.898920288085937500e+03,2.597144365310668945e+00,9.737900000000000444e-01,1.250805854797363281e+00,8.346207737922668457e-01
2.839565742197409293e+01,-3.731222685227830027e+01,1.524542236328125000e+03,2.258786678314208984e+00,9.738000000000001100e-01,8.280594944953918457e-01,5.234165787696838379e-01
2.839022408755906213e+01,-3.729404310711349524e+01,2.081188232421875000e+03,1.948793649673461914e+00,9.738100000000000644e-01,7.633619904518127441e-01,5.192967057228088379e-01
2.839505508648847609e+01,-3.727086734046693550e+01,1.612014282226562500e+03,1.114520549774169922e+00,9.738200000000001300e-01,7.246044874191284180e-01,4.648989439010620117e-01
2.839602588082456336e+01,-3.724356671985805889e+01,1.269531250000000000e+03,1.103791713714599609e+00,9.738300000000000844e-01,7.112530469894409180e-01,4.254547953605651855e-01
2.838840809518795538e+01,-3.723304872290327694e+01,1.148966308593750000e+03,9.826475977897644043e-01,9.738400000000000389e-01,8.163101673126220703e-01,4.716891050338745117e-01
2.838870022668229964e+01,-3.721322659274265021e+01,1.455950195312500000e+03,8.694142699241638184e-01,9.738500000000001044e-01,8.420213460922241211e-01,5.254002809524536133e-01
2.840333471088569794e+01,-3.719185695622401511e+01,2.002530151367187500e+03,1.101928472518920898e+00,9.738600000000000589e-01,9.134327173233032227e-01,6.164955496788024902e-01
2.839786430621522939e+01,-3.716943669756231117e+01,1.246509765625000000e+03,1.187217950820922852e+00,9.738700000000001245e-01,9.621084928512573242e-01,5.720160603523254395e-01
2.839260296450437338e+01,-3.715505367444244200e+01,1.789452636718750000e+03,1.303086996078491211e+00,9.738800000000000789e-01,9.865226149559020996e-01,6.494547128677368164e-01
2.839390384551499480e+01,-3.713235344950226846e+01,2.085256347656250000e+03,1.412971735000610352e+00,9.738900000000000334e-01,1.124386310577392578e+00,7.651930451393127441e-01
2.839404773479116528e+01,-3.711107468117013042e+01,1.714410400390625000e+03,1.856119155883789062e+00,9.739000000000000989e-01,9.219776988029479980e-01,6.007789373397827148e-01
2.839371001389573834e+01,-3.709719246314372754e+01,1.850625976562500000e+03,1.727952480316162109e+00,9.739100000000000534e-01,9.019886255264282227e-01,5.984138250350952148e-01
2.840047708433668916e+01,-3.708127876704278947e+01,1.244242431640625000e+03,1.347434043884277344e+00,9.739200000000001189e-01,7.892257571220397949e-01,4.689425230026245117e-01
2.839153894468572048e+01,-3.706541663597591452e+01,1.223913208007812500e+03,1.327297210693359375e+00,9.739300000000000734e-01,6.467080712318420410e-01,3.821196854114532471e-01
2.838672436630705675e+01,-3.703984819044217858e+01,8.882435913085937500e+02,9.641832709312438965e-01,9.739400000000000279e-01,7.850295305252075195e-01,4.076019525527954102e-01
2.839383865027035370e+01,-3.702087242129604050e+01,1.523428710937500000e+03,7.353026270866394043e-01,9.739500000000000934e-01,7.583265900611877441e-01,4.792422354221343994e-01
2.839336032567998558e+01,-3.701307928231715039e+01,1.071667236328125000e+03,9.818262457847595215e-01,9.739600000000000479e-01,6.631876230239868164e-01,3.732695579528808594e-01
2.839691296342639504e+01,-3.698554601972432465e+01,1.522346191406250000e+03,8.742887377738952637e-01,9.739700000000001134e-01,8.819994926452636719e-01,5.572912693023681641e-01
2.838737400549864276e+01,-3.696346198377722203e+01,1.779354858398437500e+03,7.967025637626647949e-01,9.739800000000000679e-01,6.942393779754638672e-01,4.564302563667297363e-01
2.839557731817613018e+01,-3.694904759957207574e+01,1.119188110351562500e+03,1.024167060852050781e+00,9.739900000000001334e-01,6.522775888442993164e-01,3.732695579528808594e-01
2.839430601170457891e+01,-3.692785263253651351e+01,1.075383544921875000e+03,8.378548026084899902e-01,9.740000000000000879e-01,7.248333692550659180e-01,4.085174798965454102e-01
2.838600469668582349e+01,-3.691042726797585516e+01,1.952146484375000000e+03,8.503479361534118652e-01,9.740100000000000424e-01,7.178906202316284180e-01,4.819125533103942871e-01
2.839389074774405586e+01,-3.688550636712655262e+01,1.105484985351562500e+03,9.839922785758972168e-01,9.740200000000001079e-01,7.275037169456481934e-01,4.143921434879302979e-01
2.839447598691560870e+01,-3.687127661473277840e+01,1.543120361328125000e+03,8.934945464134216309e-01,9.740300000000000624e-01,7.287244200706481934e-01,4.621523320674896240e-01
2.838630642510684510e+01,-3.685570923194504189e+01,1.633539306640625000e+03,8.750552535057067871e-01,9.740400000000001279e-01,9.265553355216979980e-01,5.965064764022827148e-01
2.838728032607137308e+01,-3.683072929623180158e+01,1.739747802734375000e+03,1.116668701171875000e+00,9.740500000000000824e-01,9.083210229873657227e-01,5.939887762069702148e-01
2.839686829474979746e+01,-3.681454326839789104e+01,1.627493408203125000e+03,1.324725866317749023e+00,9.740600000000000369e-01,8.612474799156188965e-01,5.539342761039733887e-01
2.839516815525082905e+01,-3.679851248458572144e+01,2.362377441406250000e+03,1.211778640747070312e+00,9.740700000000001024e-01,8.539232611656188965e-01,5.949805974960327148e-01
2.838723772490065045e+01,-3.677928575121509880e+01,1.299269287109375000e+03,1.108127355575561523e+00,9.740800000000000569e-01,8.562883734703063965e-01,5.160923600196838379e-01
2.839758039567809433e+01,-3.676510970423586855e+01,1.268301391601562500e+03,1.180375337600708008e+00,9.740900000000001224e-01,8.936725258827209473e-01,5.344029664993286133e-01
2.839211835962968422e+01,-3.673939814402660176e+01,1.567520019531250000e+03,1.056208133697509766e+00,9.741000000000000769e-01,9.719504117965698242e-01,6.190133094787597656e-01
2.838740098821244473e+01,-3.672258674501133413e+01,1.588997802734375000e+03,1.349615573883056641e+00,9.741100000000000314e-01,7.730513215065002441e-01,4.941196143627166748e-01
2.839579889770116594e+01,-3.670890981951693988e+01,1.531004394531250000e+03,1.162507057189941406e+00,9.741200000000000969e-01,6.994274258613586426e-01,4.426210224628448486e-01
2.838973574206169559e+01,-3.668919506808042996e+01,1.025753540039062500e+03,8.622319102287292480e-01,9.741300000000000514e-01,6.930949687957763672e-01,3.833403885364532471e-01
2.838781060656916111e+01,-3.667322935344927259e+01,1.696068237304687500e+03,8.335370421409606934e-01,9.741400000000001169e-01,8.684191703796386719e-01,5.643866062164306641e-01
2.839121780552978436e+01,-3.665070808956721038e+01,1.847665039062500000e+03,8.188969492912292480e-01,9.741500000000000714e-01,7.441358566284179688e-01,4.935092628002166748e-01
2.839903790370407322e+01,-3.662857849844232305e+01,1.297994750976562500e+03,1.171023368835449219e+00,9.741600000000000259e-01,8.787188529968261719e-01,5.294438600540161133e-01
2.839724630738171740e+01,-3.660240300511188138e+01,1.611600097656250000e+03,9.604496359825134277e-01,9.741700000000000914e-01,7.841140031814575195e-01,5.030460357666015625e-01
2.839680423502177220e+01,-3.658591708928669561e+01,1.163834716796875000e+03,1.167978763580322266e+00,9.741800000000000459e-01,7.804518938064575195e-01,4.530733227729797363e-01
2.839786808215717429e+01,-3.657282741591461672e+01,1.308517944335937500e+03,1.010287523269653320e+00,9.741900000000001114e-01,9.193837046623229980e-01,5.553839206695556641e-01
2.839885040551530793e+01,-3.655843534183961197e+01,1.335535766601562500e+03,9.924322962760925293e-01,9.742000000000000659e-01,8.291276097297668457e-01,5.041141510009765625e-01
2.838979922771660824e+01,-3.653357349579892599e+01,1.773247314453125000e+03,1.209468364715576172e+00,9.742100000000001314e-01,6.980541348457336426e-01,4.585665166378021240e-01
2.839330383812974645e+01,-3.650448506621250999e+01,1.605135620117187500e+03,1.069377183914184570e+00,9.742200000000000859e-01,6.808879375457763672e-01,4.363648891448974609e-01
2.839539317617714786e+01,-3.649470181562795545e+01,1.545624877929687500e+03,8.775407671928405762e-01,9.742300000000000404e-01,8.361467123031616211e-01,5.305119752883911133e-01
2.838559160552176408e+01,-3.648518877345512834e+01,1.751732910156250000e+03,8.582050204277038574e-01,9.742400000000001059e-01,7.718306183815002441e-01,5.055637359619140625e-01
2.838749831253048228e+01,-3.645828416368856040e+01,1.754837890625000000e+03,1.222933053970336914e+00,9.742500000000000604e-01,7.235363721847534180e-01,4.741305410861968994e-01
2.839889759180963225e+01,-3.643499020982898173e+01,1.331525390625000000e+03,1.095537662506103516e+00,9.742600000000001259e-01,7.781630754470825195e-01,4.726809561252593994e-01
2.839186800021638746e+01,-3.642061411678280081e+01,1.662653808593750000e+03,9.485012888908386230e-01,9.742700000000000804e-01,8.406480550765991211e-01,5.436345934867858887e-01
2.839437665757641227e+01,-3.640303239540850200e+01,1.711082763671875000e+03,1.064228534698486328e+00,9.742800000000000349e-01,6.914165019989013672e-01,4.503267407417297363e-01
2.839063640271911027e+01,-3.638235879640582482e+01,1.837794433593750000e+03,1.061633348464965820e+00,9.742900000000001004e-01,7.405499815940856934e-01,4.905337989330291748e-01
2.839493175777154121e+01,-3.636111543087907449e+01,1.295215332031250000e+03,9.216231703758239746e-01,9.743000000000000549e-01,7.044628262519836426e-01,4.241577982902526855e-01
2.838921528787045645e+01,-3.635077002683023295e+01,1.212148071289062500e+03,9.326357245445251465e-01,9.743100000000001204e-01,7.677870392799377441e-01,4.521577954292297363e-01
2.839393568379089317e+01,-3.632372540691630292e+01,1.108219482421875000e+03,8.357090353965759277e-01,9.743200000000000749e-01,7.828933000564575195e-01,4.463594257831573486e-01
2.839390051366039103e+01,-3.629615714146972749e+01,1.455690917968750000e+03,9.174019694328308105e-01,9.743300000000000294e-01,7.985336184501647949e-01,4.982395172119140625e-01
2.838945433975860055e+01,-3.628913689721153446e+01,1.311014892578125000e+03,1.003858566284179688e+00,9.743400000000000949e-01,8.913074135780334473e-01,5.387517213821411133e-01
2.839182504459729373e+01,-3.627390815999739004e+01,1.782419555664062500e+03,1.065042734146118164e+00,9.743500000000000494e-01,8.200485706329345703e-01,5.393621325492858887e-01
2.839276366122562223e+01,-3.624785258056570569e+01,1.019457336425781250e+03,1.119756221771240234e+00,9.743600000000001149e-01,7.899886965751647949e-01,4.358308315277099609e-01
2.839078373593960336e+01,-3.623016806569632564e+01,1.624549438476562500e+03,9.109944701194763184e-01,9.743700000000000694e-01,9.647787809371948242e-01,6.202340126037597656e-01
2.838639922493474899e+01,-3.620913468894524812e+01,2.114487304687500000e+03,1.000670909881591797e+00,9.743800000000001349e-01,9.540212750434875488e-01,6.510568857192993164e-01
2.839486755998404632e+01,-3.619240879820534929e+01,2.452151611328125000e+03,1.492528438568115234e+00,9.743900000000000894e-01,1.179775953292846680e+00,8.273728489875793457e-01
2.838832305638155162e+01,-3.617428929330072407e+01,1.377759765625000000e+03,1.649208784103393555e+00,9.744000000000000439e-01,1.035961270332336426e+00,6.359506249427795410e-01
2.838747394449321249e+01,-3.615584002140700903e+01,9.844656982421875000e+02,1.842365980148315430e+00,9.744100000000001094e-01,8.114273548126220703e-01,4.411714076995849609e-01
2.839256217250955316e+01,-3.613815794987297636e+01,1.704152465820312500e+03,1.367768764495849609e+00,9.744200000000000639e-01,7.857924699783325195e-01,5.112858414649963379e-01
2.839480744795228873e+01,-3.612259071759405060e+01,1.797960815429687500e+03,1.046711921691894531e+00,9.744300000000001294e-01,7.301740050315856934e-01,4.812259078025817871e-01
2.838834880775191749e+01,-3.610523969058161953e+01,1.862458129882812500e+03,1.083331823348999023e+00,9.744400000000000839e-01,6.765391230583190918e-01,4.494875073432922363e-01
2.839561294377664780e+01,-3.607967373185896065e+01,1.249929687500000000e+03,8.837694525718688965e-01,9.744500000000000384e-01,7.832747697830200195e-01,4.661196470260620117e-01
2.839635561981237544e+01,-3.605896102462239838e+01,2.374620849609375000e+03,8.540481925010681152e-01,9.744600000000001039e-01,8.958087563514709473e-01,6.247353553771972656e-01
2.839070691501227728e+01,-3.604591147835682108e+01,1.866593994140625000e+03,1.033495187759399414e+00,9.744700000000000584e-01,7.001903653144836426e-01,4.654330015182495117e-01
2.838634342250793097e+01,-3.602758707254497494e+01,1.413182983398437500e+03,1.173955917358398438e+00,9.744800000000001239e-01,7.584791779518127441e-01,4.691714048385620117e-01
2.839735149565330374e+01,-3.600632485793814652e+01,1.111023071289062500e+03,9.019262194633483887e-01,9.744900000000000784e-01,7.984573245048522949e-01,4.556673169136047363e-01
2.839270113150735853e+01,-3.599245957414314034e+01,1.319470581054687500e+03,8.354575037956237793e-01,9.745000000000000329e-01,8.314164280891418457e-01,5.035800933837890625e-01
2.839212671416060374e+01,-3.597284238801536560e+01,1.473551269531250000e+03,9.052819609642028809e-01,9.745100000000000984e-01,6.927897930145263672e-01,4.337708950042724609e-01
2.839309395643353895e+01,-3.595426375697137900e+01,1.200325073242187500e+03,1.031202793121337891e+00,9.745200000000000529e-01,6.994274258613586426e-01,4.105011522769927979e-01
2.840026402998850230e+01,-3.592559053595783780e+01,1.300314453125000000e+03,8.030337691307067871e-01,9.745300000000001184e-01,7.403973937034606934e-01,4.463594257831573486e-01
2.839185026462381956e+01,-3.591169833366915043e+01,1.293205810546875000e+03,9.096271395683288574e-01,9.745400000000000729e-01,6.702067255973815918e-01,4.033294916152954102e-01
2.839315444632194385e+01,-3.589567173688226376e+01,1.450219482421875000e+03,8.188814520835876465e-01,9.745500000000000274e-01,8.224137425422668457e-01,5.125828385353088379e-01
2.839825377223936087e+01,-3.587206288054706960e+01,1.236584228515625000e+03,9.192175269126892090e-01,9.745600000000000929e-01,7.849532365798950195e-01,4.654330015182495117e-01
2.839145750543427482e+01,-3.585131781252572125e+01,1.338124023437500000e+03,1.084877967834472656e+00,9.745700000000000474e-01,8.618578314781188965e-01,5.243321657180786133e-01
2.839950658259210670e+01,-3.584250277420422748e+01,1.350419921875000000e+03,1.039720296859741211e+00,9.745800000000001129e-01,8.361467123031616211e-01,5.101414322853088379e-01
2.839786494088363256e+01,-3.582633469689083938e+01,1.258780151367187500e+03,1.257167577743530273e+00,9.745900000000000674e-01,7.355145812034606934e-01,4.387300014495849609e-01
2.839432327474187900e+01,-3.579344063949297094e+01,1.305907714843750000e+03,1.019520282745361328e+00,9.746000000000001329e-01,7.388715147972106934e-01,4.460542500019073486e-01
2.839729474788886066e+01,-3.577225162090316957e+01,1.548081665039062500e+03,9.204954504966735840e-01,9.746100000000000874e-01,7.628279328346252441e-01,4.842013716697692871e-01
2.840144172331122263e+01,-3.575956742148962064e+01,1.288969848632812500e+03,9.064370989799499512e-01,9.746200000000000419e-01,7.506208419799804688e-01,4.512422680854797363e-01
2.840251288696407528e+01,-3.574390751175453573e+01,1.777217407226562500e+03,1.034103155136108398e+00,9.746300000000001074e-01,9.077869653701782227e-01,5.966590642929077148e-01
2.839808840280010571e+01,-3.572001600769823426e+01,2.329310791015625000e+03,9.800309538841247559e-01,9.746400000000000619e-01,8.555254340171813965e-01,5.945991277694702148e-01
2.839647380013458999e+01,-3.570943439278003240e+01,1.504669555664062500e+03,1.246379137039184570e+00,9.746500000000001274e-01,7.600813508033752441e-01,4.787081778049468994e-01
2.840163317160593692e+01,-3.568626909981946937e+01,1.666694335937500000e+03,1.327187538146972656e+00,9.746600000000000819e-01,8.472093343734741211e-01,5.482122302055358887e-01
2.839348478189208080e+01,-3.566790714977213383e+01,1.082613037109375000e+03,1.030383825302124023e+00,9.746700000000000363e-01,6.486917734146118164e-01,3.665556609630584717e-01
2.839931972665346294e+01,-3.564417030066856285e+01,1.390627685546875000e+03,9.434491991996765137e-01,9.746800000000001019e-01,7.911331057548522949e-01,4.870242476463317871e-01
2.840305110377765985e+01,-3.562805993832878926e+01,1.288078979492187500e+03,8.034319281578063965e-01,9.746900000000000563e-01,8.048660755157470703e-01,4.837436079978942871e-01
2.839848049680911046e+01,-3.561183347128286414e+01,1.403160278320312500e+03,1.016207456588745117e+00,9.747000000000001219e-01,7.178143262863159180e-01,4.430787861347198486e-01
2.839354701139961179e+01,-3.559294703225081946e+01,1.450151245117187500e+03,1.050819873809814453e+00,9.747100000000000763e-01,7.472639083862304688e-01,4.657381772994995117e-01
2.840121197595222569e+01,-3.557558102425247171e+01,1.440012695312500000e+03,9.634692072868347168e-01,9.747200000000000308e-01,7.340649962425231934e-01,4.565828442573547363e-01
2.840086714658126610e+01,-3.555093150525928536e+01,1.896915649414062500e+03,9.762472510337829590e-01,9.747300000000000963e-01,8.871875405311584473e-01,5.918525457382202148e-01
2.839018541284935537e+01,-3.553679249764519454e+01,1.388222045898437500e+03,9.314031004905700684e-01,9.747400000000000508e-01,8.317216038703918457e-01,5.117436051368713379e-01
2.839427327001483548e+01,-3.551751285916680700e+01,1.439328491210937500e+03,1.197373390197753906e+00,9.747500000000001164e-01,8.832202553749084473e-01,5.492803454399108887e-01
2.839881710107829704e+01,-3.549295644410923956e+01,2.099760009765625000e+03,1.050637483596801758e+00,9.747600000000000708e-01,1.021846890449523926e+00,6.963756680488586426e-01
2.839210580740011380e+01,-3.547162807622386538e+01,2.404341308593750000e+03,1.312825202941894531e+00,9.747700000000000253e-01,8.015090823173522949e-01,5.601904392242431641e-01
2.839723998149011663e+01,-3.546254761474383344e+01,1.887666503906250000e+03,1.505771398544311523e+00,9.747800000000000908e-01,8.731493949890136719e-01,5.818579792976379395e-01
2.839478887254076156e+01,-3.543902533284602896e+01,1.210632690429687500e+03,1.364973306655883789e+00,9.747900000000000453e-01,8.057053089141845703e-01,4.742831289768218994e-01
2.840020313604868463e+01,-3.542012909057683601e+01,1.291865844726562500e+03,1.170051813125610352e+00,9.748000000000001108e-01,7.072094082832336426e-01,4.254547953605651855e-01
2.839229454752338455e+01,-3.540376732576396535e+01,1.067251464843750000e+03,1.062699079513549805e+00,9.748100000000000653e-01,8.108932971954345703e-01,4.556673169136047363e-01
2.839555274439866039e+01,-3.538904668354716421e+01,1.621132690429687500e+03,8.804947733879089355e-01,9.748200000000001308e-01,7.696180939674377441e-01,4.945010840892791748e-01
2.840196808258542660e+01,-3.536879387568466626e+01,1.811753540039062500e+03,9.607428908348083496e-01,9.748300000000000853e-01,9.693564176559448242e-01,6.399942040443420410e-01
2.839544540000366268e+01,-3.534789048382558718e+01,2.870645019531250000e+03,1.062994718551635742e+00,9.748400000000000398e-01,8.793292045593261719e-01,6.322121620178222656e-01
2.840339331756416286e+01,-3.532062175629861400e+01,1.173023437500000000e+03,1.517605304718017578e+00,9.748500000000001053e-01,6.938579082489013672e-01,4.039398431777954102e-01
2.840167514937215643e+01,-3.531075443556851212e+01,2.512920410156250000e+03,1.072483777999877930e+00,9.748600000000000598e-01,1.394849419593811035e+00,9.822501540184020996e-01
2.839449835376414555e+01,-3.528953830994520047e+01,1.638987304687500000e+03,1.384149312973022461e+00,9.748700000000001253e-01,8.923755288124084473e-01,5.749915242195129395e-01
2.839475285654811643e+01,-3.526762762109725458e+01,2.124321044921875000e+03,2.079982280731201172e+00,9.748800000000000798e-01,8.865771889686584473e-01,6.055855154991149902e-01
2.840471078733378008e+01,-3.525492227193710448e+01,1.855533203125000000e+03,1.304137229919433594e+00,9.748900000000000343e-01,9.116779565811157227e-01,6.052040457725524902e-01
2.839340025968415304e+01,-3.523448762814017954e+01,1.428784667968750000e+03,1.322881698608398438e+00,9.749000000000000998e-01,1.093258261680603027e+00,6.784464716911315918e-01
2.839242555084117470e+01,-3.521782135419317683e+01,1.355354003906250000e+03,1.403049945831298828e+00,9.749100000000000543e-01,9.029041528701782227e-01,5.514928698539733887e-01
2.839872188190793523e+01,-3.519114882296656077e+01,1.611036254882812500e+03,1.588181972503662109e+00,9.749200000000001198e-01,6.631113290786743164e-01,4.253785014152526855e-01
2.839441360982149476e+01,-3.517327779948890054e+01,1.267247802734375000e+03,1.088124036788940430e+00,9.749300000000000743e-01,7.493238449096679688e-01,4.479615986347198486e-01
2.839156133772083024e+01,-3.515821096214714458e+01,1.749174438476562500e+03,7.976061701774597168e-01,9.749400000000000288e-01,8.875690102577209473e-01,5.811713337898254395e-01
2.840170051707192300e+01,-3.513763386590626681e+01,1.569068237304687500e+03,1.032838344573974609e+00,9.749500000000000943e-01,7.121685743331909180e-01,4.536836743354797363e-01
2.840430175969432725e+01,-3.511618589580294270e+01,1.223219360351562500e+03,1.285651445388793945e+00,9.749600000000000488e-01,6.832530498504638672e-01,4.036346673965454102e-01
2.839772070840284002e+01,-3.509549260009862337e+01,1.167458984375000000e+03,9.528190493583679199e-01,9.749700000000001143e-01,7.911331057548522949e-01,4.597872197628021240e-01
2.839122569432012000e+01,-3.508195890131535322e+01,1.522943481445312500e+03,8.041257262229919434e-01,9.749800000000000688e-01,7.519941329956054688e-01,4.751986563205718994e-01
2.840394848334431899e+01,-3.506815588140889872e+01,1.654005737304687500e+03,9.485167860984802246e-01,9.749900000000001343e-01,8.209641575813293457e-01,5.302067995071411133e-01
2.840629394244048456e+01,-3.504562358266601763e+01,1.744206909179687500e+03,1.041101932525634766e+00,9.750000000000000888e-01,7.398633360862731934e-01,4.841250777244567871e-01
2.839990913505202030e+01,-3.503081724857314327e+01,1.515464965820312500e+03,1.099860191345214844e+00,9.750100000000000433e-01,7.796126604080200195e-01,4.919833838939666748e-01
2.840758685842019204e+01,-3.500722100966760308e+01,1.562201782226562500e+03,1.125988483428955078e+00,9.750200000000001088e-01,7.474164962768554688e-01,4.755801260471343994e-01
2.840556614261537050e+01,-3.499217266432684426e+01,1.387798583984375000e+03,1.016755819320678711e+00,9.750300000000000633e-01,6.834819316864013672e-01,4.204956889152526855e-01
2.840297974452174046e+01,-3.496500993383796896e+01,1.411273071289062500e+03,9.355730414390563965e-01,9.750400000000001288e-01,7.845717668533325195e-01,4.851168990135192871e-01
2.840910294419830251e+01,-3.495421417114589246e+01,1.334511718750000000e+03,9.024853110313415527e-01,9.750500000000000833e-01,8.309586644172668457e-01,5.051059722900390625e-01
2.840797648275813714e+01,-3.492920157559552052e+01,1.393608398437500000e+03,1.001939296722412109e+00,9.750600000000000378e-01,7.581740021705627441e-01,4.670351743698120117e-01
2.840565583672123040e+01,-3.490844167396163300e+01,2.200873046875000000e+03,1.130003452301025391e+00,9.750700000000001033e-01,1.004985809326171875e+00,6.911876201629638672e-01
2.841295450225300812e+01,-3.489167973873078665e+01,1.685374023437500000e+03,1.160639047622680664e+00,9.750800000000000578e-01,1.020397305488586426e+00,6.621195077896118164e-01
2.840776807817858796e+01,-3.488112947226635896e+01,1.607203247070312500e+03,1.714952707290649414e+00,9.750900000000001233e-01,9.242665171623229980e-01,5.925391912460327148e-01
2.840451593286202936e+01,-3.486227105380608293e+01,1.301131103515625000e+03,1.286292791366577148e+00,9.751000000000000778e-01,1.124004840850830078e+00,6.777598261833190918e-01
2.839801159123780394e+01,-3.483380242083456579e+01,1.780999511718750000e+03,1.478209018707275391e+00,9.751100000000000323e-01,9.799613356590270996e-01,6.444192528724670410e-01
2.840974122939435631e+01,-3.482008472449569325e+01,2.012419555664062500e+03,1.664574861526489258e+00,9.751200000000000978e-01,1.095547080039978027e+00,7.401685118675231934e-01
2.840240826745775493e+01,-3.480038949270583259e+01,1.665879394531250000e+03,1.693952798843383789e+00,9.751300000000000523e-01,7.687788605690002441e-01,4.974002838134765625e-01
2.840284811282851152e+01,-3.478369253843710851e+01,1.214042846679687500e+03,1.472086429595947266e+00,9.751400000000001178e-01,7.889968156814575195e-01,4.648989439010620117e-01
2.841021133472639804e+01,-3.475881465614995136e+01,1.402436767578125000e+03,1.128282070159912109e+00,9.751500000000000723e-01,8.186752796173095703e-01,5.052585601806640625e-01
2.841133223445780942e+01,-3.473813675280131719e+01,2.350561767578125000e+03,1.018771648406982422e+00,9.751600000000000268e-01,9.064136743545532227e-01,6.309914588928222656e-01
2.839525819109142901e+01,-3.472073690619498620e+01,1.435029296875000000e+03,1.152098894119262695e+00,9.751700000000000923e-01,8.827624320983886719e-01,5.485174059867858887e-01
2.840057476655910307e+01,-3.470813742798005563e+01,1.860275756835937500e+03,1.500397443771362305e+00,9.751800000000000468e-01,8.565935492515563965e-01,5.689642429351806641e-01
2.840661830861654380e+01,-3.468651401160021663e+01,1.474214721679687500e+03,1.347504377365112305e+00,9.751900000000001123e-01,8.449968099594116211e-01,5.291386842727661133e-01
2.840273948592095721e+01,-3.466483274780721757e+01,1.143127075195312500e+03,1.245010614395141602e+00,9.752000000000000668e-01,7.825118303298950195e-01,4.513185620307922363e-01
2.839502187517024367e+01,-3.464799636152185514e+01,1.234668579101562500e+03,1.137235879898071289e+00,9.752100000000001323e-01,8.926044106483459473e-01,5.289860963821411133e-01
2.840282346335857255e+01,-3.463224047160731800e+01,1.628543090820312500e+03,9.745580554008483887e-01,9.752200000000000868e-01,8.118851184844970703e-01,5.222721695899963379e-01
2.839845725399289122e+01,-3.460897221401589263e+01,1.408960693359375000e+03,1.255450963973999023e+00,9.752300000000000413e-01,8.340867161750793457e-01,5.154820084571838379e-01
2.839810281488252031e+01,-3.459297401798789195e+01,1.661654541015625000e+03,1.062584638595581055e+00,9.752400000000001068e-01,7.706862092018127441e-01,4.983158111572265625e-01
2.839875118079234895e+01,-3.458239155758355565e+01,1.338708129882812500e+03,1.156426191329956055e+00,9.752500000000000613e-01,7.866317033767700195e-01,4.786318838596343994e-01
2.839955251494166433e+01,-3.455866335914593890e+01,1.768704223632812500e+03,1.016823768615722656e+00,9.752600000000001268e-01,1.009105682373046875e+00,6.625009775161743164e-01
2.839803846084166494e+01,-3.454126918938545998e+01,1.543398071289062500e+03,1.246675968170166016e+00,9.752700000000000813e-01,5.836127400398254395e-01,3.701414763927459717e-01
2.839466481430053335e+01,-3.452245267032665055e+01,1.359067260742187500e+03,1.133993387222290039e+00,9.752800000000000358e-01,8.644518256187438965e-01,5.284520387649536133e-01
2.840339720647245514e+01,-3.450218865214598907e+01,1.291622070312500000e+03,9.121901392936706543e-01,9.752900000000001013e-01,7.825881242752075195e-01,4.707735776901245117e-01
2.839693254317359106e+01,-3.448280321813960825e+01,1.371684692382812500e+03,1.250339269638061523e+00,9.753000000000000558e-01,7.752639055252075195e-01,4.752749502658843994e-01
2.839903021303827302e+01,-3.445669603340891740e+01,1.592098754882812500e+03,1.067898988723754883e+00,9.753100000000001213e-01,8.357651829719543457e-01,5.344792604446411133e-01
2.839584314249894703e+01,-3.445520956275904467e+01,1.232066284179687500e+03,1.001245498657226562e+00,9.753200000000000758e-01,8.851276040077209473e-01,5.241795778274536133e-01
2.840105911779950176e+01,-3.443222292932573225e+01,1.733202392578125000e+03,1.132308959960937500e+00,9.753300000000000303e-01,7.265118360519409180e-01,4.746645987033843994e-01
2.840020617999896757e+01,-3.440880741680258126e+01,1.648410644531250000e+03,1.154461622238159180e+00,9.753400000000000958e-01,9.459341168403625488e-01,6.103920340538024902e-01
2.841157787206847019e+01,-3.439106328721301509e+01,2.017286621093750000e+03,9.817201495170593262e-01,9.753500000000000503e-01,8.501847982406616211e-01,5.746863484382629395e-01
2.840329363511482441e+01,-3.437293454115289393e+01,1.291308105468750000e+03,1.376102685928344727e+00,9.753600000000001158e-01,8.979449868202209473e-01,5.401250720024108887e-01
2.840728238022891361e+01,-3.435978110488278503e+01,2.273587646484375000e+03,1.246171712875366211e+00,9.753700000000000703e-01,1.000102996826171875e+00,6.920268535614013672e-01
2.839852770432719353e+01,-3.433459993670994947e+01,1.594380126953125000e+03,1.297395944595336914e+00,9.753800000000000248e-01,9.443318843841552734e-01,6.041359305381774902e-01
2.841023997949983482e+01,-3.432082151342720522e+01,1.933695556640625000e+03,1.684906005859375000e+00,9.753900000000000903e-01,9.192311167716979980e-01,6.158089041709899902e-01
2.839826622919821375e+01,-3.429682041794695380e+01,1.610969482421875000e+03,1.314948320388793945e+00,9.754000000000000448e-01,8.618578314781188965e-01,5.528661608695983887e-01
2.839978682440112934e+01,-3.427870404597332765e+01,2.260979248046875000e+03,1.286484718322753906e+00,9.754100000000001103e-01,7.568769454956054688e-01,5.231876969337463379e-01
2.840639317486829896e+01,-3.425934843450252743e+01,1.557183349609375000e+03,1.172013998031616211e+00,9.754200000000000648e-01,1.016277432441711426e+00,6.460977196693420410e-01
2.840935446224596461e+01,-3.423927090756274794e+01,1.441764770507812500e+03,1.378945827484130859e+00,9.754300000000001303e-01,9.287678599357604980e-01,5.778906941413879395e-01
2.840566126330496743e+01,-3.422661648293988179e+01,1.591441650390625000e+03,1.557015895843505859e+00,9.754400000000000848e-01,1.129726886749267578e+00,7.223919630050659180e-01
2.841179369765346507e+01,-3.421081571070200056e+01,2.509942382812500000e+03,1.425840377807617188e+00,9.754500000000000393e-01,9.389150142669677734e-01,6.610513925552368164e-01
2.840866148805905667e+01,-3.418661278249106061e+01,1.458244262695312500e+03,1.798260927200317383e+00,9.754600000000001048e-01,9.567678570747375488e-01,5.972694158554077148e-01
2.840516716888237880e+01,-3.416693213472741775e+01,2.671922851562500000e+03,1.492665529251098633e+00,9.754700000000000593e-01,8.446153402328491211e-01,6.007026433944702148e-01
2.841162069889125874e+01,-3.414568614542486102e+01,1.836853027343750000e+03,1.273080825805664062e+00,9.754800000000001248e-01,1.002010345458984375e+00,6.636453866958618164e-01
2.841648608870684001e+01,-3.413432162819000837e+01,1.359780761718750000e+03,1.484117031097412109e+00,9.754900000000000793e-01,7.780867815017700195e-01,4.757327139377593994e-01
2.840727831556720417e+01,-3.410755918930163944e+01,1.602387817382812500e+03,1.572894573211669922e+00,9.755000000000000338e-01,8.928332924842834473e-01,5.719397664070129395e-01
2.840250425386677691e+01,-3.408916034638944126e+01,1.562546875000000000e+03,1.245265722274780273e+00,9.755100000000000993e-01,1.017498135566711426e+00,6.474710106849670410e-01
2.841280944469110636e+01,-3.406779492645766538e+01,1.609558227539062500e+03,1.486273527145385742e+00,9.755200000000000538e-01,1.148037552833557129e+00,7.362775206565856934e-01
2.840838493033855627e+01,-3.404929528632441560e+01,1.387799804687500000e+03,1.649114608764648438e+00,9.755300000000001193e-01,9.430348873138427734e-01,5.801795125007629395e-01
2.840738321725007864e+01,-3.403204976585747232e+01,2.119369628906250000e+03,1.528253078460693359e+00,9.755400000000000738e-01,1.011470794677734375e+00,6.905772686004638672e-01
2.840496820801863720e+01,-3.400873189464787316e+01,1.493729736328125000e+03,1.449884891510009766e+00,9.755500000000000282e-01,8.605608344078063965e-01,5.408880114555358887e-01
2.840904068994753828e+01,-3.399780195811671746e+01,1.481790405273437500e+03,1.549375772476196289e+00,9.755600000000000938e-01,7.609205842018127441e-01,4.771822988986968994e-01
2.840485499431933292e+01,-3.396946485606476784e+01,1.629033325195312500e+03,1.088050127029418945e+00,9.755700000000000482e-01,7.841902971267700195e-01,5.044956207275390625e-01
2.840974605486167803e+01,-3.395260449853088858e+01,1.340179565429687500e+03,1.180582761764526367e+00,9.755800000000001138e-01,7.342175841331481934e-01,4.468934834003448486e-01
2.840530479387953378e+01,-3.393926267695294285e+01,1.124801269531250000e+03,1.101732969284057617e+00,9.755900000000000682e-01,7.270459532737731934e-01,4.168335497379302979e-01
2.841071433724952300e+01,-3.392075992184197730e+01,1.416055419921875000e+03,9.399325251579284668e-01,9.756000000000001338e-01,7.798415422439575195e-01,4.826754927635192871e-01
2.840431264345098583e+01,-3.389950031398342389e+01,1.241320922851562500e+03,8.826941847801208496e-01,9.756100000000000882e-01,8.660539984703063965e-01,5.141850113868713379e-01
2.840969044866674409e+01,-3.387834398204232400e+01,1.240668457031250000e+03,1.015140533447265625e+00,9.756200000000000427e-01,7.635145783424377441e-01,4.532259106636047363e-01
2.840076588140740199e+01,-3.385317875147816835e+01,1.631371582031250000e+03,1.071260690689086914e+00,9.756300000000001083e-01,9.210621714591979980e-01,5.927680730819702148e-01
2.840000005293638097e+01,-3.384282188618378484e+01,2.498491210937500000e+03,1.032354354858398438e+00,9.756400000000000627e-01,9.112201929092407227e-01,6.410623192787170410e-01
2.839903955255096690e+01,-3.382750305252222489e+01,1.858024047851562500e+03,1.122385978698730469e+00,9.756500000000001283e-01,9.619559049606323242e-01,6.387735009193420410e-01
2.840631305333911882e+01,-3.379721713044848741e+01,1.371912109375000000e+03,1.478263854980468750e+00,9.756600000000000827e-01,7.780867815017700195e-01,4.770297110080718994e-01
2.839230452253455184e+01,-3.377762324484741896e+01,1.211880981445312500e+03,1.434555768966674805e+00,9.756700000000000372e-01,7.085064053535461426e-01,4.172150194644927979e-01
2.840176347742282914e+01,-3.376895443312893264e+01,1.280411865234375000e+03,9.523159861564636230e-01,9.756800000000001027e-01,6.316781044006347656e-01,3.789153397083282471e-01
2.840556268319882349e+01,-3.374695185458898550e+01,1.442566650390625000e+03,7.860988974571228027e-01,9.756900000000000572e-01,5.908607244491577148e-01,3.677000701427459717e-01
2.840449547970401767e+01,-3.372255477578346472e+01,9.783566894531250000e+02,6.983167529106140137e-01,9.757000000000001227e-01,7.253674268722534180e-01,3.933349251747131348e-01
2.840362261500146346e+01,-3.370940720080208308e+01,1.461084106445312500e+03,6.459373831748962402e-01,9.757100000000000772e-01,6.895854473114013672e-01,4.307191073894500732e-01
2.840344531056819477e+01,-3.368783032730768667e+01,1.406094238281250000e+03,7.825095057487487793e-01,9.757200000000000317e-01,6.969860196113586426e-01,4.304902255535125732e-01
2.839835352009641412e+01,-3.367422669623541509e+01,1.293994506835937500e+03,8.788174986839294434e-01,9.757300000000000972e-01,7.162121534347534180e-01,4.311005771160125732e-01
2.839899755263867931e+01,-3.364814837777102952e+01,1.406838256835937500e+03,7.955283522605895996e-01,9.757400000000000517e-01,7.155255079269409180e-01,4.420106709003448486e-01
2.840133051099615713e+01,-3.362606472966862015e+01,1.195645996093750000e+03,7.949334979057312012e-01,9.757500000000001172e-01,7.041576504707336426e-01,4.127136766910552979e-01
2.840309318439063091e+01,-3.361713322701313444e+01,1.115070556640625000e+03,7.984191775321960449e-01,9.757600000000000717e-01,7.336835265159606934e-01,4.192749857902526855e-01
2.840744752126336437e+01,-3.358987252464163475e+01,1.636865234375000000e+03,7.168943285942077637e-01,9.757700000000000262e-01,8.749041557312011719e-01,5.635473728179931641e-01
2.839832876712259946e+01,-3.357117536113165812e+01,1.718285400390625000e+03,8.736819624900817871e-01,9.757800000000000917e-01,6.795908808708190918e-01,4.430787861347198486e-01
2.840716071972761725e+01,-3.355474555725523089e+01,1.383928833007812500e+03,9.984380602836608887e-01,9.757900000000000462e-01,6.972149014472961426e-01,4.285828769207000732e-01
2.839870873873274704e+01,-3.354019569352656305e+01,1.940805908203125000e+03,7.811040282249450684e-01,9.758000000000001117e-01,7.026317715644836426e-01,4.710787534713745117e-01
2.841367656147258458e+01,-3.351232921780230356e+01,1.798334960937500000e+03,7.707125544548034668e-01,9.758100000000000662e-01,1.045345425605773926e+00,6.889750957489013672e-01
2.840726539615862478e+01,-3.349464075570986665e+01,1.899431030273437500e+03,1.349396228790283203e+00,9.758200000000001317e-01,8.154709339141845703e-01,5.441686511039733887e-01
2.841423084170662605e+01,-3.348039466639965411e+01,1.459445068359375000e+03,1.473826885223388672e+00,9.758300000000000862e-01,6.489969491958618164e-01,4.052368402481079102e-01
2.840536101676572045e+01,-3.345987288331519949e+01,1.209997802734375000e+03,8.964640498161315918e-01,9.758400000000000407e-01,8.368333578109741211e-01,4.925174415111541748e-01
2.842086102896399424e+01,-3.343641615449558202e+01,1.246140258789062500e+03,9.369952082633972168e-01,9.758500000000001062e-01,7.055309414863586426e-01,4.194275736808776855e-01
2.841571268384527826e+01,-3.341584578652219051e+01,1.181945068359375000e+03,8.825892806053161621e-01,9.758600000000000607e-01,7.824355363845825195e-01,4.567354321479797363e-01
2.841838674700916556e+01,-3.340787203188488519e+01,1.362917236328125000e+03,8.445376753807067871e-01,9.758700000000001262e-01,6.942393779754638672e-01,4.247681498527526855e-01
2.841339496114331808e+01,-3.338784647451696230e+01,1.324631347656250000e+03,9.524483084678649902e-01,9.758800000000000807e-01,7.678633332252502441e-01,4.656618833541870117e-01
2.842173084581023446e+01,-3.335741315696010645e+01,1.183810424804687500e+03,8.302230238914489746e-01,9.758900000000000352e-01,6.854655742645263672e-01,4.003539979457855225e-01
2.841795483938343025e+01,-3.334355967070654003e+01,1.756971679687500000e+03,9.022826552391052246e-01,9.759000000000001007e-01,6.880595684051513672e-01,4.510133862495422363e-01
2.842066507680801735e+01,-3.332913086678182424e+01,1.281507446289062500e+03,8.307988047599792480e-01,9.759100000000000552e-01,6.691386103630065918e-01,4.014984071254730225e-01
2.842040231987831334e+01,-3.330851558952190317e+01,1.779181030273437500e+03,8.696336150169372559e-01,9.759200000000001207e-01,8.253892064094543457e-01,5.426427721977233887e-01
2.841740952498235018e+01,-3.328709877577420428e+01,1.611884155273437500e+03,7.077128291130065918e-01,9.759300000000000752e-01,9.340322017669677734e-01,5.992530584335327148e-01
2.841372239839900260e+01,-3.326749965571722356e+01,1.268195434570312500e+03,1.234008789062500000e+00,9.759400000000000297e-01,8.112747669219970703e-01,4.851168990135192871e-01
2.842095409347450641e+01,-3.325402710923561500e+01,1.567942138671875000e+03,1.137469530105590820e+00,9.759500000000000952e-01,9.170185923576354980e-01,5.840705037117004395e-01
2.841961327002240267e+01,-3.323093122492990403e+01,1.413170410156250000e+03,1.164824485778808594e+00,9.759600000000000497e-01,8.012802004814147949e-01,4.956454932689666748e-01
2.841241779413425661e+01,-3.321547630732127487e+01,2.873940673828125000e+03,1.385428428649902344e+00,9.759700000000001152e-01,9.956779479980468750e-01,7.159832715988159180e-01
2.841943589881094212e+01,-3.319494730904840907e+01,1.542860961914062500e+03,1.456236362457275391e+00,9.759800000000000697e-01,8.673510551452636719e-01,5.500432848930358887e-01
2.842042245029177394e+01,-3.318302085057480610e+01,1.438990234375000000e+03,1.566895961761474609e+00,9.759900000000001352e-01,7.830458879470825195e-01,4.869479537010192871e-01
2.842060798241444175e+01,-3.316531927182617778e+01,1.353807495117187500e+03,1.043707847595214844e+00,9.760000000000000897e-01,8.232529759407043457e-01,5.026645660400390625e-01
2.841716970782510643e+01,-3.313759322930460627e+01,1.202552368164062500e+03,1.195940494537353516e+00,9.760100000000000442e-01,7.046917080879211426e-01,4.138580858707427979e-01
2.842639944168914568e+01,-3.312349196425714126e+01,1.665106201171875000e+03,1.006905555725097656e+00,9.760200000000001097e-01,7.040050625801086426e-01,4.554384350776672363e-01
2.841629058278739706e+01,-3.310788604983633121e+01,1.658492797851562500e+03,8.202630877494812012e-01,9.760300000000000642e-01,7.115582227706909180e-01,4.598635137081146240e-01
2.840920778111055611e+01,-3.309107154273797846e+01,1.495681152343750000e+03,9.744305014610290527e-01,9.760400000000001297e-01,7.242230176925659180e-01,4.553621411323547363e-01
2.840287493855503342e+01,-3.307190124714227153e+01,1.722621337890625000e+03,1.032188653945922852e+00,9.760500000000000842e-01,7.448987960815429688e-01,4.859561324119567871e-01
2.841775852718868833e+01,-3.305126311997442201e+01,1.317856689453125000e+03,8.929390311241149902e-01,9.760600000000000387e-01,8.784899711608886719e-01,5.318852663040161133e-01
2.840830952486658845e+01,-3.302673259997650490e+01,1.179905639648437500e+03,9.864241480827331543e-01,9.760700000000001042e-01,9.189259409904479980e-01,5.360814332962036133e-01
2.841115317526706008e+01,-3.301116702805139624e+01,1.346480224609375000e+03,1.055849313735961914e+00,9.760800000000000587e-01,7.839614152908325195e-01,4.778689444065093994e-01
2.840093183232128737e+01,-3.299008441749437281e+01,1.624633056640625000e+03,1.143675565719604492e+00,9.760900000000001242e-01,6.753184199333190918e-01,4.341523647308349609e-01
2.840819789091433378e+01,-3.297592478712439146e+01,1.400917724609375000e+03,8.310741782188415527e-01,9.761000000000000787e-01,7.662611603736877441e-01,4.727572500705718994e-01
2.840097486075704580e+01,-3.295901974761111575e+01,1.451604125976562500e+03,8.909422755241394043e-01,9.761100000000000332e-01,7.662611603736877441e-01,4.777163565158843994e-01
2.841699516845002904e+01,-3.293742651294697055e+01,1.525818237304687500e+03,8.844251036643981934e-01,9.761200000000000987e-01,7.983047366142272949e-01,5.047245025634765625e-01
2.840311821127275138e+01,-3.291556249224607456e+01,1.294919555664062500e+03,1.055759906768798828e+00,9.761300000000000532e-01,8.161575794219970703e-01,4.913730323314666748e-01
2.840377665968938814e+01,-3.289503060810625357e+01,1.405818847656250000e+03,1.062427282333374023e+00,9.761400000000001187e-01,7.452039718627929688e-01,4.602449834346771240e-01
2.840248473713539923e+01,-3.288415978789432614e+01,1.600479125976562500e+03,1.000918865203857422e+00,9.761500000000000732e-01,7.079723477363586426e-01,4.533784985542297363e-01
2.840000368110048257e+01,-3.286876040554111000e+01,1.855228149414062500e+03,8.623523116111755371e-01,9.761600000000000277e-01,8.414872884750366211e-01,5.585882663726806641e-01
2.839239005789884018e+01,-3.284012091395813115e+01,1.268283325195312500e+03,1.073388576507568359e+00,9.761700000000000932e-01,7.562665939331054688e-01,4.522340893745422363e-01
2.840003582833393025e+01,-3.283171385771485262e+01,1.632181152343750000e+03,1.156105518341064453e+00,9.761800000000000477e-01,6.889750957489013672e-01,4.434602558612823486e-01
2.839993265026829050e+01,-3.281007878138711931e+01,1.511518310546875000e+03,8.154303431510925293e-01,9.761900000000001132e-01,6.914927959442138672e-01,4.360597133636474609e-01
2.839885412752096272e+01,-3.278585995538527698e+01,2.420558593750000000e+03,8.096939921379089355e-01,9.762000000000000677e-01,7.932693362236022949e-01,5.550787448883056641e-01
2.839994755955054018e+01,-3.276403134034215725e+01,1.662105712890625000e+03,9.888321757316589355e-01,9.762100000000001332e-01,5.984901189804077148e-01,3.870025277137756348e-01
2.839968359283310662e+01,-3.274863968395246872e+01,1.208118041992187500e+03,9.254867434501647949e-01,9.762200000000000877e-01,7.429914474487304688e-01,4.370515346527099609e-01
2.840974154736576551e+01,-3.273136741293423313e+01,1.186162231445312500e+03,7.092768549919128418e-01,9.762300000000000422e-01,7.851058244705200195e-01,4.588716924190521240e-01
2.839844650522155689e+01,-3.271288668603481398e+01,1.255096923828125000e+03,9.310228228569030762e-01,9.762400000000001077e-01,8.099777698516845703e-01,4.826754927635192871e-01
2.841024763004613263e+01,-3.269288385630714089e+01,1.298273559570312500e+03,9.165174365043640137e-01,9.762500000000000622e-01,7.630568146705627441e-01,4.597872197628021240e-01
2.840369351935740028e+01,-3.267017933381102068e+01,1.260144287109375000e+03,8.935946822166442871e-01,9.762600000000001277e-01,6.676127314567565918e-01,3.983703553676605225e-01
2.840891470315949974e+01,-3.265963299878859516e+01,1.858577392578125000e+03,7.487768530845642090e-01,9.762700000000000822e-01,7.031658291816711426e-01,4.669588804244995117e-01
2.840470999610005620e+01,-3.263823509980421278e+01,1.230884521484375000e+03,8.016783595085144043e-01,9.762800000000000367e-01,7.261303663253784180e-01,4.298798739910125732e-01
2.841375497679895901e+01,-3.261247539350485170e+01,1.442985717773437500e+03,8.735317587852478027e-01,9.762900000000001022e-01,6.822612285614013672e-01,4.246155619621276855e-01
2.840559907827064023e+01,-3.259224559905877072e+01,1.102748535156250000e+03,8.765239119529724121e-01,9.763000000000000567e-01,6.409097313880920410e-01,3.647246062755584717e-01
2.841355624661721890e+01,-3.257927041805159263e+01,1.669289062500000000e+03,7.343775629997253418e-01,9.763100000000001222e-01,7.701521515846252441e-01,4.985446929931640625e-01
2.841066779381536378e+01,-3.255454863290899681e+01,1.777088867187500000e+03,6.931418776512145996e-01,9.763200000000000767e-01,8.445390462875366211e-01,5.550787448883056641e-01
2.842329096756972362e+01,-3.253932390641719508e+01,1.626351928710937500e+03,1.065630435943603516e+00,9.763300000000000312e-01,8.171494007110595703e-01,5.254765748977661133e-01
2.840926618772425982e+01,-3.252095842781145763e+01,1.896870483398437500e+03,1.114650487899780273e+00,9.763400000000000967e-01,8.942828774452209473e-01,5.965827703475952148e-01
2.842550510993991608e+01,-3.250177795526515467e+01,1.071741088867187500e+03,1.172717332839965820e+00,9.763500000000000512e-01,6.885173320770263672e-01,3.875365853309631348e-01
2.842183688074016956e+01,-3.247761639477419493e+01,1.314956909179687500e+03,1.066715240478515625e+00,9.763600000000001167e-01,7.189587354660034180e-01,4.349915981292724609e-01
2.841845193829989569e+01,-3.245978454412350800e+01,1.181340576171875000e+03,7.868272662162780762e-01,9.763700000000000712e-01,8.258469700813293457e-01,4.819888472557067871e-01
2.841764012306983034e+01,-3.244138846521719444e+01,1.889135620117187500e+03,9.291405081748962402e-01,9.763800000000000257e-01,8.642992377281188965e-01,5.760596394538879395e-01
2.842547370612002311e+01,-3.241876585074488304e+01,1.992771362304687500e+03,1.023083448410034180e+00,9.763900000000000912e-01,7.850295305252075195e-01,5.292912721633911133e-01
2.841874344254312490e+01,-3.239547538663515525e+01,1.509106811523437500e+03,1.143968820571899414e+00,9.764000000000000457e-01,7.169750928878784180e-01,4.519289135932922363e-01
2.842545293012141272e+01,-3.238356059256531694e+01,1.713428344726562500e+03,8.833486437797546387e-01,9.764100000000001112e-01,8.173019886016845703e-01,5.324956178665161133e-01
2.842800991917097875e+01,-3.237112644267974559e+01,1.305703979492187500e+03,8.805162310600280762e-01,9.764200000000000657e-01,7.990676760673522949e-01,4.823703169822692871e-01
2.841917112279099911e+01,-3.234769139056034248e+01,1.626876098632812500e+03,9.629601836204528809e-01,9.764300000000001312e-01,8.384355306625366211e-01,5.392095446586608887e-01
2.842010239835358831e+01,-3.232059594599515151e+01,1.373197631835937500e+03,9.418255686759948730e-01,9.764400000000000857e-01,6.987407803535461426e-01,4.285065829753875732e-01
2.841985216883135124e+01,-3.230546439251731528e+01,1.626556274414062500e+03,9.315580725669860840e-01,9.764500000000000401e-01,7.898361086845397949e-01,5.079289078712463379e-01
2.842342049493788281e+01,-3.228776666253413907e+01,1.370047241210937500e+03,8.912188410758972168e-01,9.764600000000001057e-01,8.887134194374084473e-01,5.446264147758483887e-01
2.841800766279565593e+01,-3.227063425310687705e+01,1.408541381835937500e+03,1.006515741348266602e+00,9.764700000000000601e-01,8.926807045936584473e-01,5.516454577445983887e-01
2.842174999641177635e+01,-3.225197352139234397e+01,1.426575439453125000e+03,1.171974658966064453e+00,9.764800000000001257e-01,8.091385364532470703e-01,5.019016265869140625e-01
2.841886557550333592e+01,-3.223282710904846482e+01,1.373023437500000000e+03,1.122185707092285156e+00,9.764900000000000801e-01,9.363973140716552734e-01,5.742285847663879395e-01
2.842743200105216772e+01,-3.221468253484138700e+01,1.486879760742187500e+03,1.131602048873901367e+00,9.765000000000000346e-01,9.418904781341552734e-01,5.912421941757202148e-01
2.840833393081908298e+01,-3.220202800891109973e+01,1.833779296875000000e+03,1.178048372268676758e+00,9.765100000000001002e-01,1.206478953361511230e+00,7.987625002861022949e-01
2.842251696095739888e+01,-3.218049366409569956e+01,2.963454589843750000e+03,1.471844434738159180e+00,9.765200000000000546e-01,1.213345408439636230e+00,8.763537406921386719e-01
2.840704478177454462e+01,-3.216039381871308933e+01,2.049924072265625000e+03,2.047399997711181641e+00,9.765300000000001202e-01,1.216931223869323730e+00,8.253129124641418457e-01
2.841388019228566719e+01,-3.214384533989435511e+01,1.664539672851562500e+03,2.037392377853393555e+00,9.765400000000000746e-01,1.304517030715942383e+00,8.438524007797241211e-01
2.840716669763915547e+01,-3.212402355497195572e+01,1.342832275390625000e+03,2.165685415267944336e+00,9.765500000000000291e-01,1.000713348388671875e+00,6.094765067100524902e-01
2.841713126972257797e+01,-3.210856777430631581e+01,1.330620849609375000e+03,1.996385574340820312e+00,9.765600000000000946e-01,7.794600725173950195e-01,4.733676016330718994e-01
2.839995082480447763e+01,-3.208323298258275713e+01,1.596393676757812500e+03,1.253693819046020508e+00,9.765700000000000491e-01,7.537488937377929688e-01,4.823703169822692871e-01
2.841310444640722466e+01,-3.207200904132078279e+01,1.330076416015625000e+03,1.106986522674560547e+00,9.765800000000001146e-01,7.921249270439147949e-01,4.809970259666442871e-01
2.840809559092744152e+01,-3.205335044504126074e+01,1.304114990234375000e+03,1.088943004608154297e+00,9.765900000000000691e-01,9.296070933341979980e-01,5.609533786773681641e-01
2.840583441459349601e+01,-3.203062515815533118e+01,2.002898925781250000e+03,1.000105857849121094e+00,9.766000000000001346e-01,9.289967417716979980e-01,6.270241737365722656e-01
2.839254968438215698e+01,-3.200923280541248062e+01,1.128331787109375000e+03,1.300320148468017578e+00,9.766100000000000891e-01,7.756453752517700195e-01,4.452150166034698486e-01
2.840281705547574020e+01,-3.199475979002532711e+01,1.345828491210937500e+03,1.194061756134033203e+00,9.766200000000000436e-01,7.222393751144409180e-01,4.401795864105224609e-01
2.839902742596834173e+01,-3.197357036719461121e+01,1.502737060546875000e+03,1.018675088882446289e+00,9.766300000000001091e-01,7.849532365798950195e-01,4.941959083080291748e-01
2.839769442466942806e+01,-3.195229192360515569e+01,1.551053466796875000e+03,1.007647037506103516e+00,9.766400000000000636e-01,7.691603302955627441e-01,4.884738624095916748e-01
2.840566309265955169e+01,-3.194006415939657728e+01,1.472783935546875000e+03,9.539336562156677246e-01,9.766500000000001291e-01,7.181195020675659180e-01,4.495638012886047363e-01
2.839782530424526641e+01,-3.191754117716351402e+01,1.829365234375000000e+03,9.212893843650817871e-01,9.766600000000000836e-01,6.472421288490295410e-01,4.282777011394500732e-01
2.839519936223095797e+01,-3.189789630743061366e+01,1.511084472656250000e+03,8.132023215293884277e-01,9.766700000000000381e-01,8.264573216438293457e-01,5.211277604103088379e-01
2.839656279043492404e+01,-3.187323059818437088e+01,1.927144775390625000e+03,8.964592814445495605e-01,9.766800000000001036e-01,8.253129124641418457e-01,5.524846911430358887e-01
2.840473235865291457e+01,-3.185993489457914762e+01,1.465881591796875000e+03,1.164953231811523438e+00,9.766900000000000581e-01,7.207897901535034180e-01,4.506319165229797363e-01
2.839445863072721465e+01,-3.184202084999887816e+01,1.608661376953125000e+03,1.099974632263183594e+00,9.767000000000001236e-01,6.666972041130065918e-01,4.275147616863250732e-01
2.840477677443970350e+01,-3.181627269569841232e+01,1.625411010742187500e+03,9.240335822105407715e-01,9.767100000000000781e-01,8.353074193000793457e-01,5.370732545852661133e-01
2.840070525724639339e+01,-3.179677627645738980e+01,1.054006225585937500e+03,7.978863120079040527e-01,9.767200000000000326e-01,7.952529788017272949e-01,4.446809589862823486e-01
2.841095571714293300e+01,-3.178607808280788305e+01,1.503171264648437500e+03,1.036585092544555664e+00,9.767300000000000981e-01,7.496290206909179688e-01,4.719942808151245117e-01
2.840287368273411772e+01,-3.176153299282790954e+01,1.846042968750000000e+03,8.283907771110534668e-01,9.767400000000000526e-01,9.852256178855895996e-01,6.532694101333618164e-01
2.841578764866863338e+01,-3.174157983623259582e+01,1.326345703125000000e+03,1.050011634826660156e+00,9.767500000000001181e-01,6.595255136489868164e-01,4.001251161098480225e-01
2.840512183551027903e+01,-3.171760585843171043e+01,1.075668090820312500e+03,1.146302938461303711e+00,9.767600000000000726e-01,7.049968838691711426e-01,3.973785340785980225e-01
2.841983296753097221e+01,-3.170385809832939117e+01,1.235647827148437500e+03,7.359153628349304199e-01,9.767700000000000271e-01,7.599287629127502441e-01,4.504793286323547363e-01
2.840388953918179737e+01,-3.168809599757987172e+01,1.804149658203125000e+03,8.094722628593444824e-01,9.767800000000000926e-01,7.449750900268554688e-01,4.913730323314666748e-01
2.841956826530938329e+01,-3.166809892486421418e+01,2.000758666992187500e+03,8.771426081657409668e-01,9.767900000000000471e-01,6.709696650505065918e-01,4.527681469917297363e-01
2.840905840812571626e+01,-3.164694167780507428e+01,1.141944213867187500e+03,8.942074179649353027e-01,9.768000000000001126e-01,7.114819288253784180e-01,4.101959764957427979e-01
2.842273175370923610e+01,-3.162874288209292573e+01,1.480556396484375000e+03,8.074266314506530762e-01,9.768100000000000671e-01,8.035690188407897949e-01,5.038089752197265625e-01
2.842053067947135148e+01,-3.160949331380593108e+01,1.697958374023437500e+03,8.947378993034362793e-01,9.768200000000001326e-01,9.804953932762145996e-01,6.374002099037170410e-01
2.842169092924893192e+01,-3.159310654690128928e+01,1.644988769531250000e+03,1.118279218673706055e+00,9.768300000000000871e-01,1.056331872940063477e+00,6.812694072723388672e-01
2.841541758713094623e+01,-3.157091597798952165e+01,1.768338745117187500e+03,1.466172456741333008e+00,9.768400000000000416e-01,9.259449839591979980e-01,6.078743338584899902e-01
2.842228297407211102e+01,-3.155165148389949437e+01,1.428330688476562500e+03,1.714423418045043945e+00,9.768500000000001071e-01,8.367570638656616211e-01,5.192204117774963379e-01
2.842686483600445868e+01,-3.153394197151754952e+01,1.534713012695312500e+03,1.361062049865722656e+00,9.768600000000000616e-01,1.011852264404296875e+00,6.407571434974670410e-01
2.841630684948946239e+01,-3.151306797635517398e+01,1.829599365234375000e+03,1.370788335800170898e+00,9.768700000000001271e-01,7.884627580642700195e-01,5.217381119728088379e-01
2.842475988959306221e+01,-3.150138890032050298e+01,1.238458374023437500e+03,1.312226772308349609e+00,9.768800000000000816e-01,7.615309357643127441e-01,4.517763257026672363e-01
2.842406846827687161e+01,-3.148175240152591314e+01,1.722969238281250000e+03,1.061803817749023438e+00,9.768900000000000361e-01,6.163429617881774902e-01,4.021087586879730225e-01
2.842323577706011761e+01,-3.145989848467590733e+01,1.332291381835937500e+03,8.914930224418640137e-01,9.769000000000001016e-01,7.688551545143127441e-01,4.671114683151245117e-01
2.842262566161885928e+01,-3.143956912908571866e+01,1.699419921875000000e+03,7.818669676780700684e-01,9.769100000000000561e-01,8.851276040077209473e-01,5.755255818367004395e-01
2.843291385929110149e+01,-3.142059270911159885e+01,2.152445068359375000e+03,1.000401496887207031e+00,9.769200000000001216e-01,7.823592424392700195e-01,5.357762575149536133e-01
2.841736223484343427e+01,-3.140609662081923048e+01,1.721800048828125000e+03,1.127355813980102539e+00,9.769300000000000761e-01,7.445173263549804688e-01,4.856509566307067871e-01
2.841813034258789372e+01,-3.138325776587632987e+01,1.424531005859375000e+03,1.047063589096069336e+00,9.769400000000000306e-01,7.838851213455200195e-01,4.860324263572692871e-01
2.841252964881336851e+01,-3.136805197745142593e+01,1.249391479492187500e+03,9.426051974296569824e-01,9.769500000000000961e-01,7.209423780441284180e-01,4.289643466472625732e-01
2.842333086931567365e+01,-3.134633418424036222e+01,1.915466430664062500e+03,1.075914621353149414e+00,9.769600000000000506e-01,7.404736876487731934e-01,4.950351417064666748e-01
2.840727000167605354e+01,-3.132795051773521422e+01,1.578353515625000000e+03,8.108348250389099121e-01,9.769700000000001161e-01,9.316670894622802734e-01,5.944465398788452148e-01
2.841465943523306947e+01,-3.131219260314505348e+01,1.454869995117187500e+03,1.102236032485961914e+00,9.769800000000000706e-01,1.074566125869750977e+00,6.703593134880065918e-01
2.841031776987373192e+01,-3.128372005748359186e+01,1.423407958984375000e+03,1.367020130157470703e+00,9.769900000000000251e-01,9.875144362449645996e-01,6.121467947959899902e-01
2.841339174198456519e+01,-3.126803094134702832e+01,1.948791381835937500e+03,1.667069911956787109e+00,9.770000000000000906e-01,7.876235246658325195e-01,5.285283327102661133e-01
2.840227631340869863e+01,-3.125578267490738682e+01,1.521854248046875000e+03,1.348350763320922852e+00,9.770100000000000451e-01,7.011821866035461426e-01,4.430024921894073486e-01
2.841140075758573857e+01,-3.123498276120416861e+01,1.159696533203125000e+03,1.010719060897827148e+00,9.770200000000001106e-01,6.830241680145263672e-01,3.960052430629730225e-01
2.839325383573343942e+01,-3.121311428678590971e+01,1.503157714843750000e+03,8.272928595542907715e-01,9.770300000000000651e-01,9.473837018013000488e-01,5.965064764022827148e-01
2.840072846766431880e+01,-3.119805780265392059e+01,1.491610961914062500e+03,8.677167296409606934e-01,9.770400000000001306e-01,7.953292727470397949e-01,4.996891021728515625e-01
2.839944647313979686e+01,-3.118418073745427321e+01,1.565973266601562500e+03,1.199073314666748047e+00,9.770500000000000851e-01,8.824572563171386719e-01,5.618689060211181641e-01
2.839841045678760878e+01,-3.116042554249154506e+01,1.832521362304687500e+03,9.170824885368347168e-01,9.770600000000000396e-01,9.531057476997375488e-01,6.309151649475097656e-01
2.838461952648761510e+01,-3.114333320594294818e+01,1.948490478515625000e+03,1.465320110321044922e+00,9.770700000000001051e-01,9.260212779045104980e-01,6.213784217834472656e-01
2.839847693087981284e+01,-3.112545902889974769e+01,1.587729003906250000e+03,1.552116394042968750e+00,9.770800000000000596e-01,9.359395503997802734e-01,5.981086492538452148e-01
2.839614479834981609e+01,-3.111387585375256037e+01,1.389812377929687500e+03,1.469037055969238281e+00,9.770900000000001251e-01,7.730513215065002441e-01,4.758090078830718994e-01
2.838859795021186017e+01,-3.110173954682521469e+01,1.509835937500000000e+03,1.355590343475341797e+00,9.771000000000000796e-01,8.273728489875793457e-01,5.215855240821838379e-01
2.838614883736750372e+01,-3.107328793917800169e+01,-2.337425976562500000e+04,1.102026224136352539e+00,9.771100000000000341e-01,1.823813766241073608e-01,1.544576883316040039e-01
2.838703146366572128e+01,-3.106792345271372824e+01,1.231567968750000000e+04,9.868831038475036621e-01,9.771200000000000996e-01,9.967841953039169312e-02,8.014709502458572388e-02
2.837616490035332362e+01,-3.105896234054338123e+01,1.729002319335937500e+03,4.342526495456695557e-01,9.771300000000000541e-01,8.815798908472061157e-02,5.756400153040885925e-02
