# x_coordinates, y_coordinates, TEP, TED, times, high, low
3.191708076935803717e+01,-3.888097784982047500e+01,-5.050104064941406250e+02,1.409083753824234009e-01,1.240760000000000085e+00,1.499181706458330154e-02,2.857219241559505463e-02
3.193738262260432492e+01,-3.887234048835322398e+01,2.739961425781250000e+03,9.331525117158889771e-02,1.240770000000000151e+00,2.190026044845581055e-01,1.563650369644165039e-01
3.194905909735691196e+01,-3.886918928078446100e+01,1.894277221679687500e+03,1.854807287454605103e-01,1.240779999999999994e+00,3.719725608825683594e-01,2.480707168579101562e-01
3.195412730945485436e+01,-3.886426625136304835e+01,3.392013427734375000e+03,3.197461664676666260e-01,1.240790000000000060e+00,1.071514368057250977e+00,7.878524065017700195e-01
3.196873202107840584e+01,-3.884978798860284854e+01,3.001862060546875000e+03,7.351524233818054199e-01,1.240800000000000125e+00,7.631331086158752441e-01,5.521795153617858887e-01
3.197590007939554013e+01,-3.884164784603683529e+01,1.212573486328125000e+03,2.028330087661743164e+00,1.240810000000000191e+00,3.877654671669006348e-01,2.283867895603179932e-01
3.197834507962920014e+01,-3.883593900958923228e+01,2.479589599609375000e+03,1.392616748809814453e+00,1.240820000000000034e+00,3.738036155700683594e-01,2.626429200172424316e-01
3.199328168402332651e+01,-3.881995003490395391e+01,2.545497314453125000e+03,6.307453513145446777e-01,1.240830000000000100e+00,5.573675632476806641e-01,3.933349251747131348e-01
3.198842469015371748e+01,-3.880470104452150792e+01,2.309085937500000000e+03,7.912499308586120605e-01,1.240840000000000165e+00,6.089424490928649902e-01,4.225556254386901855e-01
3.199280230480004406e+01,-3.879353068860648790e+01,1.143258178710937500e+03,1.086591005325317383e+00,1.240850000000000009e+00,5.040378570556640625e-01,2.907191812992095947e-01
3.199927746158616415e+01,-3.877835567859255406e+01,1.735317504882812500e+03,1.004586935043334961e+00,1.240860000000000074e+00,5.124302506446838379e-01,3.348935544490814209e-01
3.200119295922967666e+01,-3.875548845791684016e+01,1.182363403320312500e+03,7.193297743797302246e-01,1.240870000000000140e+00,4.212586283683776855e-01,2.459344714879989624e-01
3.199774607204829735e+01,-3.874229280937120024e+01,1.804261962890625000e+03,7.450205683708190918e-01,1.240880000000000205e+00,2.678309082984924316e-01,1.766593009233474731e-01
3.199993040022322788e+01,-3.872168255949042504e+01,1.785841430664062500e+03,4.549402296543121338e-01,1.240890000000000049e+00,3.895202279090881348e-01,2.563104927539825439e-01
3.199963934413172595e+01,-3.870620895356345414e+01,2.212719482421875000e+03,4.169804155826568604e-01,1.240900000000000114e+00,3.355039060115814209e-01,2.309807986021041870e-01
3.200109532275931912e+01,-3.868721708072201437e+01,1.697609375000000000e+03,6.352121233940124512e-01,1.240910000000000180e+00,3.664793670177459717e-01,2.382287532091140747e-01
3.198808803007778323e+01,-3.866388839721447823e+01,1.993653320312500000e+03,4.805189669132232666e-01,1.240920000000000023e+00,3.551115095615386963e-01,2.394494563341140747e-01
3.199769157822796473e+01,-3.864768039993992943e+01,1.884463623046875000e+03,4.334825575351715088e-01,1.240930000000000089e+00,3.612913489341735840e-01,2.406701743602752686e-01
3.199375534271933219e+01,-3.863276669984085743e+01,1.959142578125000000e+03,5.083710551261901855e-01,1.240940000000000154e+00,2.598963081836700439e-01,1.745993643999099731e-01
3.199015244580904138e+01,-3.861151980205749368e+01,9.007221679687500000e+02,5.060989260673522949e-01,1.240949999999999998e+00,2.993404269218444824e-01,1.564413309097290039e-01
3.198892385027070873e+01,-3.858095753387240023e+01,1.315810546875000000e+03,3.150600492954254150e-01,1.240960000000000063e+00,3.433622121810913086e-01,2.077873498201370239e-01
3.199645714921956241e+01,-3.855802000350886516e+01,1.140477294921875000e+03,3.541416227817535400e-01,1.240970000000000129e+00,3.503812849521636963e-01,2.019127011299133301e-01
3.198907131497129086e+01,-3.854549522475354451e+01,1.548342041015625000e+03,4.328900873661041260e-01,1.240980000000000194e+00,4.668825864791870117e-01,2.963649630546569824e-01
3.199111409967652975e+01,-3.852276456364845103e+01,1.474965576171875000e+03,4.490894377231597900e-01,1.240990000000000038e+00,5.275365114212036133e-01,3.303921818733215332e-01
3.199777505786328646e+01,-3.849728319187044434e+01,2.373606445312500000e+03,6.871551871299743652e-01,1.241000000000000103e+00,4.613130986690521240e-01,3.216946423053741455e-01
3.199418560240756193e+01,-3.847641309895557526e+01,1.779766723632812500e+03,7.148475050926208496e-01,1.241010000000000169e+00,5.029697418212890625e-01,3.306973576545715332e-01
3.199710932427189292e+01,-3.846489312288930051e+01,1.525247680664062500e+03,8.560985922813415527e-01,1.241020000000000012e+00,5.239506959915161133e-01,3.312314152717590332e-01
3.200215228569008730e+01,-3.843726854461795739e+01,2.385336669921875000e+03,7.768625617027282715e-01,1.241030000000000078e+00,4.784030020236968994e-01,3.339017331600189209e-01
3.199687513872519418e+01,-3.842028045351074184e+01,1.663255004882812500e+03,7.951516509056091309e-01,1.241040000000000143e+00,6.414437890052795410e-01,4.148499071598052979e-01
3.198707193476242949e+01,-3.840763055934189651e+01,2.367399169921875000e+03,9.926528334617614746e-01,1.241050000000000209e+00,9.085499048233032227e-01,6.332803368568420410e-01
3.199404299185001221e+01,-3.839352199736795512e+01,2.412906005859375000e+03,1.248976707458496094e+00,1.241060000000000052e+00,4.648989439010620117e-01,3.251278996467590332e-01
3.200039112550962983e+01,-3.836704040745555488e+01,1.063697875976562500e+03,1.361845254898071289e+00,1.241070000000000118e+00,4.042450189590454102e-01,2.268609106540679932e-01
3.200230697075843977e+01,-3.834686557438259058e+01,1.425483520507812500e+03,7.735068202018737793e-01,1.241080000000000183e+00,4.770297110080718994e-01,2.958309054374694824e-01
3.199842108491047910e+01,-3.833030793815071036e+01,2.432515869140625000e+03,5.582255721092224121e-01,1.241090000000000027e+00,4.498689770698547363e-01,3.150570392608642578e-01
3.200434333142777632e+01,-3.830856473607873625e+01,3.042601806640625000e+03,8.224458098411560059e-01,1.241100000000000092e+00,5.472204089164733887e-01,3.966918885707855225e-01
3.200161933075126797e+01,-3.828423019566897523e+01,3.254469482421875000e+03,6.853348612785339355e-01,1.241110000000000158e+00,6.974437832832336426e-01,5.101414322853088379e-01
3.199833377441268922e+01,-3.826307994581814853e+01,2.095274169921875000e+03,1.349364042282104492e+00,1.241120000000000001e+00,4.489534199237823486e-01,3.058254420757293701e-01
3.200307458213620748e+01,-3.824781956089923796e+01,2.821894531250000000e+03,1.032086133956909180e+00,1.241130000000000067e+00,6.972911953926086426e-01,5.000705718994140625e-01
3.200727136550992924e+01,-3.823185271987637179e+01,2.017629516601562500e+03,8.799332976341247559e-01,1.241140000000000132e+00,4.902286231517791748e-01,3.313840031623840332e-01
3.199238081811982326e+01,-3.821253545151785858e+01,1.240023315429687500e+03,1.173225164413452148e+00,1.241150000000000198e+00,3.967681825160980225e-01,2.354821562767028809e-01
3.199578956514521622e+01,-3.819272386043533629e+01,1.314227294921875000e+03,6.840998530387878418e-01,1.241160000000000041e+00,3.099453449249267578e-01,1.874930858612060547e-01
3.200336245733232943e+01,-3.817024679577504997e+01,1.526591552734375000e+03,5.528337359428405762e-01,1.241170000000000107e+00,3.699888885021209717e-01,2.339562773704528809e-01
3.199922519609233262e+01,-3.815332127182686861e+01,1.480052734375000000e+03,3.848821222782135010e-01,1.241180000000000172e+00,4.333131015300750732e-01,2.716456353664398193e-01
3.199228632813793993e+01,-3.813005099458723635e+01,1.372428222656250000e+03,5.632812380790710449e-01,1.241190000000000015e+00,4.873294234275817871e-01,2.988063693046569824e-01
3.200229598910225803e+01,-3.810980079350731131e+01,1.892371704101562500e+03,6.065780520439147949e-01,1.241200000000000081e+00,6.998851895332336426e-01,4.666537046432495117e-01
3.199754881633112902e+01,-3.808989765685991102e+01,1.384180664062500000e+03,9.560818076133728027e-01,1.241210000000000147e+00,4.968662261962890625e-01,3.054439723491668701e-01
3.199205626885850862e+01,-3.807045065355099922e+01,2.056199951171875000e+03,1.238514900207519531e+00,1.241220000000000212e+00,4.714602231979370117e-01,3.199398815631866455e-01
3.199774014462621707e+01,-3.804815797221682061e+01,3.467483154296875000e+03,7.269186377525329590e-01,1.241230000000000055e+00,5.691168308258056641e-01,4.195801615715026855e-01
3.200550958106086341e+01,-3.802337554959067489e+01,2.590458007812500000e+03,8.436746001243591309e-01,1.241240000000000121e+00,5.609533786773681641e-01,3.969970643520355225e-01
3.199562418957193088e+01,-3.800378978236840055e+01,1.970430297851562500e+03,1.027626514434814453e+00,1.241250000000000187e+00,5.525609850883483887e-01,3.716673851013183594e-01
3.199849848866078617e+01,-3.797740449361242554e+01,1.542712158203125000e+03,1.062809944152832031e+00,1.241260000000000030e+00,5.697271823883056641e-01,3.612913489341735840e-01
3.200118751917561610e+01,-3.796191554027694082e+01,1.582972167968750000e+03,9.781295657157897949e-01,1.241270000000000095e+00,5.863593816757202148e-01,3.744139671325683594e-01
3.199446716970945914e+01,-3.794320225535359015e+01,1.248238525390625000e+03,1.087563753128051758e+00,1.241280000000000161e+00,5.332585573196411133e-01,3.171932995319366455e-01
3.199665175076237489e+01,-3.792557365498353050e+01,1.140365478515625000e+03,1.030959606170654297e+00,1.241290000000000004e+00,4.175201952457427979e-01,2.405938804149627686e-01
3.199841347639317846e+01,-3.790382136437174410e+01,1.633821044921875000e+03,8.746582865715026855e-01,1.241300000000000070e+00,4.112640917301177979e-01,2.647791504859924316e-01
3.200218538198175366e+01,-3.787878766210555170e+01,1.894423095703125000e+03,5.972844958305358887e-01,1.241310000000000136e+00,4.567354321479797363e-01,3.046047389507293701e-01
3.198868896237504700e+01,-3.785621205803315803e+01,1.657688232421875000e+03,6.896967291831970215e-01,1.241320000000000201e+00,4.168335497379302979e-01,2.693567872047424316e-01
3.200020447856817896e+01,-3.784002295200443200e+01,2.422588378906250000e+03,6.307083964347839355e-01,1.241330000000000044e+00,5.378361940383911133e-01,3.763976097106933594e-01
3.199485332064505627e+01,-3.781432067982176193e+01,4.638707519531250000e+03,7.582027316093444824e-01,1.241340000000000110e+00,5.275365114212036133e-01,4.009643495082855225e-01
3.199382714007601081e+01,-3.779517087435959866e+01,1.076360107421875000e+03,8.628231883049011230e-01,1.241350000000000176e+00,4.379670619964599609e-01,2.469262927770614624e-01
3.198423268228782490e+01,-3.777963651704033765e+01,1.109241210937500000e+03,7.854945063591003418e-01,1.241360000000000019e+00,3.451932668685913086e-01,1.968772709369659424e-01
3.199647292152925004e+01,-3.776098917123007226e+01,1.256321166992187500e+03,5.085379481315612793e-01,1.241370000000000084e+00,4.427736103534698486e-01,2.639399170875549316e-01
3.199397128937789248e+01,-3.774283001550926997e+01,1.269560302734375000e+03,4.817802011966705322e-01,1.241380000000000150e+00,3.774657249450683594e-01,2.257927954196929932e-01
3.199028455535783166e+01,-3.772020858557416290e+01,6.239016113281250000e+03,5.488950610160827637e-01,1.241389999999999993e+00,4.574984014034271240e-01,3.558744788169860840e-01
3.199665177071977240e+01,-3.770083810283497883e+01,2.333532226562500000e+03,5.524689555168151855e-01,1.241400000000000059e+00,4.508607983589172363e-01,3.134548664093017578e-01
3.199478007925487688e+01,-3.768272168036428837e+01,2.141895996093750000e+03,7.618874907493591309e-01,1.241410000000000124e+00,4.468934834003448486e-01,3.057491481304168701e-01
3.198367004805194469e+01,-3.765991714534698787e+01,2.215788574218750000e+03,6.344968676567077637e-01,1.241420000000000190e+00,3.744139671325683594e-01,2.578363716602325439e-01
3.199466178021309304e+01,-3.763502212333239072e+01,1.459003906250000000e+03,6.085914969444274902e-01,1.241430000000000033e+00,5.508062243461608887e-01,3.438962697982788086e-01
3.199540839859940533e+01,-3.762076141637245996e+01,1.299084472656250000e+03,5.491155982017517090e-01,1.241440000000000099e+00,4.894656836986541748e-01,2.949916720390319824e-01
3.199065470136238787e+01,-3.760801808432376703e+01,9.933718872070312500e+02,8.496600985527038574e-01,1.241450000000000164e+00,4.654330015182495117e-01,2.540216743946075439e-01
3.199356875975279735e+01,-3.757960632606442886e+01,1.505209472656250000e+03,7.386214137077331543e-01,1.241460000000000008e+00,3.805175125598907471e-01,2.396783381700515747e-01
3.199850353957792137e+01,-3.755597642533641789e+01,1.214356933593750000e+03,5.787677168846130371e-01,1.241470000000000073e+00,3.928771615028381348e-01,2.315148562192916870e-01
3.199225566512278363e+01,-3.754288815709691818e+01,1.409011108398437500e+03,5.463487505912780762e-01,1.241480000000000139e+00,3.343594968318939209e-01,2.066429406404495239e-01
3.199531866440216277e+01,-3.752470404719537100e+01,1.883293701171875000e+03,4.717272818088531494e-01,1.241490000000000204e+00,6.360269188880920410e-01,4.236237406730651855e-01
3.199801489731505910e+01,-3.750143158288044987e+01,2.001707031250000000e+03,5.661410689353942871e-01,1.241500000000000048e+00,3.986755311489105225e-01,2.690516114234924316e-01
3.199082218236741681e+01,-3.747604479608303052e+01,1.740917358398437500e+03,8.729273676872253418e-01,1.241510000000000113e+00,4.161469042301177979e-01,2.721796929836273193e-01
3.199574092150144722e+01,-3.745649518987391247e+01,1.709018432617187500e+03,5.722612738609313965e-01,1.241520000000000179e+00,4.146210253238677979e-01,2.699671685695648193e-01
3.199661376324750606e+01,-3.744010549224086049e+01,1.341468139648437500e+03,6.716555953025817871e-01,1.241530000000000022e+00,3.569425940513610840e-01,2.173241376876831055e-01
3.200103428842945164e+01,-3.742033231762860623e+01,1.466190673828125000e+03,5.302423834800720215e-01,1.241540000000000088e+00,5.195255875587463379e-01,3.248227238655090332e-01
3.198620048054415932e+01,-3.739030162702423610e+01,2.526377441406250000e+03,5.659288763999938965e-01,1.241550000000000153e+00,5.275365114212036133e-01,3.718199729919433594e-01
3.199736843311258028e+01,-3.737945925424979521e+01,4.110626464843750000e+03,7.721359133720397949e-01,1.241559999999999997e+00,4.887027442455291748e-01,3.671660125255584717e-01
3.199711083542318946e+01,-3.735204374420483475e+01,2.596187011718750000e+03,9.049648642539978027e-01,1.241570000000000062e+00,3.728117942810058594e-01,2.639399170875549316e-01
3.200327156190345335e+01,-3.732639346377462175e+01,1.376543334960937500e+03,7.239491343498229980e-01,1.241580000000000128e+00,4.819125533103942871e-01,2.957546114921569824e-01
3.199640347070951663e+01,-3.730613559558753423e+01,2.040002807617187500e+03,5.967933535575866699e-01,1.241590000000000193e+00,4.464357197284698486e-01,3.024685084819793701e-01
3.200399102622836978e+01,-3.728752126987293281e+01,1.678562377929687500e+03,7.085806727409362793e-01,1.241600000000000037e+00,4.903812110424041748e-01,3.178799450397491455e-01
3.199615834423250149e+01,-3.727268307317497431e+01,2.705581298828125000e+03,6.357151865959167480e-01,1.241610000000000102e+00,5.179234147071838379e-01,3.690733611583709717e-01
3.199256747035619952e+01,-3.724643731751460507e+01,1.198315185546875000e+03,8.432347178459167480e-01,1.241620000000000168e+00,4.748171865940093994e-01,2.785121202468872070e-01
3.199367920285117961e+01,-3.722606759719068492e+01,1.776908325195312500e+03,8.242291808128356934e-01,1.241630000000000011e+00,3.116238117218017578e-01,2.048118710517883301e-01
3.199449689747096315e+01,-3.720520224229922235e+01,1.495236328125000000e+03,6.993562579154968262e-01,1.241640000000000077e+00,2.328118681907653809e-01,1.463704854249954224e-01
3.198921782654246115e+01,-3.718718446662740007e+01,1.477324218750000000e+03,3.487390577793121338e-01,1.241650000000000142e+00,3.720488548278808594e-01,2.331170439720153809e-01
3.199729649147462140e+01,-3.716585136886038754e+01,1.732679931640625000e+03,3.262001574039459229e-01,1.241660000000000208e+00,3.947845399379730225e-01,2.579126656055450439e-01
3.199992880182002253e+01,-3.713935151024254111e+01,2.042769165039062500e+03,5.052942633628845215e-01,1.241670000000000051e+00,4.964084625244140625e-01,3.364194333553314209e-01
3.199543671681463408e+01,-3.712493154220572222e+01,1.358678588867187500e+03,6.399196982383728027e-01,1.241680000000000117e+00,4.959506690502166748e-01,3.031551539897918701e-01
3.199141202669784434e+01,-3.710493881701822261e+01,1.416471435546875000e+03,7.491297125816345215e-01,1.241690000000000182e+00,4.755801260471343994e-01,2.943813204765319824e-01
3.199482395651462241e+01,-3.708455030304892830e+01,1.488465942382812500e+03,7.701427340507507324e-01,1.241700000000000026e+00,3.723540306091308594e-01,2.338036894798278809e-01
3.199860343439130972e+01,-3.706462207557950705e+01,2.059612060546875000e+03,5.968076586723327637e-01,1.241710000000000091e+00,3.351987302303314209e-01,2.275475561618804932e-01
3.199066164768758114e+01,-3.704669237699548034e+01,1.456110961914062500e+03,4.562527239322662354e-01,1.241720000000000157e+00,4.127136766910552979e-01,2.575311958789825439e-01
3.199729798482815468e+01,-3.702728552301131515e+01,1.414562255859375000e+03,5.643529295921325684e-01,1.241730000000000000e+00,2.661524415016174316e-01,1.646811068058013916e-01
3.199663694987678042e+01,-3.700024230880617893e+01,1.171053344726562500e+03,5.020326972007751465e-01,1.241740000000000066e+00,2.701960504055023193e-01,1.572042703628540039e-01
3.199191318912069804e+01,-3.697566660565053809e+01,2.464207519531250000e+03,2.808410227298736572e-01,1.241750000000000131e+00,4.437654316425323486e-01,3.114712238311767578e-01
3.199284499898354639e+01,-3.695784765826915930e+01,1.771746948242187500e+03,3.816241323947906494e-01,1.241760000000000197e+00,3.643431365489959717e-01,2.392968684434890747e-01
3.200188838170538475e+01,-3.694025530137609792e+01,1.188486938476562500e+03,5.563039183616638184e-01,1.241770000000000040e+00,3.732695579528808594e-01,2.183159589767456055e-01
3.198929209498342985e+01,-3.692211401657606729e+01,1.549141601562500000e+03,4.517764151096343994e-01,1.241780000000000106e+00,2.818690538406372070e-01,1.789481341838836670e-01
3.199141204903847679e+01,-3.689947580928387083e+01,1.715556518554687500e+03,4.009539186954498291e-01,1.241790000000000171e+00,3.259671330451965332e-01,2.124412953853607178e-01
3.199019407784315305e+01,-3.688215951355940092e+01,1.612550415039062500e+03,3.389305174350738525e-01,1.241800000000000015e+00,3.125393390655517578e-01,2.005393952131271362e-01
3.199318178281843572e+01,-3.686622642841884101e+01,1.395445800781250000e+03,4.502922594547271729e-01,1.241810000000000080e+00,3.381741940975189209e-01,2.083977013826370239e-01
3.198354940590197870e+01,-3.683362235922364647e+01,1.836170288085937500e+03,3.938693106174468994e-01,1.241820000000000146e+00,4.585665166378021240e-01,3.036892116069793701e-01
3.199365484531555026e+01,-3.681292627431075459e+01,2.054704345703125000e+03,4.959363043308258057e-01,1.241830000000000211e+00,4.046264886856079102e-01,2.745448052883148193e-01
3.198879904606699043e+01,-3.680359360058189111e+01,1.481421020507812500e+03,6.710738539695739746e-01,1.241840000000000055e+00,3.297818303108215332e-01,2.067955285310745239e-01
3.199412357055528844e+01,-3.677396665479268734e+01,1.571408935546875000e+03,6.039125323295593262e-01,1.241850000000000120e+00,3.338254392147064209e-01,2.127464711666107178e-01
3.198657310876228621e+01,-3.674719920830001030e+01,1.347897827148437500e+03,3.944641649723052979e-01,1.241860000000000186e+00,3.769316673278808594e-01,2.298363894224166870e-01
3.200022344013920161e+01,-3.673821045444923072e+01,1.708234985351562500e+03,4.800945818424224854e-01,1.241870000000000029e+00,3.231442272663116455e-01,2.103813588619232178e-01
3.198754811587603442e+01,-3.672216771253901157e+01,1.351389282226562500e+03,4.230219423770904541e-01,1.241880000000000095e+00,4.676455259323120117e-01,2.853786051273345947e-01
3.198910607343413304e+01,-3.669589203152000323e+01,1.551327514648437500e+03,4.549974501132965088e-01,1.241890000000000160e+00,3.194821178913116455e-01,2.029045224189758301e-01
3.199422737702689901e+01,-3.667174535550772418e+01,1.518909179687500000e+03,5.733854174613952637e-01,1.241900000000000004e+00,3.123867511749267578e-01,1.972587406635284424e-01
3.199532698244696860e+01,-3.665492493716143230e+01,1.129148071289062500e+03,3.708380758762359619e-01,1.241910000000000069e+00,4.550569653511047363e-01,2.612695991992950439e-01
3.198645712151446219e+01,-3.663799128438300556e+01,1.382230590820312500e+03,4.186910688877105713e-01,1.241920000000000135e+00,4.436891376972198486e-01,2.726374566555023193e-01
3.198779406942892223e+01,-3.661034707329133653e+01,2.138019775390625000e+03,5.951959490776062012e-01,1.241930000000000200e+00,3.912749886512756348e-01,2.676020264625549316e-01
3.199612690175069574e+01,-3.659373105138038795e+01,1.667167602539062500e+03,5.635995268821716309e-01,1.241940000000000044e+00,4.665774106979370117e-01,3.019344508647918701e-01
3.198515865217517984e+01,-3.657428899389693555e+01,1.581185791015625000e+03,5.824322104454040527e-01,1.241950000000000109e+00,3.632749915122985840e-01,2.318963259458541870e-01
3.199771135498951935e+01,-3.655904906157206824e+01,2.038933227539062500e+03,6.974167227745056152e-01,1.241960000000000175e+00,3.739562034606933594e-01,2.533349990844726562e-01
3.199614126917592927e+01,-3.652702283369336556e+01,2.390173095703125000e+03,4.938572943210601807e-01,1.241970000000000018e+00,4.214112162590026855e-01,2.942287325859069824e-01
3.199146728610337931e+01,-3.650676887450925534e+01,3.865283203125000000e+03,5.480248332023620605e-01,1.241980000000000084e+00,3.373349606990814209e-01,2.518091201782226562e-01
3.199026111013296969e+01,-3.649188783834693339e+01,1.641869384765625000e+03,6.486768126487731934e-01,1.241990000000000149e+00,2.878963053226470947e-01,1.855857372283935547e-01
3.199978532788571073e+01,-3.647074481000270652e+01,8.852664794921875000e+02,4.230922758579254150e-01,1.241999999999999993e+00,3.120815753936767578e-01,1.617819219827651978e-01
3.198917135748490637e+01,-3.644502791297292532e+01,1.006440429687500000e+03,4.161399900913238525e-01,1.242010000000000058e+00,3.085720241069793701e-01,1.693350523710250854e-01
3.199850877404911742e+01,-3.642503050731332337e+01,1.620977905273437500e+03,3.422349989414215088e-01,1.242020000000000124e+00,4.027191400527954102e-01,2.587518990039825439e-01
3.199372783840097867e+01,-3.641472586641951636e+01,1.598143066406250000e+03,4.487508833408355713e-01,1.242030000000000189e+00,3.466428518295288086e-01,2.219017893075942993e-01
3.199997418726554699e+01,-3.638693319146796057e+01,1.218884399414062500e+03,5.208474993705749512e-01,1.242040000000000033e+00,3.751769065856933594e-01,2.213677316904067993e-01
3.198709063524374585e+01,-3.636636846012322621e+01,1.486176391601562500e+03,4.652959406375885010e-01,1.242050000000000098e+00,3.456510305404663086e-01,2.169426679611206055e-01
3.199915059046068677e+01,-3.634565822681571490e+01,1.402687500000000000e+03,5.272681117057800293e-01,1.242060000000000164e+00,3.380216062068939209e-01,2.086265832185745239e-01
3.199461677168749318e+01,-3.632739008984690798e+01,1.205697265625000000e+03,4.239100515842437744e-01,1.242070000000000007e+00,3.320706784725189209e-01,1.951988041400909424e-01
3.199636098990958288e+01,-3.630819415773216008e+01,1.327065551757812500e+03,3.958922922611236572e-01,1.242080000000000073e+00,3.438199758529663086e-01,2.086265832185745239e-01
3.199297997083698775e+01,-3.628098236726832937e+01,1.052495971679687500e+03,4.128045141696929932e-01,1.242090000000000138e+00,3.730406761169433594e-01,2.084739953279495239e-01
3.199342904472518612e+01,-3.625796707989649548e+01,2.007001831054687500e+03,4.069608747959136963e-01,1.242100000000000204e+00,3.190243542194366455e-01,2.154167741537094116e-01
3.199070883733084969e+01,-3.624509896908566020e+01,1.175949707031250000e+03,3.842884600162506104e-01,1.242110000000000047e+00,4.053131341934204102e-01,2.361688017845153809e-01
3.199282132445289406e+01,-3.621906250099477376e+01,1.320181762695312500e+03,5.333835482597351074e-01,1.242120000000000113e+00,2.634058594703674316e-01,1.595693975687026978e-01
3.200152102349274941e+01,-3.619291273177972101e+01,2.145928955078125000e+03,4.395097792148590088e-01,1.242130000000000178e+00,3.889861702919006348e-01,2.662287354469299316e-01
3.200071969616654144e+01,-3.617295190998497390e+01,1.652346191406250000e+03,3.364903032779693604e-01,1.242140000000000022e+00,3.845610916614532471e-01,2.482995986938476562e-01
3.199618803336058903e+01,-3.616117418440116893e+01,1.312252929687500000e+03,7.077617049217224121e-01,1.242150000000000087e+00,3.458036184310913086e-01,2.090843617916107178e-01
3.199451242649330496e+01,-3.613532830242055383e+01,1.308429077148437500e+03,5.915159583091735840e-01,1.242160000000000153e+00,3.524412214756011963e-01,2.128990739583969116e-01
3.199731426746789253e+01,-3.610833340940324376e+01,1.228087768554687500e+03,3.886729776859283447e-01,1.242169999999999996e+00,3.831115067005157471e-01,2.266320288181304932e-01
3.198662149431961765e+01,-3.608875647694221556e+01,1.733477905273437500e+03,5.207485556602478027e-01,1.242180000000000062e+00,3.376401364803314209e-01,2.206047773361206055e-01
3.198744694419631784e+01,-3.607630692341746226e+01,1.740959350585937500e+03,5.336362719535827637e-01,1.242190000000000127e+00,3.940978646278381348e-01,2.577600777149200439e-01
3.199085422935167600e+01,-3.605112160238522989e+01,2.071018310546875000e+03,4.810196459293365479e-01,1.242200000000000193e+00,2.466974109411239624e-01,1.676565855741500854e-01
3.199265377024548940e+01,-3.603479789852899984e+01,1.444634765625000000e+03,5.313248038291931152e-01,1.242210000000000036e+00,3.278744816780090332e-01,2.041252255439758301e-01
3.198196585043197615e+01,-3.600854423229525025e+01,1.579099365234375000e+03,3.270834982395172119e-01,1.242220000000000102e+00,3.541959822177886963e-01,2.260216772556304932e-01
3.199083293984081067e+01,-3.599078110215906179e+01,1.110390258789062500e+03,4.532331526279449463e-01,1.242230000000000167e+00,2.830134630203247070e-01,1.614767462015151978e-01
3.198656971736360077e+01,-3.597171601394626350e+01,1.241957519531250000e+03,4.250616133213043213e-01,1.242240000000000011e+00,3.230679333209991455e-01,1.918418556451797485e-01
3.198777574770900500e+01,-3.594971456796801590e+01,1.432883300781250000e+03,2.955335676670074463e-01,1.242250000000000076e+00,3.161251544952392578e-01,1.963432133197784424e-01
3.197888561511866712e+01,-3.592873535830820231e+01,1.231115112304687500e+03,3.657120764255523682e-01,1.242260000000000142e+00,3.897491097450256348e-01,2.307519167661666870e-01
3.199130721867642890e+01,-3.590888498139088369e+01,1.962150268554687500e+03,4.293960630893707275e-01,1.242270000000000207e+00,2.919398844242095947e-01,1.961906254291534424e-01
3.197798388497465893e+01,-3.589685419354507445e+01,2.404584716796875000e+03,4.543847143650054932e-01,1.242280000000000051e+00,4.536073803901672363e-01,3.170407116413116455e-01
3.198407606184182939e+01,-3.586303527661310397e+01,1.983687377929687500e+03,4.184288084506988525e-01,1.242290000000000116e+00,2.886592447757720947e-01,1.944358646869659424e-01
3.198117443709915975e+01,-3.585133592182879170e+01,1.242280883789062500e+03,6.503433585166931152e-01,1.242300000000000182e+00,3.009426295757293701e-01,1.787192523479461670e-01
3.198130409591680845e+01,-3.583126519648255481e+01,1.186345214843750000e+03,3.708511888980865479e-01,1.242310000000000025e+00,3.288663029670715332e-01,1.922233253717422485e-01
3.197528724249676202e+01,-3.581086104985980967e+01,8.109472656250000000e+02,4.161757528781890869e-01,1.242320000000000091e+00,3.026973903179168701e-01,1.502614915370941162e-01
3.198363779079986813e+01,-3.578747645504611086e+01,1.035618408203125000e+03,3.480643332004547119e-01,1.242330000000000156e+00,4.022613465785980225e-01,2.233513742685317993e-01
3.198063754560159211e+01,-3.577744440304266504e+01,1.414176757812500000e+03,3.816002905368804932e-01,1.242340000000000000e+00,4.668062925338745117e-01,2.888118326663970947e-01
3.197877996908097487e+01,-3.575800051942896829e+01,3.321049804687500000e+03,5.800217986106872559e-01,1.242350000000000065e+00,4.091278314590454102e-01,3.000270724296569824e-01
3.198183484840764024e+01,-3.573487255130230977e+01,1.668941528320312500e+03,7.065255045890808105e-01,1.242360000000000131e+00,4.300324618816375732e-01,2.783595323562622070e-01
3.198948793696394688e+01,-3.571354804900040136e+01,2.349300048828125000e+03,5.809826254844665527e-01,1.242370000000000196e+00,4.362885951995849609e-01,3.036892116069793701e-01
3.198410541238568783e+01,-3.569407428956572659e+01,1.495130004882812500e+03,6.189805865287780762e-01,1.242380000000000040e+00,4.865664839744567871e-01,3.059017360210418701e-01
3.198031060048910135e+01,-3.567961291386129119e+01,1.850683593750000000e+03,6.566328406333923340e-01,1.242390000000000105e+00,3.747191429138183594e-01,2.486047744750976562e-01
3.199013845391129252e+01,-3.565275604812019594e+01,1.517640258789062500e+03,6.647319197654724121e-01,1.242400000000000171e+00,3.075039088726043701e-01,1.941306889057159424e-01
3.198405647022637055e+01,-3.563405125702918497e+01,1.783650634765625000e+03,4.298836290836334229e-01,1.242410000000000014e+00,3.380216062068939209e-01,2.223595529794692993e-01
3.198632145577196795e+01,-3.560786872043614437e+01,1.034784667968750000e+03,4.118103086948394775e-01,1.242420000000000080e+00,4.264466464519500732e-01,2.367028743028640747e-01
3.198672581567100082e+01,-3.559128254413571568e+01,2.737809326171875000e+03,4.685920774936676025e-01,1.242430000000000145e+00,3.970733582973480225e-01,2.834712266921997070e-01
3.199670357349325300e+01,-3.556492557001985944e+01,1.773426879882812500e+03,6.293208003044128418e-01,1.242440000000000211e+00,3.175747692584991455e-01,2.086265832185745239e-01
3.197886291036927275e+01,-3.554887794333492934e+01,3.698156494140625000e+03,5.576652884483337402e-01,1.242450000000000054e+00,3.334439694881439209e-01,2.476892322301864624e-01
3.199379426731259102e+01,-3.552823116269019721e+01,1.296958251953125000e+03,4.968554079532623291e-01,1.242460000000000120e+00,3.422940969467163086e-01,2.061851769685745239e-01
3.199239225914532980e+01,-3.550354343230394960e+01,1.655438720703125000e+03,4.474860727787017822e-01,1.242470000000000185e+00,4.185120463371276855e-01,2.703486382961273193e-01
3.199692925347859429e+01,-3.549063814537009875e+01,1.061377563476562500e+03,4.615921080112457275e-01,1.242480000000000029e+00,3.270352482795715332e-01,1.833731979131698608e-01
3.198857850095831523e+01,-3.546574301788453454e+01,1.188602294921875000e+03,5.296034216880798340e-01,1.242490000000000094e+00,3.969970643520355225e-01,2.322015017271041870e-01
3.200182485400092958e+01,-3.545580296971190393e+01,1.561299316406250000e+03,4.143017828464508057e-01,1.242500000000000160e+00,3.393186032772064209e-01,2.158745378255844116e-01
3.198989590184412890e+01,-3.543613278311899251e+01,2.420362304687500000e+03,6.288594603538513184e-01,1.242510000000000003e+00,6.258034706115722656e-01,4.378907680511474609e-01
3.199566119928708829e+01,-3.540502624043696045e+01,2.217587402343750000e+03,5.563408732414245605e-01,1.242520000000000069e+00,4.958743751049041748e-01,3.415311574935913086e-01
3.199719456098353376e+01,-3.538514610843187569e+01,1.964203857421875000e+03,1.045364856719970703e+00,1.242530000000000134e+00,4.086700677871704102e-01,2.746973931789398193e-01
3.200151062487985598e+01,-3.536797404440968506e+01,1.434356933593750000e+03,7.438320517539978027e-01,1.242540000000000200e+00,3.678526580333709717e-01,2.285393923521041870e-01
3.198902797267346543e+01,-3.534665551040944820e+01,1.405406494140625000e+03,6.226260066032409668e-01,1.242550000000000043e+00,4.285065829753875732e-01,2.646265625953674316e-01
3.199400082966507952e+01,-3.532595241761557503e+01,1.713276367187500000e+03,4.269284307956695557e-01,1.242560000000000109e+00,8.652147650718688965e-01,5.636999607086181641e-01
3.199728975986124979e+01,-3.530241921750658207e+01,3.719796875000000000e+03,7.495374083518981934e-01,1.242570000000000174e+00,8.967242836952209473e-01,6.665446162223815918e-01
3.199632327391747566e+01,-3.528034640509657294e+01,2.228017089843750000e+03,1.659557342529296875e+00,1.242580000000000018e+00,8.524736762046813965e-01,5.876563787460327148e-01
3.199847842538606812e+01,-3.526540216642855086e+01,1.745183349609375000e+03,1.868876934051513672e+00,1.242590000000000083e+00,6.038307547569274902e-01,3.951660096645355225e-01
3.199603480451897397e+01,-3.524170857038674143e+01,2.428139892578125000e+03,1.506956338882446289e+00,1.242600000000000149e+00,5.714057087898254395e-01,4.000488221645355225e-01
3.198946848401091358e+01,-3.522092857935662380e+01,2.237449951171875000e+03,1.209597110748291016e+00,1.242609999999999992e+00,5.412694811820983887e-01,3.734221458435058594e-01
3.198695818750538677e+01,-3.520538714848805739e+01,1.957283935546875000e+03,1.215265512466430664e+00,1.242620000000000058e+00,5.263158082962036133e-01,3.535093367099761963e-01
3.199420483538912663e+01,-3.518784163566849799e+01,2.381606445312500000e+03,9.429318308830261230e-01,1.242630000000000123e+00,6.825664043426513672e-01,4.762667715549468994e-01
3.199050559899250956e+01,-3.516195537225742385e+01,2.692428710937500000e+03,1.055587053298950195e+00,1.242640000000000189e+00,4.120270311832427979e-01,2.933894991874694824e-01
3.198770207077619787e+01,-3.514084710876030471e+01,1.852719970703125000e+03,1.006749391555786133e+00,1.242650000000000032e+00,4.282014071941375732e-01,2.841578722000122070e-01
3.198163990853118932e+01,-3.512630155609199534e+01,1.851836303710937500e+03,6.589943766593933105e-01,1.242660000000000098e+00,4.752749502658843994e-01,3.153622150421142578e-01
3.199416853848493503e+01,-3.510618660835861959e+01,2.845352050781250000e+03,7.276851534843444824e-01,1.242670000000000163e+00,3.774657249450683594e-01,2.710352838039398193e-01
3.198162277152345823e+01,-3.507766821816716885e+01,1.623130249023437500e+03,6.822747588157653809e-01,1.242680000000000007e+00,4.574221074581146240e-01,2.939998507499694824e-01
3.198477631557295453e+01,-3.505675175052802217e+01,9.061961914062500000e+03,5.646938681602478027e-01,1.242690000000000072e+00,3.709044158458709717e-01,2.946102023124694824e-01
3.198080844978056803e+01,-3.504175220225816645e+01,2.012572265625000000e+03,6.353110671043395996e-01,1.242700000000000138e+00,4.158417284488677979e-01,2.809535264968872070e-01
3.198397711044552594e+01,-3.501635553780313614e+01,1.809813110351562500e+03,6.928188204765319824e-01,1.242710000000000203e+00,3.792968094348907471e-01,2.503595352172851562e-01
3.197284215962245568e+01,-3.499170761157224518e+01,1.696442626953125000e+03,6.593686938285827637e-01,1.242720000000000047e+00,3.306210637092590332e-01,2.148827165365219116e-01
3.199222001353761868e+01,-3.497246737990501231e+01,1.695890869140625000e+03,5.054361224174499512e-01,1.242730000000000112e+00,3.796019852161407471e-01,2.466974109411239624e-01
3.197901125623253193e+01,-3.495757133324458721e+01,2.616184570312500000e+03,4.642814695835113525e-01,1.242740000000000178e+00,4.947299659252166748e-01,3.506864607334136963e-01
3.197969775561244177e+01,-3.493130723242860114e+01,2.393723144531250000e+03,5.534071326255798340e-01,1.242750000000000021e+00,4.639070928096771240e-01,3.239834606647491455e-01
3.197784070377226584e+01,-3.490910155622463407e+01,1.017086608886718750e+03,7.796079516410827637e-01,1.242760000000000087e+00,3.455747365951538086e-01,1.904685646295547485e-01
3.198952722033510909e+01,-3.489090808598435700e+01,2.157732910156250000e+03,6.965071558952331543e-01,1.242770000000000152e+00,3.213131725788116455e-01,2.201470136642456055e-01
3.197712672351050145e+01,-3.487562455926014593e+01,1.148092163085937500e+03,4.614907801151275635e-01,1.242779999999999996e+00,3.553403913974761963e-01,2.052696496248245239e-01
3.198125415038712305e+01,-3.485194501228402686e+01,2.634681640625000000e+03,4.367429316043853760e-01,1.242790000000000061e+00,3.707518279552459717e-01,2.631006836891174316e-01
3.198669937859527934e+01,-3.482525260488145591e+01,1.349733032226562500e+03,4.482001364231109619e-01,1.242800000000000127e+00,4.190461039543151855e-01,2.556238472461700439e-01
3.198383766779189941e+01,-3.480624264307104454e+01,2.086191894531250000e+03,5.527240633964538574e-01,1.242810000000000192e+00,5.355473756790161133e-01,3.644957244396209717e-01
3.198624066397077215e+01,-3.478921337820640503e+01,2.181359863281250000e+03,5.283600687980651855e-01,1.242820000000000036e+00,6.465554833412170410e-01,4.439180195331573486e-01
3.198652490930991732e+01,-3.476917253635190974e+01,2.437375976562500000e+03,9.300798773765563965e-01,1.242830000000000101e+00,8.082230091094970703e-01,5.662176609039306641e-01
3.199049714339736994e+01,-3.474345362301375673e+01,5.461346679687500000e+03,1.239583015441894531e+00,1.242840000000000167e+00,7.345990538597106934e-01,5.659887790679931641e-01
3.198580875005846380e+01,-3.473049791461320268e+01,2.585621826171875000e+03,1.780972003936767578e+00,1.242850000000000010e+00,3.969970643520355225e-01,2.808772325515747070e-01
3.199232462505342411e+01,-3.471035059216991669e+01,1.445254150390625000e+03,1.219537973403930664e+00,1.242860000000000076e+00,4.076019525527954102e-01,2.537927627563476562e-01
3.199121261270677152e+01,-3.468283270012383923e+01,2.149664550781250000e+03,6.439406275749206543e-01,1.242870000000000141e+00,5.678198337554931641e-01,3.887572884559631348e-01
3.198927602179791663e+01,-3.466836652678856012e+01,2.392594970703125000e+03,7.518870234489440918e-01,1.242880000000000207e+00,5.298253297805786133e-01,3.699888885021209717e-01
3.198609010030719446e+01,-3.464194396569484979e+01,2.170370117187500000e+03,9.467870593070983887e-01,1.242890000000000050e+00,5.817816853523254395e-01,3.990570008754730225e-01
3.199915755767922931e+01,-3.462430108455373556e+01,1.831515991210937500e+03,9.543961882591247559e-01,1.242900000000000116e+00,6.818797588348388672e-01,4.513185620307922363e-01
3.198896697674512524e+01,-3.460397640655355644e+01,1.959410034179687500e+03,1.053781032562255859e+00,1.242910000000000181e+00,5.449315905570983887e-01,3.660978972911834717e-01
3.199269677131754719e+01,-3.458210496963729241e+01,9.979706054687500000e+03,1.076913595199584961e+00,1.242920000000000025e+00,8.729968070983886719e-01,6.963756680488586426e-01
3.199393703043198656e+01,-3.456666817771884581e+01,3.502451416015625000e+03,1.039894342422485352e+00,1.242930000000000090e+00,9.317433834075927734e-01,6.877543926239013672e-01
3.200044222538280536e+01,-3.454924613713947679e+01,3.629145751953125000e+03,1.804373979568481445e+00,1.242940000000000156e+00,8.160812854766845703e-01,6.048988699913024902e-01
3.198597917672742241e+01,-3.452252630994619409e+01,1.830956909179687500e+03,1.986987113952636719e+00,1.242949999999999999e+00,6.122993826866149902e-01,4.052368402481079102e-01
3.199847973827449010e+01,-3.450467194683469074e+01,3.533135498046875000e+03,1.407820701599121094e+00,1.242960000000000065e+00,4.976291656494140625e-01,3.677000701427459717e-01
3.199309808801969268e+01,-3.449216461733259820e+01,1.569639038085937500e+03,1.024628400802612305e+00,1.242970000000000130e+00,5.037326812744140625e-01,3.209317028522491455e-01
3.198939334524481026e+01,-3.447015411291901188e+01,1.569892211914062500e+03,8.943802714347839355e-01,1.242980000000000196e+00,4.318635165691375732e-01,2.751551568508148193e-01
3.199021435702934468e+01,-3.444121045091846867e+01,1.629932617187500000e+03,6.592125296592712402e-01,1.242990000000000039e+00,3.506864607334136963e-01,2.256402075290679932e-01
3.199731296592846874e+01,-3.442005969535524201e+01,2.246272705078125000e+03,6.203741431236267090e-01,1.243000000000000105e+00,3.058254420757293701e-01,2.111442983150482178e-01
3.198854232626718286e+01,-3.440884169265616066e+01,2.733835205078125000e+03,4.565602838993072510e-01,1.243010000000000170e+00,4.616182744503021240e-01,3.294766545295715332e-01
3.199614915109825830e+01,-3.437996743441285474e+01,1.884606933593750000e+03,5.286223292350769043e-01,1.243020000000000014e+00,4.184357523918151855e-01,2.787410020828247070e-01
3.199361456232088230e+01,-3.436236994205361839e+01,1.557363403320312500e+03,7.028049826622009277e-01,1.243030000000000079e+00,3.033077418804168701e-01,1.928336769342422485e-01
3.199908578036049889e+01,-3.433689110683297940e+01,1.635068115234375000e+03,5.880529284477233887e-01,1.243040000000000145e+00,3.385556638240814209e-01,2.180107831954956055e-01
3.198445872252036182e+01,-3.432557774006039608e+01,1.265168090820312500e+03,4.221588671207427979e-01,1.243050000000000210e+00,3.535093367099761963e-01,2.112205922603607178e-01
3.198808244562274794e+01,-3.430594949279578998e+01,1.085383056640625000e+03,4.323619902133941650e-01,1.243060000000000054e+00,4.048553705215454102e-01,2.289971560239791870e-01
3.199324747681115610e+01,-3.428233396093724394e+01,2.124732666015625000e+03,5.734593272209167480e-01,1.243070000000000119e+00,3.678526580333709717e-01,2.512750625610351562e-01
3.198685360689569990e+01,-3.425983121258909136e+01,1.414356323242187500e+03,5.487317442893981934e-01,1.243080000000000185e+00,2.999507784843444824e-01,1.855857372283935547e-01
3.199052964134833132e+01,-3.424573881969901379e+01,2.134321289062500000e+03,4.896265566349029541e-01,1.243090000000000028e+00,2.860652506351470947e-01,1.955802738666534424e-01
3.198998106368974703e+01,-3.422438532540860479e+01,2.552840332031250000e+03,3.948301374912261963e-01,1.243100000000000094e+00,3.672423064708709717e-01,2.592859566211700439e-01
3.199453692816543438e+01,-3.420078509707116154e+01,1.304475585937500000e+03,3.818673193454742432e-01,1.243110000000000159e+00,4.204193949699401855e-01,2.537164688110351562e-01
3.197679489275503784e+01,-3.417933726083126800e+01,1.633196655273437500e+03,5.324084162712097168e-01,1.243120000000000003e+00,4.523103833198547363e-01,2.911769449710845947e-01
3.199039149380648084e+01,-3.416651920623231575e+01,2.720803710937500000e+03,5.664569735527038574e-01,1.243130000000000068e+00,4.394929409027099609e-01,3.134548664093017578e-01
3.198715708195123852e+01,-3.414646218518117138e+01,2.541177490234375000e+03,6.582779288291931152e-01,1.243140000000000134e+00,3.971496522426605225e-01,2.801905870437622070e-01
3.198731794290672781e+01,-3.412407338179610861e+01,2.031772460937500000e+03,7.006663680076599121e-01,1.243150000000000199e+00,4.510896801948547363e-01,3.053676784038543701e-01
3.198020202576151760e+01,-3.409625320621135103e+01,1.542926025390625000e+03,6.080157160758972168e-01,1.243160000000000043e+00,4.746645987033843994e-01,3.010189235210418701e-01
3.198499320394527956e+01,-3.408246791937268938e+01,2.447855468750000000e+03,7.892400622367858887e-01,1.243170000000000108e+00,4.178253710269927979e-01,2.929317057132720947e-01
3.197890719975409723e+01,-3.405971596866685758e+01,1.881565795898437500e+03,7.792479395866394043e-01,1.243180000000000174e+00,5.215855240821838379e-01,3.473294973373413086e-01
3.198022525558922169e+01,-3.403848891248107122e+01,2.037131225585937500e+03,7.014865279197692871e-01,1.243190000000000017e+00,4.832858443260192871e-01,3.273404240608215332e-01
3.198097994988732395e+01,-3.402139650243852742e+01,1.536183837890625000e+03,7.851392626762390137e-01,1.243200000000000083e+00,4.707735776901245117e-01,2.981960177421569824e-01
3.198598274700316679e+01,-3.400563324696861400e+01,1.086714965820312500e+03,8.046585917472839355e-01,1.243210000000000148e+00,3.870025277137756348e-01,2.190026044845581055e-01
3.197171388395010183e+01,-3.398231160077180135e+01,1.808025024414062500e+03,5.972689986228942871e-01,1.243219999999999992e+00,3.181088268756866455e-01,2.099235951900482178e-01
3.198078355164099662e+01,-3.395942603205386945e+01,1.276983398437500000e+03,5.321568846702575684e-01,1.243230000000000057e+00,2.955257296562194824e-01,1.771170645952224731e-01
3.197453183745421512e+01,-3.393902753678967343e+01,1.701983032226562500e+03,3.724795877933502197e-01,1.243240000000000123e+00,4.197327494621276855e-01,2.730189263820648193e-01
3.197825873828946541e+01,-3.392734500689081756e+01,1.523299682617187500e+03,3.873652517795562744e-01,1.243250000000000188e+00,3.542722761631011963e-01,2.238854318857192993e-01
3.197648828046266800e+01,-3.390381960652077709e+01,2.163302001953125000e+03,6.510455012321472168e-01,1.243260000000000032e+00,2.479181140661239624e-01,1.699454188346862793e-01
3.198779960893333296e+01,-3.387565071880148793e+01,1.624596923828125000e+03,4.106587469577789307e-01,1.243270000000000097e+00,3.319943547248840332e-01,2.134331315755844116e-01
3.198168187571188525e+01,-3.386698385531322941e+01,1.696239746093750000e+03,3.043204843997955322e-01,1.243280000000000163e+00,3.924956917762756348e-01,2.550897896289825439e-01
3.197674294671824669e+01,-3.384193131184694892e+01,1.479764160156250000e+03,4.463523924350738525e-01,1.243290000000000006e+00,4.770297110080718994e-01,2.990352511405944824e-01
3.198580381339116130e+01,-3.382081967947114265e+01,1.634581420898437500e+03,5.924958586692810059e-01,1.243300000000000072e+00,4.964084625244140625e-01,3.196347057819366455e-01
3.198310302357191404e+01,-3.379195946832456343e+01,1.392630859375000000e+03,7.604116797447204590e-01,1.243310000000000137e+00,3.807463943958282471e-01,2.344903349876403809e-01
3.197948281972822926e+01,-3.377634233397495223e+01,2.169269287109375000e+03,5.699748396873474121e-01,1.243320000000000203e+00,5.957435369491577148e-01,4.085937738418579102e-01
3.198643021751992421e+01,-3.375206768241886124e+01,1.316284423828125000e+03,7.885057330131530762e-01,1.243330000000000046e+00,3.358853757381439209e-01,2.032859921455383301e-01
3.199095235281097871e+01,-3.372921443906554373e+01,1.994631835937500000e+03,8.655781149864196777e-01,1.243340000000000112e+00,3.519071638584136963e-01,2.373132258653640747e-01
3.199006018717043531e+01,-3.370751443470351205e+01,1.270234252929687500e+03,4.183143675327301025e-01,1.243350000000000177e+00,3.293240666389465332e-01,1.970298588275909424e-01
3.199594362986248086e+01,-3.369165471542874002e+01,1.575352294921875000e+03,4.948491156101226807e-01,1.243360000000000021e+00,4.283539950847625732e-01,2.731715142726898193e-01
3.198497494925810258e+01,-3.367404813311942036e+01,1.586320556640625000e+03,4.658979475498199463e-01,1.243370000000000086e+00,4.107300341129302979e-01,2.624140381813049316e-01
3.199239746228910874e+01,-3.364653354188553180e+01,1.474566528320312500e+03,5.658621191978454590e-01,1.243380000000000152e+00,4.023376405239105225e-01,2.519617080688476562e-01
3.199102563460783344e+01,-3.362987404661240731e+01,1.974294189453125000e+03,5.481392741203308105e-01,1.243389999999999995e+00,3.403104543685913086e-01,2.289971560239791870e-01
3.200491850177630937e+01,-3.361072170614312427e+01,1.360405273437500000e+03,5.350107550621032715e-01,1.243400000000000061e+00,2.998744845390319824e-01,1.833731979131698608e-01
3.198985108229980412e+01,-3.358592249679762176e+01,2.434348388671875000e+03,4.646319448947906494e-01,1.243410000000000126e+00,3.348935544490814209e-01,2.345666289329528809e-01
3.200318503701541317e+01,-3.356505271769162846e+01,2.226195068359375000e+03,4.482823908329010010e-01,1.243420000000000192e+00,4.623049199581146240e-01,3.186428844928741455e-01
3.199712339963641838e+01,-3.354566195926913963e+01,1.613240600585937500e+03,5.871445536613464355e-01,1.243430000000000035e+00,4.897708594799041748e-01,3.142940998077392578e-01
3.200655766251033896e+01,-3.352671637207278366e+01,1.117085083007812500e+03,8.279914259910583496e-01,1.243440000000000101e+00,4.239289164543151855e-01,2.424249351024627686e-01
3.199507345139429049e+01,-3.350222457412542099e+01,2.277334716796875000e+03,7.436496615409851074e-01,1.243450000000000166e+00,3.705229461193084717e-01,2.564630806446075439e-01
3.200170256479184872e+01,-3.347594696803566450e+01,1.941201904296875000e+03,4.572397768497467041e-01,1.243460000000000010e+00,4.169861376285552979e-01,2.795802354812622070e-01
3.200033064506708769e+01,-3.345527890531532478e+01,1.645595947265625000e+03,5.703563094139099121e-01,1.243470000000000075e+00,3.421415090560913086e-01,2.206810712814331055e-01
3.200023271996191454e+01,-3.344537391297151174e+01,2.476277587890625000e+03,5.399507880210876465e-01,1.243480000000000141e+00,2.894984781742095947e-01,2.033622860908508301e-01
3.200365767379903303e+01,-3.342116353570707332e+01,1.354544921875000000e+03,4.687422811985015869e-01,1.243490000000000206e+00,3.241360485553741455e-01,1.979454010725021362e-01
3.200762843378484490e+01,-3.339538879915392044e+01,2.633302978515625000e+03,3.724497854709625244e-01,1.243500000000000050e+00,2.965938448905944824e-01,2.104576528072357178e-01
3.199714283556536643e+01,-3.337511348348505180e+01,1.217784179687500000e+03,3.919059336185455322e-01,1.243510000000000115e+00,3.232968151569366455e-01,1.906974464654922485e-01
3.199743136406938504e+01,-3.336027026598833345e+01,1.476396240234375000e+03,3.409773409366607666e-01,1.243520000000000181e+00,3.678526580333709717e-01,2.304467409849166870e-01
3.200098162896698284e+01,-3.333350226315252485e+01,1.065569702148437500e+03,3.918129503726959229e-01,1.243530000000000024e+00,3.360379636287689209e-01,1.887137889862060547e-01
3.199654034671974046e+01,-3.330431230430842504e+01,2.371272949218750000e+03,4.463178217411041260e-01,1.243540000000000090e+00,3.174984753131866455e-01,2.213677316904067993e-01
3.199543863955122092e+01,-3.328715082900164646e+01,2.251433105468750000e+03,4.182070791721343994e-01,1.243550000000000155e+00,2.925502359867095947e-01,2.020652890205383301e-01
3.199699252363866719e+01,-3.327241353796428314e+01,2.865877685546875000e+03,3.692883551120758057e-01,1.243559999999999999e+00,3.841796219348907471e-01,2.761469781398773193e-01
3.200227761920194069e+01,-3.325110042414816292e+01,2.029661010742187500e+03,4.541284143924713135e-01,1.243570000000000064e+00,3.597654700279235840e-01,2.434930503368377686e-01
3.198842197527771702e+01,-3.323067504156072971e+01,2.396347656250000000e+03,5.973524451255798340e-01,1.243580000000000130e+00,3.413785696029663086e-01,2.384576350450515747e-01
3.199822639039003747e+01,-3.321196235649808415e+01,1.537622680664062500e+03,5.094737410545349121e-01,1.243590000000000195e+00,3.162777423858642578e-01,2.003868073225021362e-01
3.199417265072010608e+01,-3.318938886658797571e+01,8.323386840820312500e+02,4.856401979923248291e-01,1.243600000000000039e+00,3.326810300350189209e-01,1.673514097929000854e-01
3.199479344409155601e+01,-3.315739681802401151e+01,1.781063842773437500e+03,4.252761900424957275e-01,1.243610000000000104e+00,2.847682237625122070e-01,1.872642040252685547e-01
3.198256027584614003e+01,-3.314529247213914687e+01,1.761838378906250000e+03,3.074413836002349854e-01,1.243620000000000170e+00,4.554384350776672363e-01,2.987300753593444824e-01
3.199301399405624480e+01,-3.312390091435860739e+01,1.904551513671875000e+03,4.129785597324371338e-01,1.243630000000000013e+00,3.563322424888610840e-01,2.379235774278640747e-01
3.198463142023415173e+01,-3.310745188444607834e+01,1.684728149414062500e+03,6.606990694999694824e-01,1.243640000000000079e+00,3.741087913513183594e-01,2.427301108837127686e-01
3.198981669389672788e+01,-3.308740934302947068e+01,4.103790527343750000e+03,4.970163404941558838e-01,1.243650000000000144e+00,3.152096271514892578e-01,2.367791682481765747e-01
3.198070002552988100e+01,-3.305796024038190950e+01,2.392225585937500000e+03,4.847663938999176025e-01,1.243660000000000210e+00,4.385011196136474609e-01,3.062069118022918701e-01
3.198853849219531043e+01,-3.304072273905590151e+01,2.216930419921875000e+03,4.969257414340972900e-01,1.243670000000000053e+00,3.259671330451965332e-01,2.244957834482192993e-01
3.197939956471556755e+01,-3.302684639240611375e+01,1.197022827148437500e+03,5.341858267784118652e-01,1.243680000000000119e+00,3.028499782085418701e-01,1.775748282670974731e-01
3.197886563144085770e+01,-3.300392316083954825e+01,1.221175903320312500e+03,3.902489244937896729e-01,1.243690000000000184e+00,3.200161755084991455e-01,1.889426708221435547e-01
3.198577525868553195e+01,-3.297796556988649286e+01,2.265000244140625000e+03,3.564471304416656494e-01,1.243700000000000028e+00,3.654875457286834717e-01,2.527246475219726562e-01
3.198113869567800194e+01,-3.296763393003410414e+01,2.364005371093750000e+03,3.788918554782867432e-01,1.243710000000000093e+00,3.931060433387756348e-01,2.739344537258148193e-01
3.197820382399397943e+01,-3.294349861791781819e+01,2.284036865234375000e+03,5.104464888572692871e-01,1.243720000000000159e+00,4.064575433731079102e-01,2.814875841140747070e-01
3.198795462510411269e+01,-3.292473381757675099e+01,1.687521362304687500e+03,5.510992407798767090e-01,1.243730000000000002e+00,3.580870032310485840e-01,2.324303984642028809e-01
3.198760056367533267e+01,-3.289635836976085415e+01,1.842468872070312500e+03,5.625504851341247559e-01,1.243740000000000068e+00,4.018035829067230225e-01,2.663050293922424316e-01
3.198328577201634104e+01,-3.288560811445916698e+01,1.518129638671875000e+03,4.948813021183013916e-01,1.243750000000000133e+00,3.512205183506011963e-01,2.217492014169692993e-01
3.198867618476069907e+01,-3.286373404582487012e+01,9.344445190429687500e+02,4.994207918643951416e-01,1.243760000000000199e+00,3.001033663749694824e-01,1.594931036233901978e-01
3.198638535008564787e+01,-3.283844531414772661e+01,1.473899902343750000e+03,3.937310278415679932e-01,1.243770000000000042e+00,3.400052785873413086e-01,2.128990739583969116e-01
3.198408458587059044e+01,-3.281560294895923846e+01,1.228660522460937500e+03,3.634673655033111572e-01,1.243780000000000108e+00,2.923976480960845947e-01,1.729971766471862793e-01
3.199049584509979383e+01,-3.279323747504646036e+01,1.336372680664062500e+03,3.525620996952056885e-01,1.243790000000000173e+00,3.981414735317230225e-01,2.421197593212127686e-01
3.199243922746735080e+01,-3.278058592418048534e+01,1.406225341796875000e+03,3.939134180545806885e-01,1.243800000000000017e+00,5.062503814697265625e-01,3.126919269561767578e-01
3.197974017789397649e+01,-3.275588750219402812e+01,1.750410400390625000e+03,6.070906519889831543e-01,1.243810000000000082e+00,4.744357168674468994e-01,3.107082843780517578e-01
3.199624685996534978e+01,-3.273406450556002056e+01,1.756551391601562500e+03,7.868093848228454590e-01,1.243820000000000148e+00,3.525175154209136963e-01,2.310570925474166870e-01
3.199522486399699517e+01,-3.271934975174222870e+01,3.832006347656250000e+03,6.427282691001892090e-01,1.243829999999999991e+00,3.715147972106933594e-01,2.770625054836273193e-01
3.200023642349822239e+01,-3.269676620955377899e+01,1.454226196289062500e+03,5.391520857810974121e-01,1.243840000000000057e+00,4.893130958080291748e-01,3.052150905132293701e-01
3.199210497909624706e+01,-3.266996924893734189e+01,2.241510253906250000e+03,6.498641371726989746e-01,1.243850000000000122e+00,5.076999664306640625e-01,3.503812849521636963e-01
3.200125172362901793e+01,-3.265189537969084199e+01,1.303780395507812500e+03,7.312948107719421387e-01,1.243860000000000188e+00,3.610624670982360840e-01,2.178581953048706055e-01
3.200305087347318533e+01,-3.263850038422933153e+01,1.747539916992187500e+03,7.793635725975036621e-01,1.243870000000000031e+00,3.183377087116241455e-01,2.083977013826370239e-01
3.199903214237787807e+01,-3.261827571989406493e+01,1.166693359375000000e+03,4.929930269718170166e-01,1.243880000000000097e+00,3.532804548740386963e-01,2.052696496248245239e-01
3.200061716987100624e+01,-3.258799225296250057e+01,1.751486694335937500e+03,4.438847601413726807e-01,1.243890000000000162e+00,3.149044513702392578e-01,2.062614709138870239e-01
3.200745321293206302e+01,-3.257577362368864016e+01,8.775735473632812500e+02,4.375797808170318604e-01,1.243900000000000006e+00,2.711115777492523193e-01,1.399617791175842285e-01
3.199797952740001605e+01,-3.255273185365489041e+01,1.234112182617187500e+03,3.650695383548736572e-01,1.243910000000000071e+00,2.495965957641601562e-01,1.478963792324066162e-01
3.200421922637895022e+01,-3.252431143677888059e+01,1.161299438476562500e+03,2.537495195865631104e-01,1.243920000000000137e+00,3.322995603084564209e-01,1.927573829889297485e-01
3.200795032470058032e+01,-3.251223393026486974e+01,1.401728027343750000e+03,3.130060732364654541e-01,1.243930000000000202e+00,2.833186388015747070e-01,1.748282462358474731e-01
3.200800987114763529e+01,-3.248403018636344797e+01,1.317407592773437500e+03,3.875893652439117432e-01,1.243940000000000046e+00,2.803431749343872070e-01,1.697165220975875854e-01
3.199820167849970076e+01,-3.247640658852007078e+01,1.515606201171875000e+03,2.608889639377593994e-01,1.243950000000000111e+00,3.083431422710418701e-01,1.945884525775909424e-01
3.200709160902604111e+01,-3.245205535791414064e+01,2.685586914062500000e+03,3.037196695804595947e-01,1.243960000000000177e+00,3.046810328960418701e-01,2.168663740158081055e-01
3.201021397826414727e+01,-3.242273596529583557e+01,4.547072265625000000e+03,3.350657522678375244e-01,1.243970000000000020e+00,4.094330072402954102e-01,3.106319904327392578e-01
3.200347053153981136e+01,-3.240966652296454242e+01,1.553828125000000000e+03,4.912680685520172119e-01,1.243980000000000086e+00,5.360814332962036133e-01,3.406156301498413086e-01
3.200781702026569064e+01,-3.239227892941752174e+01,2.218997070312500000e+03,7.130128741264343262e-01,1.243990000000000151e+00,3.895965218544006348e-01,2.683649659156799316e-01
3.200451020415999182e+01,-3.237160546209279488e+01,1.633402954101562500e+03,8.432859778404235840e-01,1.243999999999999995e+00,4.005065858364105225e-01,2.578363716602325439e-01
3.199788930315600766e+01,-3.235261182785425405e+01,1.404168212890625000e+03,5.948418974876403809e-01,1.244010000000000060e+00,3.403867483139038086e-01,2.101524770259857178e-01
3.199691774415940415e+01,-3.232656301216152173e+01,1.044415527343750000e+03,5.046815276145935059e-01,1.244020000000000126e+00,2.847682237625122070e-01,1.586538702249526978e-01
3.200304097714514029e+01,-3.230498812677114273e+01,1.387663085937500000e+03,3.785199224948883057e-01,1.244030000000000191e+00,3.481687605381011963e-01,2.141960710287094116e-01
3.199919168051376417e+01,-3.228485735705291404e+01,1.310612670898437500e+03,3.080326616764068604e-01,1.244040000000000035e+00,4.481904804706573486e-01,2.708826959133148193e-01
3.199549849553885394e+01,-3.226583384645264374e+01,1.912403198242187500e+03,4.695958197116851807e-01,1.244050000000000100e+00,4.425447285175323486e-01,2.957546114921569824e-01
3.199379685089525793e+01,-3.224810902480437846e+01,3.146813720703125000e+03,7.266671061515808105e-01,1.244060000000000166e+00,3.360379636287689209e-01,2.447137683629989624e-01
3.200185044810615409e+01,-3.221991025724467761e+01,2.462839599609375000e+03,6.484586596488952637e-01,1.244070000000000009e+00,3.129208087921142578e-01,2.196129560470581055e-01
3.198887101961224744e+01,-3.221024948002901311e+01,1.702572021484375000e+03,4.545444548130035400e-01,1.244080000000000075e+00,3.078090846538543701e-01,2.002342194318771362e-01
3.199314276472874852e+01,-3.217978640281348390e+01,1.341572387695312500e+03,4.138487875461578369e-01,1.244090000000000140e+00,3.649534881114959717e-01,2.222069650888442993e-01
3.199414402993329887e+01,-3.216388355733775484e+01,1.666703369140625000e+03,3.691846430301666260e-01,1.244100000000000206e+00,4.070678949356079102e-01,2.634058594703674316e-01
3.199118379958286340e+01,-3.213868012222885540e+01,1.334281250000000000e+03,5.498296618461608887e-01,1.244110000000000049e+00,3.567900061607360840e-01,2.168663740158081055e-01
3.198858139838289460e+01,-3.212392408998204019e+01,2.217956298828125000e+03,4.998594820499420166e-01,1.244120000000000115e+00,4.309479892253875732e-01,2.968227267265319824e-01
3.199341409498300237e+01,-3.210373582789812019e+01,3.015950439453125000e+03,4.649108946323394775e-01,1.244130000000000180e+00,3.787627220153808594e-01,2.742396295070648193e-01
3.198742151736019323e+01,-3.208731645984234859e+01,1.019497863769531250e+03,5.808932185173034668e-01,1.244140000000000024e+00,2.903377115726470947e-01,1.601797491312026978e-01
3.198431243165340021e+01,-3.207135348678991704e+01,1.185825439453125000e+03,5.423337817192077637e-01,1.244150000000000089e+00,3.210842907428741455e-01,1.876456737518310547e-01
3.199183880872460151e+01,-3.204269802846823012e+01,1.311686279296875000e+03,3.054815828800201416e-01,1.244160000000000155e+00,4.292695224285125732e-01,2.595148384571075439e-01
3.199344925944707896e+01,-3.201819573407170338e+01,1.272441406250000000e+03,4.168886244297027588e-01,1.244169999999999998e+00,4.225556254386901855e-01,2.529535293579101562e-01
3.198735029162475030e+01,-3.200272745968856469e+01,4.450456542968750000e+03,5.434662699699401855e-01,1.244180000000000064e+00,4.134766161441802979e-01,3.130733966827392578e-01
3.199193748203165910e+01,-3.198572505167024360e+01,1.649461059570312500e+03,5.704540610313415527e-01,1.244190000000000129e+00,4.475038349628448486e-01,2.888118326663970947e-01
3.198942098912653265e+01,-3.195733184360284440e+01,2.005252319335937500e+03,7.189685702323913574e-01,1.244200000000000195e+00,3.116238117218017578e-01,2.103813588619232178e-01
3.199083318866559011e+01,-3.193517394733179415e+01,2.001052734375000000e+03,5.997616648674011230e-01,1.244210000000000038e+00,3.291714787483215332e-01,2.221306711435317993e-01
3.199050114257889277e+01,-3.191155793751028824e+01,1.606976562500000000e+03,4.277342855930328369e-01,1.244220000000000104e+00,2.786647081375122070e-01,1.786429584026336670e-01
3.199328923033057848e+01,-3.190103520825932648e+01,1.269297973632812500e+03,4.193908274173736572e-01,1.244230000000000169e+00,3.445829153060913086e-01,2.061088830232620239e-01
3.199424795605405691e+01,-3.187470921040577210e+01,1.078861572265625000e+03,3.761261999607086182e-01,1.244240000000000013e+00,4.202668070793151855e-01,2.371606379747390747e-01
3.198724404088123663e+01,-3.185000363061163142e+01,1.705105834960937500e+03,4.841810762882232666e-01,1.244250000000000078e+00,3.779234886169433594e-01,2.459344714879989624e-01
3.199663529509127002e+01,-3.183442351990845864e+01,1.347397583007812500e+03,4.851693212985992432e-01,1.244260000000000144e+00,3.702177703380584717e-01,2.257165014743804932e-01
3.199452385197841764e+01,-3.181088901029087523e+01,1.892356201171875000e+03,4.944533407688140869e-01,1.244270000000000209e+00,4.253785014152526855e-01,2.836238145828247070e-01
3.199605308664207470e+01,-3.178815378645950673e+01,2.921310791015625000e+03,4.866570532321929932e-01,1.244280000000000053e+00,3.333676755428314209e-01,2.402887046337127686e-01
3.198770919194322460e+01,-3.176732336774219334e+01,1.433252319335937500e+03,5.732602477073669434e-01,1.244290000000000118e+00,3.125393390655517578e-01,1.941306889057159424e-01
3.200487788839618730e+01,-3.174879334501130401e+01,4.696477539062500000e+03,4.152244627475738525e-01,1.244300000000000184e+00,3.574003577232360840e-01,2.719508111476898193e-01
3.199631778759786016e+01,-3.172698066041156295e+01,1.624822265625000000e+03,4.511922895908355713e-01,1.244310000000000027e+00,4.008117616176605225e-01,2.576837837696075439e-01
3.199676569997943787e+01,-3.170481614091861999e+01,1.755193603515625000e+03,4.697901308536529541e-01,1.244320000000000093e+00,5.080052018165588379e-01,3.329099118709564209e-01
3.199336252856631546e+01,-3.168358535705380064e+01,1.089205322265625000e+03,6.352049708366394043e-01,1.244330000000000158e+00,3.300870060920715332e-01,1.869590282440185547e-01
3.200271872152192287e+01,-3.166511703542401790e+01,1.411230102539062500e+03,6.166595816612243652e-01,1.244340000000000002e+00,3.174221813678741455e-01,1.962669193744659424e-01
3.199558001115379469e+01,-3.164028561105613235e+01,1.877849853515625000e+03,4.089016020298004150e-01,1.244350000000000067e+00,2.788172960281372070e-01,1.855857372283935547e-01
3.200517242110622362e+01,-3.162078209134369899e+01,2.498516845703125000e+03,3.339726030826568604e-01,1.244360000000000133e+00,3.888335824012756348e-01,2.735529839992523193e-01
3.200593498648930080e+01,-3.160015607147609629e+01,2.163415039062500000e+03,3.841549456119537354e-01,1.244370000000000198e+00,3.963867127895355225e-01,2.717219293117523193e-01
3.199979463277403013e+01,-3.158213338544583237e+01,2.402467773437500000e+03,5.438668131828308105e-01,1.244380000000000042e+00,4.187409281730651855e-01,2.926265299320220947e-01
3.199721568002232885e+01,-3.155758572696446862e+01,1.957163330078125000e+03,6.407541632652282715e-01,1.244390000000000107e+00,3.336728513240814209e-01,2.241143137216567993e-01
3.200566071610602137e+01,-3.154137586311290065e+01,1.666364501953125000e+03,5.462819933891296387e-01,1.244400000000000173e+00,4.076782464981079102e-01,2.637873291969299316e-01
3.200515798198449602e+01,-3.151449787842229711e+01,1.124753784179687500e+03,5.100924372673034668e-01,1.244410000000000016e+00,2.916347086429595947e-01,1.671988219022750854e-01
3.199893871464083972e+01,-3.149304979213244593e+01,1.656672119140625000e+03,4.820066988468170166e-01,1.244420000000000082e+00,3.641142547130584717e-01,2.352532744407653809e-01
3.200995837659713317e+01,-3.147371919798921169e+01,1.412036132812500000e+03,3.710443079471588135e-01,1.244430000000000147e+00,3.992858827114105225e-01,2.469262927770614624e-01
3.200095299674741511e+01,-3.144756999655760055e+01,2.053826416015625000e+03,4.931277334690093994e-01,1.244440000000000213e+00,4.800051748752593994e-01,3.256619572639465332e-01
3.199894427194558233e+01,-3.143651951272525125e+01,2.447429931640625000e+03,5.537421107292175293e-01,1.244450000000000056e+00,3.973785340785980225e-01,2.785884141921997070e-01
3.200299097136672088e+01,-3.141856234303626039e+01,1.763610595703125000e+03,6.675071120262145996e-01,1.244460000000000122e+00,4.405610561370849609e-01,2.890407145023345947e-01
3.200334955943629467e+01,-3.139538178906985522e+01,2.058404296875000000e+03,6.327754855155944824e-01,1.244470000000000187e+00,5.056400299072265625e-01,3.432096242904663086e-01
3.199569499984826493e+01,-3.137014844193686613e+01,2.304952636718750000e+03,6.767970919609069824e-01,1.244480000000000031e+00,6.488443613052368164e-01,4.500978589057922363e-01
3.199802067599029698e+01,-3.135725061578882844e+01,1.748632812500000000e+03,8.751279711723327637e-01,1.244490000000000096e+00,5.128880143165588379e-01,3.358090817928314209e-01
3.199717385654485469e+01,-3.133709742907364770e+01,1.387216796875000000e+03,1.029630422592163086e+00,1.244500000000000162e+00,2.850733995437622070e-01,1.753623038530349731e-01
3.199954372254612878e+01,-3.131875011469620063e+01,2.320303466796875000e+03,7.004410624504089355e-01,1.244510000000000005e+00,3.783812522888183594e-01,2.627955079078674316e-01
3.198597796152531814e+01,-3.128440842055540116e+01,1.808466674804687500e+03,3.726738989353179932e-01,1.244520000000000071e+00,4.599398076534271240e-01,3.035366237163543701e-01
3.200055145629325182e+01,-3.127107409704638030e+01,1.969020874023437500e+03,5.639953017234802246e-01,1.244530000000000136e+00,3.147518634796142578e-01,2.116783559322357178e-01
3.199593470867824863e+01,-3.125327089925953317e+01,1.613961791992187500e+03,6.613535284996032715e-01,1.244540000000000202e+00,3.245938420295715332e-01,2.083214074373245239e-01
3.199530441449300611e+01,-3.123315526784594098e+01,1.769586181640625000e+03,4.161268770694732666e-01,1.244550000000000045e+00,3.776946067810058594e-01,2.479944080114364624e-01
3.199754678541640018e+01,-3.120743272741101393e+01,1.612102172851562500e+03,4.489940702915191650e-01,1.244560000000000111e+00,3.616728186607360840e-01,2.320489138364791870e-01
3.200277535043825594e+01,-3.118808271696464018e+01,1.429349487304687500e+03,5.226702094078063965e-01,1.244570000000000176e+00,4.390351772308349609e-01,2.724848687648773193e-01
3.199368762416719392e+01,-3.117295710397770137e+01,1.805026855468750000e+03,4.755825102329254150e-01,1.244580000000000020e+00,4.299561679363250732e-01,2.836238145828247070e-01
3.199474833663421336e+01,-3.115238380074519142e+01,1.125952392578125000e+03,6.500727534294128418e-01,1.244590000000000085e+00,2.860652506351470947e-01,1.640707552433013916e-01
3.198877107448868884e+01,-3.112962620939756420e+01,1.464798217773437500e+03,6.246883273124694824e-01,1.244600000000000151e+00,2.392968684434890747e-01,1.495748460292816162e-01
3.198364662146934023e+01,-3.112074640491553268e+01,1.393466308593750000e+03,2.787262499332427979e-01,1.244609999999999994e+00,2.902614176273345947e-01,1.787955462932586670e-01
3.198290205003106834e+01,-3.110417511514820887e+01,-2.547438232421875000e+03,2.988308966159820557e-01,1.244620000000000060e+00,3.902450203895568848e-02,3.826155886054039001e-02
3.198087814950011420e+01,-3.109162482692813967e+01,-8.470760498046875000e+02,2.631312906742095947e-01,1.244630000000000125e+00,1.972205936908721924e-02,2.689371816813945770e-02
3.197310045871557094e+01,-3.108218075050156060e+01,-6.369791015625000000e+03,1.448840051889419556e-01,1.244640000000000191e+00,4.100815206766128540e-02,3.643049672245979309e-02
